# time mag mag_err
 5.371245279418e+04  1.575329600000e+01  6.706356302687e-02
 5.371246231780e+04  1.577372600000e+01  6.710501932111e-02
 5.371247178205e+04  1.576955300000e+01  6.698989231127e-02
 5.371248126435e+04  1.575689800000e+01  6.736609635457e-02
 5.352619790096e+04  1.543144300000e+01  6.357720253481e-02
 5.352620610090e+04  1.546377300000e+01  6.391608407692e-02
 5.352621429888e+04  1.549560100000e+01  6.426622809607e-02
 5.352622250854e+04  1.549355800000e+01  6.428080362997e-02
 5.353416318096e+04  1.564066200000e+01  6.558688891621e-02
 5.353417140706e+04  1.558898400000e+01  6.505116310907e-02
 5.353417956858e+04  1.548655300000e+01  6.404146905513e-02
 5.353418774618e+04  1.544014100000e+01  6.364396174377e-02
 5.383322750505e+04  1.559547600000e+01  6.803646113773e-02
 5.383323627759e+04  1.562267900000e+01  6.837072839932e-02
 5.383324499214e+04  1.564327700000e+01  6.859329305089e-02
 5.383325372580e+04  1.563562700000e+01  6.849688597873e-02
 5.385225542609e+04  1.584853800000e+01  6.865074995806e-02
 5.385226273420e+04  1.581925400000e+01  6.833086400742e-02
 5.385227001177e+04  1.584935900000e+01  6.865978833988e-02
 5.385227724361e+04  1.585785500000e+01  6.883774452714e-02
 5.374245195369e+04  1.587302300000e+01  6.790428237591e-02
 5.374245739297e+04  1.584442900000e+01  6.752668243348e-02
 5.374246293606e+04  1.584092900000e+01  6.747018520176e-02
 5.374246848738e+04  1.585895000000e+01  6.766556399355e-02
 5.375751817409e+04  1.539388600000e+01  6.309836503002e-02
 5.375752487106e+04  1.532418100000e+01  6.249946305817e-02
 5.375753151828e+04  1.527522700000e+01  6.208794518494e-02
 5.375753813272e+04  1.523708800000e+01  6.178660127286e-02
 5.390228487220e+04  1.533278500000e+01  1.055290151764e-01
 5.390228585650e+04  1.547426400000e+01  1.106928413346e-01
 5.390228683086e+04  1.537385200000e+01  1.069154712429e-01
 5.390228781412e+04  1.542293200000e+01  1.092752568827e-01
 5.379634046823e+04  1.546471900000e+01  6.382310161761e-02
 5.379634914598e+04  1.546098400000e+01  6.376493089143e-02
 5.379635779722e+04  1.549132200000e+01  6.407987901089e-02
 5.379636658215e+04  1.548853200000e+01  6.404262096111e-02
 5.380333557027e+04  1.565522200000e+01  7.119559649609e-02
 5.380334252328e+04  1.562403200000e+01  7.072522225837e-02
 5.380334950962e+04  1.562217800000e+01  7.073085284874e-02
 5.380335666032e+04  1.567607000000e+01  7.148332714669e-02
 5.381737996664e+04  1.564946500000e+01  6.584665712456e-02
 5.381738947672e+04  1.550249700000e+01  6.440654265231e-02
 5.381739898877e+04  1.541158300000e+01  6.379768824012e-02
 5.381740851957e+04  1.533374000000e+01  6.288758158441e-02
 5.382323815135e+04  1.561561400000e+01  6.640138799619e-02
 5.382324676903e+04  1.564770300000e+01  6.751940404983e-02
 5.382325542271e+04  1.564391700000e+01  6.860654754843e-02
 5.382326406098e+04  1.563627000000e+01  7.131999534041e-02
 5.386120105056e+04  1.540199700000e+01  6.369594641864e-02
 5.386120880488e+04  1.540812900000e+01  6.379763572322e-02
 5.386121608152e+04  1.539284100000e+01  6.367555315319e-02
 5.386122341753e+04  1.541773900000e+01  6.390260698440e-02
 5.386630708804e+04  1.573002500000e+01  1.170823108550e-01
 5.386630784595e+04  1.544476900000e+01  1.058409224474e-01
 5.386630869843e+04  1.567636800000e+01  1.146378798874e-01
 5.386630946605e+04  1.559602400000e+01  1.109930447548e-01
 5.388521654269e+04  1.580110200000e+01  6.492953412934e-02
 5.388522841527e+04  1.577479800000e+01  6.468939272858e-02
 5.388524037189e+04  1.576502200000e+01  6.465484266510e-02
 5.388525222051e+04  1.577299500000e+01  6.479472056751e-02
 5.420929728641e+04  1.550180200000e+01  6.415406515202e-02
 5.420930535001e+04  1.553059400000e+01  6.412136017017e-02
 5.420931342900e+04  1.552179000000e+01  6.405668290199e-02
 5.420932151124e+04  1.552187300000e+01  6.407750548827e-02
 5.415626607122e+04  1.546810300000e+01  6.513136747071e-02
 5.415627477616e+04  1.546941200000e+01  6.515272777322e-02
 5.415628350889e+04  1.546432000000e+01  6.506833768405e-02
 5.415629223200e+04  1.548249200000e+01  6.520847101697e-02
 5.427216208459e+04  1.560012100000e+01  6.256169018008e-02
 5.427216995789e+04  1.554455100000e+01  6.209244658537e-02
 5.427217785852e+04  1.554129100000e+01  6.214007751412e-02
 5.427218575231e+04  1.557551600000e+01  6.248896950774e-02
 5.416931748360e+04  1.527378000000e+01  6.159428661925e-02
 5.416932786825e+04  1.531156800000e+01  6.170431605646e-02
 5.416933825512e+04  1.533043800000e+01  6.200640145973e-02
 5.416934884105e+04  1.533708700000e+01  6.204767843010e-02
 5.417624513689e+04  1.544265600000e+01  6.303788705155e-02
 5.417625275741e+04  1.548829400000e+01  6.310478979935e-02
 5.417626031414e+04  1.550389700000e+01  6.361018251446e-02
 5.417626788096e+04  1.552773300000e+01  6.381067268579e-02
 5.423230710869e+04  1.525433100000e+01  6.225873745720e-02
 5.423231362360e+04  1.526310400000e+01  6.234608218008e-02
 5.423232014464e+04  1.527768400000e+01  6.225115134492e-02
 5.423232668490e+04  1.532372800000e+01  6.304508134241e-02
 5.424519794763e+04  1.575803600000e+01  6.693795589182e-02
 5.424520744243e+04  1.574020600000e+01  6.671548918251e-02
 5.424521673352e+04  1.581457900000e+01  6.773914014518e-02
 5.424522614140e+04  1.579354500000e+01  6.747117876628e-02
 5.441149442101e+04  1.556643500000e+01  6.134113228787e-02
 5.441150019444e+04  1.556856800000e+01  6.103720610583e-02
 5.441150595341e+04  1.563293900000e+01  6.381331501880e-02
 5.441151171817e+04  1.561609200000e+01  6.220565748845e-02
 5.455931357066e+04  1.562798200000e+01  6.485510519316e-02
 5.455931749123e+04  1.562219800000e+01  6.483021349659e-02
 5.455932140126e+04  1.558846500000e+01  6.450274723052e-02
 5.455932535308e+04  1.560440600000e+01  6.465073394483e-02
 5.456634373478e+04  1.568537200000e+01  6.594635062685e-02
 5.456635192801e+04  1.568699100000e+01  6.592279012702e-02
 5.456636030146e+04  1.565954300000e+01  6.566399137951e-02
 5.456636868324e+04  1.572424900000e+01  6.638826815090e-02
 5.457119848615e+04  1.556692600000e+01  6.403713659256e-02
 5.457120533615e+04  1.562373100000e+01  6.455633926336e-02
 5.457121219354e+04  1.562623900000e+01  6.454325559415e-02
 5.457121906229e+04  1.561725400000e+01  6.472681801877e-02
 5.458423799565e+04  1.547843100000e+01  6.347423767665e-02
 5.458424347486e+04  1.551649300000e+01  6.382511316232e-02
 5.458424893589e+04  1.549789100000e+01  6.361739377134e-02
 5.458425434948e+04  1.549930100000e+01  6.366553793640e-02
 5.480745683965e+04  1.544653500000e+01  6.293326805547e-02
 5.480746233749e+04  1.548329700000e+01  6.322555043590e-02
 5.480746776277e+04  1.551278000000e+01  6.349516082210e-02
 5.480747319637e+04  1.546300900000e+01  6.324955288223e-02
 5.449733417198e+04  1.539426600000e+01  8.184466817083e-02
 5.449733964922e+04  1.536416900000e+01  6.894854881552e-02
 5.449734509718e+04  1.536359000000e+01  6.537638769299e-02
 5.449735056700e+04  1.534031000000e+01  7.780966548789e-02
 5.450734408552e+04  1.550429800000e+01  6.772250093548e-02
 5.450735164897e+04  1.546644600000e+01  6.704552525894e-02
 5.450735917262e+04  1.548409100000e+01  6.770040169272e-02
 5.450736667750e+04  1.546069600000e+01  6.581084180119e-02
 5.451429225086e+04  1.540788000000e+01  6.404547539718e-02
 5.451429822789e+04  1.543026300000e+01  6.388418386429e-02
 5.451430421986e+04  1.541311300000e+01  6.353758051538e-02
 5.451431020962e+04  1.543474200000e+01  6.342710671532e-02
 5.462623576326e+04  1.570230500000e+01  6.619385493243e-02
 5.462624307556e+04  1.571131200000e+01  6.636808819976e-02
 5.462625044420e+04  1.569235000000e+01  6.623626976580e-02
 5.462625781008e+04  1.573043500000e+01  6.677310858279e-02
 5.464020539382e+04  1.560206700000e+01  6.589392443037e-02
 5.464021191498e+04  1.559661300000e+01  6.589036065967e-02
 5.464021845165e+04  1.563843100000e+01  6.641735134432e-02
 5.464022501459e+04  1.558768300000e+01  6.598663083245e-02
 5.452729100734e+04  1.556199800000e+01  6.390110495518e-02
 5.452729758382e+04  1.554437800000e+01  6.372510216493e-02
 5.452730417582e+04  1.550714700000e+01  6.336516764970e-02
 5.452731073587e+04  1.548040500000e+01  6.308857668163e-02
 5.453250298619e+04  1.553828600000e+01  6.490856891365e-02
 5.453544899681e+04  1.520021500000e+01  6.091687251372e-02
 5.453545632241e+04  1.521304200000e+01  6.102241278129e-02
 5.453546367797e+04  1.523500100000e+01  6.122509816451e-02
 5.453547098402e+04  1.526180500000e+01  6.145737897175e-02
 5.454942640042e+04  1.569743300000e+01  6.852372227509e-02
 5.454943315550e+04  1.573803400000e+01  6.904387885131e-02
 5.454943994889e+04  1.574717200000e+01  6.918975599722e-02
 5.454944677168e+04  1.572124700000e+01  6.887426120466e-02
 5.459424874368e+04  1.554222400000e+01  6.393535843226e-02
 5.459425528069e+04  1.555957100000e+01  6.412280598297e-02
 5.459426186979e+04  1.554295200000e+01  6.394831342724e-02
 5.459426842370e+04  1.559020500000e+01  6.446220109859e-02
 5.478951630171e+04  1.558667600000e+01  6.946467926129e-02
 5.478952178635e+04  1.560768400000e+01  6.973355225983e-02
 5.478952722691e+04  1.559631200000e+01  6.949254596473e-02
 5.478953267116e+04  1.562599000000e+01  6.984107824915e-02
 5.492319130456e+04  1.570213400000e+01  6.555177619268e-02
 5.492319740220e+04  1.570904800000e+01  6.569282826022e-02
 5.492320333354e+04  1.571383500000e+01  6.560786203900e-02
 5.492320935074e+04  1.568629200000e+01  6.554644927258e-02
 5.494221508668e+04  1.539917400000e+01  6.249651110696e-02
 5.494222058002e+04  1.542101500000e+01  6.266657614210e-02
 5.494222610681e+04  1.543041300000e+01  6.275338237801e-02
 5.494223169759e+04  1.542666800000e+01  6.237863067425e-02
 5.518249554105e+04  1.552224900000e+01  6.352325560547e-02
 5.518250014139e+04  1.554732400000e+01  6.375528944217e-02
 5.518250478943e+04  1.557421700000e+01  6.401634021399e-02
 5.518250943017e+04  1.553966000000e+01  6.367229931084e-02
 5.488833238904e+04  1.578215900000e+01  6.582854650967e-02
 5.488834088378e+04  1.579526200000e+01  6.594400551514e-02
 5.488834943248e+04  1.579875200000e+01  6.595889464585e-02
 5.488835798753e+04  1.581207100000e+01  6.608671229335e-02
 5.486130278192e+04  1.569771600000e+01  6.531301735860e-02
 5.486131574484e+04  1.571042500000e+01  6.538016548096e-02
 5.486132878183e+04  1.569984200000e+01  6.518018094021e-02
 5.486134185887e+04  1.570007500000e+01  6.515011908581e-02
 5.490743140854e+04  1.561857700000e+01  6.447441466353e-02
 5.490743619778e+04  1.562048900000e+01  6.448070604330e-02
 5.490744089733e+04  1.564546200000e+01  6.476267787315e-02
 5.490744579005e+04  1.566878000000e+01  6.503249653166e-02
 5.491428705588e+04  1.564783900000e+01  6.475948276591e-02
 5.491429304647e+04  1.567365700000e+01  6.498240295402e-02
 5.491429923266e+04  1.566844500000e+01  6.495727701536e-02
 5.491430536076e+04  1.567112000000e+01  6.498634630525e-02
 5.495421826189e+04  1.565927100000e+01  6.858422499553e-02
 5.495424120763e+04  1.563132900000e+01  6.673298055865e-02
 5.496922418759e+04  1.568838100000e+01  6.659067766523e-02
 5.496923032218e+04  1.567802000000e+01  6.627433101625e-02
 5.496923638590e+04  1.568969300000e+01  6.631723071851e-02
 5.496924250833e+04  1.573178800000e+01  6.671222432582e-02
 5.498015650542e+04  1.542160500000e+01  6.372494648750e-02
 5.498016265874e+04  1.538256600000e+01  6.323624375913e-02
 5.498016883441e+04  1.538172800000e+01  6.314982369531e-02
 5.498017493436e+04  1.536709100000e+01  6.309948935527e-02
 5.529333379679e+04  1.556491800000e+01  6.415294803643e-02
 5.529333958447e+04  1.555410800000e+01  6.401617695030e-02
 5.529334536891e+04  1.554722700000e+01  6.398549394754e-02
 5.529335115473e+04  1.554795700000e+01  6.399028018390e-02
 5.530214793162e+04  1.544995500000e+01  6.379774178664e-02
 5.530215477003e+04  1.544706600000e+01  6.425741933357e-02
 5.530216162277e+04  1.544968000000e+01  6.611435933093e-02
 5.530216849274e+04  1.544092200000e+01  6.830295768221e-02
 5.524439964808e+04  1.566577000000e+01  6.533020999752e-02
 5.524440826745e+04  1.569044700000e+01  6.560709470705e-02
 5.524441668500e+04  1.570496100000e+01  6.581414933971e-02
 5.524442494765e+04  1.568020100000e+01  6.551980436637e-02
 5.536924667248e+04  1.578783800000e+01  6.752286023810e-02
 5.536925238240e+04  1.577325400000e+01  6.738894466034e-02
 5.536925817366e+04  1.572394400000e+01  6.691610839302e-02
 5.536926394513e+04  1.581206000000e+01  6.800424696412e-02
 5.526047104731e+04  1.558170400000e+01  6.479379404181e-02
 5.526047627316e+04  1.557616400000e+01  6.474126044727e-02
 5.526048139323e+04  1.556575400000e+01  6.463462300155e-02
 5.526048666478e+04  1.558971100000e+01  6.494696203004e-02
 5.527638694345e+04  1.584486600000e+01  6.749443750768e-02
 5.527639222843e+04  1.583364300000e+01  6.739502527654e-02
 5.527639754236e+04  1.583357500000e+01  6.742451508470e-02
 5.527640280177e+04  1.582899100000e+01  6.739896286088e-02
 5.532531714424e+04  1.552520400000e+01  6.424590091003e-02
 5.532532410436e+04  1.557268800000e+01  6.490335310637e-02
 5.532533100400e+04  1.556901600000e+01  6.488059218288e-02
 5.532533796838e+04  1.555545700000e+01  6.470204714580e-02
 5.533117837378e+04  1.581304000000e+01  7.350640877584e-02
 5.533118184397e+04  1.579051200000e+01  7.127872188665e-02
 5.533118536082e+04  1.578453900000e+01  7.612468529043e-02
 5.533118883392e+04  1.582210500000e+01  8.919657295911e-02
 5.533824385056e+04  1.530590700000e+01  6.202748382246e-02
 5.533825175734e+04  1.523816200000e+01  6.147984687253e-02
 5.533825976168e+04  1.528851900000e+01  6.197876484737e-02
 5.533826782366e+04  1.533339300000e+01  6.235170626428e-02
 5.560435560715e+04  1.566386600000e+01  6.564516008383e-02
 5.560436196626e+04  1.568705000000e+01  6.588963364181e-02
 5.560436832510e+04  1.567541400000e+01  6.573307945659e-02
 5.560437471640e+04  1.571478600000e+01  6.614746810583e-02
 5.562130947367e+04  1.582381100000e+01  6.751558550189e-02
 5.562131579924e+04  1.580834200000e+01  6.735629974594e-02
 5.562132217826e+04  1.584970400000e+01  6.778729678879e-02
 5.562132850453e+04  1.581388500000e+01  6.736707636672e-02
 5.565035421634e+04  1.558217600000e+01  6.245204261808e-02
 5.565036175027e+04  1.559298400000e+01  6.254899287110e-02
 5.565036923422e+04  1.559708200000e+01  6.258661436480e-02
 5.565037680198e+04  1.561760300000e+01  6.279631087867e-02
 5.568324991554e+04  1.524584200000e+01  6.208743626190e-02
 5.568325858851e+04  1.523146800000e+01  6.198593860380e-02
 5.568326726516e+04  1.522912300000e+01  6.196391000056e-02
 5.568327592105e+04  1.523991000000e+01  6.205797944650e-02
 5.588250665517e+04  1.574071600000e+01  6.646435361702e-02
 5.588251008440e+04  1.572107500000e+01  6.622550911012e-02
 5.588251349987e+04  1.571193200000e+01  6.606021667151e-02
 5.588251701278e+04  1.574151200000e+01  6.638803347350e-02
 5.593542696893e+04  1.562091900000e+01  6.482679830971e-02
 5.593543374907e+04  1.563871000000e+01  6.495385790193e-02
 5.593544053539e+04  1.554979300000e+01  6.407805728905e-02
 5.593544720516e+04  1.560646500000e+01  6.460138458418e-02
 5.597829223855e+04  1.548193100000e+01  6.601070426594e-02
 5.597829509124e+04  1.549945700000e+01  6.670113426300e-02
 5.597829797807e+04  1.546725300000e+01  6.542390138681e-02
 5.597830080274e+04  1.542006000000e+01  6.533650981309e-02
 5.598346623000e+04  1.554412700000e+01  6.424238775603e-02
 5.598347328977e+04  1.553752800000e+01  6.418930106141e-02
 5.598348032064e+04  1.557189100000e+01  6.454997296606e-02
 5.598348743361e+04  1.556981000000e+01  6.452190351291e-02
 5.599025833194e+04  1.549033800000e+01  6.390142753550e-02
 5.599026462795e+04  1.545511700000e+01  6.351505009146e-02
 5.599027080269e+04  1.545363900000e+01  6.348634150889e-02
 5.599027707057e+04  1.546550400000e+01  6.358798875639e-02
 5.600142713986e+04  1.536221200000e+01  6.252860195449e-02
 5.600143227134e+04  1.541456600000e+01  6.301099970980e-02
 5.600143740505e+04  1.541045400000e+01  6.297087949704e-02
 5.600144254375e+04  1.540991000000e+01  6.298423712682e-02
 5.600822498569e+04  1.540334200000e+01  6.044819802183e-02
 5.600823384213e+04  1.538834600000e+01  6.032607443667e-02
 5.600824269275e+04  1.539826600000e+01  6.040545497462e-02
 5.600825147215e+04  1.535839200000e+01  6.008759814404e-02
 5.601526159853e+04  1.557228000000e+01  6.469231114451e-02
 5.601526944522e+04  1.556777600000e+01  6.467900850424e-02
 5.601527741463e+04  1.559034700000e+01  6.490291394085e-02
 5.601528539492e+04  1.559671300000e+01  6.497674728704e-02
 5.603718915622e+04  1.562014200000e+01  6.605485566321e-02
 5.603719598988e+04  1.566416200000e+01  6.629470879490e-02
 5.603720275944e+04  1.563545400000e+01  6.594664408999e-02
 5.603720958322e+04  1.566425700000e+01  6.623474239521e-02
 5.606631564752e+04  1.551245600000e+01  6.369952508316e-02
 5.606632179865e+04  1.550729300000e+01  6.371307997165e-02
 5.606632795487e+04  1.553381600000e+01  6.398054909797e-02
 5.606633418251e+04  1.552961100000e+01  6.393622103917e-02
 5.609721190016e+04  1.582294400000e+01  6.462228103094e-02
 5.609721866589e+04  1.582579400000e+01  6.467670382421e-02
 5.609722541207e+04  1.584136700000e+01  6.481185490444e-02
 5.609723220919e+04  1.582055200000e+01  6.464511746587e-02
