# time mag mag_err
 5.347029561409e+04  1.573723900000e+01  6.705586369368e-02
 5.347030368578e+04  1.570707400000e+01  6.676135124077e-02
 5.347031167877e+04  1.573871300000e+01  6.708627969321e-02
 5.347031975150e+04  1.573403500000e+01  6.699811747003e-02
 5.347920055019e+04  1.584196400000e+01  6.679511227373e-02
 5.347920876228e+04  1.582564100000e+01  6.661326251889e-02
 5.347921688641e+04  1.584745000000e+01  6.693593698039e-02
 5.347922497223e+04  1.578846800000e+01  6.624865374993e-02
 5.349025824968e+04  1.557930400000e+01  6.362609994314e-02
 5.349026677162e+04  1.559806900000e+01  6.379616029557e-02
 5.349027490953e+04  1.561965000000e+01  6.402120489098e-02
 5.349028303019e+04  1.564330600000e+01  6.426224841566e-02
 5.355818548574e+04  1.513512700000e+01  6.068568930187e-02
 5.355819083508e+04  1.517097100000e+01  6.095943378487e-02
 5.355819620064e+04  1.520370200000e+01  6.122420335900e-02
 5.355820157116e+04  1.523168100000e+01  6.151096304981e-02
 5.352729559999e+04  1.514509000000e+01  6.061800864718e-02
 5.352730445668e+04  1.517328100000e+01  6.089256606985e-02
 5.352731330353e+04  1.521322500000e+01  6.127109224034e-02
 5.352732226161e+04  1.524812700000e+01  6.165277612909e-02
 5.350622590406e+04  1.487143000000e+01  5.991987297904e-02
 5.350623357134e+04  1.490157000000e+01  5.990359633963e-02
 5.350624123179e+04  1.495660600000e+01  6.032998712297e-02
 5.350624895914e+04  1.496837900000e+01  6.038728280143e-02
 5.383322276975e+04  1.493885700000e+01  6.075548049402e-02
 5.383323147573e+04  1.496182400000e+01  6.093275869240e-02
 5.383324025707e+04  1.500021400000e+01  6.119693066592e-02
 5.383324897024e+04  1.505736000000e+01  6.165959250618e-02
 5.385130151025e+04  1.531015300000e+01  6.214181620703e-02
 5.385130909326e+04  1.527046000000e+01  6.182277483622e-02
 5.385131668682e+04  1.521234000000e+01  6.137554439073e-02
 5.385132427527e+04  1.518489900000e+01  6.116623226113e-02
 5.377039982240e+04  1.572348500000e+01  6.671450941197e-02
 5.377040835581e+04  1.573699100000e+01  6.643185913141e-02
 5.377041695196e+04  1.573254600000e+01  6.552924972279e-02
 5.377042561569e+04  1.573421500000e+01  6.552531783746e-02
 5.379341245131e+04  1.578647200000e+01  6.608491832648e-02
 5.379342001685e+04  1.579353200000e+01  6.616581985380e-02
 5.379342758088e+04  1.578972300000e+01  6.613766977654e-02
 5.379343518740e+04  1.577625400000e+01  6.598611469066e-02
 5.390229672914e+04  1.519683000000e+01  9.780274438190e-02
 5.390229772874e+04  1.510774400000e+01  9.502591889574e-02
 5.390229878203e+04  1.515976100000e+01  9.637114887864e-02
 5.390229979250e+04  1.505662800000e+01  9.331535953860e-02
 5.382324295611e+04  1.577084200000e+01  6.708130197756e-02
 5.382325158235e+04  1.574877200000e+01  6.768765583129e-02
 5.382326022595e+04  1.576717500000e+01  7.115473779936e-02
 5.382326886642e+04  1.575952300000e+01  6.970714972448e-02
 5.386023988089e+04  1.530010100000e+01  6.217614775603e-02
 5.386024636362e+04  1.533806200000e+01  6.252694912781e-02
 5.386025283883e+04  1.537261500000e+01  6.284216712829e-02
 5.386025931437e+04  1.536299800000e+01  6.277394252064e-02
 5.387922557834e+04  1.497293000000e+01  5.948316854699e-02
 5.387923253991e+04  1.497617500000e+01  5.951432284644e-02
 5.387923958922e+04  1.499007400000e+01  5.959502817848e-02
 5.387924656295e+04  1.500803100000e+01  5.972792369989e-02
 5.414143118123e+04  1.570288700000e+01  6.707838512033e-02
 5.414143747947e+04  1.563306700000e+01  7.668808567934e-02
 5.414144377561e+04  1.574485600000e+01  7.169136727308e-02
 5.414145005451e+04  1.574375000000e+01  7.123720677279e-02
 5.415629808079e+04  1.479734200000e+01  5.766899536163e-02
 5.415630674360e+04  1.475575700000e+01  5.743153211823e-02
 5.415631539994e+04  1.479902400000e+01  5.766363143945e-02
 5.415632408069e+04  1.484495600000e+01  5.789078762108e-02
 5.411640078510e+04  1.570274300000e+01  6.426048701247e-02
 5.411640884187e+04  1.571665500000e+01  6.436475565197e-02
 5.411641681090e+04  1.575410200000e+01  6.469766460483e-02
 5.411642482207e+04  1.574555100000e+01  6.458629379810e-02
 5.425625302737e+04  1.531175900000e+01  6.191985870790e-02
 5.425626053654e+04  1.535165300000e+01  6.234669762254e-02
 5.425626807500e+04  1.538133300000e+01  6.248509695056e-02
 5.425627560396e+04  1.540721800000e+01  6.280917761481e-02
 5.427215818544e+04  1.571424600000e+01  6.265181857797e-02
 5.427216606963e+04  1.571899500000e+01  6.272744609724e-02
 5.427217395602e+04  1.570064200000e+01  6.258378654275e-02
 5.427218184541e+04  1.573950200000e+01  6.297418127745e-02
 5.417441506891e+04  1.498486000000e+01  5.864064619764e-02
 5.417442165894e+04  1.500672800000e+01  5.879963613280e-02
 5.417442827003e+04  1.504743800000e+01  5.903910848258e-02
 5.417443491770e+04  1.505945600000e+01  5.914291242658e-02
 5.418528441425e+04  1.542807200000e+01  6.227151169147e-02
 5.418529482762e+04  1.544527100000e+01  6.239036418982e-02
 5.418530524411e+04  1.546473000000e+01  6.254750350989e-02
 5.418531568432e+04  1.549220600000e+01  6.276296748232e-02
 5.423518474519e+04  1.520533500000e+01  6.511104665904e-02
 5.423518816723e+04  1.520832500000e+01  6.498164063896e-02
 5.423519160988e+04  1.521710300000e+01  6.402678417699e-02
 5.423519503043e+04  1.523889900000e+01  6.456324847353e-02
 5.424424091336e+04  1.578035300000e+01  6.585554934930e-02
 5.424424950163e+04  1.572639600000e+01  6.529973428129e-02
 5.424425809082e+04  1.581542300000e+01  6.621194705081e-02
 5.424426672182e+04  1.580136400000e+01  6.612683181554e-02
 5.441151719078e+04  1.557702700000e+01  6.042867743744e-02
 5.441152012137e+04  1.559259000000e+01  6.224212732760e-02
 5.441152309905e+04  1.561527100000e+01  6.235844510125e-02
 5.441152604052e+04  1.560752600000e+01  6.269419861624e-02
 5.455736765758e+04  1.549807400000e+01  6.268948331698e-02
 5.455737627711e+04  1.552495700000e+01  6.293299493643e-02
 5.455738494131e+04  1.555160400000e+01  6.318264081619e-02
 5.455739361164e+04  1.555819900000e+01  6.327312284811e-02
 5.456435403060e+04  1.574157200000e+01  6.504147054881e-02
 5.456436091891e+04  1.576278800000e+01  6.529426912143e-02
 5.456436778510e+04  1.575919000000e+01  6.529553412232e-02
 5.456437467828e+04  1.574387900000e+01  6.516010336064e-02
 5.457019318778e+04  1.571333200000e+01  6.501279730693e-02
 5.457019966819e+04  1.573788000000e+01  6.512785703322e-02
 5.457020613438e+04  1.567499600000e+01  6.449672896243e-02
 5.457021261628e+04  1.573760400000e+01  6.526375640744e-02
 5.458333010155e+04  1.551300500000e+01  6.336399116680e-02
 5.458333688487e+04  1.554999300000e+01  6.374717960093e-02
 5.458334366252e+04  1.558772900000e+01  6.413231742189e-02
 5.458335041818e+04  1.558398700000e+01  6.413989241360e-02
 5.450342046830e+04  1.515941800000e+01  5.972336335504e-02
 5.451431682199e+04  1.550855000000e+01  6.310953095169e-02
 5.451432172281e+04  1.553089000000e+01  6.319849805316e-02
 5.451432662005e+04  1.552071700000e+01  6.335061605110e-02
 5.451433150605e+04  1.556885400000e+01  6.354571627608e-02
 5.448248838815e+04  1.555385900000e+01  6.426981129785e-02
 5.448249269288e+04  1.560035000000e+01  6.949417482485e-02
 5.448249700201e+04  1.555053200000e+01  6.367451980523e-02
 5.448250129157e+04  1.559287500000e+01  6.434911939836e-02
 5.464121804056e+04  1.567326500000e+01  6.495170594881e-02
 5.464122452248e+04  1.567418100000e+01  6.549422585525e-02
 5.464123102801e+04  1.566882900000e+01  6.548428156669e-02
 5.464123752197e+04  1.568388600000e+01  6.575201017655e-02
 5.452731836299e+04  1.539948800000e+01  6.161635796465e-02
 5.452732620376e+04  1.532980400000e+01  6.104116707605e-02
 5.452733405670e+04  1.522254800000e+01  6.022476359494e-02
 5.452734191497e+04  1.514819000000e+01  5.968475479398e-02
 5.453544560428e+04  1.565955700000e+01  6.400891447769e-02
 5.453545291344e+04  1.569697800000e+01  6.440131141259e-02
 5.453546021067e+04  1.568914000000e+01  6.435707692936e-02
 5.453546755468e+04  1.568453300000e+01  6.430530560269e-02
 5.458921088426e+04  1.554379000000e+01  6.297450206151e-02
 5.458921950436e+04  1.559717200000e+01  6.342314225020e-02
 5.458922808546e+04  1.557144700000e+01  6.323115876565e-02
 5.458923683427e+04  1.560890900000e+01  6.356750018478e-02
 5.459914215800e+04  1.573964500000e+01  7.127658468458e-02
 5.459914721959e+04  1.574946800000e+01  7.142334757533e-02
 5.459915225502e+04  1.577766400000e+01  7.180439195796e-02
 5.459915732403e+04  1.578363100000e+01  7.195626912502e-02
 5.492321147422e+04  1.574265800000e+01  6.515683904312e-02
 5.492321696779e+04  1.574101000000e+01  6.522889349984e-02
 5.492322246646e+04  1.576098100000e+01  6.521307708630e-02
 5.492322793711e+04  1.573804400000e+01  6.486140515098e-02
 5.488832747340e+04  1.559472500000e+01  6.302977521540e-02
 5.488833597440e+04  1.562179100000e+01  6.329063291702e-02
 5.488834454022e+04  1.565750600000e+01  6.359537757152e-02
 5.488835310199e+04  1.567478300000e+01  6.373120115269e-02
 5.504015963455e+04  1.580718600000e+01  7.261992721123e-02
 5.504016403406e+04  1.578092900000e+01  7.222739391651e-02
 5.504016836432e+04  1.583474500000e+01  7.319302467695e-02
 5.504017277137e+04  1.581086900000e+01  7.297399400799e-02
 5.500421709380e+04  1.527058300000e+01  6.112290540778e-02
 5.500422429347e+04  1.530054500000e+01  6.137814122302e-02
 5.500423143204e+04  1.533068100000e+01  6.164427749282e-02
 5.500423881030e+04  1.534598500000e+01  6.184261738883e-02
 5.490935630259e+04  1.560681800000e+01  6.321220044854e-02
 5.490937008627e+04  1.564172100000e+01  6.352129194294e-02
 5.490938387388e+04  1.566274500000e+01  6.375958378468e-02
 5.490939765049e+04  1.567575600000e+01  6.390668442807e-02
 5.491641488918e+04  1.578807500000e+01  6.583611702324e-02
 5.491642171986e+04  1.584157500000e+01  6.655034447774e-02
 5.491642854383e+04  1.578234800000e+01  6.595918863710e-02
 5.491643545620e+04  1.580954500000e+01  6.630827473278e-02
 5.496828769743e+04  1.570390300000e+01  6.631684447192e-02
 5.496829671387e+04  1.568420500000e+01  6.621796299714e-02
 5.496830586203e+04  1.569837100000e+01  6.660907758718e-02
 5.496831488446e+04  1.572358100000e+01  6.688696748130e-02
 5.529838619271e+04  1.519217700000e+01  6.043549501950e-02
 5.529839311479e+04  1.523972500000e+01  6.081517186707e-02
 5.529839997856e+04  1.523517200000e+01  6.079431184182e-02
 5.529840692756e+04  1.526524000000e+01  6.101608229761e-02
 5.524444335983e+04  1.563266400000e+01  6.408225236302e-02
 5.524445087403e+04  1.547193200000e+01  6.258194588025e-02
 5.524445837741e+04  1.528374100000e+01  6.103025072329e-02
 5.524446592225e+04  1.509883500000e+01  5.967367647400e-02
 5.535517679745e+04  1.510226000000e+01  6.187301109840e-02
 5.535518192851e+04  1.513809100000e+01  6.516389121137e-02
 5.535518706858e+04  1.513068900000e+01  6.796089015010e-02
 5.535519222325e+04  1.525858700000e+01  7.584788688358e-02
 5.535821646657e+04  1.550047500000e+01  6.307432209893e-02
 5.535822328591e+04  1.553692800000e+01  6.342130899954e-02
 5.535823016451e+04  1.556411700000e+01  6.377579519330e-02
 5.535823695964e+04  1.559948700000e+01  6.416619829459e-02
 5.527130957784e+04  1.578427300000e+01  6.545453589425e-02
 5.527131647122e+04  1.581185500000e+01  6.573286569042e-02
 5.527132340972e+04  1.580850500000e+01  6.572221354477e-02
 5.527133031979e+04  1.584069900000e+01  6.600952040090e-02
 5.528026183028e+04  1.511989300000e+01  6.017025187129e-02
 5.528026866801e+04  1.517306700000e+01  6.052775706822e-02
 5.528027550330e+04  1.519125300000e+01  6.065143432956e-02
 5.528028235197e+04  1.521712900000e+01  6.084158003976e-02
 5.532828074296e+04  1.524959400000e+01  6.091089370434e-02
 5.532828758569e+04  1.527664800000e+01  6.107769813590e-02
 5.532829452483e+04  1.526494000000e+01  6.107033172571e-02
 5.532830147633e+04  1.530785000000e+01  6.138583539598e-02
 5.534129016903e+04  1.571262700000e+01  6.495778416006e-02
 5.534129593890e+04  1.581757100000e+01  6.611833905819e-02
 5.534130174451e+04  1.577977400000e+01  6.577163649989e-02
 5.534130750176e+04  1.575435000000e+01  6.553822384434e-02
 5.568134884199e+04  1.559004100000e+01  6.464795575840e-02
 5.568135628531e+04  1.562954000000e+01  6.510508624271e-02
 5.568136374274e+04  1.564594800000e+01  6.531148029215e-02
 5.568137137522e+04  1.564918700000e+01  6.540477479864e-02
 5.561547261331e+04  1.578129600000e+01  6.910438594178e-02
 5.561548027472e+04  1.570884500000e+01  6.818694703071e-02
 5.561548791248e+04  1.560351300000e+01  6.697795299646e-02
 5.561549551427e+04  1.553231600000e+01  6.616347630459e-02
 5.562829553480e+04  1.490898700000e+01  6.077084874119e-02
 5.562830291366e+04  1.495910900000e+01  6.029191230101e-02
 5.562831039215e+04  1.498932900000e+01  6.118283977947e-02
 5.562831868969e+04  1.506159900000e+01  6.388771399380e-02
 5.563434631675e+04  1.558734300000e+01  6.564516008383e-02
 5.563435557916e+04  1.557123700000e+01  6.515396751353e-02
 5.563436481368e+04  1.559622300000e+01  6.518214622051e-02
 5.563437403242e+04  1.564515500000e+01  6.559141260554e-02
 5.564638998853e+04  1.513146000000e+01  6.045374149599e-02
 5.564639685337e+04  1.513808400000e+01  6.048224088923e-02
 5.564640382303e+04  1.512655500000e+01  6.042544129210e-02
 5.564641077225e+04  1.514681000000e+01  6.057171144665e-02
 5.569331106532e+04  1.587004700000e+01  7.061425505175e-02
 5.569331936600e+04  1.584302300000e+01  7.030861853857e-02
 5.569332770670e+04  1.577568200000e+01  6.942743551493e-02
 5.569333599418e+04  1.576565100000e+01  6.937875974732e-02
 5.450342935844e+04  1.519318800000e+01  5.994542600945e-02
 5.450343642905e+04  1.521837000000e+01  6.012523051998e-02
 5.450344347488e+04  1.524093800000e+01  6.030395705045e-02
 5.450345050532e+04  1.526665400000e+01  6.047470194880e-02
 5.588151215473e+04  1.550733300000e+01  6.328864641987e-02
 5.588151674767e+04  1.554180900000e+01  6.356354339597e-02
 5.588152141286e+04  1.554509200000e+01  6.355462369960e-02
 5.588152594942e+04  1.554252700000e+01  6.352386077176e-02
 5.593545400362e+04  1.575334600000e+01  6.799427995711e-02
 5.593546046118e+04  1.577835200000e+01  6.828919119626e-02
 5.593546690421e+04  1.581916300000e+01  6.877756477532e-02
 5.593547331508e+04  1.588077000000e+01  6.952389020003e-02
 5.597950033535e+04  1.563270000000e+01  6.416978158976e-02
 5.597950650383e+04  1.567596000000e+01  6.458509769094e-02
 5.597951274919e+04  1.569236800000e+01  6.479824329425e-02
 5.597951901883e+04  1.563902500000e+01  6.428257073567e-02
 5.598637563352e+04  1.571811200000e+01  6.638889221477e-02
 5.598638128751e+04  1.571038100000e+01  6.628516596501e-02
 5.598638686492e+04  1.570730200000e+01  6.614136168976e-02
 5.598639250513e+04  1.574216100000e+01  6.652882984170e-02
 5.600829684928e+04  1.546998200000e+01  6.017230309304e-02
 5.600830590410e+04  1.552188000000e+01  6.094452672952e-02
 5.600831499095e+04  1.555243600000e+01  6.084624658800e-02
 5.600832418300e+04  1.555517200000e+01  6.091232540038e-02
 5.601533952388e+04  1.572667100000e+01  6.525533768449e-02
 5.601534811786e+04  1.573725200000e+01  6.538428300462e-02
 5.601535662880e+04  1.572111300000e+01  6.518463692089e-02
 5.601536508970e+04  1.577051300000e+01  6.572058250382e-02
 5.603628833535e+04  1.572194700000e+01  6.624674125354e-02
 5.603629284764e+04  1.569711600000e+01  6.575258089350e-02
 5.603629740168e+04  1.573742400000e+01  6.662736366334e-02
 5.603630199416e+04  1.575762500000e+01  6.609075167191e-02
 5.606329111638e+04  1.572805300000e+01  6.491504597710e-02
 5.606329836385e+04  1.573187800000e+01  6.504840220838e-02
 5.606330505656e+04  1.574563200000e+01  6.516918684421e-02
 5.606331180968e+04  1.575859300000e+01  6.537443177122e-02
 5.607120408762e+04  1.579158100000e+01  6.248341428654e-02
 5.607121169926e+04  1.586797300000e+01  6.314500252764e-02
 5.607121925277e+04  1.585293200000e+01  6.304327014173e-02
 5.607122676274e+04  1.583294200000e+01  6.272858830695e-02
 5.608818027753e+04  1.568357700000e+01  6.449608045282e-02
 5.608818532095e+04  1.566599400000e+01  6.442529381850e-02
 5.608819036745e+04  1.567953900000e+01  6.459503307755e-02
 5.608819549606e+04  1.567776500000e+01  6.449106968872e-02
