# time mag mag_err
 5.370547945161e+04  1.517310000000e+01  6.142620560499e-02
 5.370548610981e+04  1.517648900000e+01  6.141259871845e-02
 5.370549276697e+04  1.522295600000e+01  6.140225365495e-02
 5.370549956593e+04  1.526984100000e+01  6.173194313644e-02
 5.373045189179e+04  1.615392500000e+01  7.227545505710e-02
 5.373045680627e+04  1.612780100000e+01  7.244849344668e-02
 5.373046175352e+04  1.614210100000e+01  7.408865088877e-02
 5.373144422853e+04  1.615538400000e+01  7.070326544794e-02
 5.373144982267e+04  1.620007800000e+01  7.132200006688e-02
 5.352819448994e+04  1.617913700000e+01  7.182129789800e-02
 5.352820200247e+04  1.618276700000e+01  7.193437710401e-02
 5.352820947622e+04  1.615474600000e+01  7.165107676745e-02
 5.352821694534e+04  1.617970300000e+01  7.216687271519e-02
 5.349918328580e+04  1.628655100000e+01  7.255395800706e-02
 5.349918862889e+04  1.633707800000e+01  7.332376481864e-02
 5.349919401133e+04  1.633694700000e+01  7.337664841147e-02
 5.349919933602e+04  1.626335200000e+01  7.222692114409e-02
 5.352018099227e+04  1.552724200000e+01  6.425855525420e-02
 5.352018739814e+04  1.554714100000e+01  7.468877038266e-02
 5.352019697025e+04  1.563830100000e+01  6.635790346051e-02
 5.352020338134e+04  1.576704400000e+01  7.091022241845e-02
 5.384323687219e+04  1.615692200000e+01  7.268304032321e-02
 5.384324499758e+04  1.598162800000e+01  7.017762907018e-02
 5.384325306859e+04  1.570859200000e+01  6.670936877531e-02
 5.384326114932e+04  1.536593600000e+01  6.297055801954e-02
 5.408447723941e+04  1.531957900000e+01  6.119347018940e-02
 5.408448264234e+04  1.537307200000e+01  6.169446142127e-02
 5.408448800985e+04  1.538841600000e+01  6.171977208366e-02
 5.408449336347e+04  1.545445000000e+01  6.230985206351e-02
 5.409446138094e+04  1.618236600000e+01  6.998230493159e-02
 5.409447239479e+04  1.617472300000e+01  6.993280800969e-02
 5.409448247898e+04  1.618602100000e+01  7.003196387304e-02
 5.409449251686e+04  1.621996100000e+01  7.040053393504e-02
 5.377438939615e+04  1.521369200000e+01  6.146714000226e-02
 5.377439678402e+04  1.525247300000e+01  6.140665036484e-02
 5.377440417385e+04  1.531907400000e+01  6.193588346105e-02
 5.377441155442e+04  1.535942400000e+01  6.225357119840e-02
 5.378738327816e+04  1.624482100000e+01  7.231707038692e-02
 5.378738923853e+04  1.622643200000e+01  7.203212966873e-02
 5.378739521672e+04  1.628816900000e+01  7.298285239465e-02
 5.378740115556e+04  1.625521600000e+01  7.247499366191e-02
 5.374343569891e+04  1.579193400000e+01  6.659959048220e-02
 5.374344206091e+04  1.581643400000e+01  6.686302080068e-02
 5.374344842176e+04  1.585343700000e+01  6.728340430676e-02
 5.374345486410e+04  1.580026400000e+01  6.660907758718e-02
 5.375840546648e+04  1.539717800000e+01  6.253674986865e-02
 5.375841137163e+04  1.541352200000e+01  6.266896703782e-02
 5.375841738652e+04  1.547105500000e+01  6.317622422774e-02
 5.375842333634e+04  1.548485200000e+01  6.331324957468e-02
 5.376541035547e+04  1.618393900000e+01  7.172241136506e-02
 5.376541743337e+04  1.617822200000e+01  7.179866332082e-02
 5.376542452966e+04  1.619958200000e+01  7.215966783582e-02
 5.376543160780e+04  1.618134300000e+01  7.195718813227e-02
 5.390519812817e+04  1.611376600000e+01  1.353542086816e-01
 5.390519917800e+04  1.599848400000e+01  1.291517506397e-01
 5.390520025432e+04  1.615878000000e+01  1.377820773007e-01
 5.390520133759e+04  1.611992300000e+01  1.356202992952e-01
 5.381727168626e+04  1.605601000000e+01  7.191070650999e-02
 5.381727980507e+04  1.610851100000e+01  7.185141000260e-02
 5.381728787631e+04  1.610764200000e+01  7.194202546715e-02
 5.381729596142e+04  1.613612200000e+01  7.379356190489e-02
 5.387420626794e+04  1.625382500000e+01  7.462250246196e-02
 5.387421324595e+04  1.621316700000e+01  7.402929156314e-02
 5.387422026840e+04  1.620355900000e+01  7.394173272005e-02
 5.387422727373e+04  1.618003000000e+01  7.368858160538e-02
 5.388017670480e+04  1.524354600000e+01  6.188075888537e-02
 5.388018539169e+04  1.531551100000e+01  6.249511968738e-02
 5.388019413935e+04  1.533451700000e+01  6.268520885112e-02
 5.388020282728e+04  1.542038500000e+01  6.351268541633e-02
 5.405651051494e+04  1.608535400000e+01  6.887048352710e-02
 5.405651663608e+04  1.610164300000e+01  6.909894722801e-02
 5.405652261948e+04  1.606342100000e+01  6.851710768667e-02
 5.405652887419e+04  1.608821000000e+01  6.878183335373e-02
 5.419823293512e+04  1.619052200000e+01  7.217800585476e-02
 5.419823892963e+04  1.618934400000e+01  7.329118293413e-02
 5.419824488906e+04  1.618763600000e+01  7.617238072442e-02
 5.419825083867e+04  1.623743000000e+01  7.362004167813e-02
 5.414045334211e+04  1.616444400000e+01  1.408577023924e-01
 5.414045436831e+04  1.597798900000e+01  1.269580283437e-01
 5.414045537323e+04  1.598498800000e+01  1.253601324866e-01
 5.414045639515e+04  1.613439700000e+01  1.272862390201e-01
 5.414643743350e+04  1.623765000000e+01  7.319076185174e-02
 5.414644339547e+04  1.622859800000e+01  7.292879626945e-02
 5.414644934520e+04  1.625273100000e+01  7.321655725110e-02
 5.414645533137e+04  1.623572300000e+01  7.299257349203e-02
 5.412446036653e+04  1.615764900000e+01  6.987908932537e-02
 5.412446740449e+04  1.616856700000e+01  7.002354285745e-02
 5.412447444326e+04  1.616061000000e+01  6.991836773353e-02
 5.412448157198e+04  1.619320100000e+01  7.039071737880e-02
 5.416826454142e+04  1.620388800000e+01  7.082036088445e-02
 5.416827269079e+04  1.619033100000e+01  7.054935957407e-02
 5.416828079339e+04  1.619487500000e+01  7.064183516575e-02
 5.416828891093e+04  1.621868800000e+01  7.092323118600e-02
 5.422918346784e+04  1.584180900000e+01  6.756775324118e-02
 5.423918929468e+04  1.619881000000e+01  7.369846404635e-02
 5.423919925407e+04  1.591402700000e+01  6.960175985468e-02
 5.423920922483e+04  1.553984300000e+01  6.536567199360e-02
 5.423921916780e+04  1.526941600000e+01  6.279675560209e-02
 5.442448166288e+04  1.625989000000e+01  7.211358785816e-02
 5.442448991028e+04  1.623919300000e+01  7.160047684079e-02
 5.442449815212e+04  1.621124000000e+01  7.100942341137e-02
 5.442450638066e+04  1.627657300000e+01  7.184413802834e-02
 5.456226829780e+04  1.621619000000e+01  6.762258357559e-02
 5.456227361773e+04  1.622195800000e+01  6.768979396100e-02
 5.456227891973e+04  1.621329600000e+01  6.759415474345e-02
 5.456228422891e+04  1.619631000000e+01  6.741383507935e-02
 5.456828201682e+04  1.555670200000e+01  6.334763188251e-02
 5.456829280508e+04  1.559549500000e+01  6.372197717062e-02
 5.456830352240e+04  1.562493500000e+01  6.410288402445e-02
 5.456831425765e+04  1.569651700000e+01  6.481433280496e-02
 5.482946695866e+04  1.602089500000e+01  6.792860246834e-02
 5.482947348236e+04  1.593043400000e+01  6.685677583064e-02
 5.482948015584e+04  1.605630100000e+01  6.827725257143e-02
 5.482948685861e+04  1.608704000000e+01  6.870460047810e-02
 5.448344807812e+04  1.586914700000e+01  6.620053897519e-02
 5.448345464431e+04  1.591277000000e+01  6.668436921142e-02
 5.448346126014e+04  1.590110000000e+01  6.653838398586e-02
 5.448346789728e+04  1.589803100000e+01  6.651722298115e-02
 5.462517964425e+04  1.601292800000e+01  6.908930009417e-02
 5.462518685815e+04  1.604387800000e+01  6.948522225715e-02
 5.462519403466e+04  1.606548400000e+01  6.986498215435e-02
 5.462520116546e+04  1.607886100000e+01  7.012700675253e-02
 5.458715444786e+04  1.521326200000e+01  6.060770722221e-02
 5.458715984326e+04  1.524562100000e+01  6.083851261239e-02
 5.458716522073e+04  1.528242500000e+01  6.104932231951e-02
 5.458717059356e+04  1.531294200000e+01  6.131106388267e-02
 5.480048779808e+04  1.618992700000e+01  7.013803545958e-02
 5.480049459645e+04  1.620949400000e+01  7.029762679360e-02
 5.480050142792e+04  1.623880900000e+01  7.067269650947e-02
 5.480050823972e+04  1.626799300000e+01  7.101814451105e-02
 5.494823136315e+04  1.562532300000e+01  6.429792768870e-02
 5.494823810618e+04  1.562712400000e+01  6.432261081477e-02
 5.494824464727e+04  1.569354600000e+01  6.500494603089e-02
 5.494825129624e+04  1.571897200000e+01  6.528401607160e-02
 5.500617601214e+04  1.617997500000e+01  8.058450192294e-02
 5.500618091064e+04  1.617655500000e+01  8.069045774023e-02
 5.500618582697e+04  1.622199000000e+01  8.189528627371e-02
 5.500619065457e+04  1.615018700000e+01  8.060682507234e-02
 5.490532124944e+04  1.618953700000e+01  7.062392555025e-02
 5.490532663455e+04  1.618529400000e+01  7.058742141176e-02
 5.490533206167e+04  1.619122100000e+01  7.071718320966e-02
 5.490533744527e+04  1.619617600000e+01  7.079330658305e-02
 5.491132393554e+04  1.545953800000e+01  6.041720653317e-02
 5.491133228573e+04  1.548747800000e+01  6.018027579630e-02
 5.491134064066e+04  1.555552800000e+01  6.064126723941e-02
 5.491134903818e+04  1.559085700000e+01  6.090454881548e-02
 5.491822420403e+04  1.593009100000e+01  6.741401462084e-02
 5.491822899211e+04  1.588577700000e+01  6.686743695100e-02
 5.491823379664e+04  1.597637600000e+01  6.795838726687e-02
 5.491823868659e+04  1.597315000000e+01  6.790294468648e-02
 5.496719846639e+04  1.578435800000e+01  6.646877059534e-02
 5.496816998434e+04  1.578872000000e+01  6.695328787441e-02
 5.496817730023e+04  1.587091500000e+01  6.802033700359e-02
 5.496818465209e+04  1.588007600000e+01  6.769518868235e-02
 5.496819196347e+04  1.589370200000e+01  6.830959775007e-02
 5.553547047460e+04  1.600205200000e+01  6.417886001255e-02
 5.553548563984e+04  1.601151800000e+01  6.416502326446e-02
 5.553549321333e+04  1.606534900000e+01  6.545699238851e-02
 5.524136880662e+04  1.580933700000e+01  6.657216336471e-02
 5.524137720641e+04  1.589482000000e+01  6.740980047310e-02
 5.524138562998e+04  1.591840500000e+01  6.772866604306e-02
 5.524139405701e+04  1.592272100000e+01  6.779983086084e-02
 5.535320928525e+04  1.621536100000e+01  7.185626160772e-02
 5.535321664905e+04  1.623118500000e+01  7.224823295415e-02
 5.535322413589e+04  1.626707400000e+01  7.286879883733e-02
 5.535323162089e+04  1.621098800000e+01  7.218506822309e-02
 5.537118279306e+04  1.617943400000e+01  7.276255359505e-02
 5.537118857802e+04  1.623537800000e+01  7.377159339421e-02
 5.537119429635e+04  1.625050200000e+01  7.422457850428e-02
 5.537119999649e+04  1.629570300000e+01  7.511101651512e-02
 5.526034423598e+04  1.602809000000e+01  6.887436874290e-02
 5.526035096294e+04  1.608303200000e+01  6.959740156701e-02
 5.526035766604e+04  1.604561200000e+01  6.907767223665e-02
 5.526036433118e+04  1.606107000000e+01  6.920794672151e-02
 5.526730091229e+04  1.620577200000e+01  7.135340718362e-02
 5.526730852708e+04  1.617952000000e+01  7.103130963550e-02
 5.526731620663e+04  1.620716900000e+01  7.140917270973e-02
 5.526732380476e+04  1.625557200000e+01  7.196638912458e-02
 5.565530792191e+04  1.597365000000e+01  6.534704406179e-02
 5.565531483778e+04  1.596653300000e+01  6.527497494208e-02
 5.565532176589e+04  1.601558900000e+01  6.581875275548e-02
 5.565532869416e+04  1.601687400000e+01  6.583258280540e-02
 5.566316555953e+04  1.625257000000e+01  7.339546504219e-02
 5.566317069672e+04  1.623950300000e+01  7.323087864027e-02
 5.566317586932e+04  1.624857400000e+01  7.339670917237e-02
 5.566318102780e+04  1.622862500000e+01  7.299735177814e-02
 5.560141743750e+04  1.590529300000e+01  6.796310505210e-02
 5.560142261252e+04  1.593508800000e+01  6.829772951371e-02
 5.560142783171e+04  1.586818900000e+01  6.748981668947e-02
 5.560143302468e+04  1.595016200000e+01  6.848679319740e-02
 5.561743576649e+04  1.592379600000e+01  6.782183824762e-02
 5.561744370831e+04  1.586907800000e+01  6.729469527704e-02
 5.561745183802e+04  1.596723100000e+01  6.845731180970e-02
 5.561746000661e+04  1.597969000000e+01  6.872005171383e-02
 5.556344059032e+04  1.521449500000e+01  6.092685381809e-02
 5.556344816701e+04  1.524711300000e+01  6.118050626540e-02
 5.556345573475e+04  1.530791700000e+01  6.162767970356e-02
 5.556346340203e+04  1.534056100000e+01  6.190153836449e-02
 5.557250421564e+04  1.621150400000e+01  7.149411426918e-02
 5.557251131309e+04  1.621919800000e+01  7.166414085640e-02
 5.557251845685e+04  1.622675100000e+01  7.180590015303e-02
 5.557252560598e+04  1.622285400000e+01  7.170627888059e-02
 5.562434598030e+04  1.612143100000e+01  6.706330642079e-02
 5.562435635285e+04  1.621170000000e+01  6.810324945456e-02
 5.562436663521e+04  1.621164300000e+01  6.812750810235e-02
 5.562437701815e+04  1.627716300000e+01  6.899607576878e-02
 5.564430321027e+04  1.619667400000e+01  7.248373622801e-02
 5.564430979150e+04  1.625703900000e+01  7.353807658720e-02
 5.564431651594e+04  1.621602300000e+01  7.293761576327e-02
 5.564432325737e+04  1.623774000000e+01  7.325712902867e-02
 5.564925703310e+04  1.631038200000e+01  6.649857937281e-02
 5.564926752810e+04  1.625218300000e+01  6.584095149413e-02
 5.564927796736e+04  1.597986800000e+01  6.313994837414e-02
 5.564928843590e+04  1.549205800000e+01  5.932576298035e-02
 5.373047539227e+04  1.620276900000e+01  7.901993425659e-02
 5.373048033755e+04  1.622951600000e+01  7.928368463187e-02
 5.373048529682e+04  1.625475700000e+01  8.429464566800e-02
 5.373049023491e+04  1.615219200000e+01  7.514565417431e-02
 5.373145816557e+04  1.619271500000e+01  7.132729918422e-02
 5.373146370542e+04  1.622700300000e+01  7.178796775114e-02
 5.373146920535e+04  1.618933500000e+01  7.121595365384e-02
 5.373147472866e+04  1.621170700000e+01  7.155264620877e-02
 5.422924087277e+04  1.604339500000e+01  6.978431702386e-02
 5.422925009730e+04  1.603655700000e+01  6.976796295922e-02
 5.422926070650e+04  1.609673000000e+01  7.063479864841e-02
 5.422926996530e+04  1.612693700000e+01  7.117232687263e-02
 5.373050851128e+04  1.614591600000e+01  7.618369935240e-02
 5.373051350493e+04  1.621974500000e+01  7.163595655856e-02
 5.373051851236e+04  1.621537800000e+01  7.172181282761e-02
 5.373052350751e+04  1.619210000000e+01  9.295044717679e-02
 5.589248931963e+04  1.558801900000e+01  6.395766813291e-02
 5.589249445758e+04  1.562213700000e+01  6.428342607295e-02
 5.589249971444e+04  1.564078800000e+01  6.443083672866e-02
 5.589250493823e+04  1.567447400000e+01  6.469322327158e-02
 5.592450863655e+04  1.552010700000e+01  6.330712590516e-02
 5.592451494302e+04  1.556016900000e+01  6.366533139398e-02
 5.592452121410e+04  1.558452600000e+01  6.386064708263e-02
 5.592452742979e+04  1.563832800000e+01  6.439045516456e-02
 5.595944155302e+04  1.553472800000e+01  6.339270349961e-02
 5.595944715619e+04  1.558652800000e+01  6.390502105722e-02
 5.595945279249e+04  1.559129200000e+01  6.395166415052e-02
 5.595945849150e+04  1.564021500000e+01  6.443054487590e-02
 5.598925036381e+04  1.619545700000e+01  7.169315570130e-02
 5.598925546348e+04  1.617015000000e+01  7.127074470629e-02
 5.598926059175e+04  1.618755500000e+01  7.148682371796e-02
 5.598926573090e+04  1.622629700000e+01  7.206245839872e-02
 5.599926435701e+04  1.575128100000e+01  6.585337942811e-02
 5.599926938214e+04  1.577799300000e+01  6.611180709450e-02
 5.599927445517e+04  1.581693200000e+01  6.655960799400e-02
 5.599927949837e+04  1.576514100000e+01  6.596381596525e-02
 5.600328763413e+04  1.613112900000e+01  6.647753400902e-02
 5.600329647755e+04  1.617030600000e+01  6.696079723321e-02
 5.600330535543e+04  1.617361800000e+01  6.696569470132e-02
 5.600331424432e+04  1.620034200000e+01  6.729875682764e-02
 5.602823150023e+04  1.621149300000e+01  7.223133716009e-02
 5.602823595786e+04  1.619686800000e+01  7.200205110400e-02
 5.602824050066e+04  1.612211400000e+01  7.084668221637e-02
 5.602824501050e+04  1.597132500000e+01  6.883323152463e-02
 5.603524450905e+04  1.600306400000e+01  6.911349387240e-02
 5.603524955432e+04  1.598382600000e+01  6.883172844438e-02
 5.603525458888e+04  1.600686800000e+01  6.911760744306e-02
 5.603525964006e+04  1.602955100000e+01  6.943401653634e-02
 5.604623937881e+04  1.519158500000e+01  6.114785117895e-02
 5.604624616678e+04  1.520954700000e+01  6.131194127149e-02
 5.604625292699e+04  1.524995600000e+01  6.161943665319e-02
 5.604625976760e+04  1.530606000000e+01  6.212453439541e-02
 5.607515610145e+04  1.619176100000e+01  7.403799321023e-02
 5.607516295806e+04  1.623817200000e+01  7.479526284774e-02
 5.607516991352e+04  1.620226700000e+01  7.421398491878e-02
 5.607517692486e+04  1.620257600000e+01  7.425855194737e-02
 5.609318934690e+04  1.615239300000e+01  7.117021439177e-02
 5.609319491951e+04  1.623521300000e+01  7.261467219946e-02
 5.609320051176e+04  1.623165100000e+01  7.260400734992e-02
 5.609320621007e+04  1.619133800000e+01  7.210844730505e-02
