# time mag mag_err
 5.376944200046e+04  1.549115900000e+01  7.362258437011e-02
 5.376945024589e+04  1.544972900000e+01  6.985903105918e-02
 5.376945851355e+04  1.545072200000e+01  7.024490958740e-02
 5.376946677229e+04  1.554240800000e+01  7.175715703532e-02
 5.389031989876e+04  1.592245300000e+01  1.306329877435e-01
 5.389032092659e+04  1.595726400000e+01  1.327948879228e-01
 5.389032198301e+04  1.589434600000e+01  1.291709890555e-01
 5.389032309788e+04  1.589582800000e+01  1.295029523908e-01
 5.390127447171e+04  1.573710600000e+01  1.218599957744e-01
 5.390127548149e+04  1.567257900000e+01  1.189185347656e-01
 5.390127647807e+04  1.576290500000e+01  1.228021984633e-01
 5.390127746434e+04  1.574843500000e+01  1.227995771580e-01
 5.388423956054e+04  1.593473400000e+01  6.970083015794e-02
 5.388424620068e+04  1.594330700000e+01  6.978383626666e-02
 5.388425288458e+04  1.591196900000e+01  6.941359802810e-02
 5.388425946164e+04  1.592488900000e+01  6.962630074543e-02
 5.421326139696e+04  1.576048100000e+01  6.668290626817e-02
 5.421327095218e+04  1.577192200000e+01  6.681420220398e-02
 5.421328064491e+04  1.580322000000e+01  6.718227968630e-02
 5.421329045778e+04  1.580994600000e+01  6.731219451418e-02
 5.415833744065e+04  1.536604300000e+01  6.179937278918e-02
 5.415834348979e+04  1.538937800000e+01  6.197615818577e-02
 5.415834955676e+04  1.541600400000e+01  6.220002246678e-02
 5.415835560278e+04  1.541283000000e+01  6.217527242440e-02
 5.427026354354e+04  1.578888400000e+01  6.769965702111e-02
 5.427027231377e+04  1.583680100000e+01  6.832430660460e-02
 5.427028101883e+04  1.581437600000e+01  6.833853857812e-02
 5.427028972933e+04  1.586399500000e+01  6.914099228900e-02
 5.427923067494e+04  1.595174800000e+01  6.984447261477e-02
 5.427923504692e+04  1.594091300000e+01  6.976051735447e-02
 5.427923938116e+04  1.589436600000e+01  6.920873389673e-02
 5.427924372316e+04  1.595314300000e+01  6.999796255740e-02
 5.417726703145e+04  1.549237900000e+01  6.378968006151e-02
 5.417727469491e+04  1.582067600000e+01  6.714895880334e-02
 5.417728239656e+04  1.569432200000e+01  6.570732818779e-02
 5.417729004567e+04  1.573413600000e+01  6.606088744961e-02
 5.423831216471e+04  1.591179700000e+01  6.974109366885e-02
 5.423831709030e+04  1.591502700000e+01  6.983393293601e-02
 5.423832200767e+04  1.594558500000e+01  7.025202147277e-02
 5.423832691278e+04  1.594346300000e+01  7.026270139806e-02
 5.463024887662e+04  1.541403700000e+01  6.265077816082e-02
 5.463025326387e+04  1.540337700000e+01  6.259008583969e-02
 5.463025765587e+04  1.541093100000e+01  6.265368317661e-02
 5.463026597897e+04  1.543615600000e+01  6.293732367092e-02
 5.486537954333e+04  1.547420400000e+01  6.245120622303e-02
 5.486538706535e+04  1.548564300000e+01  6.260889531477e-02
 5.486539457069e+04  1.582134400000e+01  6.584709035154e-02
 5.486540209700e+04  1.555012800000e+01  6.315351381808e-02
 5.489247518694e+04  1.543372400000e+01  6.435448112804e-02
 5.489248081616e+04  1.544695600000e+01  6.452492382651e-02
 5.489248649608e+04  1.546541600000e+01  6.470728607553e-02
 5.489249217598e+04  1.550193800000e+01  6.505450507892e-02
 5.491627366992e+04  1.543368400000e+01  6.275510322354e-02
 5.491628042384e+04  1.548917600000e+01  6.327249558902e-02
 5.491628726031e+04  1.550244200000e+01  6.340301336149e-02
 5.491629404538e+04  1.551522200000e+01  6.352789284050e-02
 5.529835285480e+04  1.598245800000e+01  6.882625235801e-02
 5.529835952611e+04  1.600609400000e+01  6.902483449175e-02
 5.529836625413e+04  1.599159000000e+01  6.886972799058e-02
 5.529837299613e+04  1.606878900000e+01  6.985781691157e-02
 5.532726632168e+04  1.530220600000e+01  6.185151891551e-02
 5.532727272421e+04  1.532814700000e+01  6.208153214268e-02
 5.532727911642e+04  1.533554400000e+01  6.219171992336e-02
 5.532728535443e+04  1.538067900000e+01  6.254065773279e-02
 5.565328708725e+04  1.577295600000e+01  6.688053498804e-02
 5.565329233882e+04  1.578403300000e+01  6.697939167317e-02
 5.565329760703e+04  1.579659700000e+01  6.710114715041e-02
 5.565330287662e+04  1.581429000000e+01  6.731768266690e-02
 5.568725160218e+04  1.593441900000e+01  7.104949452356e-02
 5.568725729830e+04  1.597123600000e+01  7.066443937438e-02
 5.568726305312e+04  1.596894400000e+01  7.022310029325e-02
 5.568726877159e+04  1.599345100000e+01  7.067669514869e-02
 5.592849309311e+04  1.600779800000e+01  6.897845264064e-02
 5.592850244013e+04  1.601044400000e+01  6.897320624647e-02
 5.592851171343e+04  1.601830300000e+01  6.911027197282e-02
 5.592852097535e+04  1.591192100000e+01  6.778993370801e-02
 5.601925464340e+04  1.576244000000e+01  6.606632806430e-02
 5.601926208581e+04  1.554588500000e+01  6.384134040118e-02
 5.601926950991e+04  1.547770500000e+01  6.318373415880e-02
 5.601927696392e+04  1.534317500000e+01  6.196352769716e-02
