# time mag mag_err
 5.371136097704e+04  1.576072500000e+01  6.667048112698e-02
 5.371136917931e+04  1.576639000000e+01  6.667843749886e-02
 5.371137747068e+04  1.574319400000e+01  6.635145724090e-02
 5.371138567213e+04  1.580113100000e+01  6.694014469682e-02
 5.372648350760e+04  1.567543700000e+01  6.559029907606e-02
 5.372649041443e+04  1.566854700000e+01  6.562687107680e-02
 5.372649737219e+04  1.563122800000e+01  6.526196510165e-02
 5.372650431860e+04  1.569336000000e+01  6.577413840494e-02
 5.353715771992e+04  1.619480400000e+01  7.833566049026e-02
 5.353716349579e+04  1.626911800000e+01  8.008528844704e-02
 5.349516515635e+04  1.625406700000e+01  7.406357534748e-02
 5.349517163098e+04  1.619994600000e+01  7.417555377148e-02
 5.349517810203e+04  1.622512000000e+01  7.503520314922e-02
 5.349518454771e+04  1.628337600000e+01  8.355764100016e-02
 5.367844196988e+04  1.608807600000e+01  7.140440462703e-02
 5.367844743949e+04  1.609094700000e+01  7.139906092906e-02
 5.367845294578e+04  1.611411700000e+01  7.172181282761e-02
 5.367845837464e+04  1.612190200000e+01  7.179700471576e-02
 5.368743712140e+04  1.608566900000e+01  7.093502320934e-02
 5.368744355748e+04  1.617860400000e+01  7.223149584818e-02
 5.368744998766e+04  1.612760500000e+01  7.144523244527e-02
 5.368745643822e+04  1.617887300000e+01  7.217596536179e-02
 5.365745133862e+04  1.585409800000e+01  7.192887471626e-02
 5.365745740814e+04  1.584586700000e+01  7.594066940159e-02
 5.385222652083e+04  1.574039200000e+01  6.740433511872e-02
 5.385223390650e+04  1.575545800000e+01  6.767205505615e-02
 5.385224129980e+04  1.576594900000e+01  6.787127618446e-02
 5.385224878756e+04  1.579313500000e+01  6.825962929023e-02
 5.409434885069e+04  1.612804800000e+01  7.027428501381e-02
 5.409435930087e+04  1.611174700000e+01  7.016327866236e-02
 5.409436976562e+04  1.617841300000e+01  7.131112471305e-02
 5.409438026950e+04  1.620814400000e+01  7.176511419945e-02
 5.377022702585e+04  1.590413500000e+01  7.000981643860e-02
 5.377023475574e+04  1.576991200000e+01  6.704970979859e-02
 5.377024248645e+04  1.572340800000e+01  6.632248559977e-02
 5.377025018868e+04  1.569170100000e+01  6.614867470004e-02
 5.378928888677e+04  1.595160700000e+01  7.020324039017e-02
 5.378929625299e+04  1.589922400000e+01  7.192658275267e-02
 5.378930354063e+04  1.580147600000e+01  7.964065250510e-02
 5.378931081216e+04  1.571832900000e+01  7.662517551779e-02
 5.373730038942e+04  1.591383100000e+01  6.999413733394e-02
 5.373730771652e+04  1.596069200000e+01  6.906572942009e-02
 5.373731503286e+04  1.598513400000e+01  6.947894920732e-02
 5.373732232581e+04  1.600785100000e+01  7.004584909978e-02
 5.374132886579e+04  1.617942900000e+01  7.167186961945e-02
 5.374133656860e+04  1.616956600000e+01  7.153944425830e-02
 5.374134422512e+04  1.620749100000e+01  7.206773009953e-02
 5.374135192689e+04  1.621056500000e+01  7.212262974217e-02
 5.375629014080e+04  1.572698300000e+01  6.764205632098e-02
 5.375730596794e+04  1.587539900000e+01  6.831030256335e-02
 5.375731411534e+04  1.579257700000e+01  6.725973001316e-02
 5.375732236018e+04  1.568580200000e+01  6.598294597268e-02
 5.375733057969e+04  1.558629400000e+01  6.497312832617e-02
 5.376226337259e+04  1.627702200000e+01  7.413592677632e-02
 5.376227041518e+04  1.626760500000e+01  7.392019303752e-02
 5.376227745894e+04  1.630357200000e+01  7.421918443011e-02
 5.376228450212e+04  1.627598600000e+01  7.391682606510e-02
 5.379821192073e+04  1.628123100000e+01  7.395298879362e-02
 5.379821862164e+04  1.631603500000e+01  7.452823786986e-02
 5.379822535346e+04  1.634473300000e+01  7.494732720392e-02
 5.379823201177e+04  1.628453200000e+01  7.394679679127e-02
 5.381821159585e+04  1.615409400000e+01  7.387166086633e-02
 5.381821988457e+04  1.612819300000e+01  7.208216276757e-02
 5.381822814377e+04  1.612584900000e+01  7.254124011049e-02
 5.381823633736e+04  1.615599300000e+01  7.404613618521e-02
 5.406049982258e+04  1.588595100000e+01  6.674985869115e-02
 5.406050697362e+04  1.591462100000e+01  6.711397638151e-02
 5.406051412120e+04  1.590680400000e+01  6.699811747003e-02
 5.406052129703e+04  1.595354400000e+01  6.756619747669e-02
 5.403548012698e+04  1.617087600000e+01  7.045757816299e-02
 5.403548674803e+04  1.620300100000e+01  7.084233506044e-02
 5.403549330438e+04  1.618201600000e+01  7.053871997663e-02
 5.403549995678e+04  1.620992800000e+01  7.086599587124e-02
 5.420916908502e+04  1.584821900000e+01  6.745294735669e-02
 5.420917550837e+04  1.583168500000e+01  6.747687352697e-02
 5.420918200788e+04  1.587492200000e+01  6.981603373019e-02
 5.420918844953e+04  1.590976100000e+01  6.855780888399e-02
 5.444944836477e+04  1.610780600000e+01  6.899771953966e-02
 5.444945435314e+04  1.608412000000e+01  6.926808247933e-02
 5.444946030147e+04  1.607402800000e+01  6.913976616361e-02
 5.444946625269e+04  1.608705600000e+01  6.930985585061e-02
 5.412721308895e+04  1.576190200000e+01  6.846233707889e-02
 5.412722135949e+04  1.579352900000e+01  6.885086748818e-02
 5.412722962287e+04  1.578429300000e+01  6.863123805918e-02
 5.412723793035e+04  1.584660000000e+01  6.932261135508e-02
 5.425815406319e+04  1.609595400000e+01  6.785501477529e-02
 5.425816199634e+04  1.609808800000e+01  6.794472959329e-02
 5.425816993817e+04  1.611916000000e+01  6.808219456164e-02
 5.425817787850e+04  1.614429000000e+01  6.807847928451e-02
 5.416919066734e+04  1.570681600000e+01  6.542295026969e-02
 5.416919888233e+04  1.558754700000e+01  6.422863522213e-02
 5.416920716260e+04  1.552040300000e+01  6.353086843073e-02
 5.416921551823e+04  1.547059700000e+01  6.328003373272e-02
 5.417627429898e+04  1.622153200000e+01  7.185338173004e-02
 5.417628172319e+04  1.624953600000e+01  7.229369894436e-02
 5.417628910817e+04  1.619659900000e+01  7.151821390851e-02
 5.417629649626e+04  1.628289800000e+01  7.283868599213e-02
 5.423716370194e+04  1.560722200000e+01  6.626757710149e-02
 5.424515501216e+04  1.591841400000e+01  6.904057316929e-02
 5.424516314231e+04  1.590778200000e+01  6.892439907288e-02
 5.424517125453e+04  1.599307500000e+01  7.016403406900e-02
 5.424517937218e+04  1.596981600000e+01  6.984604834920e-02
 5.441144002618e+04  1.618529000000e+01  7.363986246724e-02
 5.441144818642e+04  1.620408800000e+01  7.181450179110e-02
 5.441145631345e+04  1.631782300000e+01  7.367925839558e-02
 5.441146462856e+04  1.622210000000e+01  7.212013509649e-02
 5.442445267984e+04  1.635348900000e+01  7.339333285680e-02
 5.442445932439e+04  1.638761500000e+01  7.389253920524e-02
 5.442446620065e+04  1.635182100000e+01  7.334089113786e-02
 5.442447289693e+04  1.634323900000e+01  7.319946915612e-02
 5.438546059113e+04  1.607240100000e+01  6.988700394578e-02
 5.438546643992e+04  1.604356200000e+01  6.951234075797e-02
 5.438547217586e+04  1.603088500000e+01  6.920109256220e-02
 5.438547796596e+04  1.607094200000e+01  6.916869369976e-02
 5.455725850771e+04  1.616168800000e+01  7.108820738752e-02
 5.455726843933e+04  1.620950900000e+01  7.181555893613e-02
 5.455727829943e+04  1.615673100000e+01  7.108862578289e-02
 5.455728815223e+04  1.621957900000e+01  7.208977667729e-02
 5.456621299795e+04  1.619012600000e+01  7.192963882789e-02
 5.456621945707e+04  1.618946300000e+01  7.199143017118e-02
 5.456622593899e+04  1.619078500000e+01  7.198343401301e-02
 5.456623241582e+04  1.616074100000e+01  7.156131159896e-02
 5.457324171727e+04  1.556223700000e+01  6.424550455831e-02
 5.457325002138e+04  1.549761200000e+01  6.391076458364e-02
 5.457325828510e+04  1.560790900000e+01  6.494298052689e-02
 5.457326656978e+04  1.570859500000e+01  6.537679211986e-02
 5.480442090720e+04  1.551709300000e+01  6.328811396310e-02
 5.480442994608e+04  1.553882800000e+01  6.532251111919e-02
 5.480443901493e+04  1.557868500000e+01  6.599718011897e-02
 5.480444790958e+04  1.559255100000e+01  6.552421505442e-02
 5.482240048723e+04  1.577150000000e+01  6.557528078557e-02
 5.482240648858e+04  1.574887600000e+01  6.534194262791e-02
 5.482241254987e+04  1.578026500000e+01  6.567469398175e-02
 5.482241860909e+04  1.582415500000e+01  6.612653144762e-02
 5.449717427051e+04  1.611483000000e+01  7.489749275260e-02
 5.449717863161e+04  1.619603700000e+01  7.479200847239e-02
 5.449718297013e+04  1.611981400000e+01  7.280832844356e-02
 5.449718729836e+04  1.614102800000e+01  7.477310595459e-02
 5.450625777329e+04  1.621444700000e+01  7.136174439965e-02
 5.450626437685e+04  1.617532300000e+01  7.083473226443e-02
 5.450627094326e+04  1.621295700000e+01  7.131942364002e-02
 5.450627750701e+04  1.618992600000e+01  7.096994313745e-02
 5.452522047995e+04  1.613362200000e+01  7.181948482718e-02
 5.452522776389e+04  1.609379600000e+01  7.194952747962e-02
 5.452523509307e+04  1.613232400000e+01  7.063267634116e-02
 5.452524238914e+04  1.612889100000e+01  7.086055090759e-02
 5.447825248269e+04  1.625146600000e+01  7.237198453629e-02
 5.447825741499e+04  1.626244800000e+01  7.242335146117e-02
 5.447826235481e+04  1.624554800000e+01  7.211826377875e-02
 5.447826726038e+04  1.624938000000e+01  7.218239929496e-02
 5.462515802187e+04  1.613856600000e+01  7.534834923838e-02
 5.462516188457e+04  1.616090300000e+01  7.582235245174e-02
 5.462516572007e+04  1.622116800000e+01  7.704278799620e-02
 5.462516955856e+04  1.621137300000e+01  7.691436943642e-02
 5.453239222050e+04  1.592389500000e+01  7.135815032990e-02
 5.453239882557e+04  1.594077700000e+01  7.282877976939e-02
 5.453240543806e+04  1.594659400000e+01  7.892789797289e-02
 5.453243032297e+04  1.600914600000e+01  7.061319628298e-02
 5.453829255256e+04  1.621360500000e+01  7.187295709068e-02
 5.453830022609e+04  1.621188300000e+01  7.197329575364e-02
 5.453830785193e+04  1.629583900000e+01  7.326431719844e-02
 5.453831548218e+04  1.625387700000e+01  7.255460963562e-02
 5.454925316622e+04  1.593371900000e+01  6.813321508761e-02
 5.454926099983e+04  1.598016900000e+01  6.871941654848e-02
 5.454926880346e+04  1.604343100000e+01  6.958716398623e-02
 5.454927660269e+04  1.599962900000e+01  6.904641389016e-02
 5.458823537916e+04  1.620633300000e+01  7.198850872543e-02
 5.458823969939e+04  1.623619600000e+01  7.244010549753e-02
 5.458824400354e+04  1.625123400000e+01  7.273376001521e-02
 5.458824829727e+04  1.624937600000e+01  7.274157412869e-02
 5.479046905036e+04  1.577246500000e+01  6.567504634291e-02
 5.479047573275e+04  1.580488300000e+01  6.601766053550e-02
 5.479048237093e+04  1.584115600000e+01  6.639060924476e-02
 5.479048910413e+04  1.584217600000e+01  6.637704124664e-02
 5.476550067905e+04  1.616308700000e+01  7.305625062692e-02
 5.476550732104e+04  1.616885200000e+01  7.309444783594e-02
 5.476551387160e+04  1.618640600000e+01  7.332694027666e-02
 5.476552048247e+04  1.621660700000e+01  7.376661532952e-02
 5.494119522027e+04  1.618080400000e+01  7.125680306680e-02
 5.494120191830e+04  1.621066600000e+01  7.179836160113e-02
 5.494120862546e+04  1.622021800000e+01  7.189257474278e-02
 5.494121519003e+04  1.618460600000e+01  7.141510132622e-02
 5.518230582921e+04  1.612466100000e+01  7.299701170626e-02
 5.518231039576e+04  1.610568300000e+01  7.110804582935e-02
 5.518231504160e+04  1.608965200000e+01  7.046200075546e-02
 5.518231967181e+04  1.617356400000e+01  7.189897081998e-02
 5.486625667873e+04  1.590393100000e+01  6.718332266932e-02
 5.486626577559e+04  1.593096200000e+01  6.744952278041e-02
 5.486627484641e+04  1.596412800000e+01  6.781663768335e-02
 5.486628394490e+04  1.598759900000e+01  6.811050970606e-02
 5.487716392191e+04  1.617681400000e+01  7.313192755773e-02
 5.487717070106e+04  1.612847400000e+01  7.319563666241e-02
 5.487717674836e+04  1.624184500000e+01  8.213253489231e-02
 5.487718285641e+04  1.614644700000e+01  8.036172975866e-02
 5.488918508653e+04  1.581107900000e+01  6.614769423475e-02
 5.488919287650e+04  1.578893100000e+01  6.586474301551e-02
 5.488920067920e+04  1.585901200000e+01  6.665006403788e-02
 5.488920858318e+04  1.587188900000e+01  6.674125112892e-02
 5.486029839309e+04  1.622336900000e+01  7.100555081294e-02
 5.491313622317e+04  1.626370000000e+01  7.208480372887e-02
 5.491314226688e+04  1.632496700000e+01  7.303121093607e-02
 5.491314828850e+04  1.632361600000e+01  7.298711470836e-02
 5.491315430326e+04  1.628244500000e+01  7.229735158440e-02
 5.496524198332e+04  1.624627300000e+01  7.414701608801e-02
 5.496524736763e+04  1.624352900000e+01  7.423421843042e-02
 5.496525276836e+04  1.628193100000e+01  7.500818284204e-02
 5.496525816019e+04  1.622950600000e+01  7.428642920015e-02
 5.515347952635e+04  1.562781600000e+01  6.483754594139e-02
 5.515348676954e+04  1.567269300000e+01  6.531508864804e-02
 5.515349410185e+04  1.570549100000e+01  6.562953002638e-02
 5.515350148580e+04  1.573824600000e+01  6.600900256754e-02
 5.512046808497e+04  1.596188900000e+01  6.915483197305e-02
 5.512047413274e+04  1.592581800000e+01  6.869361134020e-02
 5.512048024613e+04  1.594939400000e+01  6.893809641228e-02
 5.512048633856e+04  1.601029800000e+01  6.966431478600e-02
 5.513045641363e+04  1.580732400000e+01  6.698980789559e-02
 5.513046369885e+04  1.584103000000e+01  6.735888073375e-02
 5.513047092191e+04  1.581066000000e+01  6.693526331045e-02
 5.513047825608e+04  1.585727700000e+01  6.746657205367e-02
 5.529518616977e+04  1.616120300000e+01  7.118106392813e-02
 5.529519141830e+04  1.615152800000e+01  7.101385184836e-02
 5.529519667412e+04  1.617266800000e+01  7.134694472760e-02
 5.529520190920e+04  1.612186900000e+01  7.066923299280e-02
 5.530318502476e+04  1.604477600000e+01  7.049498648263e-02
 5.530319076244e+04  1.598209300000e+01  6.967631015870e-02
 5.530319643252e+04  1.597547100000e+01  6.958634050581e-02
 5.530320219093e+04  1.594654100000e+01  6.925676700408e-02
 5.553343841345e+04  1.589229600000e+01  6.353869220102e-02
 5.553345348909e+04  1.593197100000e+01  6.436336918424e-02
 5.553346104332e+04  1.590063500000e+01  6.375408495299e-02
 5.524022550321e+04  1.615772700000e+01  7.183384556236e-02
 5.524023303223e+04  1.621395900000e+01  7.259302627687e-02
 5.524024056955e+04  1.623777300000e+01  7.303138156018e-02
 5.524024814424e+04  1.625072200000e+01  7.319006661633e-02
 5.524628925397e+04  1.606513500000e+01  6.983151190649e-02
 5.524629725389e+04  1.605600300000e+01  6.973822057731e-02
 5.524630527315e+04  1.607751900000e+01  7.002131563516e-02
 5.524631315520e+04  1.611101000000e+01  7.046850971650e-02
 5.521229762385e+04  1.564419100000e+01  7.349097204032e-02
 5.521230382836e+04  1.557352000000e+01  7.304046404958e-02
 5.521231001200e+04  1.549614700000e+01  7.224949706008e-02
 5.521231621233e+04  1.546589900000e+01  7.428681730473e-02
 5.527425030425e+04  1.605462800000e+01  6.970536062606e-02
 5.527425777499e+04  1.607914200000e+01  7.004237570523e-02
 5.527426525586e+04  1.609778200000e+01  7.037756173465e-02
 5.527427276678e+04  1.609272000000e+01  7.039885439377e-02
 5.532217133399e+04  1.621718700000e+01  7.304303617530e-02
 5.532217943626e+04  1.621453600000e+01  7.214245938090e-02
 5.532218820959e+04  1.629275100000e+01  7.411474083297e-02
 5.532219734304e+04  1.621260500000e+01  7.245898825368e-02
 5.534715040493e+04  1.592994900000e+01  6.838422998558e-02
 5.534715610163e+04  1.590891200000e+01  6.821743226014e-02
 5.534716178179e+04  1.599174600000e+01  6.932204150768e-02
 5.534716748325e+04  1.598459700000e+01  6.926842195901e-02
 5.550546807691e+04  1.603240800000e+01  7.146236975727e-02
 5.550547975773e+04  1.604185700000e+01  7.241353910396e-02
 5.550548555582e+04  1.604039400000e+01  7.171419286281e-02
 5.567925205861e+04  1.583870800000e+01  6.866652006214e-02
 5.567925775832e+04  1.584347100000e+01  6.883097648401e-02
 5.567926348810e+04  1.586406800000e+01  6.913809387391e-02
 5.567926925020e+04  1.588975100000e+01  6.948278167834e-02
 5.559825368845e+04  1.627320300000e+01  6.904134459253e-02
 5.559826120561e+04  1.625548200000e+01  7.111882154170e-02
 5.559826876757e+04  1.629263100000e+01  6.924399809453e-02
 5.559827636542e+04  1.626508600000e+01  6.891235135036e-02
 5.560423204492e+04  1.605392700000e+01  6.379895392322e-02
 5.560424008446e+04  1.606242200000e+01  6.387915910791e-02
 5.560424804366e+04  1.613767000000e+01  6.460996270450e-02
 5.560425614442e+04  1.611117700000e+01  6.431194696712e-02
 5.561734114335e+04  1.604311400000e+01  7.018115698384e-02
 5.561734766118e+04  1.608461700000e+01  7.077441701886e-02
 5.561735428604e+04  1.611940500000e+01  7.129084211870e-02
 5.561736088206e+04  1.604550300000e+01  7.025481745378e-02
 5.556638548907e+04  1.574056500000e+01  6.291235297438e-02
 5.556639224317e+04  1.573027800000e+01  6.343648251250e-02
 5.556640004772e+04  1.574116700000e+01  6.608207826785e-02
 5.556640788402e+04  1.570230900000e+01  6.917417840436e-02
 5.558927405839e+04  1.624497300000e+01  7.279510930280e-02
 5.558927986343e+04  1.630511400000e+01  7.374691239313e-02
 5.558928567919e+04  1.630162400000e+01  7.370542326317e-02
 5.558929149950e+04  1.629310100000e+01  7.356008444518e-02
 5.562820062782e+04  1.582193300000e+01  6.791633755213e-02
 5.562820802182e+04  1.585293400000e+01  6.825063230481e-02
 5.562821545832e+04  1.587618100000e+01  6.848175257107e-02
 5.562822294899e+04  1.589332600000e+01  6.872121665801e-02
 5.563415660646e+04  1.623122300000e+01  7.401379646372e-02
 5.563416224101e+04  1.626790500000e+01  7.465116709229e-02
 5.563416793448e+04  1.620555900000e+01  7.425371955785e-02
 5.563417369148e+04  1.619561400000e+01  7.339475368599e-02
 5.568516591465e+04  1.614556100000e+01  8.087942224388e-02
 5.568517158172e+04  1.607132700000e+01  7.722369074720e-02
 5.568517726627e+04  1.617160100000e+01  7.911444063300e-02
 5.568518296216e+04  1.610184000000e+01  7.775336643784e-02
 5.375645092762e+04  1.610184200000e+01  7.136346892733e-02
 5.375645772321e+04  1.613406000000e+01  7.152626107627e-02
 5.375646451753e+04  1.609888800000e+01  7.319807581516e-02
 5.486030104565e+04  1.614663700000e+01  6.998489150912e-02
 5.486030744042e+04  1.620761300000e+01  7.075529794148e-02
 5.486031370693e+04  1.622097100000e+01  7.093557261226e-02
 5.486032012831e+04  1.619371400000e+01  7.056738171474e-02
 5.586246913201e+04  1.621296800000e+01  7.209397315525e-02
 5.586247621535e+04  1.618770200000e+01  7.163092290222e-02
 5.586248327604e+04  1.621474100000e+01  7.203073872023e-02
 5.586249027235e+04  1.621690800000e+01  7.195289769993e-02
 5.592234254300e+04  1.607314100000e+01  7.017019891571e-02
 5.592234940329e+04  1.610490000000e+01  7.062432289061e-02
 5.592235623712e+04  1.611032200000e+01  7.058781712377e-02
 5.592236306940e+04  1.607434500000e+01  7.012663125753e-02
 5.592831124194e+04  1.568347900000e+01  6.546320624389e-02
 5.592832090647e+04  1.568268300000e+01  6.545201235083e-02
 5.592833068638e+04  1.574010600000e+01  6.601366372053e-02
 5.592834039021e+04  1.572394700000e+01  6.595023607362e-02
 5.594536216925e+04  1.603334200000e+01  6.938335061073e-02
 5.594536724545e+04  1.605317600000e+01  6.962228505068e-02
 5.594537230242e+04  1.606544900000e+01  6.975080057323e-02
 5.594537737876e+04  1.607816000000e+01  6.997651741703e-02
 5.596823160962e+04  1.578852500000e+01  6.655178091250e-02
 5.596824000679e+04  1.579527900000e+01  6.662486406158e-02
 5.596824840883e+04  1.586417000000e+01  6.737144531684e-02
 5.596825690609e+04  1.584000400000e+01  6.710915252932e-02
 5.597738127078e+04  1.610865300000e+01  7.108276726366e-02
 5.597738372367e+04  1.614144300000e+01  7.158455530389e-02
 5.597738617624e+04  1.611095300000e+01  7.116979222887e-02
 5.597738864431e+04  1.614016600000e+01  7.157204339520e-02
 5.598121176312e+04  1.599104900000e+01  6.912662014401e-02
 5.598121845432e+04  1.603882600000e+01  6.972374589396e-02
 5.598122522278e+04  1.598526700000e+01  6.899826753627e-02
 5.598123198720e+04  1.602781100000e+01  6.958610507694e-02
 5.598719296030e+04  1.583696000000e+01  6.926445963430e-02
 5.598719965334e+04  1.570481800000e+01  6.762608675072e-02
 5.598720649824e+04  1.570277800000e+01  6.764492201071e-02
 5.598721323135e+04  1.566841600000e+01  6.727406612186e-02
 5.601614147824e+04  1.617328400000e+01  7.215387576152e-02
 5.601614834507e+04  1.615278300000e+01  7.175100762245e-02
 5.601615527111e+04  1.617962700000e+01  7.212809039610e-02
 5.601616231508e+04  1.617854400000e+01  7.217424078267e-02
 5.604426987193e+04  1.625231600000e+01  7.385435736698e-02
 5.604427834796e+04  1.616701800000e+01  7.259417325833e-02
 5.604428694424e+04  1.620541600000e+01  7.328204352774e-02
 5.604429541541e+04  1.620841000000e+01  7.343569874309e-02
 5.606514544009e+04  1.620784300000e+01  6.746205803311e-02
 5.606515296112e+04  1.615523800000e+01  6.691854235291e-02
 5.606516042688e+04  1.608171100000e+01  6.613172175521e-02
 5.606516784554e+04  1.607830800000e+01  6.608559073660e-02
 5.607417822490e+04  1.578296100000e+01  6.647603361746e-02
 5.607418346693e+04  1.572076700000e+01  6.589647089702e-02
 5.607418877045e+04  1.558538300000e+01  6.452699757611e-02
 5.607419392291e+04  1.558939300000e+01  6.459102083611e-02
 5.608618095264e+04  1.606581300000e+01  7.072522225837e-02
 5.608618603935e+04  1.608410400000e+01  7.107231306432e-02
 5.608619118649e+04  1.601321800000e+01  7.018910032097e-02
 5.608619633918e+04  1.611414300000e+01  7.167960479177e-02
