# time mag mag_err
 5.346632744662e+04  1.519359000000e+01  6.081257852773e-02
 5.346633638051e+04  1.545892400000e+01  6.299394192910e-02
 5.346634535689e+04  1.503691000000e+01  5.964439643059e-02
 5.346635430409e+04  1.556715900000e+01  6.400542278572e-02
 5.356018797213e+04  1.539844300000e+01  6.350755845645e-02
 5.356019389777e+04  1.542576200000e+01  6.377726671871e-02
 5.356019976902e+04  1.536153600000e+01  6.319587592862e-02
 5.356020566850e+04  1.538508400000e+01  6.346944299936e-02
 5.352825485764e+04  1.523816500000e+01  6.190664198908e-02
 5.352826382591e+04  1.526705500000e+01  6.220197950445e-02
 5.352827275969e+04  1.530822800000e+01  6.257159477190e-02
 5.352828173120e+04  1.526770500000e+01  6.228293737410e-02
 5.349927232865e+04  1.500952300000e+01  5.988110214782e-02
 5.349927873730e+04  1.502403300000e+01  5.999766149284e-02
 5.349928519722e+04  1.503965100000e+01  6.008921973292e-02
 5.349929157162e+04  1.507297400000e+01  6.033942312720e-02
 5.350914393354e+04  1.515775400000e+01  6.125866171645e-02
 5.350915053201e+04  1.513316600000e+01  6.098281120370e-02
 5.350915694056e+04  1.510401000000e+01  6.069663546229e-02
 5.350916336714e+04  1.515573800000e+01  6.103672718583e-02
 5.352028362943e+04  1.544292500000e+01  6.429375609709e-02
 5.352029009965e+04  1.536204200000e+01  6.365558960204e-02
 5.352029652451e+04  1.536573000000e+01  6.368543134770e-02
 5.352030292749e+04  1.538540900000e+01  6.404640822451e-02
 5.383348135552e+04  1.528311400000e+01  6.316014231783e-02
 5.383348444225e+04  1.533037500000e+01  6.362574160577e-02
 5.383348758141e+04  1.516298700000e+01  6.220497729152e-02
 5.383349068179e+04  1.508025600000e+01  6.150696672358e-02
 5.384335343839e+04  1.478566800000e+01  5.913228661336e-02
 5.384336338032e+04  1.481612500000e+01  5.935541487169e-02
 5.384337338418e+04  1.481685400000e+01  5.932162930087e-02
 5.384338331407e+04  1.482785200000e+01  5.942564631382e-02
 5.408052499588e+04  1.529278200000e+01  6.667933071555e-02
 5.408052889874e+04  1.531479800000e+01  6.724147566994e-02
 5.408053277278e+04  1.525206100000e+01  6.657848991844e-02
 5.408053663847e+04  1.537341600000e+01  6.763088359154e-02
 5.376741329380e+04  1.528831500000e+01  6.237330997422e-02
 5.376742110934e+04  1.531352600000e+01  6.257386033532e-02
 5.376742891784e+04  1.531561700000e+01  6.253951081027e-02
 5.376743681279e+04  1.532968400000e+01  6.261233776099e-02
 5.378845872053e+04  1.502657500000e+01  6.015080067276e-02
 5.378846742883e+04  1.497616300000e+01  5.981498007557e-02
 5.378847605102e+04  1.487440300000e+01  5.914341776016e-02
 5.378848471836e+04  1.479591800000e+01  5.862442034523e-02
 5.373650866069e+04  1.485957800000e+01  5.898195061311e-02
 5.373651567922e+04  1.481216300000e+01  5.863212532352e-02
 5.373652268235e+04  1.477416000000e+01  5.838215970396e-02
 5.373652988502e+04  1.477344000000e+01  5.834867325907e-02
 5.393916373510e+04  1.529270700000e+01  6.530153441061e-02
 5.393917803466e+04  1.547213400000e+01  6.752067762097e-02
 5.393918847881e+04  1.513655700000e+01  6.397843078662e-02
 5.393920470508e+04  1.490784500000e+01  6.248093394449e-02
 5.390427052834e+04  1.533135900000e+01  1.019702648798e-01
 5.390427156311e+04  1.531405000000e+01  1.014555869254e-01
 5.390427259257e+04  1.529263800000e+01  1.006117712682e-01
 5.390427364458e+04  1.532423600000e+01  1.018337579299e-01
 5.379845093910e+04  1.510903500000e+01  6.191114495609e-02
 5.379845640788e+04  1.514336900000e+01  6.274341590887e-02
 5.379846191117e+04  1.510803300000e+01  6.087854033156e-02
 5.379846731340e+04  1.514140500000e+01  6.111939870173e-02
 5.381742250001e+04  1.491076700000e+01  6.294010471865e-02
 5.381742966935e+04  1.494986500000e+01  6.358829412111e-02
 5.381743682932e+04  1.503220400000e+01  6.457577593571e-02
 5.381744401069e+04  1.499084000000e+01  6.373772329659e-02
 5.385727567909e+04  1.495484500000e+01  6.078893590636e-02
 5.385728312795e+04  1.500601600000e+01  6.129090476651e-02
 5.385729058574e+04  1.498203500000e+01  6.077075778338e-02
 5.385729803008e+04  1.502314000000e+01  6.133658851538e-02
 5.387327856590e+04  1.547011300000e+01  6.469918614868e-02
 5.387328603213e+04  1.549559200000e+01  6.530153441061e-02
 5.387329345738e+04  1.549970800000e+01  6.745745596498e-02
 5.387330089074e+04  1.553876400000e+01  6.852868628689e-02
 5.388129130096e+04  1.532193300000e+01  6.061030977574e-02
 5.388130249458e+04  1.533163500000e+01  6.070480215821e-02
 5.388131368009e+04  1.575124500000e+01  6.438512172923e-02
 5.388132482311e+04  1.539757900000e+01  6.129268488106e-02
 5.420128813067e+04  1.543476200000e+01  6.365085375148e-02
 5.420129758230e+04  1.546286100000e+01  6.392199980223e-02
 5.420130703810e+04  1.547668000000e+01  6.400673207223e-02
 5.420131652931e+04  1.550697400000e+01  6.532712964939e-02
 5.420829276008e+04  1.503160900000e+01  5.992895522163e-02
 5.420830350726e+04  1.496883300000e+01  5.949402415117e-02
 5.420831430663e+04  1.483808900000e+01  5.865480760080e-02
 5.420832506654e+04  1.478659500000e+01  5.890722725456e-02
 5.421438775442e+04  1.529047300000e+01  6.204802810403e-02
 5.421439312865e+04  1.532111000000e+01  6.232928673549e-02
 5.421439856653e+04  1.530874900000e+01  6.224325412016e-02
 5.421440394862e+04  1.537495100000e+01  6.281845638432e-02
 5.445452894600e+04  1.520356000000e+01  6.439695534133e-02
 5.445453354935e+04  1.518056900000e+01  6.468313647202e-02
 5.445453819970e+04  1.523059500000e+01  6.518430921138e-02
 5.445454282887e+04  1.521765200000e+01  6.499634008104e-02
 5.415945788502e+04  1.518960900000e+01  6.126928639466e-02
 5.415946538806e+04  1.528661400000e+01  8.591029683878e-02
 5.412948561329e+04  1.529175600000e+01  6.164938922019e-02
 5.412949165456e+04  1.530786900000e+01  6.171904200605e-02
 5.412949769294e+04  1.528783600000e+01  6.157561044033e-02
 5.412950377113e+04  1.530878900000e+01  6.173450515523e-02
 5.426125518488e+04  1.534686000000e+01  6.279613369366e-02
 5.426126372929e+04  1.537537900000e+01  6.309335125183e-02
 5.426127230981e+04  1.534787800000e+01  6.287615992583e-02
 5.426128085444e+04  1.538548100000e+01  6.327693972487e-02
 5.427122341778e+04  1.529760400000e+01  6.271016266877e-02
 5.427123564697e+04  1.502850600000e+01  6.060443448260e-02
 5.427124310544e+04  1.505193400000e+01  6.083115865315e-02
 5.427125058697e+04  1.500994200000e+01  6.054460354391e-02
 5.417039070444e+04  1.517494500000e+01  6.080051433950e-02
 5.417039719713e+04  1.516832600000e+01  6.073370453047e-02
 5.417040374664e+04  1.519789800000e+01  6.096534657687e-02
 5.417041021051e+04  1.521447500000e+01  6.108082139371e-02
 5.418532672700e+04  1.585475900000e+01  6.846285010018e-02
 5.418533605339e+04  1.503777700000e+01  6.009285788491e-02
 5.418534535501e+04  1.507382400000e+01  6.031828735933e-02
 5.418535467388e+04  1.506196900000e+01  6.022066983985e-02
 5.423330737590e+04  1.513655900000e+01  6.129853486166e-02
 5.423331377287e+04  1.511769100000e+01  6.113829448659e-02
 5.423332016462e+04  1.512516700000e+01  6.119752374354e-02
 5.423332654584e+04  1.564453100000e+01  6.599400638356e-02
 5.424132542544e+04  1.493986700000e+01  5.986419370334e-02
 5.456243606737e+04  1.548594000000e+01  6.427778277297e-02
 5.456244170503e+04  1.506321900000e+01  6.065736759857e-02
 5.456244739015e+04  1.510287900000e+01  6.098808768038e-02
 5.456245301080e+04  1.508391600000e+01  6.088271591203e-02
 5.456841020167e+04  1.531859800000e+01  6.199162359953e-02
 5.456841573503e+04  1.534034600000e+01  6.217404005384e-02
 5.456842130013e+04  1.532294200000e+01  6.204135182720e-02
 5.456842681672e+04  1.557575100000e+01  6.438651297199e-02
 5.458539574882e+04  1.503253600000e+01  6.007407059127e-02
 5.458539950920e+04  1.500821500000e+01  5.994023298124e-02
 5.458540327640e+04  1.500143600000e+01  5.990035797692e-02
 5.458540702832e+04  1.494618900000e+01  5.951570248139e-02
 5.483152735232e+04  1.495864000000e+01  6.043411375962e-02
 5.483153558769e+04  1.499520800000e+01  6.067592380670e-02
 5.483154390234e+04  1.502826200000e+01  6.090336761108e-02
 5.483155206478e+04  1.502278900000e+01  6.086073391544e-02
 5.449847130411e+04  1.524567000000e+01  6.108917123378e-02
 5.449847784679e+04  1.523854300000e+01  6.102085364209e-02
 5.449848441841e+04  1.525022500000e+01  6.112963459933e-02
 5.449849105080e+04  1.527866700000e+01  6.134435598848e-02
 5.451043093751e+04  1.496996200000e+01  5.919822096223e-02
 5.451043649716e+04  1.497017600000e+01  5.920659839268e-02
 5.451044208841e+04  1.499218000000e+01  5.932611537067e-02
 5.451044769020e+04  1.501880200000e+01  5.947678221522e-02
 5.452544408020e+04  1.494395600000e+01  6.022619215958e-02
 5.452545098737e+04  1.497282100000e+01  6.110270892166e-02
 5.452545791583e+04  1.493954500000e+01  6.131308763922e-02
 5.452546487243e+04  1.488866300000e+01  6.177124265323e-02
 5.462720659163e+04  1.517694800000e+01  6.147998643647e-02
 5.462721258175e+04  1.521539200000e+01  6.183220237544e-02
 5.462721857105e+04  1.519356600000e+01  6.168803520597e-02
 5.462722460596e+04  1.519579500000e+01  6.169246364001e-02
 5.453137470716e+04  1.525571700000e+01  6.162294759131e-02
 5.453138014934e+04  1.525795500000e+01  6.161668022211e-02
 5.453138559810e+04  1.528457400000e+01  6.182847417889e-02
 5.453139104479e+04  1.527040400000e+01  6.169573313433e-02
 5.455536425078e+04  1.502724200000e+01  5.971454585571e-02
 5.455537134882e+04  1.499715700000e+01  5.950807373996e-02
 5.455537848042e+04  1.492845300000e+01  5.880409567346e-02
 5.455538558459e+04  1.481761400000e+01  5.857289689129e-02
 5.459130221545e+04  1.499245700000e+01  5.958062470082e-02
 5.459130984882e+04  1.500874700000e+01  5.971122556942e-02
 5.459131744190e+04  1.503310000000e+01  5.986982275957e-02
 5.459132505953e+04  1.505075300000e+01  6.001273821188e-02
 5.494833410630e+04  1.522572000000e+01  6.146321218966e-02
 5.494834208412e+04  1.524515900000e+01  6.164683272941e-02
 5.494835024219e+04  1.529317100000e+01  6.204694047302e-02
 5.494835831830e+04  1.527148900000e+01  6.190131179823e-02
 5.486747515530e+04  1.522268400000e+01  6.287444609106e-02
 5.486748556935e+04  1.524958100000e+01  6.370237899684e-02
 5.486749592022e+04  1.528341700000e+01  6.406774715712e-02
 5.486750657226e+04  1.528317000000e+01  6.475819292570e-02
 5.488649704140e+04  1.516498700000e+01  6.130931087693e-02
 5.488650303707e+04  1.523479100000e+01  6.126534113093e-02
 5.488650896388e+04  1.515097200000e+01  6.062217025602e-02
 5.488651499358e+04  1.519334200000e+01  6.080337535798e-02
 5.503918822895e+04  1.536613600000e+01  6.530046756044e-02
 5.503919259560e+04  1.541246200000e+01  6.602729290798e-02
 5.503919769782e+04  1.535266200000e+01  6.550569647439e-02
 5.503920209796e+04  1.541510000000e+01  6.639256074147e-02
 5.500128559446e+04  1.489175400000e+01  5.988350186269e-02
 5.500129039608e+04  1.497316700000e+01  6.049998318655e-02
 5.500129522156e+04  1.493832700000e+01  6.030897597871e-02
 5.500130012193e+04  1.498871300000e+01  6.076976031522e-02
 5.490836863419e+04  1.505069700000e+01  5.962577105539e-02
 5.490838134223e+04  1.508563000000e+01  6.020738934860e-02
 5.490839431105e+04  1.513117200000e+01  6.020057571112e-02
 5.490840702001e+04  1.512849700000e+01  6.019203320955e-02
 5.491838533609e+04  1.535066600000e+01  6.230740717752e-02
 5.491839074030e+04  1.533071800000e+01  6.212863292183e-02
 5.491839621362e+04  1.534724700000e+01  6.228898311680e-02
 5.491840170684e+04  1.532179900000e+01  6.209029327259e-02
 5.497724239450e+04  1.534284800000e+01  6.239835251495e-02
 5.497725143175e+04  1.544690100000e+01  6.331777308181e-02
 5.497726044609e+04  1.533054800000e+01  6.230325369175e-02
 5.497726944897e+04  1.528571300000e+01  6.193124596426e-02
 5.529527261529e+04  1.502174400000e+01  5.986900016736e-02
 5.529527837044e+04  1.507049500000e+01  6.022322814330e-02
 5.529528417132e+04  1.507847700000e+01  6.026454457619e-02
 5.529528994314e+04  1.509868100000e+01  6.040287830703e-02
 5.524149471035e+04  1.504237400000e+01  6.014958116596e-02
 5.524150225522e+04  1.492648000000e+01  5.929101085068e-02
 5.524150982770e+04  1.499752500000e+01  5.977756901953e-02
 5.524151746669e+04  1.502407200000e+01  5.997413288540e-02
 5.535020624619e+04  1.516920600000e+01  6.105181979476e-02
 5.535021306993e+04  1.513030700000e+01  6.075532977172e-02
 5.535021991520e+04  1.517560800000e+01  6.140922816417e-02
 5.535022671715e+04  1.518769600000e+01  6.190951715084e-02
 5.527435539918e+04  1.495670900000e+01  5.938346761580e-02
 5.527436289839e+04  1.483181400000e+01  5.859977302651e-02
 5.527437044926e+04  1.478761200000e+01  5.836363577734e-02
 5.527437791589e+04  1.478340300000e+01  5.826501815197e-02
 5.532230045455e+04  1.472547400000e+01  5.794402166973e-02
 5.532230624374e+04  1.477566400000e+01  5.819901336593e-02
 5.532231199102e+04  1.476353100000e+01  5.817731903531e-02
 5.532231778161e+04  1.478740800000e+01  5.827505995316e-02
 5.533632174250e+04  1.510499000000e+01  6.062539670459e-02
 5.533632923343e+04  1.512907300000e+01  6.084815094432e-02
 5.533633669466e+04  1.515264700000e+01  6.102626673174e-02
 5.533634532318e+04  1.514800900000e+01  6.102833800739e-02
 5.565539618169e+04  1.543350500000e+01  6.106972091374e-02
 5.565540318227e+04  1.541582100000e+01  6.094496557257e-02
 5.565541013877e+04  1.542891700000e+01  6.105704203977e-02
 5.565541712468e+04  1.544899400000e+01  6.121420234055e-02
 5.567527863316e+04  1.505274800000e+01  6.303241664883e-02
 5.567528561061e+04  1.521365300000e+01  6.452427244720e-02
 5.567529253979e+04  1.509816600000e+01  6.341368700975e-02
 5.567529957104e+04  1.511049700000e+01  6.344721751811e-02
 5.557054209437e+04  1.546602500000e+01  6.380787265016e-02
 5.557054554999e+04  1.547795300000e+01  6.392366778100e-02
 5.557054900502e+04  1.545379400000e+01  6.367333227896e-02
 5.557055248067e+04  1.545565200000e+01  6.366507347735e-02
 5.562544573853e+04  1.515794000000e+01  6.120313214239e-02
 5.562545155296e+04  1.510112400000e+01  6.075108145171e-02
 5.562545738554e+04  1.504330800000e+01  6.042347255369e-02
 5.562546322521e+04  1.501231000000e+01  6.013304240836e-02
 5.563438430553e+04  1.521118100000e+01  6.221666491396e-02
 5.563439345392e+04  1.523379600000e+01  6.229645917393e-02
 5.563440262409e+04  1.521818100000e+01  6.219794525113e-02
 5.563441190293e+04  1.529579600000e+01  6.288288372064e-02
 5.564542015743e+04  1.530789900000e+01  6.264930548236e-02
 5.564542590957e+04  1.533024600000e+01  6.287070579922e-02
 5.564543169390e+04  1.535857900000e+01  6.313150475562e-02
 5.564543746873e+04  1.536668900000e+01  6.317660371667e-02
 5.568830070275e+04  1.538179700000e+01  6.368186101217e-02
 5.568830642804e+04  1.542014400000e+01  6.407094260694e-02
 5.568831217462e+04  1.541454000000e+01  6.405530823754e-02
 5.568831796220e+04  1.538807700000e+01  6.382951087767e-02
 5.570528166315e+04  1.501740600000e+01  6.070513018609e-02
 5.570529013580e+04  1.502101500000e+01  6.077874788409e-02
 5.570529874134e+04  1.505074700000e+01  6.105140325318e-02
 5.570530732641e+04  1.505558800000e+01  6.117459485020e-02
 5.424133125466e+04  1.497931500000e+01  6.017907502366e-02
 5.424134828792e+04  1.499566100000e+01  6.037529978998e-02
 5.424135834293e+04  1.508642900000e+01  6.111972332847e-02
 5.424136844169e+04  1.504969900000e+01  6.099210405020e-02
 5.424137854104e+04  1.511620200000e+01  6.159685359701e-02
 5.597550164397e+04  1.487611500000e+01  5.902487278299e-02
 5.597550729193e+04  1.491282900000e+01  5.928756410319e-02
 5.597551293424e+04  1.494047700000e+01  5.948351093868e-02
 5.597551858036e+04  1.493251100000e+01  5.943884211198e-02
 5.598639619595e+04  1.497916400000e+01  6.072027930159e-02
 5.598640115593e+04  1.496727500000e+01  6.061349907862e-02
 5.598640624460e+04  1.492173800000e+01  6.021894704413e-02
 5.598641132300e+04  1.488041200000e+01  5.988025308526e-02
 5.601330971983e+04  1.535679800000e+01  6.333097674085e-02
 5.601331477645e+04  1.534432900000e+01  6.314642021256e-02
 5.601331990425e+04  1.536179600000e+01  6.324936122354e-02
 5.601332501137e+04  1.534333300000e+01  6.308890388180e-02
 5.603037929390e+04  1.492622000000e+01  5.975536031810e-02
 5.603038418662e+04  1.494092300000e+01  6.077714254149e-02
 5.603038824541e+04  1.497379700000e+01  6.010098197122e-02
 5.603039230301e+04  1.498918300000e+01  6.009136587688e-02
 5.603735725311e+04  1.505078600000e+01  5.877800910297e-02
 5.603736670998e+04  1.506271500000e+01  5.878312020407e-02
 5.603737628790e+04  1.507926600000e+01  5.880941447565e-02
 5.603738586734e+04  1.509170200000e+01  5.882256784537e-02
 5.606130290001e+04  1.533340600000e+01  6.254439890565e-02
 5.606131142382e+04  1.537776100000e+01  6.308778069258e-02
 5.606132009272e+04  1.535310400000e+01  6.290822463360e-02
 5.606132857272e+04  1.533587200000e+01  6.277013368174e-02
 5.606934177749e+04  1.536151800000e+01  6.271423779473e-02
 5.606934921410e+04  1.533444200000e+01  6.253174085901e-02
 5.606935651839e+04  1.533810800000e+01  6.266205778160e-02
 5.606936394758e+04  1.536669200000e+01  6.292189169620e-02
