# time mag mag_err
 5.347026274300e+04  1.519119700000e+01  6.181046667567e-02
 5.347027004684e+04  1.521976900000e+01  6.203666058380e-02
 5.347027736861e+04  1.521931000000e+01  6.218299217037e-02
 5.347028467581e+04  1.522622300000e+01  6.218956645369e-02
 5.349025661510e+04  1.498876300000e+01  5.913745888143e-02
 5.349026514619e+04  1.499259100000e+01  5.917569598750e-02
 5.349027328711e+04  1.499807700000e+01  5.922606536731e-02
 5.349028139122e+04  1.502449900000e+01  5.939680232757e-02
 5.352724345492e+04  1.530641800000e+01  6.189677954927e-02
 5.352725360692e+04  1.532890500000e+01  6.212536154690e-02
 5.352726361483e+04  1.533979000000e+01  6.227001472682e-02
 5.352727365909e+04  1.534645600000e+01  6.241947511417e-02
 5.350619419913e+04  1.521721600000e+01  6.252190673388e-02
 5.350620188006e+04  1.523314400000e+01  6.238399847520e-02
 5.350620956471e+04  1.522828900000e+01  6.276062449308e-02
 5.350621726255e+04  1.524373400000e+01  6.263770514473e-02
 5.385127081741e+04  1.506636100000e+01  6.038792428998e-02
 5.385127971889e+04  1.507750000000e+01  6.045396757153e-02
 5.385128863843e+04  1.509294500000e+01  6.058513480363e-02
 5.385129758182e+04  1.510444300000e+01  6.069347995541e-02
 5.409638480344e+04  1.534217900000e+01  6.170453502225e-02
 5.409639299887e+04  1.535393200000e+01  6.182236548296e-02
 5.409640123956e+04  1.534845800000e+01  6.195779643042e-02
 5.409640940316e+04  1.531634600000e+01  6.159703187752e-02
 5.379341405220e+04  1.527872900000e+01  6.148528721931e-02
 5.379342160385e+04  1.528958000000e+01  6.158905077896e-02
 5.379342917911e+04  1.529664400000e+01  6.161782541070e-02
 5.379343678794e+04  1.529287000000e+01  6.161564221945e-02
 5.373739543535e+04  1.533208600000e+01  6.324743746997e-02
 5.373740480585e+04  1.522745900000e+01  7.560743817894e-02
 5.373741400213e+04  1.537889600000e+01  6.227090463618e-02
 5.373742325745e+04  1.536199100000e+01  6.210314713480e-02
 5.374047528619e+04  1.525046500000e+01  6.104247728186e-02
 5.374048322003e+04  1.525520300000e+01  6.108165883087e-02
 5.374049114010e+04  1.527229600000e+01  6.118461551827e-02
 5.374049916642e+04  1.527314800000e+01  6.119811753523e-02
 5.390225391707e+04  1.519281500000e+01  9.721780894489e-02
 5.390225488552e+04  1.516301400000e+01  9.632838367168e-02
 5.390225590050e+04  1.515294600000e+01  9.614854766087e-02
 5.390225688550e+04  1.514874100000e+01  9.586927754335e-02
 5.381738371104e+04  1.514598900000e+01  6.060785338912e-02
 5.381739321696e+04  1.516700400000e+01  6.086600422314e-02
 5.381740272738e+04  1.514348700000e+01  6.076531760954e-02
 5.381741228503e+04  1.518091300000e+01  6.094700300206e-02
 5.382323709969e+04  1.513854600000e+01  6.220365853000e-02
 5.382324571458e+04  1.513928400000e+01  6.147284563739e-02
 5.382325436918e+04  1.514085500000e+01  6.184676752507e-02
 5.382326300537e+04  1.514956900000e+01  6.394323592513e-02
 5.386023670874e+04  1.509367300000e+01  6.074073197814e-02
 5.386024319436e+04  1.509807600000e+01  6.076637494288e-02
 5.386024966541e+04  1.506934700000e+01  6.056741975482e-02
 5.386025614142e+04  1.505247400000e+01  6.042535723038e-02
 5.387922185326e+04  1.508011800000e+01  6.039244772110e-02
 5.387922881438e+04  1.506899900000e+01  6.030530043599e-02
 5.387923578845e+04  1.508339400000e+01  6.044913059293e-02
 5.387924282932e+04  1.506381300000e+01  6.030705561317e-02
 5.388526176126e+04  1.514169700000e+01  6.130489680601e-02
 5.388527153281e+04  1.513369000000e+01  6.128778172937e-02
 5.388528135008e+04  1.513560900000e+01  6.138723856324e-02
 5.388529118297e+04  1.516514100000e+01  6.171225729806e-02
 5.445243269916e+04  1.515074900000e+01  5.998399017411e-02
 5.445243878998e+04  1.514565900000e+01  5.992199062788e-02
 5.445244485417e+04  1.514165600000e+01  5.985481892067e-02
 5.445245097426e+04  1.514102300000e+01  5.985961580259e-02
 5.414143279057e+04  1.525921800000e+01  6.496944691879e-02
 5.414143908914e+04  1.520553800000e+01  6.923655014783e-02
 5.414144538205e+04  1.536548700000e+01  6.553263115583e-02
 5.414145166523e+04  1.521130900000e+01  6.457171744197e-02
 5.415626462693e+04  1.525181200000e+01  6.241511121278e-02
 5.415627334252e+04  1.529397200000e+01  6.273945211688e-02
 5.415628206125e+04  1.530770800000e+01  6.282837568876e-02
 5.415629080381e+04  1.529083600000e+01  6.264436805701e-02
 5.411639913757e+04  1.523796200000e+01  6.036826339823e-02
 5.411640721552e+04  1.523901500000e+01  6.036501330475e-02
 5.411641519172e+04  1.524276800000e+01  6.038142680538e-02
 5.411642317384e+04  1.524769500000e+01  6.039035314922e-02
 5.427215621392e+04  1.499018200000e+01  5.770729247647e-02
 5.427216410506e+04  1.497016300000e+01  5.764587226656e-02
 5.427217199932e+04  1.499704300000e+01  5.783697481673e-02
 5.427217987216e+04  1.499947400000e+01  5.787503110754e-02
 5.417441345228e+04  1.517686300000e+01  6.009746839490e-02
 5.417442003617e+04  1.517038800000e+01  6.006560379126e-02
 5.417442665572e+04  1.519485500000e+01  6.022613846192e-02
 5.417443328405e+04  1.518955400000e+01  6.020363261352e-02
 5.418528065203e+04  1.513015000000e+01  6.006440678444e-02
 5.418529106782e+04  1.512221000000e+01  5.999125573455e-02
 5.418530147308e+04  1.509584900000e+01  5.980946869207e-02
 5.418531188344e+04  1.508670200000e+01  5.975963749488e-02
 5.423518309927e+04  1.528371300000e+01  6.530100161592e-02
 5.423518654829e+04  1.521836700000e+01  6.626834428575e-02
 5.423518997948e+04  1.521851700000e+01  6.414479936698e-02
 5.423519341264e+04  1.523203100000e+01  6.554707066737e-02
 5.424423927867e+04  1.514329200000e+01  6.036751334348e-02
 5.424424787736e+04  1.517708300000e+01  6.061428916126e-02
 5.424425646979e+04  1.517931300000e+01  6.066824998006e-02
 5.424426509465e+04  1.517287500000e+01  6.065093306805e-02
 5.441149801876e+04  1.526840200000e+01  5.833228794356e-02
 5.441150375804e+04  1.527962900000e+01  5.862538554795e-02
 5.441150952743e+04  1.526212000000e+01  5.862462467029e-02
 5.441151532355e+04  1.527801700000e+01  5.825927259410e-02
 5.455736925442e+04  1.505827800000e+01  5.950782130908e-02
 5.455737787360e+04  1.507733900000e+01  5.939409634029e-02
 5.455738655308e+04  1.506097800000e+01  5.955367592831e-02
 5.455739525142e+04  1.508544300000e+01  5.976121821364e-02
 5.456435563508e+04  1.535654900000e+01  6.178641640593e-02
 5.456436252409e+04  1.536496500000e+01  6.186846481542e-02
 5.456436938160e+04  1.534615400000e+01  6.175045438677e-02
 5.456437630579e+04  1.535628200000e+01  6.187199599102e-02
 5.457116891037e+04  1.514992100000e+01  6.000412798012e-02
 5.457117592924e+04  1.510666200000e+01  5.969952911127e-02
 5.457118292183e+04  1.526533200000e+01  6.083400723509e-02
 5.457118992900e+04  1.503090700000e+01  5.916426612610e-02
 5.458332847566e+04  1.533694400000e+01  6.209738272121e-02
 5.458333526211e+04  1.531777600000e+01  6.199458326818e-02
 5.458334203686e+04  1.527935900000e+01  6.174638011645e-02
 5.458334879762e+04  1.524758600000e+01  6.152704950016e-02
 5.480645019457e+04  1.531788400000e+01  6.127591251193e-02
 5.480645654824e+04  1.531396500000e+01  6.120125123913e-02
 5.480646303572e+04  1.532529600000e+01  6.124686065075e-02
 5.480646949229e+04  1.534819000000e+01  6.140537939779e-02
 5.449744897236e+04  1.508060300000e+01  5.979697097286e-02
 5.449745909035e+04  1.510608800000e+01  5.953226900838e-02
 5.449746504665e+04  1.511552100000e+01  5.955142631738e-02
 5.449747099962e+04  1.513459400000e+01  5.972083191562e-02
 5.450637910328e+04  1.506456600000e+01  5.924877718859e-02
 5.450638557351e+04  1.504343800000e+01  5.909690144230e-02
 5.450639210427e+04  1.501554400000e+01  5.892543588314e-02
 5.450639861316e+04  1.500711500000e+01  5.885984533359e-02
 5.451431519031e+04  1.511077900000e+01  5.994261303617e-02
 5.451432006370e+04  1.507845400000e+01  5.969705906688e-02
 5.451432496985e+04  1.503802100000e+01  5.958873236481e-02
 5.451432986384e+04  1.502598100000e+01  5.930055791939e-02
 5.452531620671e+04  1.514938900000e+01  6.171561186183e-02
 5.452532422238e+04  1.507958400000e+01  6.297918413732e-02
 5.452533364693e+04  1.511932300000e+01  6.175162929275e-02
 5.452534170462e+04  1.509307400000e+01  6.204220570333e-02
 5.448248675694e+04  1.520502500000e+01  6.119093363567e-02
 5.448249104731e+04  1.520260100000e+01  6.267601573053e-02
 5.448249537646e+04  1.518436900000e+01  6.107451211979e-02
 5.448249966800e+04  1.522312100000e+01  6.145911447646e-02
 5.464121642554e+04  1.527034500000e+01  6.200509121885e-02
 5.464122291186e+04  1.526142500000e+01  6.200960051709e-02
 5.464122938997e+04  1.526901800000e+01  6.218988572105e-02
 5.464123591367e+04  1.529888300000e+01  6.256126363832e-02
 5.453249861850e+04  1.512719500000e+01  5.999827702263e-02
 5.453250987925e+04  1.510991400000e+01  5.995191927397e-02
 5.453544395686e+04  1.527282300000e+01  6.088639968727e-02
 5.453545125965e+04  1.527592600000e+01  6.093313359286e-02
 5.453545857541e+04  1.526906900000e+01  6.091531476687e-02
 5.453546593226e+04  1.526970700000e+01  6.094819475058e-02
 5.458920925420e+04  1.527535700000e+01  6.090352298451e-02
 5.458921786620e+04  1.521909000000e+01  6.048902163808e-02
 5.458922646547e+04  1.518329800000e+01  6.024518012155e-02
 5.458923506764e+04  1.514643100000e+01  5.999397106967e-02
 5.492318769002e+04  1.528366400000e+01  6.106451730640e-02
 5.492319375249e+04  1.525890000000e+01  6.091624935563e-02
 5.492319979933e+04  1.530632300000e+01  6.123472186882e-02
 5.492320576236e+04  1.524866200000e+01  6.082461060242e-02
 5.495132094888e+04  1.532096100000e+01  6.151475204925e-02
 5.495132896340e+04  1.533951600000e+01  6.171105416758e-02
 5.495133685688e+04  1.531818700000e+01  6.156752098586e-02
 5.495134484988e+04  1.535023800000e+01  6.187184553998e-02
 5.488832569993e+04  1.506243600000e+01  5.906249684179e-02
 5.488833420395e+04  1.507616200000e+01  5.917996563908e-02
 5.488834271351e+04  1.508376400000e+01  5.919501998171e-02
 5.488835126289e+04  1.510259500000e+01  5.930329278019e-02
 5.486050028380e+04  1.524431500000e+01  6.028142584697e-02
 5.486050629023e+04  1.525337600000e+01  6.036501330475e-02
 5.486051232387e+04  1.525079200000e+01  6.034276613736e-02
 5.486051831259e+04  1.525638800000e+01  6.038454887488e-02
 5.500421526778e+04  1.535157500000e+01  6.209589321679e-02
 5.500422245924e+04  1.534896600000e+01  6.210306896871e-02
 5.500422960117e+04  1.535513600000e+01  6.219235795030e-02
 5.500423696831e+04  1.533935600000e+01  6.214964608751e-02
 5.490927799523e+04  1.511820900000e+01  5.955509170514e-02
 5.490928560730e+04  1.511174200000e+01  5.951705919178e-02
 5.490929317770e+04  1.513434200000e+01  5.965015632002e-02
 5.490930076477e+04  1.513923300000e+01  5.967522670091e-02
 5.491641310240e+04  1.507211800000e+01  5.984206976426e-02
 5.491641988759e+04  1.508528400000e+01  6.000739003224e-02
 5.491642671466e+04  1.508734300000e+01  6.010415680522e-02
 5.491643360762e+04  1.510222300000e+01  6.022330916528e-02
 5.496919242637e+04  1.504901000000e+01  5.996786232926e-02
 5.496919856036e+04  1.503811900000e+01  5.998041265234e-02
 5.496920466553e+04  1.504290300000e+01  6.001623827945e-02
 5.496921071373e+04  1.505614100000e+01  6.005598377583e-02
 5.515948009412e+04  1.533102700000e+01  6.136912804630e-02
 5.515948790250e+04  1.530588900000e+01  6.143072613857e-02
 5.515949569631e+04  1.531952000000e+01  6.149573106789e-02
 5.515950361443e+04  1.532220500000e+01  6.143058790880e-02
 5.530214680147e+04  1.509751600000e+01  6.007156809369e-02
 5.530215360250e+04  1.512297000000e+01  6.065054937871e-02
 5.530216047641e+04  1.513157200000e+01  6.186591235999e-02
 5.530216736978e+04  1.518967200000e+01  6.433191426557e-02
 5.524440368253e+04  1.531247200000e+01  6.137448588711e-02
 5.524441234994e+04  1.533144500000e+01  6.156362249602e-02
 5.524442073737e+04  1.532878100000e+01  6.154389139136e-02
 5.524442905027e+04  1.532875300000e+01  6.155251008114e-02
 5.521142959128e+04  1.508613700000e+01  5.947559695493e-02
 5.521143711713e+04  1.509261800000e+01  5.950087112176e-02
 5.521144464483e+04  1.508877700000e+01  5.946390114520e-02
 5.521145211545e+04  1.507076400000e+01  5.932002484643e-02
 5.525950842362e+04  1.531283200000e+01  6.146759230770e-02
 5.526045053569e+04  1.516973000000e+01  6.048095984400e-02
 5.526045643171e+04  1.518138100000e+01  6.058065615135e-02
 5.526046239545e+04  1.518705100000e+01  6.061809619256e-02
 5.526046832874e+04  1.521377000000e+01  6.087195979627e-02
 5.526924813086e+04  1.537267100000e+01  6.190085795644e-02
 5.526925436674e+04  1.536053300000e+01  6.180248721319e-02
 5.526926073513e+04  1.532858800000e+01  6.157497172265e-02
 5.526926699725e+04  1.532744300000e+01  6.152145917046e-02
 5.527625270101e+04  1.524601900000e+01  6.097252627548e-02
 5.527626147174e+04  1.528950400000e+01  6.126687851613e-02
 5.527627029370e+04  1.527980900000e+01  6.118892550156e-02
 5.527627915285e+04  1.526739700000e+01  6.109850478526e-02
 5.532728947721e+04  1.535608500000e+01  6.209150669949e-02
 5.532729645737e+04  1.534864900000e+01  6.207899255988e-02
 5.532730389411e+04  1.535839500000e+01  6.219231821763e-02
 5.532731153836e+04  1.535690300000e+01  6.227523691464e-02
 5.534126492179e+04  1.503998500000e+01  5.949406973797e-02
 5.534127250428e+04  1.508436800000e+01  5.984558818235e-02
 5.534127827481e+04  1.509823700000e+01  5.995179236090e-02
 5.534128408181e+04  1.506694500000e+01  5.980580686034e-02
 5.561831965873e+04  1.527858100000e+01  6.141363088310e-02
 5.561832714086e+04  1.527717300000e+01  6.137985003594e-02
 5.561833465580e+04  1.529983300000e+01  6.158129509939e-02
 5.561834206936e+04  1.529966700000e+01  6.157998024482e-02
 5.562540543436e+04  1.523230600000e+01  5.743013350374e-02
 5.562541458345e+04  1.525745800000e+01  5.759210596008e-02
 5.562542380140e+04  1.526431300000e+01  5.762763214291e-02
 5.562543301137e+04  1.526554500000e+01  5.765656880427e-02
 5.568324591477e+04  1.503696600000e+01  5.990153783347e-02
 5.568325453193e+04  1.503445400000e+01  5.990193935946e-02
 5.568326323638e+04  1.504117500000e+01  5.995567722115e-02
 5.568327191067e+04  1.508514400000e+01  6.024520708116e-02
 5.570121812061e+04  1.528234600000e+01  6.201052618348e-02
 5.570122549335e+04  1.531020700000e+01  6.225587152665e-02
 5.570123282475e+04  1.528578600000e+01  6.208927503102e-02
 5.570124019156e+04  1.532526900000e+01  6.238048816735e-02
 5.588149104485e+04  1.526276700000e+01  6.121552578566e-02
 5.588149613191e+04  1.525135500000e+01  6.117010052966e-02
 5.588150135417e+04  1.523009100000e+01  6.098913130100e-02
 5.588150654425e+04  1.518459500000e+01  6.061727630383e-02
 5.595931302604e+04  1.507160200000e+01  5.963627961335e-02
 5.595931972950e+04  1.505521100000e+01  5.952481901821e-02
 5.595932632943e+04  1.507290400000e+01  5.964034792886e-02
 5.595933301727e+04  1.508184300000e+01  5.969739478781e-02
 5.597635466870e+04  1.509042200000e+01  5.973396301671e-02
 5.597635767314e+04  1.509085300000e+01  5.972546221597e-02
 5.597636063984e+04  1.510703000000e+01  5.979464220475e-02
 5.597636367332e+04  1.510422600000e+01  5.981699959570e-02
 5.598346395756e+04  1.503251600000e+01  5.945099120045e-02
 5.598347100979e+04  1.505003800000e+01  5.958496872697e-02
 5.598347805887e+04  1.503792100000e+01  5.950252186647e-02
 5.598348514275e+04  1.505280400000e+01  5.963200239474e-02
 5.598927398346e+04  1.503157600000e+01  5.960776456294e-02
 5.598928009360e+04  1.501173300000e+01  5.948022500988e-02
 5.598928623396e+04  1.500462100000e+01  5.944180254047e-02
 5.598929244045e+04  1.501179100000e+01  5.946867572044e-02
 5.600822294705e+04  1.502028700000e+01  5.752347377877e-02
 5.600823178172e+04  1.500360200000e+01  5.741233392458e-02
 5.600824065422e+04  1.503637400000e+01  5.760580685777e-02
 5.600824944170e+04  1.500730400000e+01  5.741464932217e-02
 5.601526551725e+04  1.531700900000e+01  6.174759066810e-02
 5.601527336755e+04  1.531364200000e+01  6.170511731751e-02
 5.601528138578e+04  1.530266000000e+01  6.158090421791e-02
 5.601528935044e+04  1.525602200000e+01  6.124852577617e-02
 5.603628666316e+04  1.502352000000e+01  6.056489820015e-02
 5.603629116280e+04  1.504437200000e+01  6.021171327275e-02
 5.603629570495e+04  1.504752300000e+01  6.071438709122e-02
 5.603630027057e+04  1.503250200000e+01  6.000638788802e-02
 5.606326226753e+04  1.524103300000e+01  6.080157937133e-02
 5.606326841610e+04  1.522210700000e+01  6.065819495273e-02
 5.606327457118e+04  1.523476000000e+01  6.080654269143e-02
 5.606328071812e+04  1.523729400000e+01  6.081138898625e-02
 5.607120611340e+04  1.528686900000e+01  5.890340855808e-02
 5.607121374913e+04  1.529464700000e+01  5.902290707238e-02
 5.607122128933e+04  1.530053600000e+01  5.898691865788e-02
 5.607122883252e+04  1.529417000000e+01  5.890949607886e-02
 5.608815800240e+04  1.528697300000e+01  6.121416938790e-02
 5.608816304325e+04  1.528467400000e+01  6.119557927697e-02
 5.608816814549e+04  1.530936900000e+01  6.138361144195e-02
 5.608817320025e+04  1.529832000000e+01  6.135478802938e-02
 5.609721056780e+04  1.523633800000e+01  5.925634601641e-02
 5.609721730633e+04  1.523160200000e+01  5.926553297285e-02
 5.609722407382e+04  1.524020400000e+01  5.935054339741e-02
 5.609723084975e+04  1.526134300000e+01  5.949185084711e-02
