# time mag mag_err
 5.347029512679e+04  1.600510000000e+01  7.069257462013e-02
 5.347030320358e+04  1.607340600000e+01  7.174606084837e-02
 5.347031119715e+04  1.606967100000e+01  7.160357678510e-02
 5.347031926271e+04  1.597306600000e+01  7.025227584117e-02
 5.349025770265e+04  1.537658100000e+01  6.196498089479e-02
 5.349026623329e+04  1.530189000000e+01  6.133540241275e-02
 5.349027436679e+04  1.530570100000e+01  6.138994370688e-02
 5.349028248190e+04  1.533968200000e+01  6.167907992302e-02
 5.355818601726e+04  1.595670000000e+01  6.911304995931e-02
 5.355819136799e+04  1.594698100000e+01  6.866283762049e-02
 5.355819673295e+04  1.590541500000e+01  6.854173155346e-02
 5.355820210336e+04  1.593206100000e+01  6.890476251807e-02
 5.352729613473e+04  1.598955900000e+01  6.932454823529e-02
 5.352730499513e+04  1.600722900000e+01  6.969761220537e-02
 5.352731387091e+04  1.600344000000e+01  6.975751702380e-02
 5.352732280944e+04  1.597701500000e+01  6.960211307794e-02
 5.350622637307e+04  1.586493200000e+01  6.980456390174e-02
 5.350623404637e+04  1.568717300000e+01  6.729248864418e-02
 5.350624170948e+04  1.540519000000e+01  6.423338584253e-02
 5.350624943521e+04  1.522649900000e+01  6.257685355608e-02
 5.383322228998e+04  1.590248100000e+01  7.094284797724e-02
 5.383323098693e+04  1.588650400000e+01  7.075260842779e-02
 5.383323977603e+04  1.592150400000e+01  7.119658528040e-02
 5.383324848932e+04  1.593460500000e+01  7.141972939544e-02
 5.385130045568e+04  1.579255000000e+01  6.709495653336e-02
 5.385130802725e+04  1.581823100000e+01  6.745718554977e-02
 5.385131562194e+04  1.582012300000e+01  6.746404404871e-02
 5.385132321098e+04  1.580643100000e+01  6.735941547106e-02
 5.409638645063e+04  1.531852200000e+01  6.160017019981e-02
 5.409639467545e+04  1.535309400000e+01  6.189591101463e-02
 5.409640287332e+04  1.541361900000e+01  6.253530606248e-02
 5.409641101076e+04  1.548557100000e+01  6.339166878297e-02
 5.377040035519e+04  1.607220400000e+01  7.048597792721e-02
 5.377040888234e+04  1.611113500000e+01  7.113662221581e-02
 5.377041749179e+04  1.605204700000e+01  6.944175867498e-02
 5.377042617521e+04  1.609733100000e+01  6.991726813937e-02
 5.379341298281e+04  1.602952200000e+01  6.917764947705e-02
 5.379342055067e+04  1.608531700000e+01  6.994248784078e-02
 5.379342811053e+04  1.605387200000e+01  6.947244967303e-02
 5.379343571404e+04  1.607145500000e+01  6.969106135123e-02
 5.374047422155e+04  1.590611300000e+01  6.733665527743e-02
 5.374048216616e+04  1.594333300000e+01  6.778654367960e-02
 5.374049008056e+04  1.596887200000e+01  6.806197612044e-02
 5.374049809416e+04  1.594938900000e+01  6.781134651904e-02
 5.390228116924e+04  1.568393800000e+01  1.147465335900e-01
 5.390228217449e+04  1.572019900000e+01  1.162626842604e-01
 5.390228316019e+04  1.563212800000e+01  1.128699940578e-01
 5.390228415560e+04  1.559801800000e+01  1.113768184283e-01
 5.382324029453e+04  1.605342600000e+01  7.161480056322e-02
 5.382324890965e+04  1.606608600000e+01  7.134307055531e-02
 5.382325756274e+04  1.605950100000e+01  7.462170097976e-02
 5.382326619963e+04  1.601003000000e+01  7.478265422451e-02
 5.386023881683e+04  1.535527200000e+01  6.279791274079e-02
 5.386024530801e+04  1.538639400000e+01  6.306676450073e-02
 5.386025177685e+04  1.541223700000e+01  6.333444050419e-02
 5.386025825542e+04  1.542212900000e+01  6.343355462065e-02
 5.387922503016e+04  1.605085000000e+01  7.018355239734e-02
 5.387923200030e+04  1.601558400000e+01  6.971729505032e-02
 5.387923896419e+04  1.602563800000e+01  6.989370663024e-02
 5.387924602519e+04  1.605157200000e+01  7.025037011640e-02
 5.414143171888e+04  1.599547900000e+01  7.189775105047e-02
 5.414143801167e+04  1.611834500000e+01  8.148915859459e-02
 5.414144430723e+04  1.608603000000e+01  7.636733224127e-02
 5.414145059273e+04  1.602041200000e+01  7.513346414428e-02
 5.415629647422e+04  1.594462200000e+01  6.724621004589e-02
 5.415630513763e+04  1.596289900000e+01  6.749878923433e-02
 5.415631379222e+04  1.602867000000e+01  6.819279601283e-02
 5.415632246499e+04  1.606431600000e+01  6.860571212961e-02
 5.411640023520e+04  1.607210900000e+01  6.848350141158e-02
 5.411640830366e+04  1.609549000000e+01  6.870565787169e-02
 5.411641627361e+04  1.607605300000e+01  6.843938798874e-02
 5.411642428442e+04  1.608111000000e+01  6.846716097703e-02
 5.427215754200e+04  1.609806700000e+01  6.664618081215e-02
 5.427216542191e+04  1.611434300000e+01  6.662010822133e-02
 5.427217330899e+04  1.612261900000e+01  6.704219566046e-02
 5.427218119723e+04  1.607163100000e+01  6.652835277672e-02
 5.417441452259e+04  1.599753600000e+01  6.767205505615e-02
 5.417442112014e+04  1.600886000000e+01  6.784770449109e-02
 5.417442772556e+04  1.598716700000e+01  6.757370399227e-02
 5.417443437138e+04  1.603337000000e+01  6.819101113539e-02
 5.418528388402e+04  1.618567000000e+01  7.076673739774e-02
 5.418529428928e+04  1.617172100000e+01  7.055264574306e-02
 5.418530470090e+04  1.608983200000e+01  6.939300006002e-02
 5.418531514135e+04  1.609038300000e+01  6.940196956676e-02
 5.423518420257e+04  1.594016700000e+01  7.504311591732e-02
 5.423518762936e+04  1.596403100000e+01  7.632769562507e-02
 5.423519107259e+04  1.593077300000e+01  7.295204873004e-02
 5.423519449278e+04  1.599396500000e+01  7.437149271218e-02
 5.424424036818e+04  1.600573700000e+01  6.865947207667e-02
 5.424424896062e+04  1.597937500000e+01  6.831493406580e-02
 5.424425755561e+04  1.602431200000e+01  6.895170810055e-02
 5.424426618428e+04  1.604553900000e+01  6.921987210745e-02
 5.455736819418e+04  1.598679200000e+01  6.794165496283e-02
 5.455737680977e+04  1.593387400000e+01  6.730220266986e-02
 5.455738547999e+04  1.581537100000e+01  6.601292373960e-02
 5.455739416039e+04  1.571146400000e+01  6.493761148498e-02
 5.456435457345e+04  1.549835200000e+01  6.288130363607e-02
 5.456436145076e+04  1.542612300000e+01  6.226402938684e-02
 5.456436831811e+04  1.537789200000e+01  6.189613735096e-02
 5.456437522216e+04  1.538769600000e+01  6.198843451629e-02
 5.457117001297e+04  1.605898400000e+01  6.871549803349e-02
 5.457117701552e+04  1.603808300000e+01  6.842477062603e-02
 5.457118401089e+04  1.611086400000e+01  6.931828059772e-02
 5.457119101911e+04  1.607805400000e+01  6.887264198628e-02
 5.458332955962e+04  1.605468200000e+01  6.960364580455e-02
 5.458333634190e+04  1.607450700000e+01  6.989053672293e-02
 5.458334312222e+04  1.611580200000e+01  7.053517627972e-02
 5.458334988008e+04  1.610956800000e+01  7.051473129258e-02
 5.449745005633e+04  1.598855200000e+01  7.441359896234e-02
 5.449746017836e+04  1.603084500000e+01  6.795270939776e-02
 5.449746612727e+04  1.601685200000e+01  6.776125649715e-02
 5.449747207583e+04  1.604209300000e+01  6.806412263875e-02
 5.450637802324e+04  1.562820200000e+01  6.370300144242e-02
 5.450638450910e+04  1.566224100000e+01  6.402125935582e-02
 5.450639102840e+04  1.567038900000e+01  6.404306034964e-02
 5.450639754354e+04  1.569284900000e+01  6.426611368942e-02
 5.451431627196e+04  1.541529500000e+01  6.231907077822e-02
 5.451432115657e+04  1.542902200000e+01  6.234526169735e-02
 5.451432608054e+04  1.544399800000e+01  6.270582805496e-02
 5.451433095324e+04  1.544145800000e+01  6.244644101883e-02
 5.448248784056e+04  1.591806800000e+01  6.885980711832e-02
 5.448249213997e+04  1.590916600000e+01  7.311843804791e-02
 5.448249646471e+04  1.590878100000e+01  6.776275878236e-02
 5.448250074907e+04  1.592490200000e+01  6.830879274627e-02
 5.464121751380e+04  1.561465800000e+01  6.494689904754e-02
 5.464122398194e+04  1.564724600000e+01  6.537335329289e-02
 5.464123047000e+04  1.564467700000e+01  6.543913349194e-02
 5.464123698306e+04  1.563543500000e+01  6.541297492782e-02
 5.452731782128e+04  1.602129800000e+01  6.798780306733e-02
 5.452732566439e+04  1.607687600000e+01  6.860832374067e-02
 5.452733351409e+04  1.605329500000e+01  6.829109837609e-02
 5.452734137686e+04  1.603265400000e+01  6.801034948360e-02
 5.453249974483e+04  1.572648700000e+01  6.496608587193e-02
 5.453251096448e+04  1.577365100000e+01  6.561987661833e-02
 5.453544504638e+04  1.604897500000e+01  6.848206092612e-02
 5.453545237024e+04  1.604030100000e+01  6.837762851287e-02
 5.453545966725e+04  1.599655200000e+01  6.787756105160e-02
 5.453546701380e+04  1.607688200000e+01  6.888668587317e-02
 5.458921033933e+04  1.609533500000e+01  6.908797015067e-02
 5.458921895492e+04  1.610692400000e+01  6.927703190916e-02
 5.458922754666e+04  1.612040000000e+01  6.941578789498e-02
 5.458923629409e+04  1.608430100000e+01  6.897593843715e-02
 5.459914171040e+04  1.562896600000e+01  6.982727674968e-02
 5.459914679862e+04  1.564545600000e+01  7.008265657740e-02
 5.459915183453e+04  1.569063700000e+01  7.063002352037e-02
 5.459915690178e+04  1.571660800000e+01  7.100831697932e-02
 5.492321086378e+04  1.559989000000e+01  6.418637988870e-02
 5.492321635363e+04  1.561274100000e+01  6.408965645009e-02
 5.492322185174e+04  1.563874700000e+01  6.412169445718e-02
 5.492322733186e+04  1.564083300000e+01  6.400831445267e-02
 5.488832691793e+04  1.602979100000e+01  6.770971845636e-02
 5.488833541813e+04  1.607226100000e+01  6.823755434417e-02
 5.488834393556e+04  1.607283600000e+01  6.819388766998e-02
 5.488835248899e+04  1.607805000000e+01  6.828627983178e-02
 5.504015914053e+04  1.609337200000e+01  7.774859780059e-02
 5.504016358694e+04  1.605918700000e+01  7.725411766684e-02
 5.504016786927e+04  1.606240800000e+01  7.748903165217e-02
 5.504017227481e+04  1.603080800000e+01  7.709751356270e-02
 5.500421648786e+04  1.544726500000e+01  6.272410832295e-02
 5.500422368245e+04  1.549863800000e+01  6.324272656375e-02
 5.500423082056e+04  1.555844700000e+01  6.381976670729e-02
 5.500423819234e+04  1.555373700000e+01  6.387744998070e-02
 5.490935569215e+04  1.562191400000e+01  6.345288985039e-02
 5.490936948126e+04  1.568897600000e+01  6.409408088303e-02
 5.490938326493e+04  1.572716700000e+01  6.450741293087e-02
 5.490939703355e+04  1.575088000000e+01  6.476673583949e-02
 5.491641433094e+04  1.596099400000e+01  6.801509970740e-02
 5.491642110466e+04  1.598465700000e+01  6.842089119465e-02
 5.491642793222e+04  1.601063300000e+01  6.891723359988e-02
 5.491643484472e+04  1.605175000000e+01  6.945656880876e-02
 5.496919364008e+04  1.617818200000e+01  1.099032667797e-01
 5.496919979503e+04  1.598503700000e+01  6.970452560949e-02
 5.496920588457e+04  1.596350100000e+01  6.861229480427e-02
 5.496921192953e+04  1.601118400000e+01  6.952062130502e-02
 5.529838561813e+04  1.547306800000e+01  6.284337733001e-02
 5.529839253491e+04  1.547241400000e+01  6.285900340762e-02
 5.529839940237e+04  1.548977500000e+01  6.303042392440e-02
 5.529840635723e+04  1.547739800000e+01  6.297404329220e-02
 5.524444390615e+04  1.608530700000e+01  6.935321188787e-02
 5.524445145472e+04  1.614655300000e+01  7.014280204405e-02
 5.524445895488e+04  1.614781000000e+01  7.018342559367e-02
 5.524446650352e+04  1.618965900000e+01  7.071263043366e-02
 5.521142844331e+04  1.594135400000e+01  6.712958989530e-02
 5.521143594021e+04  1.580754500000e+01  6.559663597366e-02
 5.521144348586e+04  1.574902800000e+01  6.493514926532e-02
 5.521145096493e+04  1.567928700000e+01  6.419261549721e-02
 5.535821363056e+04  1.573999200000e+01  6.558647176797e-02
 5.535822041610e+04  1.577744700000e+01  6.601647621638e-02
 5.535822732709e+04  1.576048800000e+01  6.594862278086e-02
 5.535823414017e+04  1.578651000000e+01  6.632882785896e-02
 5.526044940938e+04  1.618161000000e+01  7.080006251340e-02
 5.526045524554e+04  1.617609800000e+01  7.077657328498e-02
 5.526046123602e+04  1.615530700000e+01  7.049772937307e-02
 5.526046714639e+04  1.616635400000e+01  7.069217422347e-02
 5.527130902608e+04  1.568860500000e+01  6.461777158717e-02
 5.527131588495e+04  1.572526200000e+01  6.494057921228e-02
 5.527132282801e+04  1.573131300000e+01  6.504403679599e-02
 5.527132976247e+04  1.574979500000e+01  6.520196317042e-02
 5.528026124657e+04  1.533017800000e+01  6.183537341238e-02
 5.528026811983e+04  1.539309900000e+01  6.236416385451e-02
 5.528027491797e+04  1.543376600000e+01  6.268359516131e-02
 5.528028180322e+04  1.542738500000e+01  6.260446678165e-02
 5.532729066812e+04  1.566494900000e+01  6.481736855094e-02
 5.532729761056e+04  1.570706600000e+01  6.532431867404e-02
 5.532730512287e+04  1.568591900000e+01  6.513377316073e-02
 5.532731279978e+04  1.576081400000e+01  6.600981652848e-02
 5.534126342137e+04  1.588333400000e+01  6.686568709939e-02
 5.534127109530e+04  1.602835600000e+01  6.862181351062e-02
 5.534127711424e+04  1.601139100000e+01  6.847270708812e-02
 5.534128291740e+04  1.610399500000e+01  6.967916360727e-02
 5.568134938796e+04  1.595578700000e+01  6.904575287551e-02
 5.568135683696e+04  1.600721100000e+01  6.976604142165e-02
 5.568136432390e+04  1.603283200000e+01  7.016806032519e-02
 5.568137196796e+04  1.603211700000e+01  7.027046438122e-02
 5.561546858774e+04  1.610141700000e+01  7.387333771625e-02
 5.561547617345e+04  1.593871200000e+01  7.147487935274e-02
 5.561548382478e+04  1.591085700000e+01  7.108723029492e-02
 5.561549151407e+04  1.579993500000e+01  6.959551815608e-02
 5.562540381588e+04  1.600472800000e+01  6.278875590460e-02
 5.562541292932e+04  1.602639400000e+01  6.299279119531e-02
 5.562542217470e+04  1.604612400000e+01  6.317959781323e-02
 5.562543138501e+04  1.605563300000e+01  6.330047407256e-02
 5.563434690185e+04  1.578288100000e+01  6.838158913684e-02
 5.563435615847e+04  1.582837400000e+01  6.802421916440e-02
 5.563436539183e+04  1.578621600000e+01  6.766093087635e-02
 5.563437461463e+04  1.581675800000e+01  6.774466283472e-02
 5.564635971590e+04  1.609766300000e+01  7.039394505215e-02
 5.564636722185e+04  1.611763700000e+01  7.080087303858e-02
 5.564637479469e+04  1.611413300000e+01  7.070982042998e-02
 5.564638234786e+04  1.610269500000e+01  7.057014840143e-02
 5.569331158446e+04  1.599660700000e+01  7.272993884984e-02
 5.569331990225e+04  1.581944700000e+01  7.019137223331e-02
 5.569332820360e+04  1.577458800000e+01  6.963504933115e-02
 5.569333653078e+04  1.567583400000e+01  6.846562118328e-02
 5.588151270025e+04  1.554980700000e+01  6.368884803045e-02
 5.588151732421e+04  1.556034800000e+01  6.376592753120e-02
 5.588152196253e+04  1.552439600000e+01  6.341215412777e-02
 5.588152652839e+04  1.544728300000e+01  6.268520885112e-02
 5.593545253838e+04  1.555174900000e+01  6.580444815419e-02
 5.593545894005e+04  1.557354200000e+01  6.600678433655e-02
 5.593546541259e+04  1.560395100000e+01  6.629255306213e-02
 5.593547182705e+04  1.563431700000e+01  6.670618787480e-02
 5.597744441012e+04  1.592691300000e+01  6.711354552338e-02
 5.597745263716e+04  1.579290400000e+01  6.561798852093e-02
 5.597746094153e+04  1.567278400000e+01  6.440096304328e-02
 5.597746924404e+04  1.557255700000e+01  6.342899018263e-02
 5.598346285715e+04  1.563756800000e+01  6.430175798698e-02
 5.598346988902e+04  1.565958900000e+01  6.456241394722e-02
 5.598347689619e+04  1.569839900000e+01  6.494721519911e-02
 5.598348398159e+04  1.569873100000e+01  6.497090683964e-02
 5.598926946083e+04  1.544366700000e+01  6.280503450589e-02
 5.598927559824e+04  1.544625500000e+01  6.280837590826e-02
 5.598928170387e+04  1.549696200000e+01  6.325792902020e-02
 5.598928784689e+04  1.549195800000e+01  6.326723396671e-02
 5.600829753242e+04  1.611774600000e+01  6.618990799975e-02
 5.600830658955e+04  1.614397200000e+01  6.647429602316e-02
 5.600831567304e+04  1.610768200000e+01  6.621674452316e-02
 5.600832486532e+04  1.621180000000e+01  6.718341015751e-02
 5.601534009081e+04  1.521946800000e+01  6.083437464488e-02
 5.601534869115e+04  1.526819100000e+01  6.122324204081e-02
 5.601535720127e+04  1.530127200000e+01  6.143570016859e-02
 5.601536565685e+04  1.536632900000e+01  6.200867501104e-02
 5.603628779470e+04  1.585915100000e+01  6.843989954111e-02
 5.603629227168e+04  1.585667400000e+01  6.770561732758e-02
 5.603629685964e+04  1.590150700000e+01  6.886670759415e-02
 5.603630141947e+04  1.588083900000e+01  6.771195561202e-02
 5.606328664022e+04  1.564438800000e+01  6.421265801268e-02
 5.606329333490e+04  1.546775600000e+01  6.263722970594e-02
 5.606330061674e+04  1.534241400000e+01  6.162979647375e-02
 5.606330732981e+04  1.526214700000e+01  6.098729739259e-02
 5.607120477480e+04  1.612869100000e+01  6.585960210995e-02
 5.607121237858e+04  1.615622500000e+01  6.617603599197e-02
 5.607121994238e+04  1.614412200000e+01  6.595309695017e-02
 5.607122745155e+04  1.619033600000e+01  6.657985214135e-02
 5.608815914132e+04  1.612718100000e+01  6.979660372028e-02
 5.608816415834e+04  1.611516500000e+01  6.963848057262e-02
 5.608816922830e+04  1.604977600000e+01  6.878567761497e-02
 5.608817431524e+04  1.610002600000e+01  6.947894920732e-02
