# time mag mag_err
 5.371136476531e+04  1.573563100000e+01  6.597661284205e-02
 5.371137299512e+04  1.573821500000e+01  6.597808521778e-02
 5.371138124679e+04  1.580666900000e+01  6.672414781017e-02
 5.371138950196e+04  1.578257300000e+01  6.645859882528e-02
 5.373430123530e+04  1.622272900000e+01  7.217690742659e-02
 5.373430829677e+04  1.620499500000e+01  7.188648756028e-02
 5.373431537339e+04  1.622311800000e+01  7.209646246424e-02
 5.373432241865e+04  1.620052700000e+01  7.173946824120e-02
 5.367839724833e+04  1.624420900000e+01  7.359192127957e-02
 5.367840389045e+04  1.620753400000e+01  7.291778341499e-02
 5.367841048580e+04  1.626548200000e+01  7.383541218791e-02
 5.367841709770e+04  1.622507900000e+01  7.308703816981e-02
 5.385425048850e+04  1.553279300000e+01  6.587112034108e-02
 5.385425704403e+04  1.540867900000e+01  6.467597526621e-02
 5.385426359458e+04  1.536191800000e+01  6.430747985361e-02
 5.385427019214e+04  1.534834800000e+01  6.432685875422e-02
 5.408934482664e+04  1.574148600000e+01  6.591965003191e-02
 5.408935131389e+04  1.580449000000e+01  6.941521167714e-02
 5.408935783690e+04  1.579480000000e+01  6.617709658436e-02
 5.408936435701e+04  1.576763200000e+01  6.579927960628e-02
 5.377019575924e+04  1.593598500000e+01  6.903517630762e-02
 5.377020296422e+04  1.600827000000e+01  6.992815445807e-02
 5.377021021969e+04  1.599956800000e+01  6.961484817435e-02
 5.377021745002e+04  1.600945200000e+01  7.012825933814e-02
 5.378815499177e+04  1.624218500000e+01  7.408066544029e-02
 5.378816152358e+04  1.621779700000e+01  7.300435422067e-02
 5.378816967896e+04  1.624600300000e+01  7.311446460701e-02
 5.378817622558e+04  1.624948900000e+01  7.478102884388e-02
 5.374130128397e+04  1.575034300000e+01  6.600863281356e-02
 5.374130840667e+04  1.575300500000e+01  6.603456285271e-02
 5.374131551536e+04  1.578675100000e+01  6.638959406646e-02
 5.374132262277e+04  1.580554600000e+01  6.661406756020e-02
 5.375727538690e+04  1.533763000000e+01  6.249756519524e-02
 5.375728239432e+04  1.534673200000e+01  6.255056827013e-02
 5.375728939848e+04  1.537932900000e+01  6.293449769790e-02
 5.375729647140e+04  1.541118000000e+01  6.315152618324e-02
 5.376223312317e+04  1.578795300000e+01  6.695758953760e-02
 5.376223959410e+04  1.563163300000e+01  6.514373288901e-02
 5.376224607057e+04  1.548475700000e+01  6.453636792153e-02
 5.376225255388e+04  1.540192100000e+01  6.289748576260e-02
 5.379818473813e+04  1.633122400000e+01  7.437559717831e-02
 5.379819127375e+04  1.630013100000e+01  7.390747815087e-02
 5.379819787906e+04  1.630042200000e+01  7.389701750772e-02
 5.379820483774e+04  1.632410500000e+01  7.426841623895e-02
 5.382320264554e+04  1.567942000000e+01  6.593024487225e-02
 5.382321222275e+04  1.550000900000e+01  6.423231081122e-02
 5.382322176582e+04  1.536231400000e+01  6.288866550865e-02
 5.382323130646e+04  1.532809900000e+01  6.447494387417e-02
 5.405946467284e+04  1.584016600000e+01  6.597749637455e-02
 5.405947125661e+04  1.585829000000e+01  6.615373093891e-02
 5.405947783727e+04  1.590515300000e+01  6.667210404010e-02
 5.405948442694e+04  1.587559200000e+01  6.633440058750e-02
 5.420919701095e+04  1.606812100000e+01  7.038813609211e-02
 5.420920294226e+04  1.608066500000e+01  6.989333994114e-02
 5.420920887253e+04  1.615491600000e+01  7.156248682599e-02
 5.420921480882e+04  1.610820100000e+01  7.088044178007e-02
 5.445144809603e+04  1.616948600000e+01  7.033359113273e-02
 5.445145176242e+04  1.617140800000e+01  7.034925147701e-02
 5.445145523065e+04  1.617316800000e+01  7.038504030316e-02
 5.445145864193e+04  1.615159600000e+01  7.006236890273e-02
 5.426114080096e+04  1.549043000000e+01  7.141249729089e-02
 5.426114413619e+04  1.581488600000e+01  7.815208540496e-02
 5.426114749308e+04  1.552895200000e+01  7.421186824989e-02
 5.426115082414e+04  1.564334600000e+01  7.654231086556e-02
 5.417025175448e+04  1.570453600000e+01  6.523826998688e-02
 5.417025889858e+04  1.573424300000e+01  6.555378399009e-02
 5.417026602451e+04  1.572890300000e+01  6.553449442524e-02
 5.417027313309e+04  1.575304500000e+01  6.575849824726e-02
 5.417617653382e+04  1.634502800000e+01  7.345927355409e-02
 5.417618546979e+04  1.633549100000e+01  7.327589693915e-02
 5.417619477685e+04  1.635122600000e+01  7.350299719666e-02
 5.417620350044e+04  1.630544700000e+01  7.272960629137e-02
 5.440941619441e+04  1.625598600000e+01  7.202332728656e-02
 5.440943238271e+04  1.623209200000e+01  7.159649353824e-02
 5.440944851234e+04  1.619995800000e+01  7.044211334652e-02
 5.440946472807e+04  1.620644400000e+01  7.101260701885e-02
 5.441634866818e+04  1.579225200000e+01  6.650048072586e-02
 5.441635588000e+04  1.580927200000e+01  6.661881943876e-02
 5.441636310455e+04  1.580371700000e+01  6.647571737998e-02
 5.441637031347e+04  1.579134200000e+01  6.662026953167e-02
 5.442532916174e+04  1.597750400000e+01  6.868147767074e-02
 5.442533359656e+04  1.606058600000e+01  6.968130374212e-02
 5.442533806090e+04  1.606842000000e+01  6.971275823401e-02
 5.442534250811e+04  1.614110500000e+01  7.066683586072e-02
 5.438946795141e+04  1.623109900000e+01  7.157483928790e-02
 5.438947392172e+04  1.623991400000e+01  7.168555906761e-02
 5.438947983568e+04  1.624073200000e+01  7.165404433698e-02
 5.438948581167e+04  1.621694300000e+01  7.130297838979e-02
 5.455718412634e+04  1.597065300000e+01  6.823097430678e-02
 5.455719304796e+04  1.595486500000e+01  6.804404855790e-02
 5.455720187491e+04  1.598895500000e+01  6.845854154150e-02
 5.455721068970e+04  1.604412200000e+01  6.921784616897e-02
 5.456618466345e+04  1.612796000000e+01  7.074561920928e-02
 5.456619020898e+04  1.620408700000e+01  7.183021492236e-02
 5.456619565045e+04  1.616405000000e+01  7.123876672686e-02
 5.456620114147e+04  1.614070300000e+01  7.094106311300e-02
 5.457218880692e+04  1.606041700000e+01  6.956379085841e-02
 5.457219747876e+04  1.601995100000e+01  6.901988790440e-02
 5.457220614460e+04  1.608099400000e+01  6.982304368491e-02
 5.457221476678e+04  1.602595600000e+01  6.911816345836e-02
 5.480531610032e+04  1.537074700000e+01  6.204305895710e-02
 5.480532214518e+04  1.541789800000e+01  6.240859208099e-02
 5.480532817963e+04  1.542651200000e+01  6.268032662102e-02
 5.480533419278e+04  1.544992800000e+01  6.263005740799e-02
 5.482250349838e+04  1.542462000000e+01  6.436689291998e-02
 5.482250953028e+04  1.543775700000e+01  6.451693137706e-02
 5.482251565222e+04  1.546137800000e+01  6.475481536088e-02
 5.482252165495e+04  1.550918600000e+01  6.528854056424e-02
 5.450622907394e+04  1.600758200000e+01  6.833187331864e-02
 5.450623573087e+04  1.604878000000e+01  6.881006264853e-02
 5.450624287567e+04  1.608926500000e+01  6.936637718147e-02
 5.450625024154e+04  1.608887600000e+01  6.934166570171e-02
 5.446646192557e+04  1.617176500000e+01  7.026448182572e-02
 5.446646961727e+04  1.618509600000e+01  7.048154204398e-02
 5.446647735308e+04  1.613103300000e+01  6.979997932663e-02
 5.446648503147e+04  1.622625800000e+01  7.110776584508e-02
 5.447823230818e+04  1.630568100000e+01  7.289427512739e-02
 5.447823721039e+04  1.629356200000e+01  7.260974850608e-02
 5.447824208645e+04  1.630748800000e+01  7.278608237144e-02
 5.447824703449e+04  1.630578800000e+01  7.285381547452e-02
 5.452926860684e+04  1.570779500000e+01  6.490812817054e-02
 5.452927519976e+04  1.562759100000e+01  6.413521230256e-02
 5.452928173203e+04  1.549487500000e+01  6.288916340559e-02
 5.452928824439e+04  1.534797900000e+01  6.166620043553e-02
 5.453425625694e+04  1.572365300000e+01  6.547811657244e-02
 5.453426187088e+04  1.563960100000e+01  6.462733560008e-02
 5.453426744986e+04  1.553090800000e+01  6.357720253481e-02
 5.453427301692e+04  1.543481800000e+01  6.272621575493e-02
 5.459818154090e+04  1.596027600000e+01  6.909672854926e-02
 5.477835293124e+04  1.600680000000e+01  6.877383160497e-02
 5.477836539157e+04  1.600512600000e+01  6.844337836524e-02
 5.477837775723e+04  1.610033400000e+01  6.960812474562e-02
 5.477839014895e+04  1.604044200000e+01  6.869920929575e-02
 5.479044167214e+04  1.570867200000e+01  6.477141303258e-02
 5.479044898455e+04  1.576864900000e+01  6.537018469895e-02
 5.479045615192e+04  1.577566500000e+01  6.546669244493e-02
 5.479046326095e+04  1.579453000000e+01  6.564389663678e-02
 5.474947599269e+04  1.594017600000e+01  6.728366857638e-02
 5.474948211093e+04  1.593167300000e+01  6.718993642788e-02
 5.474948822604e+04  1.589535700000e+01  6.672758171880e-02
 5.474949434464e+04  1.593498800000e+01  6.718175739971e-02
 5.476745411125e+04  1.623203500000e+01  7.112204238295e-02
 5.476746264490e+04  1.619536800000e+01  7.056935728016e-02
 5.476747117148e+04  1.616893900000e+01  7.020589490119e-02
 5.476747966252e+04  1.614074800000e+01  6.978154922029e-02
 5.494322583414e+04  1.630865500000e+01  7.447974283337e-02
 5.494323130447e+04  1.632581000000e+01  7.382706533365e-02
 5.494323679131e+04  1.636652300000e+01  7.449080882255e-02
 5.494324223165e+04  1.625525700000e+01  7.364150158002e-02
 5.518235310572e+04  1.600109800000e+01  6.887447733627e-02
 5.518235830450e+04  1.601237800000e+01  6.892103291694e-02
 5.518236353764e+04  1.604344000000e+01  6.913419317664e-02
 5.518236874404e+04  1.602317100000e+01  6.861585011059e-02
 5.487532319299e+04  1.603528200000e+01  6.855230806082e-02
 5.487532923194e+04  1.601599600000e+01  6.832632369120e-02
 5.487533520227e+04  1.597415500000e+01  6.779389123320e-02
 5.487534123637e+04  1.601405900000e+01  6.833369119113e-02
 5.488924779116e+04  1.612884700000e+01  6.961425820688e-02
 5.488925772278e+04  1.617208100000e+01  7.019755645637e-02
 5.488926760071e+04  1.616564600000e+01  7.011211433655e-02
 5.488927642152e+04  1.619543700000e+01  7.051302988519e-02
 5.485143204438e+04  1.582470300000e+01  6.296615854022e-02
 5.485143859944e+04  1.579089700000e+01  6.269232055071e-02
 5.485144512419e+04  1.586401500000e+01  6.336477578223e-02
 5.485145168910e+04  1.588680500000e+01  6.361545000664e-02
 5.486119780818e+04  1.631339100000e+01  7.246028039475e-02
 5.486120694742e+04  1.630680900000e+01  7.227339519970e-02
 5.486121612854e+04  1.621158300000e+01  7.085252639521e-02
 5.486122529149e+04  1.615511800000e+01  6.947024500685e-02
 5.491310917848e+04  1.619700500000e+01  7.074467985568e-02
 5.491311457435e+04  1.617710000000e+01  7.042162295784e-02
 5.491311994084e+04  1.616834400000e+01  7.041061918423e-02
 5.491312545317e+04  1.619188600000e+01  7.071356773353e-02
 5.496518734828e+04  1.611082200000e+01  7.138910529432e-02
 5.496519334804e+04  1.615630500000e+01  7.205610657344e-02
 5.496519938560e+04  1.616727400000e+01  7.227529563816e-02
 5.496520540685e+04  1.619807700000e+01  7.291304354162e-02
 5.497915859400e+04  1.617599700000e+01  8.773808590292e-02
 5.497916187773e+04  1.611798200000e+01  8.610259191469e-02
 5.497916496759e+04  1.620000800000e+01  8.808413939231e-02
 5.497916785189e+04  1.615997300000e+01  8.718354021292e-02
 5.515138628069e+04  1.614625300000e+01  7.105588836277e-02
 5.515139864568e+04  1.612648100000e+01  7.067149804804e-02
 5.515141091900e+04  1.618583500000e+01  7.145466871303e-02
 5.515142302912e+04  1.617393400000e+01  7.125026676934e-02
 5.513042103971e+04  1.624677200000e+01  7.261335929061e-02
 5.513043019413e+04  1.623102800000e+01  7.228925406472e-02
 5.513043932237e+04  1.616105300000e+01  7.120167017902e-02
 5.513044848616e+04  1.617949100000e+01  7.141611263426e-02
 5.529327581000e+04  1.615545600000e+01  7.106632365781e-02
 5.553335771756e+04  1.621854800000e+01  6.779464505840e-02
 5.553336977700e+04  1.620632500000e+01  6.774316498265e-02
 5.553337580591e+04  1.622175200000e+01  6.751976815957e-02
 5.522933569580e+04  1.566530200000e+01  1.002598228330e-01
 5.522933925281e+04  1.562919800000e+01  1.039605096337e-01
 5.522934692823e+04  1.574898300000e+01  1.174838301302e-01
 5.522935047749e+04  1.585040400000e+01  1.174641655622e-01
 5.524022267204e+04  1.618323100000e+01  7.175940804479e-02
 5.524023016103e+04  1.621962300000e+01  7.224965604986e-02
 5.524023768547e+04  1.621281200000e+01  7.218035939649e-02
 5.524024522209e+04  1.626216800000e+01  7.289005279706e-02
 5.524625322006e+04  1.621473700000e+01  7.173527602663e-02
 5.524626124347e+04  1.622352500000e+01  7.183187940678e-02
 5.524626920197e+04  1.622802400000e+01  7.184641000880e-02
 5.524627642310e+04  1.624429900000e+01  7.208278464020e-02
 5.520626932966e+04  1.610511300000e+01  7.789381546707e-02
 5.520627569730e+04  1.616880000000e+01  8.279522897590e-02
 5.520628201135e+04  1.608356800000e+01  8.097647996690e-02
 5.520628839235e+04  1.627836700000e+01  9.385724564979e-02
 5.527421504325e+04  1.549602900000e+01  6.336021516624e-02
 5.527422246911e+04  1.554227600000e+01  6.383194909390e-02
 5.527422991424e+04  1.555813700000e+01  6.395918405229e-02
 5.527423733694e+04  1.562084300000e+01  6.455735092307e-02
 5.532415621003e+04  1.574367000000e+01  6.606282447991e-02
 5.532416311641e+04  1.576269000000e+01  6.629563309594e-02
 5.532416999085e+04  1.576668900000e+01  6.635448548114e-02
 5.532417680576e+04  1.581720100000e+01  6.701348926883e-02
 5.550342754604e+04  1.619486700000e+01  7.201006301867e-02
 5.550343900574e+04  1.627001200000e+01  7.309272408480e-02
 5.550344479642e+04  1.623523600000e+01  7.248114425133e-02
 5.551041357926e+04  1.582539500000e+01  6.709891114959e-02
 5.551042395366e+04  1.588965100000e+01  6.782619104832e-02
 5.551042915383e+04  1.590559700000e+01  6.797718130873e-02
 5.559821722787e+04  1.619032800000e+01  6.778513145341e-02
 5.559822473682e+04  1.620362500000e+01  6.790657742665e-02
 5.559823232102e+04  1.617795400000e+01  6.760518239484e-02
 5.559823992309e+04  1.616324500000e+01  6.738126158707e-02
 5.556427912189e+04  1.612580300000e+01  7.091569750699e-02
 5.556428653494e+04  1.611908800000e+01  7.147255116723e-02
 5.556429406731e+04  1.613832600000e+01  7.110357120387e-02
 5.556430154546e+04  1.614020200000e+01  7.104727198958e-02
 5.557134875824e+04  1.577815200000e+01  6.648654602644e-02
 5.557135349227e+04  1.581614200000e+01  6.702352873871e-02
 5.557135834659e+04  1.583536600000e+01  6.879636391086e-02
 5.557136339881e+04  1.589065000000e+01  7.070085915592e-02
 5.558924520454e+04  1.615308700000e+01  7.121340687366e-02
 5.558925099362e+04  1.618817000000e+01  7.167856289386e-02
 5.558925675259e+04  1.616894500000e+01  7.137339827499e-02
 5.558926253843e+04  1.614997500000e+01  7.114897651415e-02
 5.563017123602e+04  1.597893000000e+01  6.977661757942e-02
 5.563017868848e+04  1.591008300000e+01  6.887048352710e-02
 5.563018612253e+04  1.605589000000e+01  7.080465998334e-02
 5.563019375939e+04  1.602498400000e+01  7.041178414531e-02
 5.569319789272e+04  1.551832000000e+01  6.718001840589e-02
 5.569320559361e+04  1.556427000000e+01  6.779775593783e-02
 5.569321335626e+04  1.550013200000e+01  6.719080702738e-02
 5.569322120840e+04  1.564697400000e+01  6.905700380820e-02
 5.529327982281e+04  1.620620100000e+01  7.245963351419e-02
 5.529328498455e+04  1.617679200000e+01  7.151485108578e-02
 5.529329014209e+04  1.612935000000e+01  7.086735762726e-02
 5.529329533186e+04  1.620797000000e+01  7.201715526786e-02
 5.583446755838e+04  1.548338300000e+01  6.405976411666e-02
 5.583447277358e+04  1.545510300000e+01  6.370793460914e-02
 5.583447796561e+04  1.537550400000e+01  6.292939756019e-02
 5.583448310021e+04  1.533631500000e+01  6.258293011187e-02
 5.592244955169e+04  1.622778900000e+01  7.187949127115e-02
 5.592245571659e+04  1.619565900000e+01  7.148405566795e-02
 5.592246194667e+04  1.617743300000e+01  7.113003033424e-02
 5.592246809627e+04  1.620512100000e+01  7.152948218652e-02
 5.592827595470e+04  1.584086000000e+01  6.701399988687e-02
 5.592828518821e+04  1.584697500000e+01  6.703699167223e-02
 5.592829442001e+04  1.586057900000e+01  6.719037171497e-02
 5.592830363799e+04  1.589796800000e+01  6.759424711305e-02
 5.594049447728e+04  1.593180500000e+01  6.786147774296e-02
 5.594049957175e+04  1.590440000000e+01  6.754709930014e-02
 5.594050473150e+04  1.600000900000e+01  6.873701888680e-02
 5.594050986093e+04  1.598384500000e+01  6.858182965583e-02
 5.596719480252e+04  1.599817800000e+01  6.920659870825e-02
 5.596720302247e+04  1.610104500000e+01  7.041631404590e-02
 5.596721093662e+04  1.613754700000e+01  7.088862854382e-02
 5.596721883759e+04  1.604674800000e+01  6.961827010338e-02
 5.598019168234e+04  1.614420300000e+01  7.093625874223e-02
 5.598019905617e+04  1.593601600000e+01  6.818229011524e-02
 5.598020634611e+04  1.573485500000e+01  6.582307163562e-02
 5.598021363903e+04  1.563578500000e+01  6.478539980541e-02
 5.598714435524e+04  1.620669100000e+01  7.437442485502e-02
 5.598715110770e+04  1.621891200000e+01  7.443284762359e-02
 5.598715795934e+04  1.611757800000e+01  7.295663807917e-02
 5.598716478905e+04  1.622515900000e+01  7.469179246527e-02
 5.604417594419e+04  1.599904100000e+01  6.945981182629e-02
 5.604417651759e+04  1.600404300000e+01  6.954621584170e-02
 5.604417705987e+04  1.599425500000e+01  6.941163933354e-02
 5.604417762715e+04  1.603302300000e+01  6.992460620177e-02
 5.604418502625e+04  1.603230300000e+01  6.999056183034e-02
 5.604419356083e+04  1.601661400000e+01  6.975104060723e-02
 5.604420203663e+04  1.607668000000e+01  7.059745888866e-02
 5.604421064008e+04  1.607424100000e+01  7.060803610098e-02
 5.606916824726e+04  1.612669300000e+01  7.099283705266e-02
 5.606917388747e+04  1.614433100000e+01  7.142798120102e-02
 5.606917952505e+04  1.611009100000e+01  7.108025606798e-02
 5.606918522094e+04  1.618208400000e+01  7.223891244161e-02
 5.607415834493e+04  1.609758300000e+01  7.023945246870e-02
 5.607416348617e+04  1.614620500000e+01  7.096925444393e-02
 5.607416850669e+04  1.612164200000e+01  7.064528804728e-02
 5.607417360000e+04  1.621691500000e+01  7.209972886867e-02
 5.622739643021e+04  1.569510600000e+01  6.917048473814e-02
 5.622740406184e+04  1.547545900000e+01  6.638460182357e-02
 5.622741168192e+04  1.543359100000e+01  6.587554495048e-02
 5.622741930374e+04  1.532445500000e+01  6.470265613324e-02
