# time mag mag_err
 5.370511834130e+04  1.565171600000e+01  6.588556402986e-02
 5.370512267160e+04  1.567380600000e+01  6.620517648772e-02
 5.370512703536e+04  1.567624600000e+01  6.627701907689e-02
 5.370513137678e+04  1.569566200000e+01  6.651905011373e-02
 5.371307005855e+04  1.554368800000e+01  6.684288923977e-02
 5.371307650460e+04  1.543954600000e+01  6.437649244262e-02
 5.371308290664e+04  1.548197400000e+01  6.560779252542e-02
 5.371308933104e+04  1.543364100000e+01  6.463408160294e-02
 5.372905229477e+04  1.541992900000e+01  7.378063394372e-02
 5.372905559667e+04  1.555146500000e+01  6.912706478535e-02
 5.372905890101e+04  1.551953600000e+01  6.906318844137e-02
 5.372906219932e+04  1.547563000000e+01  6.862254634187e-02
 5.356236955122e+04  1.558752100000e+01  6.552987089600e-02
 5.356237782987e+04  1.556471900000e+01  6.538414848268e-02
 5.356238604012e+04  1.558473800000e+01  6.602655148590e-02
 5.356239428682e+04  1.559742900000e+01  6.613736821072e-02
 5.356340529022e+04  1.544917300000e+01  6.452219958167e-02
 5.356341176554e+04  1.545706500000e+01  6.455235232303e-02
 5.356341827814e+04  1.546918300000e+01  6.467433838455e-02
 5.356342478540e+04  1.547596100000e+01  6.465962038322e-02
 5.352740791969e+04  1.567935800000e+01  6.613232441697e-02
 5.352741682257e+04  1.568689200000e+01  6.607587806568e-02
 5.352742554036e+04  1.571572900000e+01  6.627824794355e-02
 5.352743432101e+04  1.570975200000e+01  6.621270824298e-02
 5.355140733341e+04  1.553234700000e+01  6.486733663736e-02
 5.355141489547e+04  1.553376500000e+01  6.485541694130e-02
 5.355142243521e+04  1.556169000000e+01  6.513767695744e-02
 5.355142998280e+04  1.555159700000e+01  6.491510865438e-02
 5.367515103664e+04  1.527606700000e+01  6.197677118353e-02
 5.367515767597e+04  1.530314000000e+01  6.223384041338e-02
 5.367516434355e+04  1.529974200000e+01  6.220421832018e-02
 5.367517118382e+04  1.534059500000e+01  6.256446349603e-02
 5.368708138079e+04  1.548604500000e+01  6.380797786051e-02
 5.368708876067e+04  1.538639500000e+01  6.290224076912e-02
 5.368709615178e+04  1.529959600000e+01  6.240369826502e-02
 5.368710355145e+04  1.521081200000e+01  6.126290185962e-02
 5.369909158882e+04  1.569438900000e+01  6.636847722961e-02
 5.369909795325e+04  1.568418100000e+01  6.628078361949e-02
 5.369910432104e+04  1.572074900000e+01  6.669250291891e-02
 5.369911072785e+04  1.571990700000e+01  6.677442496330e-02
 5.364818652455e+04  1.559920700000e+01  6.661414854104e-02
 5.364819240749e+04  1.558760700000e+01  6.644340805116e-02
 5.364819829458e+04  1.561890900000e+01  6.677500125522e-02
 5.364820419001e+04  1.560162400000e+01  6.658482200987e-02
 5.363720871286e+04  1.554068000000e+01  6.527557185460e-02
 5.363721511745e+04  1.551365900000e+01  6.502040068737e-02
 5.363722152889e+04  1.555472900000e+01  6.543110476876e-02
 5.363722795051e+04  1.554737300000e+01  6.547058918251e-02
 5.397523630978e+04  1.559226000000e+01  6.377479693480e-02
 5.397524515037e+04  1.560846800000e+01  6.390341156980e-02
 5.397525399456e+04  1.560776300000e+01  6.389183592115e-02
 5.397526282359e+04  1.563201100000e+01  6.411747160121e-02
 5.408109455267e+04  1.571372400000e+01  6.541894431402e-02
 5.408109950953e+04  1.573481600000e+01  6.572874573860e-02
 5.408110448164e+04  1.577483700000e+01  6.616861851093e-02
 5.408110944497e+04  1.572024900000e+01  6.561952708306e-02
 5.392540745632e+04  1.531090000000e+01  1.001165901524e-01
 5.392540899251e+04  1.520449800000e+01  9.674668405256e-02
 5.392541056713e+04  1.530815100000e+01  9.995727637203e-02
 5.392541231802e+04  1.530050500000e+01  9.989983764051e-02
 5.393733255192e+04  1.538399100000e+01  6.467791708533e-02
 5.393733903140e+04  1.538647300000e+01  6.460324312223e-02
 5.393734549052e+04  1.534498900000e+01  6.423185897760e-02
 5.393735196226e+04  1.531733800000e+01  6.396633314130e-02
 5.388941868388e+04  1.557796700000e+01  6.723113961321e-02
 5.388942407245e+04  1.558960200000e+01  6.726333315459e-02
 5.388942946602e+04  1.562383000000e+01  6.756006954081e-02
 5.388943483469e+04  1.558801100000e+01  6.703946490276e-02
 5.390441669487e+04  1.538916500000e+01  1.046098307808e-01
 5.390441776008e+04  1.539918400000e+01  1.048601682172e-01
 5.390441886037e+04  1.552742900000e+01  1.098294247135e-01
 5.390441991321e+04  1.550774100000e+01  1.088873195896e-01
 5.390639074302e+04  1.565569900000e+01  6.769649183139e-02
 5.390639781815e+04  1.564568900000e+01  6.748275373066e-02
 5.390640494153e+04  1.566573400000e+01  6.771372795208e-02
 5.390641201515e+04  1.565978100000e+01  6.753998306390e-02
 5.388143398203e+04  1.557018000000e+01  6.574666722252e-02
 5.388144262354e+04  1.554086800000e+01  6.537065719494e-02
 5.388145121703e+04  1.558991600000e+01  6.583359259937e-02
 5.388145986167e+04  1.557839800000e+01  6.561505433544e-02
 5.402813136716e+04  1.529282300000e+01  6.105428598731e-02
 5.402814006459e+04  1.531300400000e+01  6.123964063207e-02
 5.402814874523e+04  1.536010000000e+01  6.160266828176e-02
 5.402815742135e+04  1.535434400000e+01  6.154008162235e-02
 5.402910983249e+04  1.564864800000e+01  6.425338869536e-02
 5.402911962059e+04  1.565468100000e+01  6.428274223972e-02
 5.402912938693e+04  1.570847800000e+01  6.479021344135e-02
 5.402913912735e+04  1.567398400000e+01  6.444661671975e-02
 5.399221688693e+04  1.562928300000e+01  6.422089570495e-02
 5.399222334362e+04  1.563588000000e+01  6.428160193980e-02
 5.399222977034e+04  1.564445300000e+01  6.441806590792e-02
 5.399223619553e+04  1.566190100000e+01  6.457613399036e-02
 5.443907753750e+04  1.520512800000e+01  6.076344542143e-02
 5.443908393897e+04  1.518799500000e+01  6.062671724241e-02
 5.443909036441e+04  1.517939400000e+01  6.057423661090e-02
 5.443909679112e+04  1.515563300000e+01  6.044079755609e-02
 5.445308097839e+04  1.528137800000e+01  6.136326408164e-02
 5.445308645007e+04  1.527175600000e+01  6.131801601783e-02
 5.445309192488e+04  1.532894500000e+01  6.181373573807e-02
 5.445309740397e+04  1.529320400000e+01  6.155640019955e-02
 5.426040874962e+04  1.550291700000e+01  6.422993601100e-02
 5.426041653971e+04  1.552251100000e+01  6.432502200175e-02
 5.426042437759e+04  1.552472500000e+01  6.429381410962e-02
 5.426043220137e+04  1.553632500000e+01  6.439898780203e-02
 5.427937165730e+04  1.563146800000e+01  6.628016894125e-02
 5.427937763259e+04  1.562973700000e+01  6.624903631105e-02
 5.427938365558e+04  1.567831400000e+01  6.675625929209e-02
 5.427938963227e+04  1.570946300000e+01  6.700567248913e-02
 5.424544203384e+04  1.563479200000e+01  6.592819785879e-02
 5.424545101624e+04  1.564961300000e+01  6.604481370704e-02
 5.424546004042e+04  1.563044700000e+01  6.572342079186e-02
 5.424546906447e+04  1.567436100000e+01  6.607752095168e-02
 5.440611777066e+04  1.554506700000e+01  6.354667734724e-02
 5.440612531583e+04  1.552374000000e+01  6.332980609656e-02
 5.440613288900e+04  1.556742700000e+01  6.377737140102e-02
 5.440614047006e+04  1.550896700000e+01  6.326014516345e-02
 5.441713334622e+04  1.559510600000e+01  6.413276211511e-02
 5.441714052100e+04  1.565702100000e+01  6.437961862060e-02
 5.441714768789e+04  1.564517500000e+01  6.464867997694e-02
 5.441715485156e+04  1.560844000000e+01  6.431492605683e-02
 5.437717355848e+04  1.558291500000e+01  6.405267038040e-02
 5.437718008936e+04  1.561058000000e+01  6.428023362987e-02
 5.437718658575e+04  1.560567900000e+01  6.421480042294e-02
 5.437719304858e+04  1.559717600000e+01  6.415954125676e-02
 5.438818379102e+04  1.569250200000e+01  6.496057044471e-02
 5.438819123468e+04  1.569189700000e+01  6.498780874028e-02
 5.438819864523e+04  1.571421200000e+01  6.522948760211e-02
 5.438820608854e+04  1.576191000000e+01  6.573009565631e-02
 5.434625552660e+04  1.553352900000e+01  6.382670218259e-02
 5.434626245704e+04  1.555128000000e+01  6.391925655855e-02
 5.434626941028e+04  1.555023500000e+01  6.393007589304e-02
 5.434627640611e+04  1.552907400000e+01  6.369444285690e-02
 5.435321184523e+04  1.539643100000e+01  6.294252264484e-02
 5.435322045885e+04  1.532158000000e+01  6.222910004140e-02
 5.435322903995e+04  1.530067100000e+01  6.209076270719e-02
 5.435323762823e+04  1.524862500000e+01  6.173593325177e-02
 5.462740230553e+04  1.559968000000e+01  6.563667534444e-02
 5.462740883259e+04  1.562365900000e+01  6.596051031558e-02
 5.462741538569e+04  1.558959200000e+01  6.521452613665e-02
 5.462742189123e+04  1.556144300000e+01  6.482431566155e-02
 5.478709438255e+04  1.562383200000e+01  6.400716891771e-02
 5.478709986824e+04  1.561852700000e+01  6.397072530062e-02
 5.478710527811e+04  1.562347500000e+01  6.402311893121e-02
 5.478711068509e+04  1.565674300000e+01  6.436712429399e-02
 5.474022470134e+04  1.529516400000e+01  6.214193430094e-02
 5.474023691897e+04  1.528536900000e+01  6.201183775523e-02
 5.474024901367e+04  1.531062900000e+01  6.237673271167e-02
 5.474026133269e+04  1.533874600000e+01  6.275210242930e-02
 5.476512888637e+04  1.542965300000e+01  6.233767803618e-02
 5.476513786749e+04  1.548719900000e+01  6.287570895950e-02
 5.476514591256e+04  1.546083200000e+01  6.264177124300e-02
 5.476515395729e+04  1.551553200000e+01  6.315749019782e-02
 5.471626199297e+04  1.559640400000e+01  6.391517075700e-02
 5.471626843010e+04  1.559759900000e+01  6.390169566735e-02
 5.471627655713e+04  1.556263900000e+01  6.388375670938e-02
 5.471628843966e+04  1.560547400000e+01  6.410327142801e-02
 5.472919782267e+04  1.539579600000e+01  6.229479262311e-02
 5.472920428897e+04  1.537856300000e+01  6.213972181827e-02
 5.472921077054e+04  1.533785800000e+01  6.178552899048e-02
 5.472921727457e+04  1.529372400000e+01  6.141748587142e-02
 5.505831935288e+04  1.550112000000e+01  6.131399898875e-02
 5.505832656402e+04  1.550536500000e+01  6.142337750093e-02
 5.505833382948e+04  1.551712100000e+01  6.147702441264e-02
 5.505834106363e+04  1.551049900000e+01  6.142072391365e-02
 5.507025150672e+04  1.525737600000e+01  6.166251634079e-02
 5.507025979752e+04  1.526006000000e+01  6.171875043127e-02
 5.507026807446e+04  1.527690500000e+01  6.186606264265e-02
 5.507027624734e+04  1.527984900000e+01  6.189538244338e-02
 5.518406857519e+04  1.553610600000e+01  6.375858920731e-02
 5.518407199341e+04  1.559830800000e+01  6.438402049825e-02
 5.518407542936e+04  1.546768800000e+01  6.319101656419e-02
 5.518407887618e+04  1.555226400000e+01  6.402448646562e-02
 5.500639176142e+04  1.556115500000e+01  6.499716881054e-02
 5.500639891260e+04  1.558705000000e+01  6.517913328388e-02
 5.500640615023e+04  1.558747200000e+01  6.476009717980e-02
 5.500641341566e+04  1.557335700000e+01  6.499175533348e-02
 5.497842799052e+04  1.529212000000e+01  6.251589543166e-02
 5.497843588119e+04  1.531004900000e+01  6.260485381295e-02
 5.497844383235e+04  1.533075900000e+01  6.272981916550e-02
 5.497845178426e+04  1.535978400000e+01  6.290391781584e-02
 5.514610753618e+04  1.565236100000e+01  6.545235338725e-02
 5.514611479061e+04  1.563231600000e+01  6.525242473358e-02
 5.514612204248e+04  1.562531300000e+01  6.517147594369e-02
 5.514612930094e+04  1.564012200000e+01  6.535060463897e-02
 5.511318045156e+04  1.523549800000e+01  6.141053501434e-02
 5.511318648010e+04  1.528008200000e+01  6.176357977050e-02
 5.511319248515e+04  1.530950000000e+01  6.201287910478e-02
 5.511319857585e+04  1.531555400000e+01  6.209883281849e-02
 5.508424133263e+04  1.541195700000e+01  6.762193821565e-02
 5.508424674898e+04  1.542232100000e+01  6.779634166262e-02
 5.508425220468e+04  1.546235000000e+01  6.823645761628e-02
 5.508425763550e+04  1.544514700000e+01  6.804677391889e-02
 5.509519304179e+04  1.552163800000e+01  6.434750681556e-02
 5.509519968916e+04  1.553236400000e+01  6.441387341753e-02
 5.509520628693e+04  1.555379400000e+01  6.461915461655e-02
 5.509521291633e+04  1.550646300000e+01  6.410692914881e-02
 5.510215021235e+04  1.544647000000e+01  6.334156976852e-02
 5.510215624957e+04  1.543928000000e+01  6.329654529543e-02
 5.510216215868e+04  1.539266100000e+01  6.285657574197e-02
 5.510216822764e+04  1.538044200000e+01  6.273267675219e-02
 5.553208977562e+04  1.529257800000e+01  6.643837819294e-02
 5.553209975410e+04  1.528786100000e+01  6.641797871388e-02
 5.553210474816e+04  1.527350400000e+01  6.628947436078e-02
 5.553906713442e+04  1.562374800000e+01  6.578250864343e-02
 5.553907864436e+04  1.568254500000e+01  6.573350562072e-02
 5.553908438322e+04  1.567687000000e+01  6.676603488924e-02
 5.554507400546e+04  1.560354900000e+01  7.069818596896e-02
 5.554508130605e+04  1.562498300000e+01  7.104379952165e-02
 5.554508494653e+04  1.559484200000e+01  7.064488976865e-02
 5.538332853635e+04  1.520145500000e+01  6.180842426814e-02
 5.538333424972e+04  1.519682800000e+01  6.170803047671e-02
 5.538333999029e+04  1.522315800000e+01  6.186748870954e-02
 5.538334572336e+04  1.525403800000e+01  6.211269040535e-02
 5.536742133255e+04  1.565927400000e+01  6.574431846852e-02
 5.536742823360e+04  1.569831300000e+01  6.612322310679e-02
 5.536743523198e+04  1.569462300000e+01  6.603174308846e-02
 5.536744210757e+04  1.566513000000e+01  6.574816255445e-02
 5.533344710878e+04  1.561371600000e+01  6.546402691482e-02
 5.533345286245e+04  1.563818500000e+01  6.563240203167e-02
 5.533345865946e+04  1.561244200000e+01  6.528195435244e-02
 5.533346456484e+04  1.563848500000e+01  6.545139826259e-02
 5.551007944632e+04  1.566164200000e+01  6.535914247655e-02
 5.551009077965e+04  1.567966500000e+01  6.553173340957e-02
 5.551009646525e+04  1.572115700000e+01  6.596117160675e-02
 5.552712417778e+04  1.531113000000e+01  6.215217968682e-02
 5.552714141860e+04  1.523885600000e+01  6.165428979597e-02
 5.552714994737e+04  1.519647800000e+01  6.131923170909e-02
 5.548019589006e+04  1.541957500000e+01  6.304763630888e-02
 5.548020973940e+04  1.546485100000e+01  6.348173739799e-02
 5.548021663892e+04  1.546005100000e+01  6.342864346394e-02
 5.549707756042e+04  1.537654500000e+01  6.270355305320e-02
 5.549709010505e+04  1.538433600000e+01  6.272995050720e-02
 5.549709645167e+04  1.539919600000e+01  6.284082237165e-02
 5.545120062912e+04  1.548629000000e+01  6.355320545353e-02
 5.545120971664e+04  1.546583300000e+01  6.369942173499e-02
 5.545121428551e+04  1.545963000000e+01  6.391457979534e-02
 5.368714100470e+04  1.504462100000e+01  6.012805270673e-02
 5.368714838887e+04  1.509010600000e+01  6.039862505955e-02
 5.368715578356e+04  1.513049100000e+01  6.069580204942e-02
 5.368716317664e+04  1.510829700000e+01  6.057952252938e-02
 5.364821111640e+04  1.561926400000e+01  6.697118728671e-02
 5.364821706554e+04  1.561545200000e+01  6.680684087067e-02
 5.364822298042e+04  1.562891600000e+01  6.699726911008e-02
 5.364822889517e+04  1.560151400000e+01  6.671761180439e-02
 5.582219818769e+04  1.525343800000e+01  6.123180001729e-02
 5.582220515019e+04  1.526135400000e+01  6.125075829704e-02
 5.582221195369e+04  1.530825700000e+01  6.164769694291e-02
 5.582221877336e+04  1.528692700000e+01  6.147441227972e-02
 5.588209043781e+04  1.534474000000e+01  6.207196611436e-02
 5.588209553358e+04  1.534369200000e+01  6.208028127895e-02
 5.588210056530e+04  1.535377000000e+01  6.218084215975e-02
 5.588210575090e+04  1.532180600000e+01  6.193078956062e-02
 5.588809412919e+04  1.523527800000e+01  6.115360022822e-02
 5.588810104065e+04  1.525774700000e+01  6.135155770947e-02
 5.588810786899e+04  1.530347700000e+01  6.167831942800e-02
 5.588811476442e+04  1.529943800000e+01  6.167451790832e-02
 5.609242145619e+04  1.529362500000e+01  6.184534629898e-02
 5.609242999395e+04  1.528573700000e+01  6.176494244317e-02
 5.609243858061e+04  1.531594000000e+01  6.193706241236e-02
 5.609244718058e+04  1.533654000000e+01  6.210236245694e-02
 5.609838413641e+04  1.518580200000e+01  6.093770063627e-02
 5.609839269416e+04  1.517971900000e+01  6.083691855231e-02
 5.609840114067e+04  1.519798400000e+01  6.095990527009e-02
 5.609840965780e+04  1.519130200000e+01  6.085371527326e-02
 5.612639597615e+04  1.550531300000e+01  6.398652714612e-02
 5.612640267627e+04  1.548078200000e+01  6.374534984476e-02
 5.612640940615e+04  1.553208200000e+01  6.426486312791e-02
 5.612641615822e+04  1.551306700000e+01  6.404306034964e-02
 5.616321618925e+04  1.531972000000e+01  6.364108411869e-02
 5.616322214177e+04  1.538846900000e+01  6.423927250138e-02
 5.616322813604e+04  1.536383600000e+01  6.390899314225e-02
 5.616323408477e+04  1.540215000000e+01  6.418228289463e-02
 5.617624880356e+04  1.562532000000e+01  6.749742899721e-02
 5.617625441625e+04  1.561076500000e+01  6.710725799746e-02
 5.617626008795e+04  1.564108600000e+01  6.680692402202e-02
 5.617626577940e+04  1.565504300000e+01  6.710304012883e-02
 5.618314004979e+04  1.536660800000e+01  6.052471104153e-02
 5.618314625904e+04  1.539277500000e+01  6.070492159755e-02
 5.618315239222e+04  1.539829300000e+01  6.066570477581e-02
 5.618315859638e+04  1.539988400000e+01  6.067378899720e-02
 5.619126189395e+04  1.563472000000e+01  6.584116863170e-02
 5.619126692441e+04  1.562962600000e+01  6.580286836803e-02
 5.619127199841e+04  1.563879400000e+01  6.595045593366e-02
 5.619127716534e+04  1.567904400000e+01  6.640795656277e-02
 5.620918491958e+04  1.543513000000e+01  6.354071290017e-02
 5.620918994738e+04  1.545688800000e+01  6.376314799949e-02
 5.620919492656e+04  1.545625600000e+01  6.376089376428e-02
 5.620919996633e+04  1.546421900000e+01  6.385048129628e-02
 5.622124777133e+04  1.542189900000e+01  6.102094874292e-02
 5.622125457506e+04  1.545898700000e+01  6.137407641826e-02
 5.622126139800e+04  1.546338000000e+01  6.148588084957e-02
 5.622126817623e+04  1.544601000000e+01  6.141521380626e-02
