# time mag mag_err
 5.371015684344e+04  1.507326400000e+01  6.049398550573e-02
 5.371016278667e+04  1.508764800000e+01  6.061926819659e-02
 5.371016868812e+04  1.508953900000e+01  6.062090994256e-02
 5.371017458541e+04  1.508046800000e+01  6.056634701115e-02
 5.373310325735e+04  1.504924800000e+01  6.043262009838e-02
 5.373311252483e+04  1.506542400000e+01  6.055858686918e-02
 5.373312184022e+04  1.510944000000e+01  6.088386131561e-02
 5.373313102865e+04  1.510553500000e+01  6.086070323107e-02
 5.367924725831e+04  1.461168200000e+01  5.763110449473e-02
 5.367925466400e+04  1.465131900000e+01  5.784243672255e-02
 5.367926208347e+04  1.470071500000e+01  5.812909320540e-02
 5.367926955016e+04  1.473318700000e+01  5.833313110716e-02
 5.370422941537e+04  1.505711100000e+01  6.076640503797e-02
 5.370423802054e+04  1.506988200000e+01  6.088318008548e-02
 5.370424659956e+04  1.508095000000e+01  6.099118707619e-02
 5.370425523749e+04  1.509947500000e+01  6.116384057685e-02
 5.364638136984e+04  1.499139300000e+01  6.108501061851e-02
 5.364638779735e+04  1.501400500000e+01  6.126256784034e-02
 5.364639421700e+04  1.503082800000e+01  6.139333502056e-02
 5.364640062472e+04  1.503996300000e+01  6.147563110978e-02
 5.365132050412e+04  1.474277300000e+01  6.100141503707e-02
 5.365132710422e+04  1.477958000000e+01  5.971555662850e-02
 5.365133370652e+04  1.482329800000e+01  6.027681867636e-02
 5.365533354801e+04  1.409944100000e+01  5.562978145092e-02
 5.365533953188e+04  1.413737700000e+01  5.580202306403e-02
 5.365534551435e+04  1.415169300000e+01  5.587285045205e-02
 5.365535145700e+04  1.419556100000e+01  5.606860426076e-02
 5.366725899674e+04  1.416991600000e+01  5.555457770587e-02
 5.366727065079e+04  1.425115700000e+01  5.589141939493e-02
 5.366728213782e+04  1.431732700000e+01  5.618820665450e-02
 5.366729364429e+04  1.438100700000e+01  5.646647589624e-02
 5.362633374414e+04  1.504400700000e+01  6.123671527797e-02
 5.362634189872e+04  1.506685600000e+01  6.142217103171e-02
 5.362635004623e+04  1.510765000000e+01  6.171160088139e-02
 5.362635815890e+04  1.511112500000e+01  6.170872273254e-02
 5.408510624117e+04  1.501452300000e+01  6.138265346271e-02
 5.408511402177e+04  1.494775800000e+01  6.081218178303e-02
 5.408512180780e+04  1.476121000000e+01  5.941831040000e-02
 5.408512957382e+04  1.451013000000e+01  5.782941347339e-02
 5.409112193514e+04  1.396571300000e+01  5.436215853134e-02
 5.409112842966e+04  1.400927500000e+01  5.452535428122e-02
 5.409113490082e+04  1.404039300000e+01  5.462835467505e-02
 5.409114136897e+04  1.406207400000e+01  5.472032240229e-02
 5.405622293663e+04  1.501034300000e+01  5.934682736638e-02
 5.405622936971e+04  1.494876600000e+01  5.894252149119e-02
 5.405623581668e+04  1.484295600000e+01  5.828339400790e-02
 5.405624224604e+04  1.471153200000e+01  5.756504298971e-02
 5.406223071918e+04  1.401103100000e+01  5.442433975641e-02
 5.406223715503e+04  1.397944900000e+01  5.431173089089e-02
 5.406224359159e+04  1.399584100000e+01  5.439065065426e-02
 5.406225000799e+04  1.402155300000e+01  5.447917918374e-02
 5.401232123035e+04  1.427596000000e+01  5.547730469637e-02
 5.401232654578e+04  1.428596600000e+01  5.552554335239e-02
 5.401233187521e+04  1.432841100000e+01  5.570801638665e-02
 5.401233717895e+04  1.436421000000e+01  5.586920682610e-02
 5.402926959519e+04  1.418122500000e+01  5.507116601690e-02
 5.402927932634e+04  1.422007700000e+01  5.522215477405e-02
 5.402928902936e+04  1.426616800000e+01  5.540256323144e-02
 5.402929876770e+04  1.430385600000e+01  5.555953358168e-02
 5.403923111050e+04  1.501143000000e+01  5.945516147345e-02
 5.403923903404e+04  1.503216700000e+01  5.965499756709e-02
 5.403924696777e+04  1.502996800000e+01  5.967217428150e-02
 5.403925490404e+04  1.505201800000e+01  5.982809706270e-02
 5.400336847226e+04  1.499433900000e+01  5.918330389069e-02
 5.400337584994e+04  1.498981500000e+01  5.920165973135e-02
 5.400338320620e+04  1.500371900000e+01  5.927345786809e-02
 5.400339054731e+04  1.500322200000e+01  5.929107648957e-02
 5.440624126812e+04  1.494148300000e+01  5.906797662824e-02
 5.440624777481e+04  1.494624400000e+01  5.912531498357e-02
 5.440625429748e+04  1.494678700000e+01  5.910351177270e-02
 5.440626079039e+04  1.493914100000e+01  5.906561872142e-02
 5.441520433663e+04  1.464409500000e+01  5.739462579479e-02
 5.441521134196e+04  1.466006600000e+01  5.746606151015e-02
 5.441521835666e+04  1.469631300000e+01  5.764956317589e-02
 5.441522536881e+04  1.471915100000e+01  5.778969987594e-02
 5.438427167715e+04  1.492244700000e+01  5.891846552597e-02
 5.438427882080e+04  1.491998500000e+01  5.889806372848e-02
 5.438428595171e+04  1.496033600000e+01  5.914487155207e-02
 5.438429310600e+04  1.497251600000e+01  5.923092519785e-02
 5.438831626415e+04  1.496861600000e+01  5.928922194125e-02
 5.438832429106e+04  1.498668000000e+01  5.941588265525e-02
 5.438833238684e+04  1.499581900000e+01  5.949961076568e-02
 5.438834043758e+04  1.500735600000e+01  5.958307649301e-02
 5.434841116123e+04  1.490527500000e+01  5.968771971073e-02
 5.434841927054e+04  1.492035400000e+01  5.968389390399e-02
 5.434842742453e+04  1.491517100000e+01  5.963741435169e-02
 5.434843584451e+04  1.496597400000e+01  6.030261405276e-02
 5.435740232873e+04  1.420816200000e+01  5.548309433165e-02
 5.435741136413e+04  1.427399800000e+01  5.574198082120e-02
 5.435742042384e+04  1.434162600000e+01  5.608498120658e-02
 5.435742949385e+04  1.441015900000e+01  5.638111081248e-02
 5.480220627855e+04  1.494286300000e+01  6.054673892519e-02
 5.480221236855e+04  1.494941900000e+01  5.992602681722e-02
 5.480221845797e+04  1.493536000000e+01  5.958924718968e-02
 5.480222446962e+04  1.493326000000e+01  5.929253871161e-02
 5.446806127304e+04  1.493679000000e+01  5.907168265601e-02
 5.446806662204e+04  1.496441400000e+01  5.927808957077e-02
 5.446807198330e+04  1.498703400000e+01  5.938413671979e-02
 5.446807733981e+04  1.497467800000e+01  5.941781595932e-02
 5.448315079875e+04  1.491036400000e+01  5.936224446943e-02
 5.448315832031e+04  1.495357200000e+01  5.976041543425e-02
 5.448316588422e+04  1.498713600000e+01  6.007227211641e-02
 5.448317342731e+04  1.492601400000e+01  5.970154448290e-02
 5.477227536725e+04  1.478201700000e+01  5.812078149306e-02
 5.477228138826e+04  1.478623000000e+01  5.815256303065e-02
 5.477228749632e+04  1.479090700000e+01  5.819705252747e-02
 5.477229358817e+04  1.480414700000e+01  5.829556330506e-02
 5.479025334461e+04  1.497507400000e+01  5.915770675501e-02
 5.479026118308e+04  1.497975100000e+01  5.921934509924e-02
 5.479026906646e+04  1.496634400000e+01  5.913253863037e-02
 5.479027693178e+04  1.496148400000e+01  5.912139384869e-02
 5.474342994834e+04  1.482837400000e+01  5.843736782320e-02
 5.474343602955e+04  1.483862900000e+01  5.850481554042e-02
 5.474344217546e+04  1.485816800000e+01  5.869793533829e-02
 5.474345029890e+04  1.486492500000e+01  5.886195029897e-02
 5.474825049425e+04  1.452257500000e+01  5.661908206432e-02
 5.474825780491e+04  1.438941000000e+01  5.597424739965e-02
 5.474826502159e+04  1.425863600000e+01  5.540128017865e-02
 5.474827221292e+04  1.413598200000e+01  5.490542239789e-02
 5.476527052744e+04  1.413168400000e+01  5.484507424236e-02
 5.476527905332e+04  1.418490000000e+01  5.504956507624e-02
 5.476528756150e+04  1.425493800000e+01  5.517960581062e-02
 5.476529616205e+04  1.430293700000e+01  5.553777426605e-02
 5.471635424826e+04  1.474535200000e+01  5.865336809577e-02
 5.471636081699e+04  1.472818800000e+01  5.809517985711e-02
 5.471636734995e+04  1.473672500000e+01  5.793066412179e-02
 5.471637387875e+04  1.474734900000e+01  5.799172426937e-02
 5.473143406709e+04  1.455620900000e+01  5.687728375244e-02
 5.473144118794e+04  1.456952700000e+01  5.693385993224e-02
 5.473144850809e+04  1.461733500000e+01  5.723388607151e-02
 5.473145583172e+04  1.463563700000e+01  5.737081567871e-02
 5.506044521328e+04  1.417435200000e+01  5.536337205094e-02
 5.506045122344e+04  1.419808600000e+01  5.546632825085e-02
 5.506045733416e+04  1.423769200000e+01  5.563313221531e-02
 5.506046342199e+04  1.451775100000e+01  5.673890667024e-02
 5.518018072723e+04  1.484648400000e+01  5.872169859369e-02
 5.518018960351e+04  1.485445200000e+01  5.877546576412e-02
 5.518019851643e+04  1.486787700000e+01  5.887186111986e-02
 5.518020746712e+04  1.489205600000e+01  5.906851498125e-02
 5.514621026690e+04  1.464231700000e+01  5.804687373440e-02
 5.514621748612e+04  1.465682200000e+01  5.783955356970e-02
 5.514622475588e+04  1.467911200000e+01  5.797108624885e-02
 5.514623206065e+04  1.470354900000e+01  5.811577063238e-02
 5.515318276741e+04  1.493439500000e+01  5.941482681739e-02
 5.515319095007e+04  1.496316900000e+01  5.958116182443e-02
 5.515319925022e+04  1.495275600000e+01  5.953106890116e-02
 5.515320746995e+04  1.499212000000e+01  5.978673331590e-02
 5.512132936045e+04  1.391437600000e+01  5.344240332350e-02
 5.512133565616e+04  1.390343800000e+01  5.339363374576e-02
 5.512134203054e+04  1.392165100000e+01  5.344718996418e-02
 5.512134830229e+04  1.393823300000e+01  5.350485488727e-02
 5.513324305941e+04  1.398414000000e+01  5.495558742352e-02
 5.513324843606e+04  1.393490600000e+01  5.475193915833e-02
 5.513325530321e+04  1.396007500000e+01  5.469449245997e-02
 5.513326069736e+04  1.397824800000e+01  5.484393527195e-02
 5.509043432964e+04  1.501171100000e+01  6.009804535587e-02
 5.509043985865e+04  1.502649900000e+01  6.017446142637e-02
 5.509044543473e+04  1.502479800000e+01  6.017840806305e-02
 5.509045101676e+04  1.500868000000e+01  6.008997861339e-02
 5.509941598682e+04  1.429347300000e+01  5.602923668834e-02
 5.509942328558e+04  1.434194200000e+01  5.629259274494e-02
 5.509943076987e+04  1.437653600000e+01  5.645400025958e-02
 5.509943826066e+04  1.442869900000e+01  5.673017732773e-02
 5.553619566881e+04  1.449194900000e+01  5.704340960102e-02
 5.553621005358e+04  1.460604800000e+01  5.765760139217e-02
 5.553621729248e+04  1.464580500000e+01  5.790257334736e-02
 5.550122587628e+04  1.444505900000e+01  5.661083416931e-02
 5.550124264590e+04  1.395537500000e+01  5.898815605766e-02
 5.550125106185e+04  1.392966500000e+01  6.143687472614e-02
 5.550822006674e+04  1.438478100000e+01  5.637994209585e-02
 5.550823397855e+04  1.448524400000e+01  5.684326584913e-02
 5.550824088784e+04  1.451920800000e+01  5.701728291782e-02
 5.551619784729e+04  1.517781300000e+01  6.129046787139e-02
 5.551620929823e+04  1.504201300000e+01  6.023674319037e-02
 5.551621506865e+04  1.507427700000e+01  6.049944011480e-02
 5.547630921201e+04  1.499983400000e+01  6.010888393315e-02
 5.547632419949e+04  1.504396900000e+01  6.040086324556e-02
 5.547633179258e+04  1.504456000000e+01  6.042063350661e-02
 5.548132213841e+04  1.495809300000e+01  5.969171672691e-02
 5.548133487277e+04  1.497936100000e+01  5.983041830630e-02
 5.548134131059e+04  1.499932100000e+01  5.995694760623e-02
 5.549728336528e+04  1.480482500000e+01  5.884490451270e-02
 5.549729732259e+04  1.483785700000e+01  5.903884120201e-02
 5.549730428146e+04  1.484150200000e+01  5.910562048920e-02
 5.557512129377e+04  1.430596300000e+01  5.862023110357e-02
 5.557512750176e+04  1.437756300000e+01  5.911337385850e-02
 5.557513347404e+04  1.442399800000e+01  5.940858574727e-02
 5.557513940479e+04  1.444781100000e+01  5.958700241382e-02
 5.585729708655e+04  1.410357700000e+01  6.182136004794e-02
 5.585730736753e+04  1.404737700000e+01  6.134398274590e-02
 5.585731780484e+04  1.408098500000e+01  6.166071122401e-02
 5.585732809836e+04  1.413751900000e+01  6.218681608393e-02
 5.585729708655e+04  1.409655800000e+01  6.208657593951e-02
 5.585730736753e+04  1.403674400000e+01  6.159692462965e-02
 5.585731780484e+04  1.407138800000e+01  6.190819280183e-02
 5.585732809836e+04  1.413945500000e+01  6.254252800541e-02
 5.582735807748e+04  1.498795100000e+01  5.965366818333e-02
 5.582736597697e+04  1.498266400000e+01  5.967964187904e-02
 5.582737387725e+04  1.498630300000e+01  5.968815050902e-02
 5.582738172812e+04  1.515737700000e+01  6.661591933675e-02
 5.586423270484e+04  1.428855100000e+01  5.577898724323e-02
 5.586423927785e+04  1.432688700000e+01  5.592285685355e-02
 5.586424591502e+04  1.435643100000e+01  5.605663933744e-02
 5.586425250206e+04  1.439749400000e+01  5.623475663206e-02
 5.583434053939e+04  1.494478900000e+01  5.977547010022e-02
 5.583434622361e+04  1.483403500000e+01  5.901525946876e-02
 5.583435195167e+04  1.466601100000e+01  5.797924316011e-02
 5.583435764573e+04  1.450397200000e+01  5.703957207110e-02
 5.584026176176e+04  1.503515300000e+01  5.780823067381e-02
 5.584026716689e+04  1.506408400000e+01  5.793989428434e-02
 5.584027255804e+04  1.504950000000e+01  5.784583575822e-02
 5.584027794778e+04  1.505353000000e+01  5.782688711604e-02
 5.588224198840e+04  1.486962400000e+01  5.889322241404e-02
 5.588224811012e+04  1.485897800000e+01  5.882441971196e-02
 5.588225429159e+04  1.488256400000e+01  5.898032969347e-02
 5.588226036365e+04  1.490403900000e+01  5.902958534055e-02
 5.585231947998e+04  1.432916900000e+01  5.574586998684e-02
 5.585232514082e+04  1.436073500000e+01  5.589509167417e-02
 5.585233079389e+04  1.438335400000e+01  5.599169495169e-02
 5.585233651936e+04  1.442688900000e+01  5.617524506607e-02
 5.592312216219e+04  1.497941200000e+01  5.990259197673e-02
 5.592313057027e+04  1.501242100000e+01  5.989712194885e-02
 5.592313892597e+04  1.500810800000e+01  6.003365049532e-02
 5.592314741987e+04  1.502978100000e+01  6.001822098912e-02
 5.618539687127e+04  1.487615100000e+01  5.742815685937e-02
 5.618540426458e+04  1.469390400000e+01  5.650121893269e-02
 5.618541773951e+04  1.442917300000e+01  5.531959810009e-02
 5.618542524868e+04  1.433180600000e+01  5.493045914026e-02
 5.619625982001e+04  1.499576300000e+01  6.061054400104e-02
 5.619626761704e+04  1.498287000000e+01  6.048648460584e-02
 5.619627432823e+04  1.497885900000e+01  6.050329933936e-02
 5.619628107880e+04  1.492662400000e+01  6.022476359494e-02
 5.620933230029e+04  1.432923500000e+01  5.624058939750e-02
 5.620933800334e+04  1.436412300000e+01  5.642203429794e-02
 5.620934371475e+04  1.440426800000e+01  5.662249245343e-02
 5.620934952142e+04  1.445015200000e+01  5.685505991397e-02
 5.621527821628e+04  1.426017400000e+01  5.590144069316e-02
 5.621528673943e+04  1.431723100000e+01  5.614084795078e-02
 5.621529519278e+04  1.435709000000e+01  5.630760571917e-02
 5.621530375446e+04  1.442045100000e+01  5.659632423005e-02
 5.622232930215e+04  1.491852400000e+01  5.960410183063e-02
 5.622233502275e+04  1.492180000000e+01  5.966960088682e-02
 5.622234122769e+04  1.493533000000e+01  5.977876550931e-02
 5.622234701424e+04  1.494179400000e+01  5.981786174162e-02
