# time mag mag_err
 5.346440032220e+04  1.513770100000e+01  6.004905457035e-02
 5.346440837804e+04  1.513173200000e+01  5.999309996413e-02
 5.346441641409e+04  1.513595100000e+01  6.002451032800e-02
 5.346442447398e+04  1.514160400000e+01  6.004734340941e-02
 5.373252367098e+04  1.491319300000e+01  5.947783066090e-02
 5.373253017824e+04  1.496789200000e+01  5.974480634148e-02
 5.373253667706e+04  1.495464200000e+01  5.964136582958e-02
 5.373254317322e+04  1.496942700000e+01  5.963365610800e-02
 5.355619986374e+04  1.482080800000e+01  5.868143722459e-02
 5.355620811253e+04  1.486766600000e+01  5.897138498575e-02
 5.355621632926e+04  1.487195700000e+01  5.903337978090e-02
 5.355622455120e+04  1.490523100000e+01  5.929743122844e-02
 5.353722401824e+04  1.470012800000e+01  5.926295278538e-02
 5.353723124788e+04  1.474033400000e+01  5.953492467023e-02
 5.353723835309e+04  1.478287400000e+01  5.984920870503e-02
 5.353724547301e+04  1.480096600000e+01  5.997908427973e-02
 5.349436505973e+04  1.473191700000e+01  5.791016396955e-02
 5.349437464760e+04  1.451168200000e+01  5.677119359243e-02
 5.349438420757e+04  1.430051900000e+01  5.582391251449e-02
 5.349439377714e+04  1.424208500000e+01  5.569103561697e-02
 5.350916612689e+04  1.487941500000e+01  5.886843035110e-02
 5.350917253091e+04  1.490502800000e+01  5.899183160794e-02
 5.350917895218e+04  1.494749400000e+01  5.924884217538e-02
 5.350918537600e+04  1.498656400000e+01  5.944820530172e-02
 5.352130091219e+04  1.518184000000e+01  6.097060439026e-02
 5.352130897208e+04  1.518361000000e+01  6.099533273292e-02
 5.352131702144e+04  1.521204800000e+01  6.122463390772e-02
 5.352132514429e+04  1.525986100000e+01  6.165151484110e-02
 5.383433319198e+04  1.515381600000e+01  6.304824073842e-02
 5.383434098252e+04  1.515546300000e+01  6.300901436473e-02
 5.383434878731e+04  1.509859700000e+01  6.255648892889e-02
 5.383436032353e+04  1.519509200000e+01  6.340691518549e-02
 5.384629433765e+04  1.521138000000e+01  6.167317926770e-02
 5.384630408918e+04  1.517218600000e+01  6.132852887184e-02
 5.384631409535e+04  1.518710900000e+01  6.144261638164e-02
 5.384632379328e+04  1.519194800000e+01  6.149003477086e-02
 5.378849844102e+04  1.533882800000e+01  6.216030261383e-02
 5.378850498499e+04  1.530272700000e+01  6.187019305856e-02
 5.378851156957e+04  1.533071500000e+01  6.208309555830e-02
 5.378851818726e+04  1.534871300000e+01  6.225417632950e-02
 5.374450776819e+04  1.512538500000e+01  6.107251820601e-02
 5.374451421758e+04  1.513009600000e+01  6.108836466568e-02
 5.374452065853e+04  1.514318500000e+01  6.116217065786e-02
 5.374452709323e+04  1.515600700000e+01  6.123515396699e-02
 5.376150506278e+04  1.515835900000e+01  6.085476135738e-02
 5.376151199935e+04  1.494471000000e+01  5.932296981527e-02
 5.376151880594e+04  1.473869800000e+01  5.801168666025e-02
 5.376152559493e+04  1.459024100000e+01  5.718341181413e-02
 5.390427956340e+04  1.476139900000e+01  8.388830916398e-02
 5.390428052340e+04  1.473913600000e+01  8.352867141567e-02
 5.390428150516e+04  1.466537300000e+01  8.197489350895e-02
 5.390428247951e+04  1.470839900000e+01  8.288972541226e-02
 5.390722001574e+04  1.499391200000e+01  6.034337455817e-02
 5.390722858353e+04  1.502331700000e+01  6.039501812183e-02
 5.390723715306e+04  1.504086800000e+01  6.077060658495e-02
 5.390724578462e+04  1.506283200000e+01  6.098951051733e-02
 5.379945086208e+04  1.449525900000e+01  5.680061083615e-02
 5.379945967039e+04  1.451843300000e+01  5.728870924845e-02
 5.379946838656e+04  1.456476300000e+01  5.785532437464e-02
 5.379947693213e+04  1.458303500000e+01  5.798129653445e-02
 5.385627963025e+04  1.466425800000e+01  5.784032336629e-02
 5.385628705806e+04  1.471476800000e+01  5.810594754417e-02
 5.385629451745e+04  1.472934900000e+01  5.821784116142e-02
 5.385630194769e+04  1.475337900000e+01  5.836119037086e-02
 5.386340098230e+04  1.491343600000e+01  8.674361064690e-02
 5.386340173859e+04  1.498060000000e+01  8.838818874298e-02
 5.386340249580e+04  1.491634700000e+01  8.660715101254e-02
 5.386340335696e+04  1.497157100000e+01  8.816087774114e-02
 5.387631136486e+04  1.474981300000e+01  5.876574979742e-02
 5.387631984862e+04  1.478812700000e+01  5.905283683351e-02
 5.387632833318e+04  1.482959700000e+01  5.937941036648e-02
 5.387634004616e+04  1.485466900000e+01  5.968965816784e-02
 5.388220114274e+04  1.452365200000e+01  5.723411478610e-02
 5.388220829460e+04  1.456516100000e+01  5.743450670182e-02
 5.388221548755e+04  1.458682000000e+01  5.750099130079e-02
 5.388222264450e+04  1.461483600000e+01  5.765509187730e-02
 5.420635787811e+04  1.514479500000e+01  6.086436984971e-02
 5.420636226641e+04  1.514775500000e+01  6.086674450816e-02
 5.420636668006e+04  1.516986900000e+01  6.100430040687e-02
 5.420637107009e+04  1.514876100000e+01  6.085580766571e-02
 5.421333782900e+04  1.506396900000e+01  6.028516467565e-02
 5.421334725111e+04  1.511565300000e+01  6.032076250744e-02
 5.421335665043e+04  1.513194000000e+01  6.077596223778e-02
 5.421336603156e+04  1.512556300000e+01  6.077060658495e-02
 5.411650038716e+04  1.498433500000e+01  5.891218484493e-02
 5.411650703206e+04  1.500726500000e+01  5.904663635081e-02
 5.411651370844e+04  1.501503700000e+01  5.910271863042e-02
 5.411652055530e+04  1.502955300000e+01  5.915671333178e-02
 5.412850716672e+04  1.517369300000e+01  6.155166157878e-02
 5.412851382422e+04  1.513910500000e+01  6.008657817660e-02
 5.412852046981e+04  1.513813200000e+01  6.016051598192e-02
 5.412852714178e+04  1.516647000000e+01  6.124769314473e-02
 5.425619197700e+04  1.515881700000e+01  6.225345065301e-02
 5.425619838229e+04  1.516696400000e+01  6.408313572792e-02
 5.425620478505e+04  1.522165600000e+01  6.384181853949e-02
 5.425621119878e+04  1.509160600000e+01  6.687043871335e-02
 5.426321204625e+04  1.518789400000e+01  6.149709499261e-02
 5.426321849830e+04  1.516097200000e+01  6.128341978810e-02
 5.426322489943e+04  1.518843500000e+01  6.159589057031e-02
 5.426323130113e+04  1.587469200000e+01  7.968680966704e-02
 5.426919450392e+04  1.515401800000e+01  6.076664698404e-02
 5.426920209098e+04  1.514910500000e+01  6.074752865082e-02
 5.426920968037e+04  1.514624100000e+01  6.069520659357e-02
 5.426921726744e+04  1.517810900000e+01  6.095381075348e-02
 5.417240160131e+04  1.518227200000e+01  6.039001777728e-02
 5.417240813959e+04  1.516016900000e+01  6.023228772916e-02
 5.417241466250e+04  1.517890300000e+01  6.034862960015e-02
 5.417242118643e+04  1.520141700000e+01  6.049969741035e-02
 5.423032790124e+04  1.525730400000e+01  6.144261638164e-02
 5.423033581564e+04  1.532747500000e+01  6.200933090669e-02
 5.423034371476e+04  1.527825900000e+01  6.161006292947e-02
 5.423035161619e+04  1.523359500000e+01  6.128167632616e-02
 5.424133605003e+04  1.470882800000e+01  5.796196485780e-02
 5.456243267912e+04  1.434981000000e+01  5.601738947691e-02
 5.456243825451e+04  1.426620300000e+01  5.566071600918e-02
 5.456244389472e+04  1.422959600000e+01  5.550632151308e-02
 5.456244957626e+04  1.424766000000e+01  5.541017709211e-02
 5.456839084838e+04  1.421990200000e+01  5.512464342730e-02
 5.456839640641e+04  1.422004200000e+01  5.513453183940e-02
 5.456840198169e+04  1.422635100000e+01  5.515726052780e-02
 5.456840754644e+04  1.425613200000e+01  5.528027170993e-02
 5.450352744237e+04  1.431307600000e+01  5.537741162878e-02
 5.450353356918e+04  1.434748500000e+01  5.552531221908e-02
 5.450353965027e+04  1.437295900000e+01  5.562582762298e-02
 5.450354574688e+04  1.441128100000e+01  5.579258683697e-02
 5.451045247343e+04  1.531232400000e+01  6.130792905093e-02
 5.451045896218e+04  1.531946800000e+01  6.133997890688e-02
 5.451046546875e+04  1.532412900000e+01  6.131794808489e-02
 5.451047198088e+04  1.531895500000e+01  6.129016547791e-02
 5.464819261557e+04  1.516266100000e+01  6.119508491020e-02
 5.464819764255e+04  1.519819600000e+01  6.151928057675e-02
 5.464820261641e+04  1.519857200000e+01  6.153539303799e-02
 5.464820760253e+04  1.519130700000e+01  6.157365777920e-02
 5.452939578260e+04  1.532234100000e+01  6.147880128575e-02
 5.452940773898e+04  1.528596700000e+01  6.112472537524e-02
 5.452941968889e+04  1.507467900000e+01  5.955469692709e-02
 5.452943159561e+04  1.470633300000e+01  5.732235371867e-02
 5.494138981683e+04  1.518211500000e+01  5.838985652591e-02
 5.494139705471e+04  1.517485700000e+01  5.833146176894e-02
 5.494140425333e+04  1.515884300000e+01  5.826752199625e-02
 5.494141149712e+04  1.518012200000e+01  5.839651786871e-02
 5.494938553793e+04  1.511947500000e+01  6.019120344529e-02
 5.494939363209e+04  1.512385700000e+01  6.023010217764e-02
 5.494940171447e+04  1.513280000000e+01  6.032940789674e-02
 5.494940988745e+04  1.514850000000e+01  6.044760401126e-02
 5.504415380918e+04  1.515144700000e+01  6.430833858200e-02
 5.504415772353e+04  1.518223400000e+01  6.465309073822e-02
 5.504416162823e+04  1.515294900000e+01  6.437041861992e-02
 5.504416559451e+04  1.509596100000e+01  6.384468711987e-02
 5.488645986537e+04  1.456279700000e+01  5.661976598344e-02
 5.488646528960e+04  1.454080100000e+01  5.767755419043e-02
 5.488647387995e+04  1.461003200000e+01  5.675827298851e-02
 5.488647939713e+04  1.468092200000e+01  5.759319042082e-02
 5.486245736978e+04  1.517398500000e+01  6.040332670186e-02
 5.486246768916e+04  1.520773200000e+01  6.057493289609e-02
 5.486247809893e+04  1.523310700000e+01  6.070527935008e-02
 5.486248875618e+04  1.525955700000e+01  6.089045788965e-02
 5.501716077190e+04  1.528671200000e+01  6.939828829269e-02
 5.501716435275e+04  1.540780300000e+01  7.083269710614e-02
 5.501716798723e+04  1.536110600000e+01  7.051381471682e-02
 5.501717177017e+04  1.537356800000e+01  7.058663003797e-02
 5.491138320701e+04  1.474687600000e+01  5.754621241847e-02
 5.491138927664e+04  1.476785400000e+01  5.803159862004e-02
 5.491139537023e+04  1.481329700000e+01  5.854380321984e-02
 5.491140139715e+04  1.479243000000e+01  5.821408480781e-02
 5.496427340213e+04  1.431368100000e+01  5.564981873765e-02
 5.496428066730e+04  1.436356800000e+01  5.584538146742e-02
 5.496428796306e+04  1.437130900000e+01  5.586350931235e-02
 5.496429522605e+04  1.442055900000e+01  5.609602719495e-02
 5.497524989808e+04  1.492596600000e+01  5.898756783016e-02
 5.497525644192e+04  1.491460300000e+01  5.896221863260e-02
 5.497526302338e+04  1.496134500000e+01  5.918871102926e-02
 5.497526958344e+04  1.496822700000e+01  5.920629843374e-02
 5.498123826611e+04  1.509391000000e+01  6.037521607748e-02
 5.498124312471e+04  1.505422200000e+01  5.979096768445e-02
 5.498124787541e+04  1.505283100000e+01  5.980290852714e-02
 5.498125266884e+04  1.504387600000e+01  5.971541228524e-02
 5.529534587612e+04  1.479093000000e+01  5.798548581422e-02
 5.529535156841e+04  1.478723900000e+01  5.796688211997e-02
 5.529535737581e+04  1.481970000000e+01  5.815668569108e-02
 5.529536316338e+04  1.485563400000e+01  5.834988336161e-02
 5.524246496971e+04  1.508189100000e+01  6.009581777776e-02
 5.524247423411e+04  1.509952300000e+01  6.016564762805e-02
 5.524248353515e+04  1.511516400000e+01  6.026511578224e-02
 5.524249286620e+04  1.512383500000e+01  6.024932261419e-02
 5.535023703598e+04  1.514725400000e+01  6.057931933464e-02
 5.535024502941e+04  1.519700000000e+01  6.155236853922e-02
 5.535025314036e+04  1.519039700000e+01  6.083802212295e-02
 5.535026119675e+04  1.525495200000e+01  6.178974500426e-02
 5.535622405992e+04  1.527194000000e+01  6.132382731744e-02
 5.535622976324e+04  1.527688600000e+01  6.135165928981e-02
 5.535623537949e+04  1.530740400000e+01  6.158873023283e-02
 5.535624105271e+04  1.531219900000e+01  6.164625690073e-02
 5.536519027942e+04  1.498166000000e+01  5.925407394338e-02
 5.536519483358e+04  1.503901400000e+01  5.958494545129e-02
 5.536519933657e+04  1.505837000000e+01  5.975159682008e-02
 5.536520386644e+04  1.505350500000e+01  5.966731406937e-02
 5.527042844171e+04  1.463739300000e+01  5.721984350886e-02
 5.527043544056e+04  1.466758300000e+01  5.737365894715e-02
 5.527044251050e+04  1.469455900000e+01  5.755257094669e-02
 5.527044953109e+04  1.470947100000e+01  5.768337194517e-02
 5.527643535012e+04  1.482106900000e+01  5.901824285642e-02
 5.527644220343e+04  1.482599000000e+01  5.855306403557e-02
 5.527644920293e+04  1.487061200000e+01  5.862332644276e-02
 5.527645615547e+04  1.490461100000e+01  5.880527879329e-02
 5.532136022420e+04  1.494211700000e+01  5.888618850463e-02
 5.532136594852e+04  1.495468900000e+01  5.895806573522e-02
 5.532137181571e+04  1.496129500000e+01  5.900574971718e-02
 5.532137761273e+04  1.500337500000e+01  5.929413280963e-02
 5.532937280098e+04  1.464755300000e+01  5.714282954718e-02
 5.532937980053e+04  1.466256300000e+01  5.724328498548e-02
 5.532938678863e+04  1.469034900000e+01  5.740303513049e-02
 5.532939376144e+04  1.471891700000e+01  5.759709469740e-02
 5.533828423843e+04  1.516560200000e+01  6.050189810870e-02
 5.533829175281e+04  1.519457800000e+01  6.066286519583e-02
 5.533829929405e+04  1.516121900000e+01  6.045538286288e-02
 5.533830682860e+04  1.523988900000e+01  6.109268952471e-02
 5.565441846882e+04  1.473091200000e+01  5.874090332174e-02
 5.565442299185e+04  1.479545000000e+01  6.129349148641e-02
 5.565442758144e+04  1.477654700000e+01  5.968000006080e-02
 5.565443213860e+04  1.474335000000e+01  5.933344913446e-02
 5.566338591125e+04  1.525285300000e+01  5.950926794252e-02
 5.566339352759e+04  1.526528500000e+01  5.959088480067e-02
 5.566340119409e+04  1.528534500000e+01  5.974427296107e-02
 5.566340888087e+04  1.533123200000e+01  6.009702305334e-02
 5.567442783095e+04  1.473492900000e+01  5.833552511209e-02
 5.567443585819e+04  1.475512500000e+01  5.847074073200e-02
 5.567444388927e+04  1.481439300000e+01  5.890995419531e-02
 5.567445199178e+04  1.484266700000e+01  5.913226527071e-02
 5.560449364398e+04  1.521566200000e+01  6.093976624057e-02
 5.560449996977e+04  1.512932300000e+01  6.034561403495e-02
 5.560450636521e+04  1.501964000000e+01  5.957663482368e-02
 5.560451274127e+04  1.477003900000e+01  5.800437331312e-02
 5.557750848611e+04  1.418308800000e+01  5.702101133803e-02
 5.557751580977e+04  1.421685400000e+01  5.713548203390e-02
 5.557752319954e+04  1.423056000000e+01  5.719606023815e-02
 5.557753056598e+04  1.427276800000e+01  5.740407613494e-02
 5.562149211369e+04  1.489872300000e+01  5.883279261400e-02
 5.562149797765e+04  1.492469100000e+01  5.900163456762e-02
 5.562150382888e+04  1.492434200000e+01  5.900426186826e-02
 5.562150965995e+04  1.491793700000e+01  5.897128391973e-02
 5.563442204212e+04  1.474999600000e+01  5.824558590358e-02
 5.563443076965e+04  1.477223300000e+01  5.834266282413e-02
 5.563443949928e+04  1.479557000000e+01  5.843980859675e-02
 5.563444814881e+04  1.484196100000e+01  5.870527235032e-02
 5.564738811476e+04  1.470910000000e+01  5.813178622701e-02
 5.564739388356e+04  1.477078000000e+01  5.847148983589e-02
 5.564739966940e+04  1.476223200000e+01  5.840008992020e-02
 5.564740544480e+04  1.478799800000e+01  5.855300924530e-02
 5.568733067324e+04  1.443411200000e+01  5.686750031512e-02
 5.568733528646e+04  1.444861700000e+01  5.693208452526e-02
 5.568733993345e+04  1.448155700000e+01  5.712261643327e-02
 5.568734452883e+04  1.451029400000e+01  5.729410807021e-02
 5.570128146742e+04  1.527557900000e+01  6.202949570908e-02
 5.570128940172e+04  1.523821800000e+01  6.170631837237e-02
 5.570129729844e+04  1.512483400000e+01  6.080331470831e-02
 5.570130528797e+04  1.490788200000e+01  5.926713897275e-02
 5.570531520095e+04  1.491691700000e+01  5.960396064752e-02
 5.570532380704e+04  1.497572100000e+01  6.003367623973e-02
 5.570533239485e+04  1.496461400000e+01  6.000261314335e-02
 5.570534100895e+04  1.502614800000e+01  6.048397786041e-02
 5.424135311870e+04  1.477328400000e+01  5.836469464681e-02
 5.424136320058e+04  1.482779300000e+01  5.877146094883e-02
 5.424137328441e+04  1.486773500000e+01  5.906522532895e-02
 5.424138336789e+04  1.488414800000e+01  5.923606998865e-02
 5.533828423843e+04  1.517119200000e+01  6.051526883959e-02
 5.533829175281e+04  1.520109800000e+01  6.067204109322e-02
 5.533829929405e+04  1.515825100000e+01  6.040324248790e-02
 5.533830682860e+04  1.524541900000e+01  6.109905410255e-02
 5.592653514969e+04  1.501942100000e+01  5.968403768508e-02
 5.592653856686e+04  1.501656700000e+01  5.964200479602e-02
 5.592654204669e+04  1.503348900000e+01  5.973626012237e-02
 5.592654543309e+04  1.503200500000e+01  5.969437515468e-02
 5.598251938310e+04  1.483998700000e+01  5.832415560608e-02
 5.598252336353e+04  1.469280200000e+01  5.747956636533e-02
 5.598252735725e+04  1.461823600000e+01  5.706378683645e-02
 5.598253135258e+04  1.451776200000e+01  5.656578748136e-02
 5.598839079656e+04  1.522575600000e+01  6.123392459644e-02
 5.598839825733e+04  1.526917400000e+01  6.153447716160e-02
 5.598840573385e+04  1.528216100000e+01  6.161424666006e-02
 5.598841312444e+04  1.529943100000e+01  6.172251078149e-02
 5.600340988549e+04  1.513718100000e+01  6.044017691999e-02
 5.600341847772e+04  1.516800200000e+01  6.065600917742e-02
 5.600342709111e+04  1.513892800000e+01  6.044395988150e-02
 5.600343567443e+04  1.514529900000e+01  6.048303782549e-02
 5.601346182324e+04  1.462429400000e+01  5.761520709252e-02
 5.601346638910e+04  1.460944500000e+01  5.753624528951e-02
 5.601347095832e+04  1.463807100000e+01  5.772227687481e-02
 5.601347551469e+04  1.466699600000e+01  5.789807836477e-02
 5.603243071925e+04  1.474500700000e+01  5.821168229994e-02
 5.603243430670e+04  1.475193900000e+01  5.824984525658e-02
 5.603243789278e+04  1.477608700000e+01  5.843788045208e-02
 5.603244147293e+04  1.478548400000e+01  5.845415174184e-02
 5.605931407265e+04  1.464122900000e+01  5.723075061439e-02
 5.605932078236e+04  1.450678100000e+01  5.643357741640e-02
 5.605932757933e+04  1.433809200000e+01  5.563673523992e-02
 5.605933439637e+04  1.422532500000e+01  5.517501398991e-02
 5.606936823768e+04  1.517782500000e+01  6.070757740836e-02
 5.606937503270e+04  1.519453600000e+01  6.089427168359e-02
 5.606938180273e+04  1.516308800000e+01  6.067814821284e-02
 5.606938862027e+04  1.517624300000e+01  6.081648396066e-02
 5.608732304389e+04  1.520093000000e+01  6.053589893370e-02
 5.608732814447e+04  1.518318500000e+01  6.055552046145e-02
 5.608733345723e+04  1.522429900000e+01  6.090771992989e-02
 5.608733859775e+04  1.521052400000e+01  6.080258399577e-02
 5.609321656222e+04  1.516256400000e+01  6.061592919914e-02
 5.609322502580e+04  1.518398900000e+01  6.077208865127e-02
 5.609323354919e+04  1.520613000000e+01  6.094697177318e-02
 5.609324198998e+04  1.520099300000e+01  6.091964664911e-02
 5.615214561589e+04  1.514807700000e+01  6.197684828104e-02
 5.615215081398e+04  1.519465100000e+01  6.247383332329e-02
 5.615215597245e+04  1.517967500000e+01  6.241677324490e-02
 5.615216119068e+04  1.514105100000e+01  6.226398912783e-02
