# time mag mag_err
 5.390137909197e+04  1.544742400000e+01  1.067055519925e-01
 5.390138017420e+04  1.537666100000e+01  1.038838258454e-01
 5.390138128906e+04  1.535475700000e+01  1.026973261054e-01
 5.390138232708e+04  1.539297900000e+01  1.043179397611e-01
 5.385644383378e+04  1.605944700000e+01  7.040208505240e-02
 5.385644936334e+04  1.597665200000e+01  6.929632421992e-02
 5.385645490598e+04  1.600242900000e+01  6.963989968539e-02
 5.385646044874e+04  1.605642300000e+01  7.032180008279e-02
 5.388032871120e+04  1.553893600000e+01  6.440706624053e-02
 5.388033716023e+04  1.553176100000e+01  6.434111567511e-02
 5.388034563311e+04  1.546344900000e+01  6.370056271422e-02
 5.388035406594e+04  1.549193100000e+01  6.392501342446e-02
 5.405706826420e+04  1.581951100000e+01  6.586575750397e-02
 5.405707370210e+04  1.583104600000e+01  6.604414446345e-02
 5.405707913812e+04  1.578220100000e+01  6.553173340957e-02
 5.405708456061e+04  1.587696500000e+01  6.666237199054e-02
 5.399713594381e+04  1.552950400000e+01  6.269690679322e-02
 5.399714551582e+04  1.553725500000e+01  6.280993590181e-02
 5.399715510681e+04  1.553984300000e+01  6.285149898443e-02
 5.399716467834e+04  1.557119800000e+01  6.317232962927e-02
 5.421046974912e+04  1.579107000000e+01  6.608162948140e-02
 5.421047364122e+04  1.575206100000e+01  6.567067889285e-02
 5.421047758667e+04  1.575006500000e+01  6.565218043243e-02
 5.421048149183e+04  1.579434700000e+01  6.614573371122e-02
 5.415850495928e+04  1.600990800000e+01  6.792275440855e-02
 5.415850998639e+04  1.599101700000e+01  6.765454140089e-02
 5.415851504589e+04  1.600771800000e+01  6.787470349451e-02
 5.415852011906e+04  1.603795500000e+01  6.822947951788e-02
 5.427032056374e+04  1.590545900000e+01  6.810707514870e-02
 5.427032503282e+04  1.587887200000e+01  6.776792322608e-02
 5.427032951707e+04  1.592090200000e+01  6.831130926746e-02
 5.427033399670e+04  1.590885100000e+01  6.813764592174e-02
 5.427730495927e+04  1.599798100000e+01  6.897451779776e-02
 5.427730943900e+04  1.610021700000e+01  7.037318004883e-02
 5.427731397199e+04  1.607570800000e+01  7.046877042999e-02
 5.427731847441e+04  1.605194800000e+01  6.976243882287e-02
 5.418644906082e+04  1.567230600000e+01  7.967378112732e-02
 5.418645074759e+04  1.565440000000e+01  7.837885366578e-02
 5.418645246262e+04  1.560990500000e+01  7.524620687064e-02
 5.418645418470e+04  1.563932000000e+01  7.451376526084e-02
 5.423936604073e+04  1.586258100000e+01  6.851886424967e-02
 5.423937581622e+04  1.569580600000e+01  6.648449003985e-02
 5.423938551057e+04  1.565216900000e+01  6.598884268100e-02
 5.423939514252e+04  1.564593100000e+01  6.589843609418e-02
 5.463033522003e+04  1.600546100000e+01  6.821981983450e-02
 5.463034069854e+04  1.599155100000e+01  6.801703924857e-02
 5.463034612046e+04  1.595427600000e+01  6.757287940763e-02
 5.463035150174e+04  1.588366000000e+01  6.675231985902e-02
 5.471620614135e+04  1.583916900000e+01  6.606230342347e-02
 5.471621169973e+04  1.584613000000e+01  6.617119138794e-02
 5.471621726656e+04  1.581941700000e+01  6.589232412960e-02
 5.471622291950e+04  1.582638600000e+01  6.603441498854e-02
 5.492244321801e+04  1.571377700000e+01  8.118949200877e-02
 5.494839099962e+04  1.587485000000e+01  6.999278114104e-02
 5.494839589789e+04  1.588422500000e+01  7.009387886442e-02
 5.494840081438e+04  1.587254100000e+01  6.996409452998e-02
 5.494840572237e+04  1.593284100000e+01  7.079573786824e-02
 5.486649714936e+04  1.609153700000e+01  6.906241497428e-02
 5.486650323613e+04  1.607456200000e+01  6.879914422880e-02
 5.486650941410e+04  1.612910100000e+01  6.947488612793e-02
 5.486651560156e+04  1.610640200000e+01  6.919862157903e-02
 5.499338101528e+04  1.601443400000e+01  6.848360388233e-02
 5.499338587120e+04  1.600919800000e+01  6.843038921925e-02
 5.499339066693e+04  1.602041800000e+01  6.859882194313e-02
 5.499339551799e+04  1.607157200000e+01  6.923767826336e-02
 5.500636578313e+04  1.607902200000e+01  7.033705473645e-02
 5.500637063719e+04  1.609898600000e+01  7.052770136085e-02
 5.500637547541e+04  1.605390700000e+01  6.996323392611e-02
 5.500638014903e+04  1.608746900000e+01  7.041566677463e-02
 5.491346791259e+04  1.555464500000e+01  6.423106696665e-02
 5.491347337353e+04  1.557200700000e+01  6.418890717738e-02
 5.491347873560e+04  1.555855200000e+01  6.307016898249e-02
 5.491348426541e+04  1.549778900000e+01  6.243759093347e-02
 5.496933100675e+04  1.581701000000e+01  6.709934116229e-02
 5.496933772862e+04  1.578643300000e+01  6.738135053610e-02
 5.496934448708e+04  1.577650300000e+01  6.791997655113e-02
 5.496935126359e+04  1.578037200000e+01  6.725876386191e-02
 5.512908878780e+04  1.596690400000e+01  7.470550302471e-02
 5.512909280374e+04  1.595588800000e+01  7.458553363956e-02
 5.512909679584e+04  1.597973600000e+01  7.507293883144e-02
 5.512910080738e+04  1.607368100000e+01  7.667238590169e-02
 5.510114256196e+04  1.589639100000e+01  6.768663373435e-02
 5.510114618624e+04  1.590349800000e+01  6.780049130546e-02
 5.510114988793e+04  1.587762000000e+01  6.748383998146e-02
 5.510115364517e+04  1.594120600000e+01  6.826092950446e-02
 5.529744200537e+04  1.597124100000e+01  6.812967259851e-02
 5.529744723375e+04  1.601428100000e+01  6.865369117178e-02
 5.529745252211e+04  1.598752500000e+01  6.833672058563e-02
 5.529745775153e+04  1.600306500000e+01  6.854017738693e-02
 5.536030707442e+04  1.570340500000e+01  6.508297330435e-02
 5.536031221994e+04  1.570841700000e+01  6.515801324775e-02
 5.536031742538e+04  1.573694600000e+01  6.541996248493e-02
 5.536032262459e+04  1.574540400000e+01  6.552221595993e-02
 5.536630225847e+04  1.555546700000e+01  6.356481150375e-02
 5.536630859236e+04  1.563803600000e+01  6.439335590161e-02
 5.536631491763e+04  1.554114200000e+01  6.343410034036e-02
 5.536632128333e+04  1.562769500000e+01  6.426577270316e-02
 5.528148744811e+04  1.559877600000e+01  6.772464876634e-02
 5.528149098207e+04  1.562700700000e+01  6.803364159589e-02
 5.528149458758e+04  1.562463800000e+01  6.804375678156e-02
 5.528149816171e+04  1.562867600000e+01  6.807965259085e-02
 5.533134570955e+04  1.598667200000e+01  6.885776041679e-02
 5.533134858713e+04  1.595045600000e+01  6.841752376725e-02
 5.533135148461e+04  1.601087400000e+01  6.931520636654e-02
 5.533135437804e+04  1.594607300000e+01  6.806753846079e-02
 5.533737132811e+04  1.591498500000e+01  6.740066401357e-02
 5.533737653870e+04  1.587522100000e+01  6.695295023938e-02
 5.533738177056e+04  1.586471300000e+01  6.682786860232e-02
 5.533738701854e+04  1.587311900000e+01  6.694056560041e-02
 5.534738203402e+04  1.567457400000e+01  6.461500759356e-02
 5.534738661807e+04  1.570361200000e+01  6.488854692896e-02
 5.534739127177e+04  1.572022600000e+01  6.509311581031e-02
 5.534739591899e+04  1.569050600000e+01  6.481234968313e-02
 5.551408130906e+04  1.614197700000e+01  7.154428250454e-02
 5.551408923897e+04  1.622903700000e+01  7.293167891897e-02
 5.551409319206e+04  1.619278500000e+01  7.242463883603e-02
 5.547608864856e+04  1.628124000000e+01  7.347161928871e-02
 5.547609666449e+04  1.624860700000e+01  7.285246837108e-02
 5.547610061677e+04  1.622249900000e+01  7.251244623331e-02
 5.565347807237e+04  1.562544900000e+01  7.016214751758e-02
 5.565348135080e+04  1.567112700000e+01  7.085538151012e-02
 5.565348461994e+04  1.568061000000e+01  7.097545457526e-02
 5.565348790634e+04  1.564312400000e+01  7.047072411170e-02
 5.569339983334e+04  1.558772000000e+01  6.676085785066e-02
 5.569340399744e+04  1.561830900000e+01  6.710992713015e-02
 5.569340817071e+04  1.558798600000e+01  6.674526624841e-02
 5.569341231756e+04  1.558386100000e+01  6.671369317041e-02
 5.586207118664e+04  1.578062300000e+01  7.128955748356e-02
 5.586207496810e+04  1.585622800000e+01  7.243768734306e-02
 5.586207870833e+04  1.585850600000e+01  7.249832371910e-02
 5.586208243907e+04  1.585524700000e+01  7.251260804218e-02
 5.604537897910e+04  1.594478800000e+01  6.840956975998e-02
 5.604538531147e+04  1.590992600000e+01  6.796907948900e-02
 5.604539165376e+04  1.598352000000e+01  6.886336402051e-02
 5.604539792812e+04  1.603119100000e+01  6.948162007043e-02
 5.607723479649e+04  1.583718300000e+01  6.903011391119e-02
 5.607724162591e+04  1.587128700000e+01  6.947384233275e-02
 5.607724841480e+04  1.585887200000e+01  6.929314381584e-02
 5.607725512957e+04  1.583147000000e+01  6.891994721806e-02
 5.609134109001e+04  1.555309200000e+01  6.614219039141e-02
 5.609134617699e+04  1.556880200000e+01  6.439051407228e-02
 5.609135732860e+04  1.550705000000e+01  7.438909793452e-02
 5.609136246300e+04  1.560378100000e+01  6.457165683501e-02
 5.610024877956e+04  1.576927900000e+01  6.646332794700e-02
 5.610025558730e+04  1.579104000000e+01  6.673232606191e-02
 5.610026251461e+04  1.580445200000e+01  6.683043874818e-02
 5.610026945975e+04  1.584538200000e+01  6.724024825142e-02
 5.622607900468e+04  1.594023600000e+01  7.166087275392e-02
 5.622608349242e+04  1.603855800000e+01  7.316329708833e-02
 5.622608797263e+04  1.602561700000e+01  7.299718174074e-02
 5.622609246984e+04  1.596116200000e+01  7.209459580159e-02
