# time mag mag_err
 5.347041782514e+04  1.592914300000e+01  6.939460863254e-02
 5.347042502249e+04  1.585096800000e+01  6.832955229204e-02
 5.347043219656e+04  1.577749800000e+01  6.742738966854e-02
 5.347043941719e+04  1.556636200000e+01  6.512883189814e-02
 5.355828053573e+04  1.515323300000e+01  6.063173849561e-02
 5.355828758666e+04  1.518808500000e+01  6.089135687332e-02
 5.355829453087e+04  1.519611100000e+01  6.094882197370e-02
 5.355830144834e+04  1.523153800000e+01  6.117876470146e-02
 5.356723229600e+04  1.579331200000e+01  6.801694169175e-02
 5.356723878301e+04  1.589928500000e+01  7.230116546426e-02
 5.356724526829e+04  1.580587500000e+01  6.758167627982e-02
 5.356725174002e+04  1.595454700000e+01  7.202687771820e-02
 5.354928725993e+04  1.561411500000e+01  6.505958464462e-02
 5.354929383052e+04  1.563962100000e+01  6.524984268540e-02
 5.354930035098e+04  1.565275700000e+01  6.544253814381e-02
 5.354930690362e+04  1.567592500000e+01  6.567455359271e-02
 5.349735802709e+04  1.566482300000e+01  6.418082322921e-02
 5.349736610920e+04  1.544584500000e+01  6.233448421644e-02
 5.349737416157e+04  1.534592100000e+01  6.146821785889e-02
 5.349738223814e+04  1.524336900000e+01  6.088760765989e-02
 5.350638834976e+04  1.579507600000e+01  6.806090355846e-02
 5.350639507845e+04  1.580052600000e+01  6.812760608230e-02
 5.350640192740e+04  1.579272400000e+01  6.809198051655e-02
 5.350640867437e+04  1.580132900000e+01  6.818377600475e-02
 5.364409648515e+04  1.569124200000e+01  6.622543240271e-02
 5.364410131109e+04  1.568443400000e+01  6.614897674955e-02
 5.364410620439e+04  1.572537900000e+01  6.663979570107e-02
 5.364411104906e+04  1.570889900000e+01  6.610948142203e-02
 5.365311078903e+04  1.537379100000e+01  6.357100332332e-02
 5.365311561867e+04  1.535867300000e+01  6.355295230124e-02
 5.365312047341e+04  1.538475400000e+01  6.381802038009e-02
 5.365312537841e+04  1.539128300000e+01  6.393821634776e-02
 5.385037839814e+04  1.584984100000e+01  7.040893771740e-02
 5.385038654669e+04  1.576191300000e+01  6.646017485339e-02
 5.385039472292e+04  1.572463100000e+01  6.718976215038e-02
 5.385040278442e+04  1.575288400000e+01  6.625385819900e-02
 5.392535319795e+04  1.577579000000e+01  1.150731313259e-01
 5.392535472743e+04  1.578047700000e+01  1.153550772834e-01
 5.392535629775e+04  1.583245600000e+01  1.177187071859e-01
 5.392535783140e+04  1.586273100000e+01  1.192561640178e-01
 5.390030816858e+04  1.544654800000e+01  1.044130811387e-01
 5.390030916665e+04  1.541578600000e+01  1.036010822749e-01
 5.390031013869e+04  1.537721800000e+01  1.022032439877e-01
 5.390031112230e+04  1.548864800000e+01  1.058840309612e-01
 5.381948957329e+04  1.531703100000e+01  6.178168573327e-02
 5.381949624862e+04  1.541817800000e+01  6.389296018385e-02
 5.381950306933e+04  1.547500900000e+01  6.616665217055e-02
 5.381950997037e+04  1.542337200000e+01  6.632704780087e-02
 5.385941739797e+04  1.559637800000e+01  6.474861654382e-02
 5.385942544618e+04  1.559535200000e+01  6.477763247649e-02
 5.385943351741e+04  1.561373400000e+01  6.496025364947e-02
 5.385944162152e+04  1.563468200000e+01  6.519999203790e-02
 5.386638426005e+04  1.543018900000e+01  9.962651370821e-02
 5.386638505060e+04  1.544208100000e+01  1.000041974260e-01
 5.386638583929e+04  1.543770100000e+01  9.984255610608e-02
 5.386638662521e+04  1.564005400000e+01  1.068791458096e-01
 5.387941399546e+04  1.575461500000e+01  6.614663878411e-02
 5.388625842402e+04  1.537035700000e+01  6.120597223467e-02
 5.388626909191e+04  1.541479900000e+01  6.153652038799e-02
 5.388627976929e+04  1.544120800000e+01  6.176954722245e-02
 5.388629041090e+04  1.549725900000e+01  6.220917697241e-02
 5.399814635853e+04  1.513576500000e+01  5.965053573263e-02
 5.399815113260e+04  1.508134100000e+01  5.930436498475e-02
 5.399815589257e+04  1.502814400000e+01  5.898746636547e-02
 5.399816066583e+04  1.500540300000e+01  5.887353827371e-02
 5.400810971201e+04  1.573841200000e+01  6.986875042765e-02
 5.400811694628e+04  1.578897200000e+01  7.056790900412e-02
 5.400812418009e+04  1.578106800000e+01  7.055041075803e-02
 5.400813142907e+04  1.573017800000e+01  6.991470057866e-02
 5.420442586525e+04  1.517853700000e+01  6.009495304101e-02
 5.420443377317e+04  1.518735200000e+01  6.016171191924e-02
 5.420444166801e+04  1.521796000000e+01  6.036665217661e-02
 5.420444953021e+04  1.525948200000e+01  6.068821549772e-02
 5.421346064575e+04  1.595517000000e+01  6.811188337388e-02
 5.421346950685e+04  1.594498800000e+01  6.799012189597e-02
 5.421347842894e+04  1.587271800000e+01  6.716239063001e-02
 5.421348727069e+04  1.579889400000e+01  6.629532473145e-02
 5.429023292525e+04  1.571089600000e+01  6.683135155299e-02
 5.429023775385e+04  1.568634000000e+01  6.632387713576e-02
 5.429024256255e+04  1.577186300000e+01  7.002515290685e-02
 5.429024737782e+04  1.557434500000e+01  8.659392620388e-02
 5.425836215005e+04  1.545194300000e+01  6.228265300515e-02
 5.425836901046e+04  1.550135600000e+01  6.274579568966e-02
 5.425837590825e+04  1.548154200000e+01  6.261229488523e-02
 5.425838277897e+04  1.552878400000e+01  6.301862285664e-02
 5.426727263972e+04  1.588846300000e+01  6.830557256562e-02
 5.426728030098e+04  1.602477600000e+01  7.849723747463e-02
 5.426930242039e+04  1.578633500000e+01  6.591023752323e-02
 5.426931101758e+04  1.574510600000e+01  6.549628511455e-02
 5.426931958213e+04  1.578630500000e+01  6.593975741096e-02
 5.426932818638e+04  1.580115700000e+01  6.612871216017e-02
 5.417148239900e+04  1.583509800000e+01  6.578429844216e-02
 5.417148732726e+04  1.585283400000e+01  6.592812432882e-02
 5.417149225865e+04  1.573450300000e+01  6.468422877398e-02
 5.417149718597e+04  1.565675600000e+01  6.391409594252e-02
 5.418647871252e+04  1.581181600000e+01  6.808963134884e-02
 5.418648259524e+04  1.579426600000e+01  6.775234595680e-02
 5.418648646697e+04  1.584352200000e+01  6.836363137173e-02
 5.418649037515e+04  1.583239900000e+01  6.819765780799e-02
 5.423040691906e+04  1.559411300000e+01  6.390319679364e-02
 5.423041451007e+04  1.560061400000e+01  6.396747217582e-02
 5.423042210697e+04  1.560651100000e+01  6.402672966291e-02
 5.423042969844e+04  1.562582200000e+01  6.424403118893e-02
 5.423635125819e+04  1.562192200000e+01  6.462727564142e-02
 5.423635877269e+04  1.565311000000e+01  6.496057044471e-02
 5.423636629367e+04  1.565788000000e+01  6.497001820710e-02
 5.423637400157e+04  1.569164000000e+01  6.538144806416e-02
 5.424240905096e+04  1.582527300000e+01  6.666383160162e-02
 5.424241714604e+04  1.579147100000e+01  6.631367758681e-02
 5.424242524112e+04  1.582728800000e+01  6.665475811679e-02
 5.424243332196e+04  1.582467200000e+01  6.672700915556e-02
 5.440706950237e+04  1.570215100000e+01  7.033359113273e-02
 5.440707338890e+04  1.572515100000e+01  7.069631469315e-02
 5.440707721861e+04  1.569175800000e+01  7.030951401203e-02
 5.440708105178e+04  1.564889500000e+01  6.978227193636e-02
 5.438008813841e+04  1.553365100000e+01  6.746241852717e-02
 5.438009149182e+04  1.557311700000e+01  6.795983135660e-02
 5.438009487486e+04  1.556196200000e+01  6.953288276377e-02
 5.438009823058e+04  1.554387900000e+01  7.026384565083e-02
 5.438707908701e+04  1.550952000000e+01  6.709641722927e-02
 5.438708422222e+04  1.555254100000e+01  6.771148937048e-02
 5.438708935640e+04  1.552621900000e+01  6.741634728722e-02
 5.438709447007e+04  1.557424800000e+01  6.807896806141e-02
 5.439308331275e+04  1.568729400000e+01  7.406376619375e-02
 5.439308547721e+04  1.572481400000e+01  7.466241302894e-02
 5.439308763543e+04  1.569782600000e+01  7.433461738646e-02
 5.439308978889e+04  1.571867300000e+01  7.346857600149e-02
 5.434818354435e+04  1.511703600000e+01  6.037032042463e-02
 5.434819183260e+04  1.514682300000e+01  6.076507631974e-02
 5.434820031637e+04  1.521562800000e+01  6.135557001667e-02
 5.434820865706e+04  1.521717900000e+01  6.134072549428e-02
 5.435714354884e+04  1.577883400000e+01  6.564691449673e-02
 5.435714834527e+04  1.578924800000e+01  6.578830969468e-02
 5.435715316993e+04  1.573966200000e+01  6.529920032735e-02
 5.435715798417e+04  1.577424400000e+01  6.572668599310e-02
 5.456046789034e+04  1.552279200000e+01  6.286728279350e-02
 5.456047227990e+04  1.556793700000e+01  6.328351584805e-02
 5.456047665940e+04  1.556151300000e+01  6.321569015059e-02
 5.456048103161e+04  1.558758300000e+01  6.344711745520e-02
 5.456534194721e+04  1.565092800000e+01  6.483319475864e-02
 5.456534853700e+04  1.564332000000e+01  6.463558821556e-02
 5.456535503397e+04  1.566225600000e+01  6.478145297128e-02
 5.456536160432e+04  1.565467600000e+01  6.461458752415e-02
 5.457237605258e+04  1.569479800000e+01  6.392329147395e-02
 5.457238303638e+04  1.570192700000e+01  6.442395326139e-02
 5.457239004691e+04  1.571561100000e+01  6.452533921694e-02
 5.457239704020e+04  1.571450100000e+01  6.453013957067e-02
 5.458244504006e+04  1.526505300000e+01  6.095167672647e-02
 5.458245260015e+04  1.531676100000e+01  6.139415776026e-02
 5.458246018572e+04  1.531658800000e+01  6.139717538549e-02
 5.458246777348e+04  1.534454400000e+01  6.165119041838e-02
 5.462535035402e+04  1.591994500000e+01  6.654994547533e-02
 5.462535807824e+04  1.593728000000e+01  6.737358543919e-02
 5.462536580362e+04  1.590850700000e+01  6.705757396740e-02
 5.462537350319e+04  1.593367600000e+01  6.739779954841e-02
 5.464140478966e+04  1.578588500000e+01  6.699057014953e-02
 5.464141192404e+04  1.578441600000e+01  6.728578393337e-02
 5.464141903875e+04  1.582971200000e+01  6.782297356585e-02
 5.464142619628e+04  1.581868300000e+01  6.796570636746e-02
 5.452649511152e+04  1.539396000000e+01  6.570145462876e-02
 5.452649899933e+04  1.543027400000e+01  6.608940519796e-02
 5.452650282683e+04  1.541156300000e+01  6.589232412960e-02
 5.452650667286e+04  1.541402800000e+01  6.590091097067e-02
 5.454849853471e+04  1.518111200000e+01  6.201507926392e-02
 5.454850342523e+04  1.520755700000e+01  6.220985769493e-02
 5.454850830927e+04  1.522719800000e+01  6.239537069654e-02
 5.454851320627e+04  1.524413400000e+01  6.254044526039e-02
 5.458931093866e+04  1.594191200000e+01  6.707324110484e-02
 5.458931907066e+04  1.581880200000e+01  6.568442634707e-02
 5.458932722269e+04  1.571749500000e+01  6.459641004954e-02
 5.458933535376e+04  1.549671700000e+01  6.251932399660e-02
 5.459633819492e+04  1.542874400000e+01  6.254597217622e-02
 5.459634562584e+04  1.531503800000e+01  6.162427338051e-02
 5.459635308964e+04  1.521352500000e+01  6.076628465936e-02
 5.459636055737e+04  1.509778400000e+01  5.990025750508e-02
 5.474908581819e+04  1.577223300000e+01  7.001686290799e-02
 5.474909158735e+04  1.574495100000e+01  6.971621980179e-02
 5.474909740118e+04  1.583325600000e+01  7.102659516681e-02
 5.474910326142e+04  1.579139300000e+01  7.046304288465e-02
 5.493844249894e+04  1.554500900000e+01  6.299845538315e-02
 5.493844727939e+04  1.555065700000e+01  6.303510456730e-02
 5.493845216507e+04  1.556797400000e+01  6.322833005820e-02
 5.493845693995e+04  1.556238100000e+01  6.314646728987e-02
 5.494445838383e+04  1.571275100000e+01  6.471698387714e-02
 5.494446571918e+04  1.573192500000e+01  6.491290672031e-02
 5.494447300926e+04  1.573202300000e+01  6.489751388092e-02
 5.494448028163e+04  1.571711000000e+01  6.477886480407e-02
 5.505820389795e+04  1.577863600000e+01  6.306122033703e-02
 5.505821112617e+04  1.573963800000e+01  6.283956720133e-02
 5.505821836727e+04  1.578576000000e+01  6.314292369590e-02
 5.505822560545e+04  1.579335800000e+01  6.321841743271e-02
 5.487652365697e+04  1.552859700000e+01  6.476722839618e-02
 5.487652905573e+04  1.554481700000e+01  6.491838220445e-02
 5.487653445160e+04  1.552551000000e+01  6.470673735388e-02
 5.487653995720e+04  1.555063500000e+01  6.495512394101e-02
 5.488849858851e+04  1.577501200000e+01  6.462841965953e-02
 5.488850676727e+04  1.574865400000e+01  6.437863481034e-02
 5.488851507972e+04  1.578370500000e+01  6.470040364178e-02
 5.488852344970e+04  1.578909100000e+01  6.474873993506e-02
 5.484953606931e+04  1.534850400000e+01  6.129134104330e-02
 5.502335210904e+04  1.506098000000e+01  6.005915384087e-02
 5.502335687007e+04  1.502281400000e+01  5.990588200415e-02
 5.502336169149e+04  1.501856100000e+01  5.992880379909e-02
 5.502336641722e+04  1.505410000000e+01  6.024550470256e-02
 5.495528518199e+04  1.555544200000e+01  8.018204520767e-02
 5.496643833221e+04  1.551445400000e+01  6.302273910167e-02
 5.498030162286e+04  1.502752000000e+01  5.937088567662e-02
 5.498030964875e+04  1.509628000000e+01  5.984650526545e-02
 5.498031777858e+04  1.510944300000e+01  5.992852612252e-02
 5.498032578235e+04  1.513583900000e+01  6.007076035785e-02
 5.511808927532e+04  1.568996600000e+01  7.025583405782e-02
 5.511809319589e+04  1.561824200000e+01  6.930325830298e-02
 5.511809722643e+04  1.554761600000e+01  6.845854154150e-02
 5.511810114492e+04  1.541795500000e+01  6.691753507143e-02
 5.512807703303e+04  1.570591700000e+01  7.046681718030e-02
 5.512807994082e+04  1.571391900000e+01  7.065658736457e-02
 5.512808284258e+04  1.574251100000e+01  7.113129136580e-02
 5.512808574378e+04  1.575361000000e+01  7.132686831473e-02
 5.509014614311e+04  1.502340000000e+01  5.947910739256e-02
 5.509015304392e+04  1.508494400000e+01  6.083918764028e-02
 5.509016021757e+04  1.510794400000e+01  6.039350900046e-02
 5.509016696539e+04  1.496935400000e+01  6.277699905277e-02
 5.510110976911e+04  1.565095000000e+01  6.462625289930e-02
 5.510111403552e+04  1.561760900000e+01  6.433777816501e-02
 5.510111832588e+04  1.567384700000e+01  6.494999823714e-02
 5.510112262481e+04  1.565215500000e+01  6.477282815092e-02
 5.529637855627e+04  1.509366300000e+01  5.958375398914e-02
 5.529638375352e+04  1.510032600000e+01  5.959582465903e-02
 5.538123892365e+04  1.581752300000e+01  6.618755645311e-02
 5.538124693965e+04  1.581928400000e+01  6.628078361949e-02
 5.538125499631e+04  1.577689000000e+01  6.590826970277e-02
 5.538126303214e+04  1.582440400000e+01  6.642377835515e-02
 5.535038049274e+04  1.556787200000e+01  6.541473803088e-02
 5.535038622290e+04  1.562955900000e+01  6.587083075396e-02
 5.535039194507e+04  1.561712000000e+01  6.594532431943e-02
 5.535039773332e+04  1.565836200000e+01  6.735007214870e-02
 5.535633942645e+04  1.566222000000e+01  6.424482373241e-02
 5.535634688493e+04  1.565818200000e+01  6.425424006987e-02
 5.535635434560e+04  1.570120700000e+01  6.468344006837e-02
 5.535636187645e+04  1.572309000000e+01  6.489168108635e-02
 5.536333698265e+04  1.564057600000e+01  6.425378554582e-02
 5.536334214240e+04  1.567536600000e+01  6.462216120779e-02
 5.536334731248e+04  1.566135900000e+01  6.445071423151e-02
 5.536335246042e+04  1.564646400000e+01  6.436487073473e-02
 5.536820276020e+04  1.571265400000e+01  6.504808116080e-02
 5.536820840457e+04  1.569855700000e+01  6.488322230645e-02
 5.536821415431e+04  1.572985700000e+01  6.521208980372e-02
 5.536821991492e+04  1.572433900000e+01  6.514907615235e-02
 5.528046933799e+04  1.573115500000e+01  6.504577032907e-02
 5.528047623313e+04  1.574104200000e+01  6.514223428876e-02
 5.528048312120e+04  1.575008500000e+01  6.520781326659e-02
 5.528049003992e+04  1.575705700000e+01  6.529153691029e-02
 5.532927955706e+04  1.530817400000e+01  6.153303314536e-02
 5.532928647282e+04  1.533472200000e+01  6.159981342913e-02
 5.532929334574e+04  1.532696000000e+01  6.129066925821e-02
 5.532930022410e+04  1.538459500000e+01  6.160309706356e-02
 5.533931702637e+04  1.588178800000e+01  6.654316580522e-02
 5.533932215046e+04  1.587441100000e+01  6.645340069199e-02
 5.533932732027e+04  1.592694600000e+01  6.701187461908e-02
 5.533933243487e+04  1.596158800000e+01  6.738242235989e-02
 5.545012079679e+04  1.578301900000e+01  6.506190031358e-02
 5.545013102584e+04  1.577327200000e+01  6.496329600967e-02
 5.545013614368e+04  1.578172100000e+01  6.510197781717e-02
 5.567640038247e+04  1.593773100000e+01  7.113760325556e-02
 5.567640786307e+04  1.594028600000e+01  7.460430041152e-02
 5.567641545014e+04  1.613364000000e+01  9.099668676977e-02
 5.567642291836e+04  1.590627600000e+01  7.694868833581e-02
 5.571329191690e+04  1.561039900000e+01  7.278023645010e-02
 5.571329684133e+04  1.567342100000e+01  6.907789378265e-02
 5.571331047443e+04  1.565467100000e+01  6.957212198888e-02
 5.571331505154e+04  1.563938900000e+01  6.759948261099e-02
 5.564849425512e+04  1.502641200000e+01  5.952811558158e-02
 5.564849878868e+04  1.498279900000e+01  5.921752177503e-02
 5.564850336729e+04  1.499051600000e+01  5.931074052927e-02
 5.564850797087e+04  1.501174600000e+01  5.943452937152e-02
 5.568637252814e+04  1.552673900000e+01  7.279293424160e-02
 5.568637823284e+04  1.561989200000e+01  6.553566765693e-02
 5.568638394642e+04  1.567534700000e+01  6.729328244029e-02
 5.568638965345e+04  1.575140100000e+01  6.868780601342e-02
 5.438710352318e+04  1.558982200000e+01  6.756272160758e-02
 5.438710866870e+04  1.556102100000e+01  6.811679334569e-02
 5.438711378538e+04  1.562924400000e+01  6.904277681007e-02
 5.438711893216e+04  1.560496800000e+01  6.882271158273e-02
 5.495535164281e+04  1.578323900000e+01  7.084382853688e-02
 5.495535752344e+04  1.580018000000e+01  7.114251552911e-02
 5.495536339909e+04  1.579286700000e+01  7.102964534492e-02
 5.495536928677e+04  1.575372400000e+01  7.042317779180e-02
 5.496644415600e+04  1.553842700000e+01  6.331894133938e-02
 5.496645201485e+04  1.550569000000e+01  6.303811898572e-02
 5.496645980683e+04  1.559173500000e+01  6.389783507117e-02
 5.496646776012e+04  1.560626200000e+01  6.403900094717e-02
 5.583012874622e+04  1.555059500000e+01  6.346979210462e-02
 5.583013683987e+04  1.559350000000e+01  6.362067011120e-02
 5.583014423156e+04  1.560225900000e+01  6.375078865527e-02
 5.583015160682e+04  1.559404400000e+01  6.375900768744e-02
 5.600746928214e+04  1.583868300000e+01  6.309822404709e-02
 5.601945117721e+04  1.555007500000e+01  6.340686597488e-02
 5.601946010395e+04  1.538725200000e+01  6.195085104937e-02
 5.601946917884e+04  1.527651300000e+01  6.106336175839e-02
 5.601947827953e+04  1.510647300000e+01  5.980524162839e-02
 5.603844570002e+04  1.540383300000e+01  6.242105479338e-02
 5.603845134736e+04  1.542305800000e+01  6.259411752851e-02
 5.603845696130e+04  1.543969800000e+01  6.273998097807e-02
 5.603846261141e+04  1.546017500000e+01  6.291934666154e-02
 5.604635258326e+04  1.588859300000e+01  6.427430846684e-02
 5.604637308691e+04  1.554505500000e+01  6.119119733115e-02
 5.606041015838e+04  1.499147600000e+01  5.870572710886e-02
 5.606041808714e+04  1.501232200000e+01  5.883183566249e-02
 5.606042606288e+04  1.502529400000e+01  5.887079630114e-02
 5.606043397087e+04  1.506495900000e+01  5.913480911070e-02
 5.607234204433e+04  1.531916300000e+01  6.096166575785e-02
 5.607234702828e+04  1.534165500000e+01  6.116282551177e-02
 5.607235212946e+04  1.535890100000e+01  6.129984709406e-02
 5.607235719583e+04  1.535789500000e+01  6.130792905093e-02
 5.608642492014e+04  1.552346700000e+01  6.308792142194e-02
 5.608642999028e+04  1.554533900000e+01  6.330960365366e-02
 5.608643517062e+04  1.562963000000e+01  6.408904855309e-02
 5.608644029861e+04  1.562667600000e+01  6.411902717106e-02
 5.609329196630e+04  1.515219400000e+01  6.012525678660e-02
 5.609330041834e+04  1.517207400000e+01  6.038092498518e-02
 5.609330891104e+04  1.520081600000e+01  6.072827597928e-02
 5.609331746207e+04  1.522518500000e+01  6.096616470523e-02
 5.609925168488e+04  1.527675700000e+01  6.127594587061e-02
 5.618715841057e+04  1.562112500000e+01  6.177356530838e-02
 5.618716349439e+04  1.562836700000e+01  6.187319902102e-02
 5.618716856122e+04  1.565666300000e+01  6.211843200783e-02
 5.618717352870e+04  1.568333300000e+01  6.236074892222e-02
 5.619609601544e+04  1.507690500000e+01  6.016793591746e-02
 5.619610280432e+04  1.499577100000e+01  5.968248434995e-02
 5.619610964162e+04  1.502131500000e+01  5.988955566969e-02
 5.619611652288e+04  1.498642300000e+01  5.982947991926e-02
 5.621509005272e+04  1.544920300000e+01  6.310511791547e-02
 5.621509456645e+04  1.551308100000e+01  6.373902856734e-02
 5.621509906899e+04  1.552550300000e+01  6.385096015035e-02
 5.621510353598e+04  1.554904600000e+01  6.410842684790e-02
