# time mag mag_err
 5.346436821354e+04  1.455787800000e+01  5.669191056010e-02
 5.346437629971e+04  1.460386500000e+01  5.692179963758e-02
 5.346438434756e+04  1.468303500000e+01  5.733944491860e-02
 5.346439240711e+04  1.471782400000e+01  5.756206729722e-02
 5.372651327367e+04  1.534295200000e+01  6.250051770659e-02
 5.372651971971e+04  1.533672000000e+01  6.240925588754e-02
 5.372652618531e+04  1.533931300000e+01  6.245815196763e-02
 5.372653270624e+04  1.537559400000e+01  6.291112807324e-02
 5.355418337470e+04  1.540214300000e+01  6.367451980523e-02
 5.355418993243e+04  1.544430300000e+01  6.411486250128e-02
 5.355419635312e+04  1.543405900000e+01  6.407844314779e-02
 5.355420276895e+04  1.544739300000e+01  6.424794174518e-02
 5.349428859853e+04  1.551044600000e+01  6.384001301069e-02
 5.349429696376e+04  1.554136400000e+01  6.412625254043e-02
 5.349430527703e+04  1.547061200000e+01  6.343171815352e-02
 5.349431363126e+04  1.528908300000e+01  6.186932886652e-02
 5.352126855988e+04  1.493738700000e+01  5.940085336497e-02
 5.352127662823e+04  1.494611000000e+01  5.951475932415e-02
 5.352128472157e+04  1.497838500000e+01  5.976231288775e-02
 5.352129277451e+04  1.499116400000e+01  5.988812918636e-02
 5.383242079788e+04  1.542548600000e+01  6.359547915156e-02
 5.383242448102e+04  1.539138000000e+01  6.327384734503e-02
 5.383242815341e+04  1.543955100000e+01  6.376855051005e-02
 5.383243186020e+04  1.539544000000e+01  6.341121450419e-02
 5.384433655823e+04  1.547491600000e+01  6.439161530001e-02
 5.384434517475e+04  1.536490600000e+01  6.335923493052e-02
 5.384435379693e+04  1.522400000000e+01  6.279253213507e-02
 5.384436241183e+04  1.515752400000e+01  6.168038469478e-02
 5.408052845335e+04  1.507366900000e+01  6.412297207753e-02
 5.408053234012e+04  1.504194200000e+01  6.388364914197e-02
 5.408053620535e+04  1.510744700000e+01  6.416183485481e-02
 5.408054012557e+04  1.509829400000e+01  6.406449743044e-02
 5.377349985352e+04  1.559709300000e+01  6.488340942660e-02
 5.377350694786e+04  1.561461500000e+01  6.509085356499e-02
 5.377351409265e+04  1.556294700000e+01  6.450209810946e-02
 5.377352118583e+04  1.554421200000e+01  6.432605468855e-02
 5.378652023987e+04  1.542096300000e+01  6.293518114420e-02
 5.378652688060e+04  1.537664800000e+01  6.257189440137e-02
 5.378653348625e+04  1.540690000000e+01  6.287480713365e-02
 5.378654014584e+04  1.544092300000e+01  6.318316377474e-02
 5.374447251319e+04  1.533358900000e+01  6.289069974480e-02
 5.374448055642e+04  1.534726200000e+01  6.289106181570e-02
 5.374448859756e+04  1.532867400000e+01  6.269638280359e-02
 5.374449666718e+04  1.533626900000e+01  6.269896140430e-02
 5.376144434494e+04  1.553549700000e+01  6.435390442806e-02
 5.376145021514e+04  1.554093700000e+01  6.441893978697e-02
 5.376145610223e+04  1.549872400000e+01  6.394744912224e-02
 5.376146198645e+04  1.554691700000e+01  6.436637264181e-02
 5.390426327231e+04  1.533152300000e+01  1.008626612964e-01
 5.390426425014e+04  1.537633900000e+01  1.026345039589e-01
 5.390426522368e+04  1.540382800000e+01  1.036237737951e-01
 5.390426619433e+04  1.531869600000e+01  1.007816556431e-01
 5.379941651870e+04  1.515489900000e+01  6.090660051437e-02
 5.379942509749e+04  1.518083500000e+01  6.112157385028e-02
 5.379943346758e+04  1.518856300000e+01  6.127896081470e-02
 5.379944179149e+04  1.520586200000e+01  6.141683151516e-02
 5.385624119547e+04  1.542062000000e+01  6.354602048321e-02
 5.385624874677e+04  1.532287100000e+01  6.262953876552e-02
 5.385625625317e+04  1.513350200000e+01  6.108839679976e-02
 5.385626376581e+04  1.488048400000e+01  5.927013394848e-02
 5.387627628118e+04  1.510330800000e+01  6.139138213018e-02
 5.387628482234e+04  1.492648500000e+01  6.009749501426e-02
 5.387629335309e+04  1.468239800000e+01  5.852324814863e-02
 5.387630190711e+04  1.448922500000e+01  5.742971644532e-02
 5.388219948039e+04  1.534805300000e+01  6.311004738544e-02
 5.388220660400e+04  1.533050200000e+01  6.294402790401e-02
 5.388221377196e+04  1.536275800000e+01  6.318230737343e-02
 5.388222095368e+04  1.534791700000e+01  6.306695115772e-02
 5.420629303762e+04  1.498218400000e+01  5.991662336008e-02
 5.420630059355e+04  1.500541100000e+01  6.004451854103e-02
 5.420630818663e+04  1.499626500000e+01  5.992330228786e-02
 5.420631596920e+04  1.497155000000e+01  5.976501414513e-02
 5.421330106942e+04  1.499859200000e+01  5.990091036805e-02
 5.421331051769e+04  1.500837300000e+01  5.998429675087e-02
 5.421331993749e+04  1.505155000000e+01  6.033514411423e-02
 5.421332937765e+04  1.508354000000e+01  6.053296290376e-02
 5.445452681753e+04  1.544430100000e+01  6.710811901188e-02
 5.445453144126e+04  1.540227700000e+01  6.657889049966e-02
 5.445453605330e+04  1.544396000000e+01  6.703247301274e-02
 5.445454067690e+04  1.542207800000e+01  6.671565182530e-02
 5.411646566808e+04  1.537564200000e+01  6.183806066497e-02
 5.411647404998e+04  1.541230700000e+01  6.216109574704e-02
 5.411648240618e+04  1.541486800000e+01  6.211190433869e-02
 5.411649068310e+04  1.544398000000e+01  6.235240416436e-02
 5.412744850852e+04  1.477285700000e+01  5.778913428252e-02
 5.412745875995e+04  1.477576900000e+01  5.776865817781e-02
 5.412746898870e+04  1.480722700000e+01  5.794347836037e-02
 5.412747923157e+04  1.482329900000e+01  5.800941083956e-02
 5.426122578759e+04  1.548701600000e+01  6.368905537842e-02
 5.426123325938e+04  1.552690100000e+01  6.409297447934e-02
 5.426124073532e+04  1.551307800000e+01  6.398538564681e-02
 5.426124824380e+04  1.556117900000e+01  6.445610423762e-02
 5.426916529598e+04  1.539930800000e+01  6.294964424792e-02
 5.426917280609e+04  1.538794800000e+01  6.284440909480e-02
 5.426918029882e+04  1.540270800000e+01  6.298382335407e-02
 5.426918783623e+04  1.541013900000e+01  6.307012251961e-02
 5.417137037816e+04  1.515003300000e+01  6.029409993715e-02
 5.417137813803e+04  1.520441100000e+01  6.068533242106e-02
 5.417138588275e+04  1.521584000000e+01  6.075813421059e-02
 5.417139360362e+04  1.521925300000e+01  6.077260266614e-02
 5.422932551460e+04  1.552323900000e+01  6.414530051642e-02
 5.422933501611e+04  1.549254100000e+01  6.394566602024e-02
 5.422934681056e+04  1.547415800000e+01  6.375686034058e-02
 5.422935609227e+04  1.546792500000e+01  6.378857464509e-02
 5.423923314130e+04  1.558245600000e+01  6.590091097067e-02
 5.423924284954e+04  1.560653700000e+01  6.619863941510e-02
 5.423925255522e+04  1.557433000000e+01  6.594532431943e-02
 5.423926226057e+04  1.559381100000e+01  6.622215412461e-02
 5.456838762821e+04  1.530441900000e+01  6.151226045136e-02
 5.456839314699e+04  1.530659100000e+01  6.154985940544e-02
 5.456839871856e+04  1.534531500000e+01  6.188267866555e-02
 5.456840430090e+04  1.535696200000e+01  6.198026039603e-02
 5.483048963208e+04  1.530880300000e+01  6.125822759961e-02
 5.483049568505e+04  1.520543600000e+01  6.042237593280e-02
 5.483050179681e+04  1.514354900000e+01  5.997403125232e-02
 5.483050789792e+04  1.498142200000e+01  5.886628201108e-02
 5.449752492603e+04  1.498194300000e+01  5.891112966638e-02
 5.449753139764e+04  1.498975200000e+01  5.897577428081e-02
 5.449753790190e+04  1.499324900000e+01  5.898639083519e-02
 5.449754437502e+04  1.499719000000e+01  5.903151257064e-02
 5.450746427645e+04  1.490279400000e+01  6.177352856981e-02
 5.450747094137e+04  1.487498100000e+01  6.041406212674e-02
 5.450747758000e+04  1.479489300000e+01  6.063523612143e-02
 5.450748423068e+04  1.477526100000e+01  6.076997172125e-02
 5.462521553885e+04  1.461247900000e+01  5.723248931202e-02
 5.462522276028e+04  1.466295500000e+01  5.748150363203e-02
 5.462522997604e+04  1.471581300000e+01  5.778782497914e-02
 5.462523725534e+04  1.475823500000e+01  5.809361194005e-02
 5.452939254159e+04  1.444450500000e+01  5.606392424074e-02
 5.452940449022e+04  1.452395700000e+01  5.646888085322e-02
 5.452941646072e+04  1.463443700000e+01  5.699353508981e-02
 5.452942835390e+04  1.469293800000e+01  5.727491398273e-02
 5.455438218759e+04  1.463606800000e+01  5.704752798624e-02
 5.455438920773e+04  1.460268100000e+01  5.688245520403e-02
 5.455439623516e+04  1.463074900000e+01  5.703061952170e-02
 5.455440333865e+04  1.464211100000e+01  5.708296613985e-02
 5.458725544350e+04  1.536647500000e+01  5.961950165432e-02
 5.458726229917e+04  1.533708800000e+01  5.943565796623e-02
 5.458726916316e+04  1.535733300000e+01  5.953767450533e-02
 5.458727605170e+04  1.537134600000e+01  5.962232888478e-02
 5.493831452037e+04  1.503442000000e+01  5.957859444257e-02
 5.493832046442e+04  1.501958000000e+01  5.946260627858e-02
 5.493832640535e+04  1.505704200000e+01  5.969617236177e-02
 5.493833243609e+04  1.504199900000e+01  5.960389051602e-02
 5.494927651471e+04  1.535272300000e+01  5.981165772399e-02
 5.494928485542e+04  1.536436700000e+01  5.974470931557e-02
 5.494929331998e+04  1.535602700000e+01  5.972386972304e-02
 5.494930169725e+04  1.538543800000e+01  5.999794395498e-02
 5.488147690406e+04  1.524658700000e+01  6.076256974040e-02
 5.488148292368e+04  1.521564900000e+01  6.053448860308e-02
 5.488148902353e+04  1.524241100000e+01  6.072962507849e-02
 5.488149499361e+04  1.526612900000e+01  6.089824304920e-02
 5.499718139087e+04  1.486118700000e+01  5.861784120140e-02
 5.499718686602e+04  1.486235600000e+01  5.861874909305e-02
 5.499719227175e+04  1.488768200000e+01  5.874585241896e-02
 5.499719768428e+04  1.490536300000e+01  5.891083090435e-02
 5.490931133554e+04  1.553166200000e+01  6.324839926788e-02
 5.490932346311e+04  1.553762200000e+01  6.328651688291e-02
 5.490933554994e+04  1.549176600000e+01  6.280352021007e-02
 5.490934770413e+04  1.554927900000e+01  6.327462005181e-02
 5.497628567620e+04  1.535115800000e+01  6.240158362636e-02
 5.497723820413e+04  1.501620100000e+01  5.935359866270e-02
 5.497724723848e+04  1.521621700000e+01  6.108078930852e-02
 5.497725623847e+04  1.523804700000e+01  6.123143433786e-02
 5.497726516646e+04  1.524825000000e+01  6.135169315060e-02
 5.529335633418e+04  1.499976500000e+01  5.927767656320e-02
 5.529336262766e+04  1.500295500000e+01  5.930616114906e-02
 5.529336887312e+04  1.500662000000e+01  5.935796354043e-02
 5.529337526316e+04  1.504062100000e+01  5.959798013981e-02
 5.530138497596e+04  1.440841000000e+01  5.620881377393e-02
 5.530139285520e+04  1.444772100000e+01  5.645283334541e-02
 5.530140080730e+04  1.451325700000e+01  5.677157993036e-02
 5.530140872497e+04  1.457874400000e+01  5.710754870321e-02
 5.554451802833e+04  1.526276600000e+01  6.171145565478e-02
 5.554453267546e+04  1.527593200000e+01  6.236931155504e-02
 5.554453957604e+04  1.526855700000e+01  6.164380946171e-02
 5.524140777256e+04  1.522884800000e+01  6.154911759796e-02
 5.524141585259e+04  1.523181000000e+01  6.149387802130e-02
 5.524142407282e+04  1.520885700000e+01  6.133218438697e-02
 5.524143219462e+04  1.524660900000e+01  6.160416812690e-02
 5.521149747144e+04  1.535398000000e+01  6.178645323423e-02
 5.521150501352e+04  1.536578200000e+01  6.184082443379e-02
 5.521151253307e+04  1.535419100000e+01  6.175607522765e-02
 5.521152005566e+04  1.539597300000e+01  6.207344825420e-02
 5.535325362052e+04  1.538942000000e+01  6.262082431524e-02
 5.535326105101e+04  1.533622000000e+01  6.216899390760e-02
 5.535326861214e+04  1.528003800000e+01  6.175155612268e-02
 5.535327607954e+04  1.522637800000e+01  6.135155770947e-02
 5.536516718487e+04  1.547639000000e+01  6.791681629531e-02
 5.536517258340e+04  1.548550100000e+01  6.804677391889e-02
 5.536517798793e+04  1.540610000000e+01  6.712328883146e-02
 5.536518335764e+04  1.541744400000e+01  6.722816367622e-02
 5.527039958522e+04  1.539584700000e+01  6.247757164856e-02
 5.527040589630e+04  1.540899500000e+01  6.263118003270e-02
 5.527041231613e+04  1.541463900000e+01  6.267679889671e-02
 5.527041870294e+04  1.544794000000e+01  6.297317244777e-02
 5.527643191858e+04  1.486553900000e+01  5.892759532067e-02
 5.527643879203e+04  1.490315700000e+01  5.892827501807e-02
 5.527644573253e+04  1.494881400000e+01  5.925121952491e-02
 5.527645270843e+04  1.496303200000e+01  5.937729423618e-02
 5.532227220403e+04  1.534641200000e+01  6.192501776323e-02
 5.532227846267e+04  1.538244200000e+01  6.234329351920e-02
 5.532228478512e+04  1.535406900000e+01  6.202407999558e-02
 5.532229105579e+04  1.538186000000e+01  6.227628986334e-02
 5.533631778941e+04  1.543421500000e+01  6.308693912849e-02
 5.533632519156e+04  1.541120200000e+01  6.291117327144e-02
 5.533633270628e+04  1.535549300000e+01  6.243333726729e-02
 5.533634125589e+04  1.523844600000e+01  6.151868376837e-02
 5.565642176201e+04  1.485737000000e+01  5.712162154406e-02
 5.565642871141e+04  1.485647400000e+01  5.713622223027e-02
 5.565643575123e+04  1.485307300000e+01  5.713466829555e-02
 5.565644271270e+04  1.487082300000e+01  5.723091567054e-02
 5.566332208684e+04  1.473898700000e+01  5.667839529072e-02
 5.566332901719e+04  1.475095800000e+01  5.675022510816e-02
 5.566333598619e+04  1.476661600000e+01  5.681142314246e-02
 5.566334297763e+04  1.478702100000e+01  5.693231653799e-02
 5.567527664753e+04  1.488944200000e+01  6.130129376904e-02
 5.567528361988e+04  1.494434800000e+01  6.172525091197e-02
 5.567529059222e+04  1.494796300000e+01  6.174836129517e-02
 5.567529756389e+04  1.495143500000e+01  6.179289061363e-02
 5.560146012226e+04  1.520554000000e+01  6.137107242815e-02
 5.560146536510e+04  1.518241300000e+01  6.114948379606e-02
 5.560147056040e+04  1.519858500000e+01  6.129816497492e-02
 5.560147581170e+04  1.523243800000e+01  6.155958520242e-02
 5.556946657399e+04  1.490570200000e+01  5.918996756723e-02
 5.556947445198e+04  1.492635100000e+01  5.927311067327e-02
 5.556948241566e+04  1.492503400000e+01  5.926173862639e-02
 5.556949037234e+04  1.497609200000e+01  5.956440771123e-02
 5.559149390637e+04  1.524155000000e+01  6.138569837580e-02
 5.559149913741e+04  1.526470000000e+01  6.153412489175e-02
 5.559150441441e+04  1.522172600000e+01  6.122894531002e-02
 5.559150968701e+04  1.524383200000e+01  6.138032807226e-02
 5.562240606559e+04  1.539752300000e+01  6.031501657302e-02
 5.562241653049e+04  1.542898200000e+01  6.053684951212e-02
 5.562242691030e+04  1.545162600000e+01  6.070972667312e-02
 5.562243733804e+04  1.550357200000e+01  6.108414051054e-02
 5.563347405946e+04  1.532093800000e+01  6.248358269403e-02
 5.563348099559e+04  1.535589300000e+01  6.283544651698e-02
 5.563348793447e+04  1.535943200000e+01  6.290727249806e-02
 5.563349497616e+04  1.537568800000e+01  6.308619086918e-02
 5.564539406291e+04  1.536515200000e+01  6.275369098824e-02
 5.564539923598e+04  1.533322200000e+01  6.246267599982e-02
 5.564540439874e+04  1.535034800000e+01  6.266514260144e-02
 5.564540964242e+04  1.534628800000e+01  6.261884181926e-02
 5.570524388256e+04  1.474128900000e+01  5.854035181028e-02
 5.570525295631e+04  1.477239700000e+01  5.874302329639e-02
 5.570526208168e+04  1.482441800000e+01  5.904480413878e-02
 5.570527110498e+04  1.486001500000e+01  5.931065317516e-02
 5.521149747144e+04  1.535398000000e+01  6.178645323423e-02
 5.521150501352e+04  1.536578200000e+01  6.184082443379e-02
 5.521151253307e+04  1.535419100000e+01  6.175607522765e-02
 5.521152005566e+04  1.539597300000e+01  6.207344825420e-02
 5.597549887687e+04  1.554136200000e+01  6.402459545417e-02
 5.597550444260e+04  1.556111500000e+01  6.424890647276e-02
 5.597551011649e+04  1.556717100000e+01  6.431928419556e-02
 5.597551577247e+04  1.557545500000e+01  6.442651844939e-02
 5.598249102920e+04  1.562019300000e+01  6.459251738597e-02
 5.598249718785e+04  1.561792100000e+01  6.453927679431e-02
 5.598250339561e+04  1.558988100000e+01  6.428354079507e-02
 5.598250955552e+04  1.556516100000e+01  6.404273134112e-02
 5.598836506481e+04  1.512434900000e+01  6.049350053439e-02
 5.598837067667e+04  1.514605600000e+01  6.065574330664e-02
 5.598837635667e+04  1.512443200000e+01  6.046950260257e-02
 5.598838216402e+04  1.513536000000e+01  6.053123654265e-02
 5.600233257767e+04  1.538476900000e+01  6.256813475731e-02
 5.600234129053e+04  1.536587200000e+01  6.232372705477e-02
 5.600234990961e+04  1.536429400000e+01  6.234075123148e-02
 5.600235851462e+04  1.539468700000e+01  6.255938707497e-02
 5.601041254139e+04  1.539682600000e+01  6.012256757475e-02
 5.601042134080e+04  1.538982000000e+01  6.011890623639e-02
 5.601043030573e+04  1.540150600000e+01  6.022198931428e-02
 5.601043922078e+04  1.541941400000e+01  6.033812542135e-02
 5.603034565212e+04  1.518625200000e+01  6.125819435775e-02
 5.603034998068e+04  1.520788100000e+01  6.145172502987e-02
 5.603035434688e+04  1.519082200000e+01  6.353621757713e-02
 5.603035863184e+04  1.516678800000e+01  6.405344004165e-02
 5.603732767284e+04  1.529078500000e+01  6.011190660198e-02
 5.603733514922e+04  1.531865500000e+01  6.044833935882e-02
 5.603734261279e+04  1.532698700000e+01  6.037474318569e-02
 5.603735008850e+04  1.529307200000e+01  6.009099934069e-02
 5.605925529690e+04  1.533605400000e+01  6.172006442870e-02
 5.605926203892e+04  1.535719800000e+01  6.199085504422e-02
 5.605926890420e+04  1.539276000000e+01  6.232115312991e-02
 5.605927580190e+04  1.537927900000e+01  6.220477738761e-02
 5.606425050417e+04  1.531449900000e+01  5.952511835666e-02
 5.606425714419e+04  1.532320200000e+01  5.959943374521e-02
 5.606426392667e+04  1.537667300000e+01  5.999076966722e-02
 5.606427073894e+04  1.533210100000e+01  5.969001716583e-02
 5.606931014242e+04  1.544795900000e+01  6.304666082464e-02
 5.606931696323e+04  1.549360800000e+01  6.349666528203e-02
 5.606932376502e+04  1.548750900000e+01  6.348508993373e-02
 5.606933057392e+04  1.549443500000e+01  6.361243217028e-02
 5.609120873078e+04  1.540233800000e+01  6.241648186615e-02
 5.609121494728e+04  1.544725400000e+01  6.280458913396e-02
 5.609122113113e+04  1.546273700000e+01  6.299707344813e-02
 5.609122730726e+04  1.542201100000e+01  6.266940185530e-02
 5.609918271462e+04  1.512758300000e+01  6.079643942040e-02
 5.609918944308e+04  1.516039800000e+01  6.113379956925e-02
 5.609919623314e+04  1.517011800000e+01  6.131210991620e-02
 5.609920312145e+04  1.517821000000e+01  6.127206272403e-02
