# time mag mag_err
 5.347934213674e+04  1.615831000000e+01  7.032397787436e-02
 5.347935030126e+04  1.620851800000e+01  7.099725738145e-02
 5.347935849924e+04  1.617431700000e+01  7.048023794596e-02
 5.347936678044e+04  1.624014800000e+01  7.140541617393e-02
 5.356219085807e+04  1.605480800000e+01  6.937898945456e-02
 5.356219740770e+04  1.609407200000e+01  6.989919453459e-02
 5.356220390640e+04  1.609431800000e+01  6.990663881239e-02
 5.356221047108e+04  1.611970900000e+01  7.023615357441e-02
 5.352732571491e+04  1.567138700000e+01  6.475076364562e-02
 5.352733499188e+04  1.564741100000e+01  6.455669623280e-02
 5.352734444883e+04  1.563927600000e+01  6.451426944810e-02
 5.352735359650e+04  1.563864800000e+01  6.454206749509e-02
 5.354919280478e+04  1.571028500000e+01  6.616491231888e-02
 5.354919931725e+04  1.568871100000e+01  6.583517870866e-02
 5.354920582243e+04  1.574060500000e+01  6.644513819104e-02
 5.354921231986e+04  1.575138100000e+01  6.662131695772e-02
 5.350926961143e+04  1.580335400000e+01  6.606968405854e-02
 5.350927738659e+04  1.584910100000e+01  6.660771064100e-02
 5.350928516150e+04  1.579522400000e+01  6.606058915627e-02
 5.350929295287e+04  1.590630200000e+01  6.813813839058e-02
 5.385241990707e+04  1.616097200000e+01  7.172540170374e-02
 5.385242765236e+04  1.616211600000e+01  7.175775783833e-02
 5.385243544973e+04  1.614229400000e+01  7.147619010419e-02
 5.385244312303e+04  1.620933200000e+01  7.243623611286e-02
 5.390037005939e+04  1.602573400000e+01  1.363594843372e-01
 5.390037104821e+04  1.622798800000e+01  1.486765126802e-01
 5.390037202210e+04  1.607330400000e+01  1.393351758466e-01
 5.390037300686e+04  1.614306400000e+01  1.431677886037e-01
 5.386140016509e+04  1.610401200000e+01  7.111280278926e-02
 5.386140684193e+04  1.608826500000e+01  7.078736504433e-02
 5.386141342420e+04  1.612059600000e+01  7.122827472372e-02
 5.386141997186e+04  1.610969400000e+01  7.111210316077e-02
 5.387437461475e+04  1.584655500000e+01  1.104582366353e-01
 5.387437537172e+04  1.582555700000e+01  1.158329302145e-01
 5.387437612037e+04  1.581550200000e+01  1.154544544072e-01
 5.387437685583e+04  1.568898900000e+01  1.103024758700e-01
 5.388630326676e+04  1.614144000000e+01  7.151163505711e-02
 5.388631131380e+04  1.609225600000e+01  7.085442926108e-02
 5.388631940587e+04  1.614423200000e+01  7.161701749760e-02
 5.388632746831e+04  1.612605800000e+01  7.139141252139e-02
 5.400012204369e+04  1.611860000000e+01  7.214433546299e-02
 5.400012633720e+04  1.607702700000e+01  7.167543934977e-02
 5.400013063405e+04  1.615032700000e+01  7.278892340549e-02
 5.400013496413e+04  1.608241400000e+01  7.194401625418e-02
 5.420940569898e+04  1.566713600000e+01  6.448317812591e-02
 5.420941326904e+04  1.567013800000e+01  6.452640500755e-02
 5.420942084696e+04  1.571460100000e+01  6.497751027636e-02
 5.420942838889e+04  1.574543800000e+01  6.534167396308e-02
 5.414050992605e+04  1.588126900000e+01  1.141571929262e-01
 5.414051096765e+04  1.599106800000e+01  1.256146862640e-01
 5.414051196088e+04  1.595318200000e+01  1.213185356433e-01
 5.414051296521e+04  1.588724800000e+01  1.193167083576e-01
 5.415638988652e+04  1.612008600000e+01  6.926083836381e-02
 5.415640273183e+04  1.612141000000e+01  6.923136322497e-02
 5.415641565689e+04  1.608826400000e+01  6.870745493018e-02
 5.415642859446e+04  1.612333400000e+01  6.914221968436e-02
 5.425827975243e+04  1.619262200000e+01  7.055356506044e-02
 5.425828578861e+04  1.620626200000e+01  7.073662330081e-02
 5.425829174667e+04  1.621243300000e+01  7.086191183954e-02
 5.425829772034e+04  1.620423200000e+01  7.071932572522e-02
 5.427225211755e+04  1.625264600000e+01  7.284473432821e-02
 5.427225931860e+04  1.623922000000e+01  7.266272718886e-02
 5.427226653875e+04  1.621798300000e+01  7.242029482891e-02
 5.427227377117e+04  1.624397700000e+01  7.291846143382e-02
 5.416942418543e+04  1.568682000000e+01  6.431515553387e-02
 5.416943190560e+04  1.566527700000e+01  6.409961585859e-02
 5.416943982127e+04  1.570857000000e+01  6.451332348301e-02
 5.416944789332e+04  1.574458700000e+01  6.482518472282e-02
 5.417637255549e+04  1.610278500000e+01  7.150155740840e-02
 5.417638013619e+04  1.615689900000e+01  7.609506420000e-02
 5.417638770543e+04  1.612009900000e+01  7.065020507133e-02
 5.417639532873e+04  1.613738300000e+01  6.963043724765e-02
 5.423430846944e+04  1.580032000000e+01  7.084505162007e-02
 5.423431311667e+04  1.581189900000e+01  6.883666982652e-02
 5.423431773170e+04  1.586331300000e+01  7.005690005269e-02
 5.423432235705e+04  1.585453400000e+01  7.008390278160e-02
 5.434812012013e+04  1.585506300000e+01  6.391033557317e-02
 5.434812761899e+04  1.568497500000e+01  6.226031258594e-02
 5.434813522586e+04  1.570824300000e+01  6.265901873383e-02
 5.434814288179e+04  1.573085200000e+01  6.293008039898e-02
 5.435712028785e+04  1.582279600000e+01  6.645702314280e-02
 5.435712519712e+04  1.584993200000e+01  6.681486406867e-02
 5.435713004171e+04  1.577318000000e+01  6.605314321354e-02
 5.435713487480e+04  1.580322600000e+01  6.643884932837e-02
 5.455936453234e+04  1.624185300000e+01  7.110259245862e-02
 5.455937324330e+04  1.625942300000e+01  7.131598859496e-02
 5.455938183933e+04  1.621305400000e+01  7.065685366290e-02
 5.455939054150e+04  1.614997400000e+01  6.974996109603e-02
 5.456741701882e+04  1.574452300000e+01  6.495113748579e-02
 5.456742411640e+04  1.577349200000e+01  6.527424314875e-02
 5.456743116686e+04  1.579337400000e+01  6.550865380143e-02
 5.456743824928e+04  1.581953100000e+01  6.586836585752e-02
 5.457327382211e+04  1.624093800000e+01  7.119051497593e-02
 5.457328139146e+04  1.624791800000e+01  7.125922031903e-02
 5.457328898513e+04  1.627947500000e+01  7.171254915415e-02
 5.457329656409e+04  1.621538200000e+01  7.083446194443e-02
 5.458339016935e+04  1.612250000000e+01  7.009138376827e-02
 5.458339781753e+04  1.609370800000e+01  6.970571818312e-02
 5.458340550553e+04  1.612247700000e+01  7.014593954093e-02
 5.458341318520e+04  1.610562400000e+01  6.990981346856e-02
 5.450843053538e+04  1.614019200000e+01  6.937669490219e-02
 5.450843704253e+04  1.616212900000e+01  6.962511925785e-02
 5.450844350292e+04  1.621517400000e+01  7.032448956494e-02
 5.450844998495e+04  1.617237400000e+01  6.966692653208e-02
 5.464029721980e+04  1.607339600000e+01  7.000475213084e-02
 5.464030430626e+04  1.605414500000e+01  6.974696447145e-02
 5.464031138972e+04  1.606463600000e+01  6.996003832351e-02
 5.464031845060e+04  1.603005600000e+01  6.933641306768e-02
 5.452742695137e+04  1.575496600000e+01  6.477978920324e-02
 5.452743375378e+04  1.574917500000e+01  6.471533657238e-02
 5.452744058943e+04  1.576610800000e+01  6.487383648136e-02
 5.452744737958e+04  1.577769000000e+01  6.494380132127e-02
 5.453337398321e+04  1.584393300000e+01  6.610940669699e-02
 5.453338163093e+04  1.582148600000e+01  6.713624234315e-02
 5.453338923027e+04  1.580866800000e+01  6.837549729271e-02
 5.453339958876e+04  1.573923000000e+01  7.167320847165e-02
 5.458935054491e+04  1.599258700000e+01  6.758965688899e-02
 5.458935656477e+04  1.592712500000e+01  6.682670771587e-02
 5.458936252455e+04  1.601350900000e+01  6.784950731421e-02
 5.458936846432e+04  1.599443200000e+01  6.764104027306e-02
 5.459623669774e+04  1.612797500000e+01  7.110301288364e-02
 5.459624376788e+04  1.615812300000e+01  7.144682810858e-02
 5.459625082947e+04  1.616481100000e+01  7.147095105748e-02
 5.459625788028e+04  1.618225100000e+01  7.165627063436e-02
 5.460028196736e+04  1.601701400000e+01  6.832632369120e-02
 5.460028910405e+04  1.599040600000e+01  6.797621641022e-02
 5.460029624365e+04  1.602837100000e+01  6.846449259057e-02
 5.460030345141e+04  1.602971900000e+01  6.849008734207e-02
 5.471812303650e+04  1.581047100000e+01  7.086218431741e-02
 5.492333756429e+04  1.613287200000e+01  6.944083411919e-02
 5.492334409714e+04  1.612429000000e+01  6.928100021179e-02
 5.492335062571e+04  1.620361300000e+01  7.034925147701e-02
 5.492335724990e+04  1.618312800000e+01  7.007207106511e-02
 5.494230290725e+04  1.563958100000e+01  6.381246852211e-02
 5.494230824617e+04  1.565695800000e+01  6.400324161341e-02
 5.494231372111e+04  1.564659900000e+01  6.392103201492e-02
 5.494231922103e+04  1.567710600000e+01  6.415602058585e-02
 5.504418841727e+04  1.592710800000e+01  7.337629512611e-02
 5.504419428781e+04  1.584338900000e+01  7.213449053972e-02
 5.504420031732e+04  1.587057600000e+01  7.253456305801e-02
 5.504420627895e+04  1.594668600000e+01  7.383114552755e-02
 5.491435873259e+04  1.589229100000e+01  6.637197945129e-02
 5.491436353931e+04  1.587430800000e+01  6.613420622733e-02
 5.491436841689e+04  1.584962500000e+01  6.582084015851e-02
 5.491437332049e+04  1.581101400000e+01  6.538941661913e-02
 5.495439877810e+04  1.559631200000e+01  6.748311609177e-02
 5.495440539835e+04  1.559312100000e+01  6.613089428270e-02
 5.495441203897e+04  1.561086300000e+01  6.486565078609e-02
 5.495441862623e+04  1.557951400000e+01  6.492934568622e-02
 5.495530679074e+04  1.618087300000e+01  7.900934708498e-02
 5.495531164596e+04  1.604344600000e+01  7.479424549961e-02
 5.495531657191e+04  1.613967900000e+01  7.658582352581e-02
 5.495532153003e+04  1.604091600000e+01  7.477412127706e-02
 5.496443202101e+04  1.608011500000e+01  7.293541056260e-02
 5.496443728539e+04  1.610052000000e+01  7.326992890156e-02
 5.496444257872e+04  1.606621700000e+01  7.279310241604e-02
 5.496444801557e+04  1.611684900000e+01  7.371752156430e-02
 5.497929266168e+04  1.576853000000e+01  6.562904053783e-02
 5.497929999282e+04  1.576195400000e+01  6.552773138733e-02
 5.497930733257e+04  1.578824700000e+01  6.577721397513e-02
 5.497931464660e+04  1.579922200000e+01  6.589668906708e-02
 5.529635270521e+04  1.610468700000e+01  6.926830806005e-02
 5.529635846184e+04  1.612800300000e+01  6.956989229262e-02
 5.529636424847e+04  1.610078700000e+01  6.919323358811e-02
 5.529637006417e+04  1.616016900000e+01  6.997676384504e-02
 5.530340555399e+04  1.586850800000e+01  6.743601908642e-02
 5.530341309679e+04  1.587028600000e+01  6.744096765142e-02
 5.530342067334e+04  1.585395400000e+01  6.728543176313e-02
 5.530342817016e+04  1.587503100000e+01  6.752540785872e-02
 5.538423214727e+04  1.585685800000e+01  9.358892014247e-02
 5.535925692872e+04  1.603733200000e+01  6.913553057011e-02
 5.535926268432e+04  1.603593800000e+01  6.913240995945e-02
 5.535926842256e+04  1.603711400000e+01  6.912817812432e-02
 5.535927415405e+04  1.604823400000e+01  6.918840983416e-02
 5.537033855921e+04  1.613206200000e+01  7.040273132639e-02
 5.537034201250e+04  1.617722300000e+01  7.103519326247e-02
 5.537034549355e+04  1.606132600000e+01  6.947697523936e-02
 5.537034897313e+04  1.615095000000e+01  7.078142875902e-02
 5.527348354125e+04  1.623528400000e+01  7.103422186125e-02
 5.527348873086e+04  1.624667700000e+01  7.131183974597e-02
 5.527349388618e+04  1.622339500000e+01  7.096594890696e-02
 5.527349905183e+04  1.624622400000e+01  7.133933949269e-02
 5.528037473013e+04  1.585252700000e+01  6.668810927091e-02
 5.528038164508e+04  1.585877000000e+01  6.686268808976e-02
 5.528038852714e+04  1.579664500000e+01  6.609861209616e-02
 5.528039547714e+04  1.586592900000e+01  6.687694551542e-02
 5.532125722585e+04  1.614397600000e+01  6.978877207368e-02
 5.532126347523e+04  1.610442000000e+01  6.924151544103e-02
 5.532126979510e+04  1.612127500000e+01  6.946294064932e-02
 5.532127611824e+04  1.613794100000e+01  6.971395196050e-02
 5.533025746860e+04  1.609824900000e+01  6.973630455123e-02
 5.533026084529e+04  1.613280700000e+01  7.019591536657e-02
 5.533026426919e+04  1.613843700000e+01  7.022120092044e-02
 5.533026772978e+04  1.610162200000e+01  6.971705596510e-02
 5.534132552550e+04  1.627527600000e+01  7.158116835234e-02
 5.534133244471e+04  1.625460800000e+01  7.133217024199e-02
 5.534133935722e+04  1.629948900000e+01  7.203800196730e-02
 5.534134623025e+04  1.626853800000e+01  7.158219940901e-02
 5.565744902178e+04  1.611350600000e+01  7.043990611579e-02
 5.565745367444e+04  1.615726900000e+01  7.101080698057e-02
 5.565745828903e+04  1.611256100000e+01  7.045926893046e-02
 5.565746295375e+04  1.608517400000e+01  7.588315188563e-02
 5.567623184645e+04  1.610134000000e+01  7.546466431822e-02
 5.567623945806e+04  1.617483500000e+01  7.665959984440e-02
 5.567624705337e+04  1.616962900000e+01  7.647189864152e-02
 5.567625463582e+04  1.620449700000e+01  7.776264278471e-02
 5.568737355565e+04  1.574596300000e+01  6.659156014577e-02
 5.568737927541e+04  1.578310500000e+01  6.715883568474e-02
 5.568738507269e+04  1.578853200000e+01  6.759691016702e-02
 5.568739090263e+04  1.575012000000e+01  6.823735563688e-02
 5.601840815734e+04  1.616430700000e+01  7.036893006274e-02
 5.601841693681e+04  1.614532800000e+01  7.010973972765e-02
 5.601842561455e+04  1.616472200000e+01  7.029558397639e-02
 5.601843425532e+04  1.612335100000e+01  6.977445339692e-02
 5.607132076517e+04  1.562210400000e+01  6.108788078755e-02
 5.607132718981e+04  1.564861300000e+01  6.113005710314e-02
 5.607133355773e+04  1.560712100000e+01  6.100002033382e-02
 5.607133995036e+04  1.563642100000e+01  6.105374159278e-02
 5.608825108204e+04  1.578249700000e+01  6.522592506696e-02
 5.608825682376e+04  1.575194000000e+01  6.492587831290e-02
 5.608826263303e+04  1.571592000000e+01  6.455491042099e-02
 5.608826837441e+04  1.568567300000e+01  6.428798983683e-02
 5.609427937715e+04  1.598045600000e+01  6.777760393513e-02
 5.609428783604e+04  1.586359600000e+01  6.645159015103e-02
 5.609429628904e+04  1.583224000000e+01  6.614792037016e-02
 5.609430484263e+04  1.581398400000e+01  6.597366902115e-02
