# time mag mag_err
 5.346440190990e+04  1.629510200000e+01  7.267196969438e-02
 5.346440996284e+04  1.624541300000e+01  7.192337553616e-02
 5.346441800803e+04  1.622020200000e+01  7.162056626975e-02
 5.346442607626e+04  1.626034700000e+01  7.212840283249e-02
 5.349432464674e+04  1.612647300000e+01  7.110119482513e-02
 5.349433325955e+04  1.613263200000e+01  7.121836013748e-02
 5.349434206994e+04  1.615024100000e+01  7.183808209768e-02
 5.349435077118e+04  1.617425800000e+01  7.329329348113e-02
 5.350914234145e+04  1.594317600000e+01  6.920974624383e-02
 5.350914885878e+04  1.594558600000e+01  6.920199098498e-02
 5.350915534615e+04  1.591871900000e+01  6.860205729390e-02
 5.350916176799e+04  1.595118600000e+01  6.888452370531e-02
 5.352126592122e+04  1.616970900000e+01  7.183157661752e-02
 5.352127397497e+04  1.614543800000e+01  7.160018145504e-02
 5.352128207190e+04  1.612192700000e+01  7.129455212748e-02
 5.352129011351e+04  1.618820600000e+01  7.231595587140e-02
 5.384338776406e+04  1.620019600000e+01  7.362385684421e-02
 5.384339582730e+04  1.619311600000e+01  7.354402482989e-02
 5.384340393407e+04  1.631253800000e+01  7.549002905156e-02
 5.384341202094e+04  1.627523600000e+01  7.487020392766e-02
 5.376744288659e+04  1.563286100000e+01  6.501139166734e-02
 5.376744889163e+04  1.565535600000e+01  6.544049514712e-02
 5.376745483891e+04  1.566128600000e+01  6.553125088593e-02
 5.376746094385e+04  1.567626200000e+01  6.566736869371e-02
 5.378652402965e+04  1.551821900000e+01  6.434036711040e-02
 5.378653067708e+04  1.535438300000e+01  6.240154234528e-02
 5.378653732210e+04  1.529984700000e+01  6.196299236934e-02
 5.378654391003e+04  1.530528100000e+01  6.204406773004e-02
 5.373654062583e+04  1.622428700000e+01  7.557807637593e-02
 5.373654442833e+04  1.617053200000e+01  7.467145926218e-02
 5.373654824623e+04  1.622143100000e+01  7.550480081352e-02
 5.373655206541e+04  1.620364200000e+01  7.524599546763e-02
 5.390427590951e+04  1.599433000000e+01  1.280209004874e-01
 5.390427687171e+04  1.595217300000e+01  1.260193140835e-01
 5.390427783692e+04  1.595038100000e+01  1.258336972300e-01
 5.390427879611e+04  1.599757100000e+01  1.284666749599e-01
 5.390721631694e+04  1.588564900000e+01  6.948522225715e-02
 5.390722488670e+04  1.590534600000e+01  6.983381115884e-02
 5.390723346375e+04  1.591079500000e+01  6.998587701740e-02
 5.390724206013e+04  1.590038800000e+01  7.001809968069e-02
 5.379942025616e+04  1.617099900000e+01  7.215810214556e-02
 5.379942882973e+04  1.617294300000e+01  7.205780986221e-02
 5.379943725377e+04  1.615529700000e+01  7.188800898705e-02
 5.379944575338e+04  1.618143000000e+01  7.247677473318e-02
 5.381745292421e+04  1.618297700000e+01  8.703691165847e-02
 5.381745876501e+04  1.616170700000e+01  8.653911374917e-02
 5.381746471659e+04  1.617560600000e+01  8.695604071607e-02
 5.381747055889e+04  1.614216800000e+01  8.614894775817e-02
 5.385627485050e+04  1.593767900000e+01  6.939449412449e-02
 5.385628226962e+04  1.594132500000e+01  6.936385677937e-02
 5.385628971640e+04  1.596838300000e+01  6.974265164765e-02
 5.385629717719e+04  1.599412600000e+01  7.014418313869e-02
 5.386339176679e+04  1.570276500000e+01  1.127852644073e-01
 5.386339266256e+04  1.569567000000e+01  1.129069177092e-01
 5.386339343042e+04  1.582044500000e+01  1.179866811493e-01
 5.386339424875e+04  1.568468000000e+01  1.122591403266e-01
 5.387627362248e+04  1.625056000000e+01  7.483093159177e-02
 5.387628216666e+04  1.622215700000e+01  7.443737000761e-02
 5.387629070667e+04  1.625636000000e+01  7.505061525993e-02
 5.387629926495e+04  1.619724000000e+01  7.411474083297e-02
 5.420632786262e+04  1.576422000000e+01  6.700176635993e-02
 5.420633527803e+04  1.574475200000e+01  6.677903576820e-02
 5.420634269889e+04  1.578225300000e+01  6.711656205334e-02
 5.420635011303e+04  1.581760600000e+01  6.750632009785e-02
 5.421330711775e+04  1.629876700000e+01  7.437090676355e-02
 5.421331656741e+04  1.632809500000e+01  7.475788777589e-02
 5.421332599821e+04  1.632968100000e+01  7.485484606192e-02
 5.421333543595e+04  1.623049800000e+01  7.323734766023e-02
 5.446453596267e+04  1.624929300000e+01  7.548156828149e-02
 5.446453899442e+04  1.632763200000e+01  7.681397882612e-02
 5.446454189757e+04  1.631269500000e+01  7.574365250634e-02
 5.446454482584e+04  1.628881800000e+01  7.597169516917e-02
 5.411649767523e+04  1.598384000000e+01  6.809354797526e-02
 5.411650430264e+04  1.600810200000e+01  6.839673677348e-02
 5.411651097485e+04  1.602737700000e+01  6.807564459637e-02
 5.411651766211e+04  1.600539000000e+01  6.826092950446e-02
 5.412948723466e+04  1.528206800000e+01  6.135846248740e-02
 5.412949326054e+04  1.532047700000e+01  6.163069361079e-02
 5.412949930309e+04  1.534128000000e+01  6.179588979863e-02
 5.412950538418e+04  1.537881600000e+01  6.205669529786e-02
 5.425619037380e+04  1.605639700000e+01  7.272927536876e-02
 5.425619676601e+04  1.604959400000e+01  7.622027828356e-02
 5.425620318809e+04  1.608107100000e+01  7.541281491678e-02
 5.425620959211e+04  1.609020700000e+01  8.255173600379e-02
 5.426321044200e+04  1.548299100000e+01  6.432020167010e-02
 5.426321687264e+04  1.551066600000e+01  6.458551700398e-02
 5.426322329958e+04  1.551237200000e+01  6.474414130875e-02
 5.426322970002e+04  1.556861100000e+01  6.543722710277e-02
 5.426919726529e+04  1.546425300000e+01  6.360543035075e-02
 5.426920484529e+04  1.548115700000e+01  6.379341939938e-02
 5.426921244475e+04  1.554156800000e+01  6.436342671246e-02
 5.426922003610e+04  1.553741900000e+01  6.433501734395e-02
 5.417237666199e+04  1.616257800000e+01  7.083310516183e-02
 5.417238315491e+04  1.616400000000e+01  7.082795019591e-02
 5.417238970350e+04  1.616165000000e+01  7.076512126549e-02
 5.417239620370e+04  1.617116900000e+01  7.082957769118e-02
 5.423032951475e+04  1.579788600000e+01  6.696375231355e-02
 5.423033741398e+04  1.581859800000e+01  6.717436946621e-02
 5.423034531623e+04  1.582305600000e+01  6.730237957775e-02
 5.423035321442e+04  1.586799900000e+01  6.787308449209e-02
 5.424030502365e+04  1.641088000000e+01  7.617815479352e-02
 5.424031307949e+04  1.634990400000e+01  7.522458017583e-02
 5.424032116439e+04  1.630528500000e+01  7.454750041294e-02
 5.424032924626e+04  1.624624400000e+01  7.370450725742e-02
 5.456243436288e+04  1.571140500000e+01  6.621111013147e-02
 5.456243998318e+04  1.573177500000e+01  6.647113811591e-02
 5.456244561819e+04  1.573885800000e+01  6.656144588788e-02
 5.456245130644e+04  1.574394200000e+01  6.666812902144e-02
 5.456841289740e+04  1.561358000000e+01  6.433467260655e-02
 5.456841846179e+04  1.563522800000e+01  6.454771293163e-02
 5.456842401196e+04  1.564729400000e+01  6.468173963799e-02
 5.456842953770e+04  1.565318200000e+01  6.477282815092e-02
 5.458039044434e+04  1.555360700000e+01  6.405255982313e-02
 5.458039699003e+04  1.555686400000e+01  6.413627076002e-02
 5.458040359140e+04  1.558318900000e+01  6.442465254832e-02
 5.458041014984e+04  1.561114700000e+01  6.470363039435e-02
 5.483153119950e+04  1.536338400000e+01  6.360890478925e-02
 5.483153948881e+04  1.534040100000e+01  6.335894108311e-02
 5.483154775773e+04  1.532238800000e+01  6.278498218462e-02
 5.483155598291e+04  1.533553000000e+01  6.323197364143e-02
 5.449752872922e+04  1.613850800000e+01  7.007692561336e-02
 5.449753521890e+04  1.606347500000e+01  6.902428472425e-02
 5.449754169932e+04  1.593294200000e+01  6.740854622552e-02
 5.449754814685e+04  1.584051700000e+01  6.637291381873e-02
 5.451045084233e+04  1.610153200000e+01  6.967084507384e-02
 5.451045734311e+04  1.614268000000e+01  7.026015749373e-02
 5.451046384286e+04  1.615508100000e+01  7.035863497787e-02
 5.451047034572e+04  1.611461300000e+01  6.980022074557e-02
 5.462426648831e+04  1.585876400000e+01  6.408335685803e-02
 5.462427429760e+04  1.589798300000e+01  6.450310122005e-02
 5.462428216883e+04  1.590510200000e+01  6.461248524069e-02
 5.462429002142e+04  1.593734300000e+01  6.499156385372e-02
 5.452940063829e+04  1.549832300000e+01  6.309241468000e-02
 5.452941260624e+04  1.552550800000e+01  6.332829479383e-02
 5.452942452698e+04  1.556526700000e+01  6.372359236337e-02
 5.452943646681e+04  1.560671000000e+01  6.405998334121e-02
 5.455536645540e+04  1.597917700000e+01  6.838951529871e-02
 5.455537354244e+04  1.597519300000e+01  6.831644505022e-02
 5.455538069176e+04  1.601570100000e+01  6.885334360368e-02
 5.455538780368e+04  1.600548700000e+01  6.864140816066e-02
 5.458728076710e+04  1.623333900000e+01  6.771661958070e-02
 5.458728616227e+04  1.620928000000e+01  6.742819776582e-02
 5.458729157179e+04  1.623013300000e+01  6.765444920508e-02
 5.458729698492e+04  1.627534500000e+01  6.818427136341e-02
 5.492240894183e+04  1.616214900000e+01  7.166488370056e-02
 5.492241696944e+04  1.617686100000e+01  7.124628898884e-02
 5.492242501788e+04  1.619907700000e+01  7.112036138625e-02
 5.492243300463e+04  1.623322100000e+01  7.279912267480e-02
 5.493934147571e+04  1.619089500000e+01  7.128641910673e-02
 5.493934748714e+04  1.622107300000e+01  7.162781383528e-02
 5.493935359068e+04  1.621550700000e+01  7.152699298361e-02
 5.493935971785e+04  1.623377200000e+01  7.179188358245e-02
 5.494935692106e+04  1.609264300000e+01  7.019137223331e-02
 5.494936376655e+04  1.610737100000e+01  7.051957653273e-02
 5.494937053056e+04  1.611261300000e+01  7.064342783804e-02
 5.494937728624e+04  1.613641000000e+01  7.093296525765e-02
 5.504416891902e+04  1.622143000000e+01  8.052041410896e-02
 5.504417333023e+04  1.630261900000e+01  8.220941183953e-02
 5.504417777479e+04  1.626889400000e+01  8.149522191417e-02
 5.504418210950e+04  1.631835800000e+01  8.269279787751e-02
 5.486748115536e+04  1.563943800000e+01  6.698176142911e-02
 5.486749144337e+04  1.552786100000e+01  6.651563441189e-02
 5.486750210420e+04  1.542392200000e+01  6.525513973968e-02
 5.486751272395e+04  1.542462400000e+01  6.601055618106e-02
 5.491138027226e+04  1.565875700000e+01  6.461248524069e-02
 5.491138622730e+04  1.569623400000e+01  6.511818088936e-02
 5.491139233061e+04  1.573391100000e+01  6.619188156125e-02
 5.491139836159e+04  1.574062700000e+01  6.666415538352e-02
 5.497524814058e+04  1.627731400000e+01  7.319076185174e-02
 5.497525462113e+04  1.626054200000e+01  7.299598655647e-02
 5.497526126878e+04  1.627782000000e+01  7.317528269437e-02
 5.497526777050e+04  1.624841800000e+01  7.274340476545e-02
 5.498123461791e+04  1.626207100000e+01  7.343801766889e-02
 5.498124909178e+04  1.627953200000e+01  7.317215343999e-02
 5.529529494854e+04  1.615121300000e+01  7.104407618415e-02
 5.529530062199e+04  1.613403000000e+01  7.082293582012e-02
 5.529530634699e+04  1.617095800000e+01  7.121411431845e-02
 5.529531209219e+04  1.619487600000e+01  7.159103925756e-02
 5.524147505564e+04  1.622161700000e+01  7.252398590693e-02
 5.524148032979e+04  1.617990200000e+01  7.188892136766e-02
 5.524148559198e+04  1.623092900000e+01  7.259220731551e-02
 5.524149082485e+04  1.621266000000e+01  7.230116546426e-02
 5.535023200274e+04  1.559644000000e+01  6.650492071829e-02
 5.535023988066e+04  1.561906100000e+01  6.583820896284e-02
 5.535024792179e+04  1.565576200000e+01  6.579576414644e-02
 5.535025601804e+04  1.569495600000e+01  6.576270852130e-02
 5.535624963566e+04  1.567386000000e+01  6.587518220634e-02
 5.535625486500e+04  1.567619100000e+01  6.745439034849e-02
 5.535626011884e+04  1.569871600000e+01  6.653503844017e-02
 5.535626529134e+04  1.572829500000e+01  6.585750300000e-02
 5.536519310479e+04  1.544750700000e+01  6.308361883721e-02
 5.536519764251e+04  1.547405200000e+01  6.330353212922e-02
 5.536520216543e+04  1.549988700000e+01  6.354318839713e-02
 5.536520673613e+04  1.551217500000e+01  6.362430646629e-02
 5.527042551404e+04  1.539310800000e+01  6.259205818130e-02
 5.527043251958e+04  1.541064100000e+01  6.275073488414e-02
 5.527043954889e+04  1.542608100000e+01  6.293755158956e-02
 5.527044660642e+04  1.547510600000e+01  6.344691830630e-02
 5.527643705899e+04  1.547131200000e+01  6.356257961515e-02
 5.527644395571e+04  1.546999700000e+01  6.367193720851e-02
 5.527645093682e+04  1.550936400000e+01  6.375392853012e-02
 5.527645789087e+04  1.552127700000e+01  6.386837602034e-02
 5.532229874867e+04  1.615261700000e+01  7.087321659344e-02
 5.532230451796e+04  1.617302300000e+01  7.118317892275e-02
 5.532231028874e+04  1.618225300000e+01  7.126818263236e-02
 5.532231602909e+04  1.615788700000e+01  7.093955342911e-02
 5.532936989076e+04  1.595202500000e+01  6.824863436150e-02
 5.532937692100e+04  1.596785100000e+01  6.854971454232e-02
 5.532938386579e+04  1.598559300000e+01  6.885312803018e-02
 5.532939081209e+04  1.601657800000e+01  6.944904466540e-02
 5.533828139567e+04  1.575167900000e+01  6.604711807610e-02
 5.533828885868e+04  1.576738200000e+01  6.613307708085e-02
 5.533829638071e+04  1.580406200000e+01  6.666245351208e-02
 5.533830393321e+04  1.582537700000e+01  6.690453881764e-02
 5.565638116148e+04  1.622046100000e+01  6.853003108782e-02
 5.565638743472e+04  1.624447300000e+01  6.888733421324e-02
 5.565639372277e+04  1.628709800000e+01  6.944707769633e-02
 5.565640000274e+04  1.627254200000e+01  6.922595288663e-02
 5.566338799770e+04  1.611136800000e+01  6.764769575390e-02
 5.566339563593e+04  1.607926400000e+01  6.725665523395e-02
 5.566340332116e+04  1.608811500000e+01  6.773203074280e-02
 5.566341097194e+04  1.612267400000e+01  6.786005178952e-02
 5.567530468024e+04  1.598040400000e+01  7.387780762515e-02
 5.567531166983e+04  1.599523400000e+01  7.409835648061e-02
 5.567531873743e+04  1.598551300000e+01  7.384395085556e-02
 5.567532581292e+04  1.599952200000e+01  7.397459749001e-02
 5.560149621332e+04  1.577407400000e+01  6.687077177519e-02
 5.560150140666e+04  1.580013900000e+01  6.717263218890e-02
 5.560150662184e+04  1.584426800000e+01  6.764936029992e-02
 5.560151179630e+04  1.581812300000e+01  6.733638914288e-02
 5.562547874186e+04  1.578806200000e+01  6.707992968965e-02
 5.562548503110e+04  1.579582600000e+01  6.723560487699e-02
 5.562549146211e+04  1.584765200000e+01  6.828447375355e-02
 5.562549776786e+04  1.586263900000e+01  6.848895529803e-02
 5.563438027454e+04  1.546597800000e+01  6.460774237877e-02
 5.563438940928e+04  1.549374000000e+01  6.445874198173e-02
 5.563439867806e+04  1.553011900000e+01  6.480288041672e-02
 5.563440788790e+04  1.557149500000e+01  6.526196510165e-02
 5.564645054328e+04  1.574404600000e+01  6.681800934675e-02
 5.564645850744e+04  1.578588500000e+01  6.733425953287e-02
 5.564646645253e+04  1.581873100000e+01  6.771587333874e-02
 5.564647434356e+04  1.583336700000e+01  6.795078576118e-02
 5.568729976484e+04  1.598716100000e+01  7.253505119581e-02
 5.568730550645e+04  1.600507500000e+01  7.359155859255e-02
 5.568731127016e+04  1.598137400000e+01  7.075812358927e-02
 5.568731708216e+04  1.603567600000e+01  7.155484836154e-02
 5.569430577200e+04  1.539685800000e+01  6.564158274838e-02
 5.569431403922e+04  1.545849000000e+01  6.632333574120e-02
 5.569432237447e+04  1.548736400000e+01  6.667543262038e-02
 5.569433066194e+04  1.554335200000e+01  6.730078842389e-02
 5.570531406478e+04  1.602416600000e+01  7.106688108836e-02
 5.570532265444e+04  1.605255500000e+01  7.154648267270e-02
 5.570533125116e+04  1.611576600000e+01  7.260499066587e-02
 5.570533987856e+04  1.606227000000e+01  7.191558877657e-02
 5.533828139567e+04  1.574366800000e+01  6.590025608432e-02
 5.533828885868e+04  1.576017900000e+01  6.598707357819e-02
 5.533829638071e+04  1.580533700000e+01  6.662228424908e-02
 5.533830393321e+04  1.581441700000e+01  6.672979014312e-02
 5.592651405380e+04  1.599895400000e+01  6.943759727785e-02
 5.592651923912e+04  1.598807400000e+01  6.922156095037e-02
 5.592652435152e+04  1.601032900000e+01  6.946236119176e-02
 5.592652950247e+04  1.603030400000e+01  6.968760882879e-02
 5.598251769216e+04  1.621713800000e+01  7.204063066308e-02
 5.598252164723e+04  1.623042100000e+01  7.223338798062e-02
 5.598252566757e+04  1.623157200000e+01  7.220817389527e-02
 5.598252962934e+04  1.623219600000e+01  7.227070149199e-02
 5.598838850490e+04  1.625528900000e+01  7.303772185440e-02
 5.598839592390e+04  1.612745600000e+01  7.105366426213e-02
 5.598840339948e+04  1.619760600000e+01  7.205688103229e-02
 5.598841088255e+04  1.620502600000e+01  7.213886548306e-02
 5.600336882584e+04  1.611345300000e+01  7.089818918374e-02
 5.600337736895e+04  1.614721300000e+01  7.136836059591e-02
 5.600338592481e+04  1.614338300000e+01  7.127316564075e-02
 5.600339451841e+04  1.614021800000e+01  7.119291476693e-02
 5.601339467262e+04  1.589811300000e+01  6.870809019303e-02
 5.601339978778e+04  1.588939700000e+01  6.858141270503e-02
 5.601340493977e+04  1.593082500000e+01  6.917552226109e-02
 5.601340998185e+04  1.593726700000e+01  6.925122758165e-02
 5.603328224389e+04  1.609157500000e+01  7.099656660504e-02
 5.603328730572e+04  1.608166300000e+01  7.088507923262e-02
 5.603329239336e+04  1.615224500000e+01  7.188253210971e-02
 5.603329750160e+04  1.613395400000e+01  7.166845075614e-02
 5.603736195057e+04  1.583488300000e+01  6.461512845681e-02
 5.603737147201e+04  1.588077800000e+01  6.517926375243e-02
 5.603738109706e+04  1.588292500000e+01  6.504512850530e-02
 5.603739064964e+04  1.593467800000e+01  6.551243761872e-02
 5.605928579741e+04  1.630709800000e+01  7.316034615892e-02
 5.605929252906e+04  1.628632400000e+01  7.281167814234e-02
 5.605929944770e+04  1.631088500000e+01  7.333047012791e-02
 5.605930628264e+04  1.633230100000e+01  7.386384223103e-02
 5.606934290336e+04  1.617157700000e+01  7.153827194631e-02
 5.606935033244e+04  1.616785700000e+01  7.147371518743e-02
 5.606935767227e+04  1.619891800000e+01  7.194569948273e-02
 5.606936507132e+04  1.621033400000e+01  7.226262491685e-02
 5.609821340622e+04  1.622110600000e+01  7.181253968286e-02
 5.609822234020e+04  1.617377600000e+01  7.120647625866e-02
 5.609823140135e+04  1.625037400000e+01  7.228750737387e-02
 5.609824054674e+04  1.624455600000e+01  7.230370785819e-02
