# time mag mag_err
 5.409348387677e+04  1.612447400000e+01  6.931418113202e-02
 5.409349149150e+04  1.599866500000e+01  6.775328342411e-02
 5.409349918980e+04  1.597706300000e+01  6.751122416877e-02
 5.409350690998e+04  1.592965500000e+01  6.690445537275e-02
 5.377642161712e+04  1.639527600000e+01  7.569931276416e-02
 5.377642807461e+04  1.639793600000e+01  7.575387728871e-02
 5.377643450190e+04  1.630612500000e+01  7.419628851454e-02
 5.377644093196e+04  1.643456100000e+01  7.583331979237e-02
 5.379037118446e+04  1.643286200000e+01  7.563621727004e-02
 5.379037649316e+04  1.635644200000e+01  7.436348315261e-02
 5.379038181877e+04  1.644545100000e+01  7.586090101275e-02
 5.379038710584e+04  1.643535000000e+01  7.574298652292e-02
 5.376341513044e+04  1.602142600000e+01  6.919121412863e-02
 5.376342380517e+04  1.603677600000e+01  6.945726323146e-02
 5.376343250133e+04  1.597924700000e+01  6.864455608241e-02
 5.376344122028e+04  1.599183000000e+01  6.879497410874e-02
 5.390416051731e+04  1.588553600000e+01  1.243207802052e-01
 5.390416153831e+04  1.596139400000e+01  1.284603996225e-01
 5.390416253721e+04  1.590056800000e+01  1.257499503218e-01
 5.390416354281e+04  1.592063200000e+01  1.267341311218e-01
 5.379831345367e+04  1.594383200000e+01  6.850152430649e-02
 5.379832157178e+04  1.595826400000e+01  6.869572339975e-02
 5.379832990507e+04  1.596666300000e+01  6.879807460302e-02
 5.379833800929e+04  1.596389600000e+01  6.874604713820e-02
 5.385620490617e+04  1.632803900000e+01  7.465257267055e-02
 5.385621335415e+04  1.635642800000e+01  7.515743457026e-02
 5.385622182947e+04  1.632001900000e+01  7.455784146012e-02
 5.385623031426e+04  1.636934600000e+01  7.556123995980e-02
 5.420619797769e+04  1.659211400000e+01  7.990246748903e-02
 5.420620502063e+04  1.656424200000e+01  7.928368463187e-02
 5.420621206740e+04  1.652395400000e+01  7.844491550615e-02
 5.420621910050e+04  1.643255000000e+01  7.676764027101e-02
 5.415730855604e+04  1.638774200000e+01  7.656930655389e-02
 5.415731725462e+04  1.639874800000e+01  7.665622521545e-02
 5.415732596362e+04  1.644614500000e+01  7.749395569148e-02
 5.415733469021e+04  1.650561200000e+01  7.860625949428e-02
 5.412838717661e+04  1.585774700000e+01  6.644655379133e-02
 5.412839319045e+04  1.583933700000e+01  6.614219039141e-02
 5.412839921263e+04  1.589595900000e+01  6.683599752077e-02
 5.412840523538e+04  1.588016700000e+01  6.658786949268e-02
 5.417329582957e+04  1.617580300000e+01  7.047059436082e-02
 5.417330343655e+04  1.608324200000e+01  6.920131743259e-02
 5.417331099712e+04  1.607875900000e+01  6.916332508772e-02
 5.417331857422e+04  1.594781900000e+01  6.754454353283e-02
 5.417926000706e+04  1.625226600000e+01  7.181691703209e-02
 5.417926754192e+04  1.622722200000e+01  7.142580903226e-02
 5.417927507598e+04  1.631241000000e+01  7.267560365535e-02
 5.417928260760e+04  1.630812600000e+01  7.263801191265e-02
 5.456822267278e+04  1.617299700000e+01  7.037099002499e-02
 5.456822763980e+04  1.617609000000e+01  7.040816088969e-02
 5.456823261992e+04  1.619552000000e+01  7.074817275853e-02
 5.456823757132e+04  1.619809000000e+01  7.076323724311e-02
 5.458319650463e+04  1.636733500000e+01  7.471559596314e-02
 5.458320426797e+04  1.621011300000e+01  7.227434537178e-02
 5.458321203595e+04  1.606519100000e+01  7.026333748975e-02
 5.458321977407e+04  1.603987400000e+01  6.988225382269e-02
 5.449841235047e+04  1.592376100000e+01  6.678463776385e-02
 5.449841828226e+04  1.593776500000e+01  6.694165989701e-02
 5.449842423926e+04  1.594773000000e+01  6.711656205334e-02
 5.449843021016e+04  1.602728600000e+01  6.805320180284e-02
 5.452436597902e+04  1.584692400000e+01  6.611969107778e-02
 5.452437426172e+04  1.588632400000e+01  6.654101343830e-02
 5.452438252509e+04  1.591179200000e+01  6.686268808976e-02
 5.452439077875e+04  1.596026300000e+01  6.742056420038e-02
 5.448338510971e+04  1.627131500000e+01  7.164959333698e-02
 5.448339168075e+04  1.629732900000e+01  7.203661015513e-02
 5.448339824278e+04  1.629019600000e+01  7.182220382815e-02
 5.448340477725e+04  1.631731600000e+01  7.217910287498e-02
 5.453223391390e+04  1.640527700000e+01  7.522288624151e-02
 5.453224203039e+04  1.633768400000e+01  7.423306191863e-02
 5.453225014052e+04  1.640910800000e+01  7.491311723766e-02
 5.453225823223e+04  1.636189300000e+01  7.388134927978e-02
 5.455526371418e+04  1.660945500000e+01  7.746884347733e-02
 5.455527080030e+04  1.650528800000e+01  7.572123944886e-02
 5.455527790794e+04  1.645542900000e+01  7.489708146943e-02
 5.455528515378e+04  1.648376000000e+01  7.540527416442e-02
 5.518545011872e+04  1.637662700000e+01  7.375427338128e-02
 5.518545875655e+04  1.640747700000e+01  7.350443360146e-02
 5.518546752956e+04  1.640684900000e+01  7.352331003564e-02
 5.518547627968e+04  1.643323400000e+01  7.377749640672e-02
 5.486441610213e+04  1.651430900000e+01  7.482950214167e-02
 5.486442420763e+04  1.646202000000e+01  7.402097367848e-02
 5.486443234518e+04  1.654335600000e+01  7.533699834735e-02
 5.486444040462e+04  1.658689200000e+01  7.599280526539e-02
 5.488236939693e+04  1.609429200000e+01  6.918112309631e-02
 5.488237864022e+04  1.607390300000e+01  6.893396314383e-02
 5.488238796013e+04  1.612933800000e+01  6.959763731117e-02
 5.488239727309e+04  1.610239100000e+01  6.925326166093e-02
 5.485047920000e+04  1.662232500000e+01  8.196639509682e-02
 5.485048816480e+04  1.656704600000e+01  8.094393346729e-02
 5.485049245332e+04  1.654722400000e+01  8.046950273270e-02
 5.485049672633e+04  1.659838500000e+01  8.164768688278e-02
 5.490925203317e+04  1.651487100000e+01  7.540376621981e-02
 5.490925633941e+04  1.649972400000e+01  7.505040766621e-02
 5.490926065848e+04  1.646239500000e+01  7.446533693852e-02
 5.490926498567e+04  1.646036400000e+01  7.442302225620e-02
 5.495217687275e+04  1.628796500000e+01  7.285381547452e-02
 5.495218467385e+04  1.625971700000e+01  7.245704957498e-02
 5.495219254406e+04  1.624370700000e+01  7.219700704889e-02
 5.495220036877e+04  1.629090000000e+01  7.302299098047e-02
 5.529121797787e+04  1.638198400000e+01  7.461029722740e-02
 5.529122422833e+04  1.632139500000e+01  7.366154790240e-02
 5.529123060089e+04  1.635432400000e+01  7.415218021863e-02
 5.529123692667e+04  1.636150200000e+01  7.431205056934e-02
 5.530026181750e+04  1.641172600000e+01  7.446711275463e-02
 5.530026995159e+04  1.646871400000e+01  7.549914979941e-02
 5.530027807270e+04  1.649912400000e+01  7.605477960369e-02
 5.530028624110e+04  1.651297600000e+01  7.632488602285e-02
 5.535015074019e+04  1.632749300000e+01  7.380446998588e-02
 5.535015646167e+04  1.634836200000e+01  7.469098570426e-02
 5.535016222237e+04  1.635254800000e+01  7.938719425975e-02
 5.535016798391e+04  1.646397600000e+01  7.672173159829e-02
 5.527031388259e+04  1.634813300000e+01  7.347627427092e-02
 5.527032027284e+04  1.639945700000e+01  7.433286584462e-02
 5.527032660931e+04  1.637094000000e+01  7.391682606510e-02
 5.527033301112e+04  1.637865500000e+01  7.406983991188e-02
 5.565219019497e+04  1.606922700000e+01  7.045341677533e-02
 5.565219702748e+04  1.609228300000e+01  7.075839161789e-02
 5.565220390447e+04  1.619573700000e+01  7.222045868102e-02
 5.565221076896e+04  1.611506100000e+01  7.103019917133e-02
 5.560334309522e+04  1.589708300000e+01  6.435252033735e-02
 5.560335080397e+04  1.594045500000e+01  6.477215121235e-02
 5.560335848537e+04  1.593894500000e+01  6.472651237827e-02
 5.560336620122e+04  1.597452000000e+01  6.501663035125e-02
 5.557549262045e+04  1.601982000000e+01  7.402191847029e-02
 5.557549998008e+04  1.605332400000e+01  7.454213484513e-02
 5.557550733565e+04  1.604801100000e+01  7.448468104701e-02
 5.557551462795e+04  1.609600600000e+01  7.529726370284e-02
 5.559048342687e+04  1.644118100000e+01  7.583063214495e-02
 5.559048865271e+04  1.644402500000e+01  7.590432053889e-02
 5.559049390712e+04  1.646241500000e+01  7.633636089284e-02
 5.559049917093e+04  1.651059100000e+01  7.724574157290e-02
 5.562135831730e+04  1.641924400000e+01  7.491229548828e-02
 5.562136457537e+04  1.635357100000e+01  7.396463341708e-02
 5.562137095811e+04  1.640058100000e+01  7.473398906711e-02
 5.562137729514e+04  1.643855300000e+01  7.536914959277e-02
 5.563024079447e+04  1.634169700000e+01  7.056659212656e-02
 5.563024836394e+04  1.636287300000e+01  7.077455127621e-02
 5.563025602812e+04  1.641496000000e+01  7.142580903226e-02
 5.563026364693e+04  1.640444600000e+01  7.122799102284e-02
 5.564528394682e+04  1.622137500000e+01  7.256293489978e-02
 5.564529178863e+04  1.622872000000e+01  7.264344356780e-02
 5.564529963661e+04  1.621008200000e+01  7.229099952308e-02
 5.564530752758e+04  1.620499100000e+01  7.241402116260e-02
 5.592943153294e+04  1.655271200000e+01  7.693830843697e-02
 5.592943776737e+04  1.650785000000e+01  7.614194255681e-02
 5.592944408655e+04  1.663362500000e+01  7.831426002480e-02
 5.592945034510e+04  1.648171500000e+01  7.558727101042e-02
 5.597739922205e+04  1.636099500000e+01  7.423113343186e-02
 5.597740805721e+04  1.644121500000e+01  7.496757393098e-02
 5.597741610530e+04  1.635442500000e+01  7.367633393622e-02
 5.597742404843e+04  1.637422900000e+01  7.398796050414e-02
 5.598428721780e+04  1.630040700000e+01  7.322389019261e-02
 5.598429288432e+04  1.632953200000e+01  7.365133826296e-02
 5.598429863611e+04  1.634843300000e+01  7.388936712074e-02
 5.598430432160e+04  1.628813800000e+01  7.290746013363e-02
 5.598933078113e+04  1.630175600000e+01  7.308342033431e-02
 5.598933533890e+04  1.630225800000e+01  7.319459246685e-02
 5.598933982536e+04  1.632769000000e+01  7.368382787641e-02
 5.598934441936e+04  1.627599800000e+01  7.281452661391e-02
 5.600029859810e+04  1.644596600000e+01  7.554595699358e-02
 5.600030429740e+04  1.642431300000e+01  7.514817599064e-02
 5.600031496103e+04  1.641169100000e+01  7.485750610494e-02
 5.600032063088e+04  1.654871400000e+01  7.834874064474e-02
 5.601025747653e+04  1.629153300000e+01  7.295765748808e-02
 5.601026565073e+04  1.626718600000e+01  7.253798212591e-02
 5.601027388940e+04  1.629264700000e+01  7.300742926014e-02
 5.601028213277e+04  1.629426900000e+01  7.299137886385e-02
 5.603222313032e+04  1.592085200000e+01  6.865337617443e-02
 5.603222885781e+04  1.591078800000e+01  6.851132514426e-02
 5.603223451865e+04  1.598528600000e+01  6.952132216431e-02
 5.603224018781e+04  1.594193300000e+01  6.898731453335e-02
