# time mag mag_err
 5.346629577572e+04  1.561357300000e+01  6.374895781114e-02
 5.346630384787e+04  1.559291900000e+01  6.357359357075e-02
 5.346631197108e+04  1.561130300000e+01  6.371973919226e-02
 5.346632011546e+04  1.559888800000e+01  6.360124413482e-02
 5.370550863905e+04  1.566231500000e+01  6.587307838031e-02
 5.370551527411e+04  1.569943000000e+01  6.620852269799e-02
 5.370552174469e+04  1.571595900000e+01  6.630087206294e-02
 5.370552839675e+04  1.570925100000e+01  6.614377299651e-02
 5.373445637983e+04  1.547647300000e+01  6.325224803736e-02
 5.373446426101e+04  1.542103800000e+01  6.270167186971e-02
 5.373447204866e+04  1.549546000000e+01  6.333248873093e-02
 5.373447988343e+04  1.547781400000e+01  6.309241468000e-02
 5.355616019904e+04  1.559165100000e+01  6.473758552840e-02
 5.355616659206e+04  1.563118400000e+01  6.519395009369e-02
 5.355617298162e+04  1.561097100000e+01  6.500386219771e-02
 5.355617943044e+04  1.561880000000e+01  6.513709098718e-02
 5.352921235051e+04  1.575420800000e+01  6.587808469006e-02
 5.352921914494e+04  1.570955900000e+01  6.544703464215e-02
 5.352922592387e+04  1.574354300000e+01  6.583085227372e-02
 5.352923267258e+04  1.575993700000e+01  6.606267601895e-02
 5.349824627624e+04  1.587578700000e+01  6.708353269506e-02
 5.349825334765e+04  1.591997700000e+01  6.759424711305e-02
 5.349826038932e+04  1.587949000000e+01  6.711104670048e-02
 5.349826740958e+04  1.589301200000e+01  6.731086737726e-02
 5.352028684891e+04  1.547773500000e+01  6.412530764192e-02
 5.352029329206e+04  1.544670800000e+01  6.385883598412e-02
 5.352029970604e+04  1.544122000000e+01  6.415629998358e-02
 5.352030614015e+04  1.549738300000e+01  6.452018635319e-02
 5.382732834727e+04  1.595028300000e+01  6.874296536806e-02
 5.382733859095e+04  1.595080600000e+01  6.875359566487e-02
 5.382734876935e+04  1.593608100000e+01  6.853520627382e-02
 5.382735907924e+04  1.593163400000e+01  6.853458548033e-02
 5.383333866926e+04  1.588460200000e+01  7.091871049050e-02
 5.383335788156e+04  1.589749900000e+01  7.106242668354e-02
 5.383340948887e+04  1.597579200000e+01  7.243945996829e-02
 5.383341877810e+04  1.596802700000e+01  7.235039611373e-02
 5.384329961940e+04  1.566999100000e+01  6.620137538851e-02
 5.384330896604e+04  1.567525000000e+01  6.627609719183e-02
 5.384331826037e+04  1.566893600000e+01  6.616808883063e-02
 5.384332757877e+04  1.574153200000e+01  6.695117996879e-02
 5.385228450728e+04  1.591139300000e+01  6.858203712134e-02
 5.385229172743e+04  1.588431500000e+01  6.825952868146e-02
 5.385229897721e+04  1.592355800000e+01  6.872715260880e-02
 5.385230628858e+04  1.587804300000e+01  6.814641685896e-02
 5.376737705646e+04  1.609190900000e+01  7.030976880660e-02
 5.376738589579e+04  1.612884600000e+01  7.082388341174e-02
 5.376739475039e+04  1.611936100000e+01  7.061716828934e-02
 5.376740360650e+04  1.614359000000e+01  7.088385202705e-02
 5.376352378469e+04  1.551407800000e+01  6.340810119287e-02
 5.390524444980e+04  1.615434600000e+01  1.346166030044e-01
 5.390524552613e+04  1.609752400000e+01  1.318718408031e-01
 5.390524661831e+04  1.604661800000e+01  1.289409017479e-01
 5.390524766455e+04  1.612684400000e+01  1.335858929658e-01
 5.379842796527e+04  1.605301700000e+01  6.978588290576e-02
 5.379843461792e+04  1.623187500000e+01  8.170118928703e-02
 5.379844158736e+04  1.598886700000e+01  7.878967712035e-02
 5.379844829834e+04  1.607173900000e+01  7.177503052899e-02
 5.381734765369e+04  1.604428000000e+01  6.974061533788e-02
 5.381735678980e+04  1.606807400000e+01  6.996864262725e-02
 5.381736592035e+04  1.609680500000e+01  7.035040708356e-02
 5.381737505020e+04  1.609602600000e+01  7.036390920066e-02
 5.385827147583e+04  1.579367600000e+01  6.767576669842e-02
 5.385827953375e+04  1.580120600000e+01  6.773203074280e-02
 5.385828766448e+04  1.585169500000e+01  6.833470086114e-02
 5.385829573931e+04  1.586858900000e+01  6.855832804283e-02
 5.387826963149e+04  1.561477300000e+01  6.519605152028e-02
 5.387827819639e+04  1.561033100000e+01  6.520570941462e-02
 5.387828676453e+04  1.557058900000e+01  6.484314459028e-02
 5.387829527757e+04  1.549444600000e+01  6.410997907419e-02
 5.420527013387e+04  1.556896600000e+01  6.371307997165e-02
 5.420527673674e+04  1.552315000000e+01  6.326646223080e-02
 5.420528335095e+04  1.545393800000e+01  6.264631645569e-02
 5.420528998948e+04  1.542975700000e+01  6.244414356157e-02
 5.421434247809e+04  1.587084900000e+01  6.693787206713e-02
 5.421434901765e+04  1.587571400000e+01  6.701008936697e-02
 5.421435553314e+04  1.588853700000e+01  6.719219985759e-02
 5.421436205256e+04  1.584840700000e+01  6.681205135554e-02
 5.443750238000e+04  1.600406800000e+01  6.841181265206e-02
 5.443750568561e+04  1.598359600000e+01  6.810658462009e-02
 5.443750899075e+04  1.600794300000e+01  6.835654065991e-02
 5.443751226267e+04  1.600606700000e+01  6.831835976923e-02
 5.444950903329e+04  1.589484100000e+01  6.670463854474e-02
 5.444951689745e+04  1.589033000000e+01  6.660103673140e-02
 5.444952470387e+04  1.591605500000e+01  6.686868733285e-02
 5.444953244117e+04  1.590115600000e+01  6.661720838998e-02
 5.411744852054e+04  1.555175000000e+01  6.319520848068e-02
 5.411745551267e+04  1.551024900000e+01  6.280423251375e-02
 5.411746250712e+04  1.546144300000e+01  6.231009645275e-02
 5.411746946869e+04  1.544725100000e+01  6.218108161228e-02
 5.412942634206e+04  1.599547400000e+01  6.801897927058e-02
 5.412943336752e+04  1.598049200000e+01  6.779624775542e-02
 5.412944039519e+04  1.600705500000e+01  6.804911124067e-02
 5.412944743211e+04  1.600979600000e+01  6.809423281971e-02
 5.429216579537e+04  1.606750500000e+01  7.354312330216e-02
 5.426421238870e+04  1.562730100000e+01  6.480188992049e-02
 5.426422096054e+04  1.564793200000e+01  6.508749318411e-02
 5.426422949834e+04  1.567083700000e+01  6.535564566979e-02
 5.426423804808e+04  1.568334600000e+01  6.557778131346e-02
 5.417036855589e+04  1.575669600000e+01  6.534133847422e-02
 5.417037508550e+04  1.575629300000e+01  6.534194262791e-02
 5.417038154981e+04  1.578321700000e+01  6.561903694445e-02
 5.417038801391e+04  1.581258600000e+01  6.589116089326e-02
 5.417945535578e+04  1.601516000000e+01  6.840936571134e-02
 5.417946340988e+04  1.606671800000e+01  6.909927986480e-02
 5.417947128887e+04  1.609618000000e+01  6.945529547196e-02
 5.417947920859e+04  1.611811100000e+01  6.982328575500e-02
 5.423328873794e+04  1.581626000000e+01  6.714999799352e-02
 5.423329356145e+04  1.587613400000e+01  6.787051486944e-02
 5.423329840648e+04  1.586810100000e+01  6.780520909264e-02
 5.423330324017e+04  1.586647300000e+01  6.775075234001e-02
 5.424222331047e+04  1.599773800000e+01  6.989943756876e-02
 5.424223055134e+04  1.603512200000e+01  7.042706544513e-02
 5.424223780159e+04  1.595640700000e+01  6.941140985624e-02
 5.424224506434e+04  1.596978100000e+01  6.978756784109e-02
 5.456341209461e+04  1.549521400000e+01  6.312726361610e-02
 5.456341714544e+04  1.548476900000e+01  6.301529551468e-02
 5.456342215205e+04  1.555131200000e+01  6.369719106367e-02
 5.456342715867e+04  1.551772200000e+01  6.344174859014e-02
 5.457229229043e+04  1.570578400000e+01  6.474947553844e-02
 5.457229778734e+04  1.574451700000e+01  6.515540248608e-02
 5.457230330799e+04  1.575884500000e+01  6.531729507178e-02
 5.457230884009e+04  1.568614000000e+01  6.456080572395e-02
 5.458536216324e+04  1.595116600000e+01  6.787432312436e-02
 5.458537018159e+04  1.599569300000e+01  6.854183578248e-02
 5.458537824459e+04  1.595619900000e+01  6.813114860183e-02
 5.458538631086e+04  1.596049700000e+01  6.822220910148e-02
 5.480253022788e+04  1.545229600000e+01  6.264380497359e-02
 5.480253490439e+04  1.538932800000e+01  6.227507475829e-02
 5.480253951133e+04  1.543004500000e+01  6.219902393133e-02
 5.480254426087e+04  1.540535400000e+01  6.181459089030e-02
 5.449750363017e+04  1.591517800000e+01  6.668965508739e-02
 5.449751014358e+04  1.592170100000e+01  6.675781882047e-02
 5.449751661427e+04  1.592447400000e+01  6.687602784412e-02
 5.449752310800e+04  1.598949900000e+01  6.755020248084e-02
 5.450641216696e+04  1.600568500000e+01  6.792256351096e-02
 5.450642069597e+04  1.595613400000e+01  6.729990497854e-02
 5.450642921144e+04  1.600293900000e+01  6.782666426596e-02
 5.450643773316e+04  1.598417900000e+01  6.760242399214e-02
 5.451036322731e+04  1.597504300000e+01  6.775253362395e-02
 5.451036969187e+04  1.597019200000e+01  6.767103412520e-02
 5.451037615412e+04  1.598265800000e+01  6.778795616383e-02
 5.451038265965e+04  1.597247300000e+01  6.710570859089e-02
 5.462722835198e+04  1.597503700000e+01  6.901735993612e-02
 5.462723471965e+04  1.590176800000e+01  6.813242783667e-02
 5.462724114382e+04  1.598420900000e+01  6.924456263785e-02
 5.462724753615e+04  1.599601700000e+01  6.941244593233e-02
 5.453132392779e+04  1.596178100000e+01  6.054301714094e-02
 5.453133452322e+04  1.596968300000e+01  6.065990896420e-02
 5.453134514435e+04  1.597511800000e+01  6.063664783523e-02
 5.453135574418e+04  1.595364100000e+01  6.046621005484e-02
 5.455533570596e+04  1.555162500000e+01  6.332941561550e-02
 5.455534286094e+04  1.556091000000e+01  6.339778248543e-02
 5.455534999104e+04  1.557134900000e+01  6.348178723220e-02
 5.455535712219e+04  1.559817800000e+01  6.368082658492e-02
 5.459124259617e+04  1.570500600000e+01  6.490027588872e-02
 5.459124969108e+04  1.575851600000e+01  6.549752150629e-02
 5.459125681412e+04  1.576333500000e+01  6.554043413466e-02
 5.459126394307e+04  1.577265300000e+01  6.562526117094e-02
 5.459820951660e+04  1.595707900000e+01  6.839877228399e-02
 5.459821598822e+04  1.597601700000e+01  6.845290314814e-02
 5.459822246700e+04  1.595824100000e+01  6.814503618952e-02
 5.459822895089e+04  1.593461800000e+01  6.788728480112e-02
 5.493939669315e+04  1.599205400000e+01  6.821474624978e-02
 5.493940157314e+04  1.596867500000e+01  6.793829367869e-02
 5.493940637499e+04  1.598289400000e+01  6.814493799146e-02
 5.493941119712e+04  1.603088500000e+01  6.869118335790e-02
 5.494931021274e+04  1.573246700000e+01  6.655090327377e-02
 5.494933525618e+04  1.576806800000e+01  6.618717719676e-02
 5.494934241185e+04  1.579622300000e+01  6.608133103610e-02
 5.494934968098e+04  1.583520200000e+01  6.656400411011e-02
 5.486735981322e+04  1.544253900000e+01  6.456283177901e-02
 5.486736843135e+04  1.538681000000e+01  6.396487048901e-02
 5.486737714833e+04  1.536935900000e+01  6.371547193741e-02
 5.486738579935e+04  1.536499900000e+01  6.360297989406e-02
 5.488935771942e+04  1.594920800000e+01  6.720248232699e-02
 5.488936559806e+04  1.600947700000e+01  6.774522529038e-02
 5.488937354648e+04  1.597427200000e+01  6.732441497791e-02
 5.488938141470e+04  1.600628900000e+01  6.797573400567e-02
 5.485948491664e+04  1.581105900000e+01  6.536742277481e-02
 5.485949086347e+04  1.576499000000e+01  6.496386676412e-02
 5.485949575029e+04  1.582034400000e+01  6.550150443311e-02
 5.485950057865e+04  1.583413800000e+01  6.661382619541e-02
 5.504215280388e+04  1.593124300000e+01  7.567478207537e-02
 5.504215910734e+04  1.590039600000e+01  7.532502046255e-02
 5.504216546148e+04  1.588096200000e+01  7.534042452784e-02
 5.504217171493e+04  1.608251700000e+01  7.961871702125e-02
 5.500424744640e+04  1.598296000000e+01  6.871814533112e-02
 5.500425469642e+04  1.592647300000e+01  6.805037718383e-02
 5.500426191208e+04  1.594762000000e+01  6.841782965751e-02
 5.500426924150e+04  1.594963000000e+01  6.852299838072e-02
 5.490835943304e+04  1.601387700000e+01  6.726544365748e-02
 5.490837233044e+04  1.601791900000e+01  6.780785212629e-02
 5.490838510017e+04  1.600347600000e+01  6.776538733806e-02
 5.490839799237e+04  1.600564800000e+01  6.775365880858e-02
 5.491833218360e+04  1.586155700000e+01  6.642793521273e-02
 5.491833699670e+04  1.587425800000e+01  6.656592278494e-02
 5.491834178375e+04  1.591640700000e+01  6.709701922095e-02
 5.491834649939e+04  1.594001500000e+01  6.735585474723e-02
 5.496529431625e+04  1.560461200000e+01  6.425537541549e-02
 5.496530084817e+04  1.561865000000e+01  6.440584422283e-02
 5.496530756578e+04  1.554692600000e+01  6.372932427882e-02
 5.496531427292e+04  1.549562800000e+01  6.330091097608e-02
 5.529040163194e+04  1.556007900000e+01  6.379010171501e-02
 5.529040969575e+04  1.564719100000e+01  6.468289336782e-02
 5.529041781858e+04  1.566295400000e+01  6.485155158637e-02
 5.529042597813e+04  1.565085700000e+01  6.481519932512e-02
 5.529926072117e+04  1.577942100000e+01  6.566216114987e-02
 5.529926767464e+04  1.577584800000e+01  6.562120528797e-02
 5.529927463604e+04  1.578800700000e+01  6.569975666898e-02
 5.529928164398e+04  1.576509400000e+01  6.550700307243e-02
 5.524649113359e+04  1.562823600000e+01  6.557993524268e-02
 5.524650047230e+04  1.566017000000e+01  6.738260115709e-02
 5.524650983388e+04  1.567807800000e+01  6.696333008688e-02
 5.524651922257e+04  1.567951000000e+01  6.660666439330e-02
 5.535915835705e+04  1.563770900000e+01  6.542003142879e-02
 5.535916513898e+04  1.557285400000e+01  6.478737351945e-02
 5.535917193124e+04  1.552329800000e+01  6.439057184834e-02
 5.535917879277e+04  1.552003400000e+01  6.433553504598e-02
 5.537021149054e+04  1.580580300000e+01  6.647974698340e-02
 5.537021605223e+04  1.570129600000e+01  6.535470412785e-02
 5.537022066242e+04  1.573458100000e+01  6.572803550767e-02
 5.537022526369e+04  1.575758200000e+01  6.596396306263e-02
 5.526936333892e+04  1.540389200000e+01  6.245811026243e-02
 5.527542022405e+04  1.541206600000e+01  6.218287317829e-02
 5.527542839522e+04  1.543231800000e+01  6.235195252487e-02
 5.527543665154e+04  1.541339100000e+01  6.217678395504e-02
 5.527544492122e+04  1.540407400000e+01  6.207684461725e-02
 5.532329938402e+04  1.605175900000e+01  6.891050748926e-02
 5.532330567694e+04  1.610377100000e+01  6.962570998108e-02
 5.532331202610e+04  1.603706400000e+01  6.882281949141e-02
 5.532331836521e+04  1.597147300000e+01  6.804258883123e-02
 5.533419488352e+04  1.538471300000e+01  6.379447320671e-02
 5.533420053613e+04  1.545884800000e+01  6.504249667780e-02
 5.533420625667e+04  1.543724300000e+01  6.924806432258e-02
 5.533421197340e+04  1.537014300000e+01  6.923350477924e-02
 5.565632749053e+04  1.608696800000e+01  6.636311018312e-02
 5.565633365405e+04  1.608966600000e+01  6.639583984338e-02
 5.565633986165e+04  1.611533800000e+01  6.668249990299e-02
 5.565634609856e+04  1.613133400000e+01  6.684862388872e-02
 5.566427720928e+04  1.597854200000e+01  6.566068440551e-02
 5.566428333404e+04  1.597765600000e+01  6.564284439875e-02
 5.566428957485e+04  1.595065100000e+01  6.533309149961e-02
 5.566429580644e+04  1.596101900000e+01  6.544083560374e-02
 5.567533717010e+04  1.560995000000e+01  6.795684663508e-02
 5.567534381834e+04  1.554395400000e+01  6.717567268908e-02
 5.567535049706e+04  1.553567500000e+01  6.706441900087e-02
 5.567535713146e+04  1.548149600000e+01  6.649715349450e-02
 5.560446777216e+04  1.543575800000e+01  6.269572745854e-02
 5.560447470057e+04  1.547799100000e+01  6.303570768779e-02
 5.560448164348e+04  1.550057900000e+01  6.326231412347e-02
 5.560448856964e+04  1.549098800000e+01  6.312156577485e-02
 5.562641464031e+04  1.593734100000e+01  7.120789013018e-02
 5.562642042868e+04  1.604359300000e+01  7.357092629037e-02
 5.562642621716e+04  1.597241500000e+01  7.252821474437e-02
 5.562643201133e+04  1.594993900000e+01  7.118515391151e-02
 5.563245639561e+04  1.588682500000e+01  6.786214253404e-02
 5.563247486057e+04  1.591744600000e+01  6.813006559574e-02
 5.563248012648e+04  1.595842700000e+01  6.904465058385e-02
 5.563248537535e+04  1.598773400000e+01  7.105296917261e-02
 5.564641660841e+04  1.558551600000e+01  6.463655239768e-02
 5.564642341919e+04  1.561661100000e+01  6.495208659886e-02
 5.564643027892e+04  1.561240700000e+01  6.490548924432e-02
 5.564643722856e+04  1.560623000000e+01  6.484190003055e-02
 5.570524670307e+04  1.566857200000e+01  6.593785415055e-02
 5.570525576466e+04  1.571838800000e+01  6.645151097427e-02
 5.570526489964e+04  1.575833000000e+01  6.693383402131e-02
 5.570527396924e+04  1.571526500000e+01  6.650428648787e-02
 5.591945512369e+04  1.573517500000e+01  6.628824280227e-02
 5.591946430984e+04  1.578653700000e+01  6.678356659312e-02
 5.591947346275e+04  1.578338500000e+01  6.661898072124e-02
 5.591948266035e+04  1.578840400000e+01  6.662067243037e-02
 5.593047260332e+04  1.600972200000e+01  6.894092642216e-02
 5.593048172435e+04  1.598564000000e+01  6.860748813687e-02
 5.593049084215e+04  1.597472400000e+01  6.839846712382e-02
 5.593049996564e+04  1.597917000000e+01  6.837143864760e-02
 5.597747940177e+04  1.565757100000e+01  6.438523718295e-02
 5.597748731385e+04  1.568920700000e+01  6.467985830374e-02
 5.597749525405e+04  1.569600600000e+01  6.474101634475e-02
 5.597750311487e+04  1.572124500000e+01  6.500896649060e-02
 5.598437437127e+04  1.585744200000e+01  6.689976514509e-02
 5.598437946274e+04  1.585641500000e+01  6.691552092036e-02
 5.598438458140e+04  1.585295700000e+01  6.680940446352e-02
 5.598438971536e+04  1.588335800000e+01  6.714740071112e-02
 5.599047485743e+04  1.590480600000e+01  6.765213564809e-02
 5.599047989751e+04  1.586141300000e+01  6.716568711307e-02
 5.599048506547e+04  1.587406700000e+01  6.734420459382e-02
 5.599049021205e+04  1.591409300000e+01  6.784201236032e-02
 5.599945687022e+04  1.598036000000e+01  6.836525259600e-02
 5.599946197679e+04  1.599024200000e+01  6.847620019922e-02
 5.599946709545e+04  1.603455500000e+01  6.908209996758e-02
 5.599947228965e+04  1.598324400000e+01  6.838849865848e-02
 5.601328185281e+04  1.565162600000e+01  6.548901212738e-02
 5.601328698918e+04  1.564217100000e+01  6.530914274764e-02
 5.601329209956e+04  1.570042400000e+01  6.596918165061e-02
 5.601329718940e+04  1.565187800000e+01  6.538299988141e-02
 5.603224791748e+04  1.570930500000e+01  6.592184074597e-02
 5.603225296164e+04  1.573575600000e+01  6.626159530600e-02
 5.603225799442e+04  1.576096800000e+01  6.648607175374e-02
 5.603226318679e+04  1.576244200000e+01  6.639865267972e-02
 5.606122915919e+04  1.564305400000e+01  6.543464223864e-02
 5.606123828367e+04  1.558998200000e+01  6.449702386588e-02
 5.606124678203e+04  1.562359600000e+01  6.446402075253e-02
 5.606125529527e+04  1.564643100000e+01  6.521827944315e-02
 5.609023771352e+04  1.546370900000e+01  6.290042887211e-02
 5.609024388734e+04  1.550879800000e+01  6.331641119886e-02
 5.609025009344e+04  1.551128000000e+01  6.340671737968e-02
 5.609025626947e+04  1.551899100000e+01  6.358030404768e-02
