# time mag mag_err
 5.348029805973e+04  1.550687300000e+01  6.332712468164e-02
 5.348030652868e+04  1.547657300000e+01  6.301067688678e-02
 5.348031502632e+04  1.536332600000e+01  6.205844607129e-02
 5.348032344560e+04  1.519678400000e+01  6.066608910017e-02
 5.356219570877e+04  1.540721700000e+01  6.275797361197e-02
 5.356220221361e+04  1.540693200000e+01  6.275444103278e-02
 5.356220874611e+04  1.543176100000e+01  6.299951455112e-02
 5.356221531981e+04  1.542963300000e+01  6.298874208106e-02
 5.352626581197e+04  1.482003800000e+01  5.837698507199e-02
 5.352627412755e+04  1.484798000000e+01  5.854931372795e-02
 5.352628236419e+04  1.488568500000e+01  5.879454262434e-02
 5.352629054851e+04  1.490574400000e+01  5.893514160340e-02
 5.353427810277e+04  1.477823500000e+01  5.810849471396e-02
 5.353428794712e+04  1.481182900000e+01  5.829935016065e-02
 5.353429764656e+04  1.483798700000e+01  5.847856148872e-02
 5.353430744323e+04  1.487511400000e+01  5.872316221947e-02
 5.354922419649e+04  1.491465200000e+01  5.968793510449e-02
 5.354923204226e+04  1.496034700000e+01  6.025957391231e-02
 5.354923985990e+04  1.497932200000e+01  6.029404544759e-02
 5.354924771988e+04  1.497867000000e+01  6.005317990279e-02
 5.384832615697e+04  1.545676200000e+01  6.364051819052e-02
 5.384833333453e+04  1.547753700000e+01  6.387419269166e-02
 5.384834056266e+04  1.550850400000e+01  6.415462378486e-02
 5.384834783628e+04  1.550057400000e+01  6.407204509078e-02
 5.385441265953e+04  1.526330400000e+01  6.224112103841e-02
 5.385441920927e+04  1.527045500000e+01  6.230573729195e-02
 5.385442573332e+04  1.528672200000e+01  6.246116703339e-02
 5.385443226235e+04  1.528912700000e+01  6.250448431690e-02
 5.385530387792e+04  1.512812000000e+01  6.094364977306e-02
 5.385531160098e+04  1.510355500000e+01  6.076217706227e-02
 5.385531948031e+04  1.505719800000e+01  6.042007150053e-02
 5.385532764495e+04  1.497786100000e+01  5.985511730148e-02
 5.390025705075e+04  1.509577800000e+01  9.542679921780e-02
 5.390025802811e+04  1.516393200000e+01  1.006866176262e-01
 5.390025900248e+04  1.518186700000e+01  1.042789558701e-01
 5.390025998377e+04  1.506399600000e+01  9.899664160460e-02
 5.379644230640e+04  1.517838900000e+01  6.086696016938e-02
 5.379644977807e+04  1.518511800000e+01  6.090457977573e-02
 5.379645728133e+04  1.518997600000e+01  6.097117170863e-02
 5.379646476920e+04  1.520035500000e+01  6.104621879824e-02
 5.386140467631e+04  1.538578700000e+01  6.319473191158e-02
 5.386141124065e+04  1.538518800000e+01  6.316530848735e-02
 5.386141772036e+04  1.539263600000e+01  6.325653201010e-02
 5.386142430553e+04  1.539110000000e+01  6.327070850342e-02
 5.388337972993e+04  1.544331300000e+01  6.375644098563e-02
 5.388338695877e+04  1.534580800000e+01  6.292198226250e-02
 5.388339416039e+04  1.519628700000e+01  6.162499031568e-02
 5.388340136747e+04  1.512141500000e+01  6.105351696921e-02
 5.399412897194e+04  1.483848600000e+01  5.795104520535e-02
 5.399413377855e+04  1.482851500000e+01  5.792287610909e-02
 5.399413858030e+04  1.485820600000e+01  5.812203509414e-02
 5.399414340009e+04  1.487598900000e+01  5.823523523906e-02
 5.400309897692e+04  1.536603800000e+01  6.974996109603e-02
 5.400310323014e+04  1.535646900000e+01  6.974972109358e-02
 5.400310750685e+04  1.538199300000e+01  7.010686420582e-02
 5.400311177779e+04  1.539952800000e+01  7.036159332906e-02
 5.420940787178e+04  1.535924400000e+01  6.203317377403e-02
 5.420941544056e+04  1.536833100000e+01  6.210350043051e-02
 5.420942300031e+04  1.538596000000e+01  6.227163342712e-02
 5.420943054513e+04  1.538359700000e+01  6.225849535220e-02
 5.415734850212e+04  1.536943900000e+01  6.207134213721e-02
 5.415735832367e+04  1.544690400000e+01  6.267001082626e-02
 5.415736811711e+04  1.544148300000e+01  6.255700001238e-02
 5.415737788171e+04  1.546165100000e+01  6.268621135973e-02
 5.426129433660e+04  1.482253900000e+01  5.833719621555e-02
 5.426130189740e+04  1.483998000000e+01  5.846110233295e-02
 5.426130943885e+04  1.485255300000e+01  5.854258593981e-02
 5.426131698159e+04  1.487950200000e+01  5.873050846989e-02
 5.427227858124e+04  1.503438600000e+01  6.026079579110e-02
 5.427228403082e+04  1.503949200000e+01  6.030253216868e-02
 5.427228947160e+04  1.506099100000e+01  6.045204378812e-02
 5.427229490012e+04  1.507752000000e+01  6.052295851219e-02
 5.417736731688e+04  1.540713700000e+01  6.255857684148e-02
 5.417737847206e+04  1.539905100000e+01  6.242430003490e-02
 5.417738966613e+04  1.538967500000e+01  6.226815397194e-02
 5.417740086935e+04  1.539298400000e+01  6.221630416151e-02
 5.423239376427e+04  1.533947100000e+01  6.299615234220e-02
 5.423240076288e+04  1.539062900000e+01  6.327549005775e-02
 5.423240778036e+04  1.538364300000e+01  6.290396295670e-02
 5.423241480803e+04  1.532441800000e+01  6.225405577074e-02
 5.424023188344e+04  1.517727300000e+01  6.186741391425e-02
 5.424024011891e+04  1.517825100000e+01  6.185215499911e-02
 5.424024837141e+04  1.519487600000e+01  6.173552988426e-02
 5.424025678880e+04  1.522563500000e+01  6.207711763883e-02
 5.439208844442e+04  1.496821500000e+01  6.110704625771e-02
 5.439209182213e+04  1.500314300000e+01  6.140926240920e-02
 5.439209519892e+04  1.499611800000e+01  6.140496677057e-02
 5.439209856830e+04  1.502018200000e+01  6.160666813468e-02
 5.434815064387e+04  1.535554000000e+01  6.015823138199e-02
 5.434815856613e+04  1.534510800000e+01  6.018406674688e-02
 5.434816658714e+04  1.535667000000e+01  6.042932515381e-02
 5.434817483083e+04  1.536131300000e+01  6.067156660667e-02
 5.455946869308e+04  1.486996400000e+01  5.837674158645e-02
 5.455947324654e+04  1.488141900000e+01  5.842959410633e-02
 5.455947780904e+04  1.489134100000e+01  5.850724543005e-02
 5.455948235266e+04  1.491831300000e+01  5.867594612902e-02
 5.456843218632e+04  1.540276700000e+01  6.202941860588e-02
 5.456843915472e+04  1.540430000000e+01  6.204686311884e-02
 5.456844616722e+04  1.540681300000e+01  6.207825029375e-02
 5.456845316155e+04  1.541633500000e+01  6.213091944094e-02
 5.458431709322e+04  1.532672100000e+01  6.123512087689e-02
 5.458432141867e+04  1.530484700000e+01  6.144458894315e-02
 5.458432572791e+04  1.532754600000e+01  6.159393025304e-02
 5.458433004225e+04  1.532153400000e+01  6.153268097406e-02
 5.450846082358e+04  1.493494200000e+01  5.859259064897e-02
 5.450846682365e+04  1.494342700000e+01  5.863552784571e-02
 5.450847275206e+04  1.496037500000e+01  5.873449127022e-02
 5.450847870792e+04  1.497236200000e+01  5.878802569085e-02
 5.452537567378e+04  1.541679300000e+01  6.634486233750e-02
 5.452538313966e+04  1.536633500000e+01  6.829994112481e-02
 5.452539059131e+04  1.540413100000e+01  6.687577684847e-02
 5.452539803358e+04  1.542434500000e+01  6.732025047853e-02
 5.453743428431e+04  1.542310800000e+01  6.223967167974e-02
 5.453744094910e+04  1.539807200000e+01  6.551897826913e-02
 5.453744781715e+04  1.548732000000e+01  6.691484993268e-02
 5.453745479956e+04  1.547924300000e+01  6.755805922804e-02
 5.454838237755e+04  1.544047600000e+01  6.246540038115e-02
 5.454838858596e+04  1.543630000000e+01  6.242221974112e-02
 5.454839477851e+04  1.547679000000e+01  6.278733526228e-02
 5.454840095012e+04  1.546171800000e+01  6.259128591213e-02
 5.459443109047e+04  1.483498400000e+01  5.874577623267e-02
 5.459443814106e+04  1.486230400000e+01  5.842486667957e-02
 5.459444521109e+04  1.488791900000e+01  5.855138865083e-02
 5.459445225044e+04  1.489782500000e+01  5.886189110839e-02
 5.473310098575e+04  1.532766200000e+01  6.558988171941e-02
 5.473310689102e+04  1.525023300000e+01  6.479960269137e-02
 5.473311277175e+04  1.512837600000e+01  6.371739736857e-02
 5.473311866881e+04  1.507864700000e+01  6.330430874525e-02
 5.492334059973e+04  1.539724700000e+01  6.207141984477e-02
 5.492334710134e+04  1.539927500000e+01  6.209338587066e-02
 5.492335366637e+04  1.540148700000e+01  6.211957337463e-02
 5.492336032483e+04  1.542250800000e+01  6.228796815741e-02
 5.494144753877e+04  1.515564200000e+01  6.021967404130e-02
 5.494145291904e+04  1.517186200000e+01  6.033528208571e-02
 5.494145830009e+04  1.518281700000e+01  6.042347255369e-02
 5.494146362596e+04  1.519149500000e+01  6.051839510047e-02
 5.504424079824e+04  1.537036500000e+01  6.675576624562e-02
 5.504424606586e+04  1.539470700000e+01  6.708087300557e-02
 5.504425137043e+04  1.544485400000e+01  6.705500870442e-02
 5.504425658284e+04  1.539528100000e+01  6.717480384860e-02
 5.486349582929e+04  1.521466800000e+01  6.223082668815e-02
 5.486350065372e+04  1.522604000000e+01  6.234760087716e-02
 5.486350541912e+04  1.523208500000e+01  6.235412923994e-02
 5.486351011229e+04  1.526266100000e+01  6.216434849752e-02
 5.487548406824e+04  1.514792500000e+01  6.165057822246e-02
 5.487548899904e+04  1.516468100000e+01  6.180100399364e-02
 5.487549380633e+04  1.513803000000e+01  6.156450825851e-02
 5.487549869836e+04  1.515797800000e+01  6.174436243426e-02
 5.501725908407e+04  1.533826700000e+01  6.618202147625e-02
 5.501726595273e+04  1.531831000000e+01  6.607274357595e-02
 5.501727279268e+04  1.544380900000e+01  6.744015819273e-02
 5.501727961443e+04  1.535834400000e+01  6.647753400902e-02
 5.489142879289e+04  1.486338800000e+01  5.806222798355e-02
 5.489143617347e+04  1.487950900000e+01  5.814277399210e-02
 5.489144354201e+04  1.491813100000e+01  5.836747267930e-02
 5.489145095303e+04  1.492868700000e+01  5.840706775562e-02
 5.490649717377e+04  1.519262500000e+01  6.023858084090e-02
 5.490650229579e+04  1.524433300000e+01  6.061783298880e-02
 5.490650749060e+04  1.524330400000e+01  6.063106314473e-02
 5.490651259606e+04  1.525418400000e+01  6.042282619180e-02
 5.491437666361e+04  1.490114400000e+01  5.839529306454e-02
 5.491438513289e+04  1.493335000000e+01  5.858962913121e-02
 5.491439351655e+04  1.494864000000e+01  5.868113588506e-02
 5.491440217046e+04  1.496217600000e+01  5.873973822327e-02
 5.495439633389e+04  1.548540000000e+01  6.497808226579e-02
 5.495441624057e+04  1.519580800000e+01  6.136002837766e-02
 5.495530480580e+04  1.536160400000e+01  6.669616605405e-02
 5.495530975328e+04  1.531854000000e+01  6.567539872217e-02
 5.495531460098e+04  1.535202100000e+01  6.600767168951e-02
 5.495531955204e+04  1.533169500000e+01  6.577492462639e-02
 5.496537425176e+04  1.479179300000e+01  5.970185617224e-02
 5.496537997650e+04  1.478603100000e+01  5.968267522003e-02
 5.496538567727e+04  1.480748800000e+01  5.986563738631e-02
 5.496539163126e+04  1.484075300000e+01  6.011937994620e-02
 5.497929816091e+04  1.518662300000e+01  6.068049248297e-02
 5.497930550308e+04  1.522532400000e+01  6.098796110223e-02
 5.497931282208e+04  1.522910800000e+01  6.101601833814e-02
 5.497932008321e+04  1.523011600000e+01  6.105883745805e-02
 5.509512338554e+04  1.521220400000e+01  6.177522528490e-02
 5.509512888120e+04  1.522966500000e+01  6.199977678019e-02
 5.509513415184e+04  1.522165300000e+01  6.193344986802e-02
 5.509513957979e+04  1.524107500000e+01  6.212618882542e-02
 5.529847067450e+04  1.483207900000e+01  5.822730654413e-02
 5.529847752091e+04  1.481019000000e+01  5.812716834142e-02
 5.529848440608e+04  1.481829200000e+01  5.818810955075e-02
 5.529849128605e+04  1.483214200000e+01  5.826757289632e-02
 5.534920231294e+04  1.534262700000e+01  6.207212231013e-02
 5.534920397507e+04  1.534838500000e+01  6.200867501104e-02
 5.534920567503e+04  1.533907200000e+01  6.196008819846e-02
 5.534920736076e+04  1.534304500000e+01  6.195115571697e-02
 5.536618828819e+04  1.492971900000e+01  5.882182718381e-02
 5.536619354262e+04  1.492626100000e+01  5.880877333074e-02
 5.536619883699e+04  1.494598500000e+01  5.892867507665e-02
 5.536620423865e+04  1.497506800000e+01  5.911852352815e-02
 5.527340842312e+04  1.517888600000e+01  6.046581270928e-02
 5.527341423649e+04  1.518192200000e+01  6.053109270755e-02
 5.527342005090e+04  1.519039700000e+01  6.058606570971e-02
 5.527342586415e+04  1.519098900000e+01  6.062134966895e-02
 5.532125889398e+04  1.543354100000e+01  6.250068580989e-02
 5.532126523007e+04  1.541043500000e+01  6.230252067652e-02
 5.532127151652e+04  1.543996000000e+01  6.258965712532e-02
 5.532127785387e+04  1.547004000000e+01  6.279640034177e-02
 5.533034063100e+04  1.538521700000e+01  6.384745011463e-02
 5.533034817028e+04  1.534260000000e+01  6.612322310679e-02
 5.533035569639e+04  1.542624100000e+01  7.705001966532e-02
 5.533036323808e+04  1.532029900000e+01  6.940714877546e-02
 5.565245668554e+04  1.528501700000e+01  6.184938603490e-02
 5.565246305826e+04  1.528240200000e+01  6.183526116958e-02
 5.565246943985e+04  1.528487900000e+01  6.186193544491e-02
 5.565247577488e+04  1.529926700000e+01  6.200408975134e-02
 5.565939725593e+04  1.533316500000e+01  6.228500602884e-02
 5.565940395962e+04  1.534531700000e+01  6.236630519563e-02
 5.565941177392e+04  1.538495200000e+01  6.271428145466e-02
 5.565941945478e+04  1.537273900000e+01  6.260455241290e-02
 5.567626298753e+04  1.526402400000e+01  6.471490872317e-02
 5.567626896411e+04  1.512506900000e+01  6.383072934642e-02
 5.567627502612e+04  1.505695100000e+01  6.449130448065e-02
 5.567628114460e+04  1.498001600000e+01  6.321258228128e-02
 5.568839661277e+04  1.488017700000e+01  5.920875889760e-02
 5.568840240970e+04  1.488759800000e+01  5.930657694128e-02
 5.568840816822e+04  1.490977800000e+01  5.947076937266e-02
 5.568841398934e+04  1.494034300000e+01  5.967863884548e-02
 5.601846811610e+04  1.548512900000e+01  6.323581163935e-02
 5.601847610389e+04  1.547489900000e+01  6.319635259104e-02
 5.601848420350e+04  1.548893900000e+01  6.330144459164e-02
 5.601849218344e+04  1.552366400000e+01  6.366002013208e-02
 5.606436609219e+04  1.551645900000e+01  6.313353161729e-02
 5.606437279380e+04  1.552194700000e+01  6.323605159771e-02
 5.606437962235e+04  1.550822000000e+01  6.305279595475e-02
 5.606438643440e+04  1.551715100000e+01  6.332069368528e-02
 5.607131673118e+04  1.506078100000e+01  5.761230235568e-02
 5.607132313242e+04  1.502066700000e+01  5.733615839772e-02
 5.607132953831e+04  1.495799700000e+01  5.697404320533e-02
 5.607133587203e+04  1.488494000000e+01  5.661916631311e-02
 5.607737208352e+04  1.538942400000e+01  6.416849324770e-02
 5.607738016747e+04  1.535958500000e+01  6.388231254033e-02
 5.607738817292e+04  1.538448800000e+01  6.415875944135e-02
 5.607739615770e+04  1.539689100000e+01  6.429815654799e-02
 5.609428444850e+04  1.474914100000e+01  5.772462953521e-02
 5.609429292637e+04  1.474446800000e+01  5.770924248063e-02
 5.609430136856e+04  1.475125700000e+01  5.774790036292e-02
 5.609431001500e+04  1.478071500000e+01  5.794433216819e-02
 5.618914848164e+04  1.534289300000e+01  6.296258593745e-02
 5.618915245973e+04  1.532340400000e+01  6.284894038339e-02
 5.618915652234e+04  1.532795700000e+01  6.288590931975e-02
 5.618916056108e+04  1.536392600000e+01  6.323619595275e-02
