# time mag mag_err
 5.371018690905e+04  1.605768100000e+01  7.010861430383e-02
 5.371019440479e+04  1.606476300000e+01  7.019806203744e-02
 5.371020190863e+04  1.601649000000e+01  6.952680911059e-02
 5.371020938714e+04  1.599812300000e+01  6.927601245763e-02
 5.372915863258e+04  1.595593600000e+01  6.879925182596e-02
 5.372916660693e+04  1.591988100000e+01  6.835046792698e-02
 5.372917460028e+04  1.594856600000e+01  6.869572339975e-02
 5.372918255368e+04  1.598482900000e+01  6.916779887257e-02
 5.367526528398e+04  1.603935600000e+01  7.008814048473e-02
 5.367527171220e+04  1.603910400000e+01  7.005367085385e-02
 5.367527813914e+04  1.604869000000e+01  7.019945068946e-02
 5.367528456330e+04  1.606478400000e+01  7.043484589835e-02
 5.370317383788e+04  1.570098000000e+01  6.622299234953e-02
 5.370318026436e+04  1.568567300000e+01  6.604986993543e-02
 5.370318671897e+04  1.572037200000e+01  6.638366592796e-02
 5.370319316002e+04  1.574302300000e+01  6.668794644646e-02
 5.364834655462e+04  1.569979600000e+01  6.759865614026e-02
 5.364835581608e+04  1.564718400000e+01  6.705013697611e-02
 5.364836505495e+04  1.564201800000e+01  6.699472461316e-02
 5.364837429882e+04  1.562000500000e+01  6.676751540577e-02
 5.365433682495e+04  1.559920800000e+01  6.586300443962e-02
 5.365434214339e+04  1.559662400000e+01  6.585800969639e-02
 5.365434750546e+04  1.561366700000e+01  6.603278215999e-02
 5.365435281348e+04  1.561696100000e+01  6.608775953349e-02
 5.367031437460e+04  1.578600500000e+01  6.690789049633e-02
 5.367032315999e+04  1.578443300000e+01  6.696518740412e-02
 5.367033171250e+04  1.580890400000e+01  6.725498625157e-02
 5.367034029082e+04  1.581259000000e+01  6.727327435048e-02
 5.362738543671e+04  1.568949200000e+01  6.687485932294e-02
 5.362739472537e+04  1.568454600000e+01  6.678711066769e-02
 5.362740384608e+04  1.569776100000e+01  6.693770360014e-02
 5.362741297061e+04  1.575697700000e+01  6.764584648037e-02
 5.409019254657e+04  1.591045800000e+01  6.719176446419e-02
 5.409019955711e+04  1.588613700000e+01  6.691728347711e-02
 5.409020656001e+04  1.591002900000e+01  6.723840835419e-02
 5.409021359381e+04  1.593590100000e+01  6.755367265434e-02
 5.374111520053e+04  1.601764300000e+01  1.333057105250e-01
 5.374112368301e+04  1.606696200000e+01  1.355893442549e-01
 5.374113221527e+04  1.611245000000e+01  1.376262330899e-01
 5.374114072600e+04  1.605467200000e+01  1.345114092483e-01
 5.376309893509e+04  1.563648000000e+01  6.547845892516e-02
 5.376310703411e+04  1.564699900000e+01  6.556209729069e-02
 5.376311512154e+04  1.565183400000e+01  6.568245010901e-02
 5.376312319914e+04  1.567696000000e+01  6.597749637455e-02
 5.405524091535e+04  1.587200800000e+01  6.479527678787e-02
 5.405525287288e+04  1.586543800000e+01  6.471338347467e-02
 5.405526481955e+04  1.588401900000e+01  6.490278759419e-02
 5.405527681169e+04  1.593051300000e+01  6.507207347695e-02
 5.402532051802e+04  1.558729800000e+01  6.361672912309e-02
 5.402532856519e+04  1.557009000000e+01  6.349591300465e-02
 5.399633612742e+04  1.559446300000e+01  6.376645203643e-02
 5.399634417528e+04  1.560393300000e+01  6.382977587653e-02
 5.399635224917e+04  1.560044200000e+01  6.374169198647e-02
 5.399636031068e+04  1.560377700000e+01  6.374948085313e-02
 5.400442200010e+04  1.577499800000e+01  6.554852441114e-02
 5.400442843260e+04  1.580000500000e+01  6.608693721094e-02
 5.400443484751e+04  1.578842100000e+01  6.598375690698e-02
 5.400444127653e+04  1.580403000000e+01  6.615720482541e-02
 5.444014920410e+04  1.590021500000e+01  6.713304488418e-02
 5.444015674441e+04  1.589991700000e+01  6.711475232587e-02
 5.444016427788e+04  1.591029800000e+01  6.717402248752e-02
 5.444017178520e+04  1.593213300000e+01  6.744204794287e-02
 5.441123916608e+04  1.595460700000e+01  6.839836573681e-02
 5.441124876030e+04  1.597638600000e+01  6.863868033867e-02
 5.441125838462e+04  1.593296200000e+01  6.806353759908e-02
 5.441126802006e+04  1.597956900000e+01  6.862097651016e-02
 5.441920377347e+04  1.596197000000e+01  6.818932541033e-02
 5.441920974137e+04  1.597975700000e+01  6.837336565180e-02
 5.441921569270e+04  1.596139200000e+01  6.811247298400e-02
 5.441922168536e+04  1.600496100000e+01  6.866283762049e-02
 5.438331115045e+04  1.576829400000e+01  6.644631796639e-02
 5.438331766050e+04  1.573540200000e+01  6.609913658288e-02
 5.438332417668e+04  1.576927700000e+01  6.640154448476e-02
 5.438333070501e+04  1.576689500000e+01  6.644930744505e-02
 5.439230608347e+04  1.586417800000e+01  6.677911779980e-02
 5.439231530326e+04  1.582258900000e+01  6.635518472178e-02
 5.439232453035e+04  1.571277600000e+01  6.514992423969e-02
 5.439233378184e+04  1.568797000000e+01  6.491825555900e-02
 5.440426897661e+04  1.558481500000e+01  6.424510712411e-02
 5.440427753780e+04  1.558268600000e+01  6.409430240375e-02
 5.440428397458e+04  1.558789700000e+01  6.404887928719e-02
 5.440429041565e+04  1.564275500000e+01  6.507123654647e-02
 5.435539743458e+04  1.579576000000e+01  6.636031204678e-02
 5.435540396627e+04  1.580638300000e+01  6.644152172914e-02
 5.435541052146e+04  1.575823400000e+01  6.594158823454e-02
 5.435541703208e+04  1.570465100000e+01  6.530013412328e-02
 5.480122187856e+04  1.591696400000e+01  6.709194873689e-02
 5.480122975453e+04  1.585394900000e+01  6.643005401604e-02
 5.480123768653e+04  1.588509600000e+01  6.673690956969e-02
 5.480124560405e+04  1.590243000000e+01  6.694688203501e-02
 5.483014212580e+04  1.580664000000e+01  6.584810226162e-02
 5.483014935995e+04  1.576769100000e+01  6.542587169919e-02
 5.483015642500e+04  1.578204400000e+01  6.557951851922e-02
 5.483016355337e+04  1.582645800000e+01  6.608245191350e-02
 5.449814507839e+04  1.592884900000e+01  6.783357635214e-02
 5.449815043711e+04  1.592954100000e+01  6.784400375995e-02
 5.449815582696e+04  1.590338800000e+01  6.756995025993e-02
 5.449816118231e+04  1.593274200000e+01  6.800124522417e-02
 5.450610630649e+04  1.596788800000e+01  6.826213026676e-02
 5.450611268493e+04  1.594219200000e+01  6.795424921252e-02
 5.450611906951e+04  1.594785000000e+01  6.804891627809e-02
 5.450612547538e+04  1.592601800000e+01  6.791155173927e-02
 5.446620471741e+04  1.555454100000e+01  6.358223647554e-02
 5.446621063588e+04  1.556692600000e+01  6.373297468496e-02
 5.446621654959e+04  1.558296500000e+01  6.387381836558e-02
 5.446622246703e+04  1.560403900000e+01  6.412586370268e-02
 5.477230304744e+04  1.591128900000e+01  6.733470326040e-02
 5.477230786424e+04  1.592407300000e+01  6.749090306328e-02
 5.477231266701e+04  1.590975000000e+01  6.727750067484e-02
 5.477231748601e+04  1.590290500000e+01  6.717706355306e-02
 5.478725139406e+04  1.573437700000e+01  6.538786332476e-02
 5.478725868192e+04  1.570946900000e+01  6.512512741157e-02
 5.478726594073e+04  1.571087600000e+01  6.517566274020e-02
 5.478727308843e+04  1.573344900000e+01  6.540457108059e-02
 5.474739129475e+04  1.594883400000e+01  6.725261635170e-02
 5.474739775062e+04  1.601249000000e+01  6.800405311650e-02
 5.474740440928e+04  1.598683900000e+01  6.769118883201e-02
 5.474741110337e+04  1.601193300000e+01  6.805368900744e-02
 5.471741057787e+04  1.574730000000e+01  6.569883671334e-02
 5.471741423338e+04  1.573624700000e+01  6.617164517418e-02
 5.473047029394e+04  1.559366000000e+01  6.388953365560e-02
 5.473047678951e+04  1.559011000000e+01  6.392178437524e-02
 5.473048332780e+04  1.558798400000e+01  6.392199980223e-02
 5.473048980625e+04  1.564798800000e+01  6.448264823088e-02
 5.473834869741e+04  1.562669600000e+01  6.396747217582e-02
 5.473835953429e+04  1.562362000000e+01  6.393514253590e-02
 5.473837051250e+04  1.559766900000e+01  6.370056271422e-02
 5.473838137495e+04  1.561209700000e+01  6.384431563272e-02
 5.506342437703e+04  1.552242600000e+01  6.484258548102e-02
 5.506343151929e+04  1.579574600000e+01  6.777685177074e-02
 5.506343866444e+04  1.579950800000e+01  6.787041912923e-02
 5.506344595705e+04  1.587816900000e+01  7.919534257124e-02
 5.507337064600e+04  1.588328100000e+01  8.324867219054e-02
 5.507337674177e+04  1.576465400000e+01  8.062117101855e-02
 5.507338262159e+04  1.593279900000e+01  8.188646825759e-02
 5.507338863372e+04  1.590952200000e+01  8.903345396088e-02
 5.518012447428e+04  1.586122600000e+01  6.711139160627e-02
 5.518013132515e+04  1.589547300000e+01  6.739010661171e-02
 5.518013821116e+04  1.588616800000e+01  6.734518263700e-02
 5.518014510525e+04  1.592235600000e+01  6.774616189283e-02
 5.488111535830e+04  1.598117100000e+01  6.842221802500e-02
 5.488112016421e+04  1.592959600000e+01  6.788699882622e-02
 5.488112505230e+04  1.599167400000e+01  6.867557608774e-02
 5.488112968032e+04  1.602594300000e+01  6.922223614435e-02
 5.515227691046e+04  1.564855800000e+01  6.496488087251e-02
 5.515228405448e+04  1.565709000000e+01  6.498819024492e-02
 5.515229137591e+04  1.571281700000e+01  6.550762221685e-02
 5.515229857646e+04  1.571565400000e+01  6.567434163867e-02
 5.511931009233e+04  1.564500600000e+01  6.490423275265e-02
 5.511931736377e+04  1.565719700000e+01  6.503275301336e-02
 5.511932473476e+04  1.563997600000e+01  6.479552414640e-02
 5.511933208154e+04  1.566964300000e+01  6.514477498486e-02
 5.509040255321e+04  1.571564100000e+01  6.586851095187e-02
 5.509041092877e+04  1.574359000000e+01  6.612788504082e-02
 5.509041932424e+04  1.579154200000e+01  6.669014289068e-02
 5.509042784737e+04  1.576652800000e+01  6.639677733323e-02
 5.509844696046e+04  1.589741700000e+01  6.810481916272e-02
 5.509845421623e+04  1.588399900000e+01  6.802024035265e-02
 5.509846151337e+04  1.591667800000e+01  6.846787984897e-02
 5.509846877067e+04  1.591952100000e+01  6.848792594082e-02
 5.553920930729e+04  1.577022200000e+01  6.645970231678e-02
 5.553922857367e+04  1.580927800000e+01  6.691871038377e-02
 5.553923823645e+04  1.581839100000e+01  6.701399988687e-02
 5.554407991472e+04  1.589420700000e+01  6.825253023221e-02
 5.554409350963e+04  1.576628300000e+01  6.668981795006e-02
 5.554410026219e+04  1.592458300000e+01  6.851235750783e-02
 5.521116269343e+04  1.588834700000e+01  6.780502014187e-02
 5.521116945350e+04  1.590867100000e+01  6.798751338073e-02
 5.521117632456e+04  1.591871200000e+01  6.814296659988e-02
 5.521118316994e+04  1.596711100000e+01  6.881402700288e-02
 5.550632106157e+04  1.586070700000e+01  6.296139586081e-02
 5.550634832065e+04  1.590720100000e+01  6.346076192490e-02
 5.551425085362e+04  1.584612200000e+01  6.762027960993e-02
 5.551426472627e+04  1.586800500000e+01  6.788728480112e-02
 5.551427170564e+04  1.588781700000e+01  6.808395494216e-02
 5.553020168567e+04  1.593674500000e+01  6.835299766961e-02
 5.553021203236e+04  1.596498300000e+01  6.870333158059e-02
 5.553021722822e+04  1.598456100000e+01  6.887145413080e-02
 5.547240779153e+04  1.586741100000e+01  6.815322264853e-02
 5.547242148588e+04  1.574624400000e+01  6.697397722725e-02
 5.547242835477e+04  1.573435300000e+01  6.683782381640e-02
 5.548031611311e+04  1.580216700000e+01  6.686260430423e-02
 5.548032768838e+04  1.575347300000e+01  6.625592593861e-02
 5.548033347455e+04  1.575333300000e+01  6.626328195040e-02
 5.549830012645e+04  1.572048900000e+01  6.587307838031e-02
 5.549831396454e+04  1.573014600000e+01  6.598441968350e-02
 5.549832087854e+04  1.576762700000e+01  6.641978079176e-02
 5.545536894360e+04  1.560387200000e+01  6.441131219795e-02
 5.545538498043e+04  1.562270400000e+01  6.454052352832e-02
 5.545539248082e+04  1.566440500000e+01  6.495069387184e-02
 5.556517497794e+04  1.591630300000e+01  6.831503537940e-02
 5.556518244696e+04  1.598474900000e+01  6.925495729005e-02
 5.556519001272e+04  1.597356900000e+01  6.907855737610e-02
 5.556519748913e+04  1.606576900000e+01  7.035336266411e-02
 5.559011366419e+04  1.600958300000e+01  7.065379495516e-02
 5.559011884227e+04  1.595859100000e+01  7.077711309156e-02
 5.559012397505e+04  1.600260700000e+01  7.161140257753e-02
 5.559012920137e+04  1.594588600000e+01  7.062260034477e-02
 5.402534096858e+04  1.560396800000e+01  6.378999578458e-02
 5.402534541139e+04  1.559959500000e+01  6.380201365879e-02
 5.402534985860e+04  1.560585200000e+01  6.375670282345e-02
 5.402535431125e+04  1.561574600000e+01  6.386539010247e-02
 5.582538557664e+04  1.596205100000e+01  6.799108851373e-02
 5.582539403073e+04  1.596857800000e+01  6.812691832539e-02
 5.582540259372e+04  1.594426400000e+01  6.783045104795e-02
 5.582541102382e+04  1.598074000000e+01  6.828758442191e-02
 5.586124982054e+04  1.570070700000e+01  6.625516009422e-02
 5.586125676490e+04  1.570908100000e+01  6.623054382131e-02
 5.586126370882e+04  1.564293700000e+01  6.518188389412e-02
 5.586127060708e+04  1.562660600000e+01  6.490800295138e-02
 5.583528560575e+04  1.593503400000e+01  6.864109261554e-02
 5.583529467479e+04  1.594270000000e+01  6.877265909341e-02
 5.583530368916e+04  1.596132000000e+01  6.891744980757e-02
 5.583531288280e+04  1.593600700000e+01  6.848453020090e-02
 5.588129456811e+04  1.587937500000e+01  6.726087222318e-02
 5.588129983551e+04  1.588526800000e+01  6.734615993941e-02
 5.588130506071e+04  1.588050300000e+01  6.726113570206e-02
 5.588131032531e+04  1.592180400000e+01  6.775065898534e-02
 5.585124942176e+04  1.603801800000e+01  6.939897791684e-02
 5.585125789281e+04  1.599195600000e+01  6.870935983547e-02
 5.585126638922e+04  1.608760600000e+01  6.990712769566e-02
 5.585127499837e+04  1.606159900000e+01  6.954726977100e-02
 5.592218145494e+04  1.583517300000e+01  6.710398721843e-02
 5.592218811896e+04  1.585756600000e+01  6.743053480114e-02
 5.592219482543e+04  1.588643500000e+01  6.775319003789e-02
 5.592220151818e+04  1.588036300000e+01  6.771876668497e-02
 5.618841380995e+04  1.590337800000e+01  6.847311743212e-02
 5.618841952045e+04  1.593176900000e+01  6.881102714156e-02
 5.618842522536e+04  1.590153800000e+01  6.851865739748e-02
 5.618843087545e+04  1.589480600000e+01  6.839938363491e-02
 5.621334664488e+04  1.579393700000e+01  6.702378397293e-02
 5.621335346525e+04  1.577126500000e+01  6.672954410779e-02
 5.621336020666e+04  1.580199400000e+01  6.715302929827e-02
 5.621336706513e+04  1.581475100000e+01  6.724217677576e-02
 5.622326220082e+04  1.585403100000e+01  6.771372795208e-02
 5.622326821860e+04  1.583535000000e+01  6.750586620976e-02
 5.622327422887e+04  1.582827100000e+01  6.740693342711e-02
 5.622328024028e+04  1.584077700000e+01  6.757709359207e-02
