# time mag mag_err
 5.371437367812e+04  1.418482700000e+01  5.482186403077e-02
 5.371438073160e+04  1.420512000000e+01  5.489676581637e-02
 5.371438774712e+04  1.422028300000e+01  5.493506485507e-02
 5.371439488265e+04  1.422593900000e+01  5.495882548324e-02
 5.407037258354e+04  1.457742000000e+01  6.054717186685e-02
 5.407037628187e+04  1.460048900000e+01  6.070334057826e-02
 5.407037995752e+04  1.461448000000e+01  6.076749330040e-02
 5.407038364775e+04  1.461536000000e+01  6.077532608123e-02
 5.408536815708e+04  1.456001500000e+01  5.623502559694e-02
 5.408537843897e+04  1.454452300000e+01  5.609042822082e-02
 5.408539044674e+04  1.458032800000e+01  5.821747384000e-02
 5.408540098198e+04  1.455554400000e+01  5.676020809991e-02
 5.408937346429e+04  1.457274600000e+01  5.614535540957e-02
 5.408937858480e+04  1.459754700000e+01  5.622938857492e-02
 5.408938375543e+04  1.459454800000e+01  5.619244821639e-02
 5.408938914020e+04  1.461765500000e+01  5.629452346779e-02
 5.376927506103e+04  1.438828800000e+01  5.748383777224e-02
 5.376928262078e+04  1.440856300000e+01  5.886080891737e-02
 5.376929015368e+04  1.442929100000e+01  5.720675255154e-02
 5.376929765104e+04  1.443165800000e+01  5.765956766496e-02
 5.374522053049e+04  1.439440700000e+01  5.597668484061e-02
 5.374522581003e+04  1.440452600000e+01  5.600116537561e-02
 5.374523106828e+04  1.443065500000e+01  5.609807320780e-02
 5.374523638127e+04  1.443348800000e+01  5.609745309473e-02
 5.386318158238e+04  1.428193300000e+01  5.566752816414e-02
 5.386318748487e+04  1.429692400000e+01  5.573177897837e-02
 5.386319336942e+04  1.430098900000e+01  5.574925492444e-02
 5.386319944843e+04  1.433072400000e+01  5.587479283976e-02
 5.405949674122e+04  1.433634400000e+01  5.497066717816e-02
 5.405950187446e+04  1.434472000000e+01  5.499518757149e-02
 5.405950707378e+04  1.435437600000e+01  5.501760809671e-02
 5.405951222253e+04  1.436568200000e+01  5.506938977003e-02
 5.420419560728e+04  1.400222400000e+01  5.406035735644e-02
 5.420420412681e+04  1.398990900000e+01  5.412242357976e-02
 5.420421263694e+04  1.405942400000e+01  5.426415755327e-02
 5.420422114443e+04  1.408122800000e+01  5.435231884239e-02
 5.415816347390e+04  1.455034700000e+01  5.605940951059e-02
 5.415817004600e+04  1.457902400000e+01  5.623019445236e-02
 5.415817663381e+04  1.462372200000e+01  5.639914648190e-02
 5.415818322477e+04  1.462224400000e+01  5.639480852668e-02
 5.412717534378e+04  1.437360800000e+01  5.633963498132e-02
 5.412718428045e+04  1.440312200000e+01  5.645370098859e-02
 5.412719326018e+04  1.441519500000e+01  5.649568236261e-02
 5.412720226792e+04  1.445110200000e+01  5.662095538736e-02
 5.426516678128e+04  1.404893800000e+01  5.259986475075e-02
 5.426517404300e+04  1.407568300000e+01  5.272409458004e-02
 5.426518135725e+04  1.407753100000e+01  5.276198938538e-02
 5.426518887880e+04  1.411046600000e+01  5.287992801408e-02
 5.417830154840e+04  1.456543100000e+01  5.618500183720e-02
 5.417830706674e+04  1.459011800000e+01  5.630640823295e-02
 5.417831250624e+04  1.459948900000e+01  5.636476038022e-02
 5.417831798753e+04  1.461328400000e+01  5.660927084455e-02
 5.423822490076e+04  1.416658000000e+01  5.550443577240e-02
 5.423822986189e+04  1.415606200000e+01  5.547221445536e-02
 5.423823481538e+04  1.409998600000e+01  5.526496954673e-02
 5.423823974977e+04  1.402274500000e+01  5.502017357077e-02
 5.480344720994e+04  1.456461600000e+01  5.708102383935e-02
 5.480345151247e+04  1.457043400000e+01  5.708764444638e-02
 5.480345583792e+04  1.456653500000e+01  5.707782123406e-02
 5.480346018513e+04  1.457610400000e+01  5.712743668693e-02
 5.480346457573e+04  1.456584800000e+01  5.707412541420e-02
 5.494518774684e+04  1.401295400000e+01  5.407581486168e-02
 5.494519559330e+04  1.405285900000e+01  5.407709241076e-02
 5.494520345169e+04  1.406934300000e+01  5.426205127539e-02
 5.494521124932e+04  1.408318700000e+01  5.432903989017e-02
 5.518337977167e+04  1.387715500000e+01  5.354998727954e-02
 5.518338437780e+04  1.389580200000e+01  5.359314298961e-02
 5.518338900802e+04  1.392402200000e+01  5.367151563172e-02
 5.518339364170e+04  1.394118900000e+01  5.371057140919e-02
 5.486221767186e+04  1.455009400000e+01  5.597478235159e-02
 5.486222386373e+04  1.457097600000e+01  5.606007385660e-02
 5.486223008370e+04  1.457580400000e+01  5.607854961358e-02
 5.486223628598e+04  1.458543700000e+01  5.613278647853e-02
 5.489213243124e+04  1.423565400000e+01  5.472217666391e-02
 5.489214056613e+04  1.423444300000e+01  5.470128377219e-02
 5.489214872557e+04  1.425867000000e+01  5.477280795306e-02
 5.489215685560e+04  1.427824500000e+01  5.483236226819e-02
 5.515545848741e+04  1.399389900000e+01  5.398388305008e-02
 5.515546414419e+04  1.401103200000e+01  5.403921741918e-02
 5.515546979240e+04  1.403369200000e+01  5.409854914304e-02
 5.515547546676e+04  1.405683000000e+01  5.417916621530e-02
 5.529822890715e+04  1.442306900000e+01  5.573072735634e-02
 5.529823400688e+04  1.442724700000e+01  5.576833311199e-02
 5.529823909637e+04  1.443577200000e+01  5.580187918693e-02
 5.529824424676e+04  1.444621400000e+01  5.585864630625e-02
 5.524717977104e+04  1.406157700000e+01  5.431073513085e-02
 5.524718562725e+04  1.407720900000e+01  5.436955463288e-02
 5.524719148404e+04  1.408960300000e+01  5.440008211987e-02
 5.524719727009e+04  1.410478500000e+01  5.445038503774e-02
 5.527326053716e+04  1.453779500000e+01  5.605499759522e-02
 5.527326451220e+04  1.455968300000e+01  5.616258446460e-02
 5.527326854735e+04  1.456559800000e+01  5.619374782393e-02
 5.527327257273e+04  1.457622900000e+01  5.625307395614e-02
 5.532817246365e+04  1.410570800000e+01  5.453916692191e-02
 5.532817874595e+04  1.403181200000e+01  5.429399613848e-02
 5.532818508515e+04  1.395447600000e+01  5.404958003630e-02
 5.532819134403e+04  1.388022600000e+01  5.380483556807e-02
 5.560227614067e+04  1.398951400000e+01  5.319345106047e-02
 5.560228170424e+04  1.401061400000e+01  5.326508574474e-02
 5.560228724931e+04  1.402957600000e+01  5.330624621183e-02
 5.560229279399e+04  1.404668800000e+01  5.335076090901e-02
 5.557526724772e+04  1.458279700000e+01  5.862443918318e-02
 5.557527359422e+04  1.459499700000e+01  5.871131561833e-02
 5.557527996145e+04  1.460797100000e+01  5.875611490081e-02
 5.557528632757e+04  1.462541200000e+01  5.886527789168e-02
 5.563229290200e+04  1.454391600000e+01  5.660537187151e-02
 5.563229638157e+04  1.455874700000e+01  5.667279334912e-02
 5.563229979458e+04  1.455090900000e+01  5.658740680465e-02
 5.563230324016e+04  1.457705800000e+01  5.672174352330e-02
 5.569420768275e+04  1.448453000000e+01  5.756709791635e-02
 5.569421391052e+04  1.449755800000e+01  5.764035728322e-02
 5.569422073795e+04  1.451549100000e+01  5.773799902345e-02
 5.569422697251e+04  1.453066800000e+01  5.782350572007e-02
 5.592434917109e+04  1.377041900000e+01  5.258449831949e-02
 5.592435594685e+04  1.380948100000e+01  5.265888076048e-02
 5.592436280877e+04  1.384321800000e+01  5.274531494067e-02
 5.592436956887e+04  1.386937300000e+01  5.280640021484e-02
 5.595919702039e+04  1.436474100000e+01  5.545203466148e-02
 5.595920266027e+04  1.435458500000e+01  5.545860106273e-02
 5.595920842931e+04  1.437563000000e+01  5.548079823291e-02
 5.595921412590e+04  1.438087300000e+01  5.550450745784e-02
 5.598133486065e+04  1.430864300000e+01  5.520315840764e-02
 5.598134151051e+04  1.414721000000e+01  5.459207866951e-02
 5.598134820791e+04  1.408066800000e+01  5.436600418902e-02
 5.598135482962e+04  1.397811600000e+01  5.402512074433e-02
 5.598912444968e+04  1.469380100000e+01  5.717716144595e-02
 5.598912960442e+04  1.467474100000e+01  5.707123240034e-02
 5.598913475942e+04  1.468234000000e+01  5.709563066485e-02
 5.598913979881e+04  1.463795100000e+01  5.687353328529e-02
 5.601917273047e+04  1.450659200000e+01  5.632345840177e-02
 5.601918140146e+04  1.458120300000e+01  5.643240818147e-02
 5.601919004439e+04  1.458632400000e+01  5.645304292867e-02
 5.601919869029e+04  1.458627200000e+01  5.646903122543e-02
