# time mag mag_err
 5.346935405395e+04  1.575218200000e+01  6.573272410839e-02
 5.346936214278e+04  1.575143700000e+01  6.572803550767e-02
 5.346937022883e+04  1.577308500000e+01  6.603270752133e-02
 5.346937836743e+04  1.578478800000e+01  6.619605727627e-02
 5.373151801171e+04  1.584372800000e+01  6.666058982744e-02
 5.373152388214e+04  1.586289800000e+01  6.686468702250e-02
 5.373152979887e+04  1.584014800000e+01  6.659075760177e-02
 5.373153565704e+04  1.587559900000e+01  6.704646421948e-02
 5.355718986054e+04  1.555668600000e+01  6.435079093188e-02
 5.355719589892e+04  1.554699100000e+01  6.429827042201e-02
 5.355720191149e+04  1.557353600000e+01  6.459245775136e-02
 5.355720786664e+04  1.558778400000e+01  6.478034414628e-02
 5.352419640478e+04  1.562346400000e+01  6.444849022638e-02
 5.352420286413e+04  1.567391800000e+01  6.489971064298e-02
 5.352420929987e+04  1.569645500000e+01  6.511130620464e-02
 5.352421578804e+04  1.568076500000e+01  6.500437170152e-02
 5.350725282955e+04  1.588392600000e+01  6.756061863054e-02
 5.350726191426e+04  1.588820500000e+01  6.769881878241e-02
 5.350726832325e+04  1.587960000000e+01  6.757022470752e-02
 5.350727479534e+04  1.592165000000e+01  6.804511881736e-02
 5.382732390469e+04  1.599260700000e+01  6.903143456427e-02
 5.382733421434e+04  1.598642700000e+01  6.894604374731e-02
 5.382734440247e+04  1.599298200000e+01  6.904575287551e-02
 5.382735461628e+04  1.603918000000e+01  6.962665614780e-02
 5.383333766898e+04  1.576843700000e+01  6.907313670527e-02
 5.383335693590e+04  1.562465000000e+01  6.726799456772e-02
 5.383340854380e+04  1.548252900000e+01  6.581688235782e-02
 5.383341783500e+04  1.545626900000e+01  6.555731563288e-02
 5.385025595247e+04  1.595648300000e+01  6.859955268924e-02
 5.385026320145e+04  1.592397200000e+01  6.824124596147e-02
 5.385027029821e+04  1.596093700000e+01  6.868506353694e-02
 5.385027738803e+04  1.596014100000e+01  6.835674336155e-02
 5.376740793253e+04  1.572089600000e+01  6.547852713004e-02
 5.376741571891e+04  1.569239100000e+01  6.514875018955e-02
 5.376742352116e+04  1.569381500000e+01  6.516101791144e-02
 5.376743134422e+04  1.572316000000e+01  6.540775454954e-02
 5.379039656234e+04  1.565508500000e+01  6.481885667975e-02
 5.379040529297e+04  1.566903200000e+01  6.492802057880e-02
 5.379041406645e+04  1.568711700000e+01  6.511130620464e-02
 5.379042286550e+04  1.568906900000e+01  6.512311422573e-02
 5.376352110285e+04  1.591592600000e+01  6.747217334274e-02
 5.390523643888e+04  1.597192700000e+01  1.238016757039e-01
 5.390523746624e+04  1.595080300000e+01  1.226061799345e-01
 5.390523853806e+04  1.587456600000e+01  1.189116430725e-01
 5.390523961773e+04  1.600153100000e+01  1.249216819677e-01
 5.380044946625e+04  1.565563600000e+01  6.780039734787e-02
 5.380047812880e+04  1.570258300000e+01  7.149878352257e-02
 5.380048343264e+04  1.567329200000e+01  6.879700511765e-02
 5.380048879517e+04  1.569926700000e+01  6.770589667320e-02
 5.380330732338e+04  1.551954300000e+01  6.842364778037e-02
 5.380331443045e+04  1.553104300000e+01  6.853986679168e-02
 5.380332174956e+04  1.550561400000e+01  6.814168565301e-02
 5.380332897885e+04  1.551584000000e+01  6.827254221897e-02
 5.381931082343e+04  1.561247900000e+01  6.613970384163e-02
 5.381931742005e+04  1.564657700000e+01  6.529653379770e-02
 5.381932403184e+04  1.563587600000e+01  6.508297330435e-02
 5.381933060763e+04  1.565646800000e+01  6.600294164529e-02
 5.385833012759e+04  1.567000700000e+01  6.607625138188e-02
 5.385833827719e+04  1.569186200000e+01  6.633997843066e-02
 5.385928086260e+04  1.601612700000e+01  7.010836409433e-02
 5.385928896288e+04  1.600664000000e+01  6.990102461468e-02
 5.385929705900e+04  1.590521000000e+01  6.861961541801e-02
 5.385930512689e+04  1.584758900000e+01  6.795800184601e-02
 5.387830485084e+04  1.553622900000e+01  6.430982821634e-02
 5.387831079176e+04  1.555952400000e+01  6.456235459135e-02
 5.387831671718e+04  1.555642400000e+01  6.459179946661e-02
 5.387832266341e+04  1.556381800000e+01  6.468908885219e-02
 5.420434590515e+04  1.581618000000e+01  6.597941047766e-02
 5.420435261799e+04  1.580914100000e+01  6.592585884572e-02
 5.420435935895e+04  1.585537900000e+01  6.641233972018e-02
 5.420436605198e+04  1.584729500000e+01  6.630981798729e-02
 5.444050387428e+04  1.592537700000e+01  6.774887813408e-02
 5.444050825159e+04  1.592315000000e+01  6.707898565535e-02
 5.444051263363e+04  1.591935900000e+01  6.692786439073e-02
 5.444051701927e+04  1.590984800000e+01  6.685311507082e-02
 5.411744744282e+04  1.571193100000e+01  6.451373696479e-02
 5.411745444641e+04  1.569096800000e+01  6.430822452525e-02
 5.411746142639e+04  1.573132500000e+01  6.467761374866e-02
 5.411746839630e+04  1.568094100000e+01  6.415736202708e-02
 5.425822158750e+04  1.595839300000e+01  6.771139649015e-02
 5.425822853924e+04  1.595210200000e+01  6.764510617282e-02
 5.425823552546e+04  1.591654500000e+01  6.721767100329e-02
 5.425824247731e+04  1.600692100000e+01  6.838951529871e-02
 5.427621915185e+04  1.563983200000e+01  6.490316418821e-02
 5.427622672711e+04  1.565104400000e+01  6.505296251757e-02
 5.427623429300e+04  1.565216000000e+01  6.507516789283e-02
 5.427624189730e+04  1.567928800000e+01  6.543920130202e-02
 5.417535130622e+04  1.574762000000e+01  6.511454821221e-02
 5.417535775769e+04  1.604620000000e+01  6.849389785172e-02
 5.417536421102e+04  1.575443500000e+01  6.516140953639e-02
 5.417537065417e+04  1.573512900000e+01  6.497217616859e-02
 5.423127054198e+04  1.548117200000e+01  6.298750077903e-02
 5.423127701522e+04  1.549839700000e+01  6.316165809198e-02
 5.423128345212e+04  1.549773000000e+01  6.315053308167e-02
 5.423128988115e+04  1.549061900000e+01  6.310272529349e-02
 5.424524035218e+04  1.594588400000e+01  6.815006611274e-02
 5.424524957925e+04  1.594239400000e+01  6.813715348370e-02
 5.424525880378e+04  1.594528400000e+01  6.815618377321e-02
 5.424526814626e+04  1.599204300000e+01  6.882292635337e-02
 5.456628499124e+04  1.592831700000e+01  6.878525003823e-02
 5.456628926714e+04  1.592831500000e+01  6.830798782504e-02
 5.456629357095e+04  1.590339900000e+01  6.735256239794e-02
 5.456629785102e+04  1.588568600000e+01  6.712864039138e-02
 5.457128987299e+04  1.548909200000e+01  6.258310155455e-02
 5.457129727995e+04  1.552298800000e+01  6.289798442801e-02
 5.457130466608e+04  1.553260300000e+01  6.294685857506e-02
 5.457131208450e+04  1.552299700000e+01  6.283871569908e-02
 5.458531338316e+04  1.603316200000e+01  6.848463268481e-02
 5.458532010363e+04  1.598696800000e+01  6.793551027501e-02
 5.458532678602e+04  1.599429900000e+01  6.803373841144e-02
 5.458533345858e+04  1.602393100000e+01  6.840447507312e-02
 5.480751252865e+04  1.568435800000e+01  6.708653709222e-02
 5.480751739567e+04  1.564796200000e+01  6.660071575364e-02
 5.480752230760e+04  1.564852800000e+01  6.655840951721e-02
 5.480752707046e+04  1.564224100000e+01  6.646380149245e-02
 5.449750038325e+04  1.550360700000e+01  6.238474244423e-02
 5.449750693450e+04  1.550221700000e+01  6.239197757459e-02
 5.449751341585e+04  1.549689000000e+01  6.236416385451e-02
 5.449751988781e+04  1.549469100000e+01  6.231519369875e-02
 5.450743277083e+04  1.593514700000e+01  6.819120965015e-02
 5.450744133122e+04  1.595880600000e+01  6.875178836474e-02
 5.450744983071e+04  1.583757100000e+01  6.900747869632e-02
 5.450745833472e+04  1.574646000000e+01  7.136462066672e-02
 5.451439485272e+04  1.592212400000e+01  6.724568414248e-02
 5.451440141763e+04  1.596140900000e+01  6.790294468648e-02
 5.451440800302e+04  1.597442600000e+01  6.826413161634e-02
 5.451441457176e+04  1.596559900000e+01  6.815184174918e-02
 5.448045693413e+04  1.564989000000e+01  6.380396568615e-02
 5.448046406723e+04  1.561094700000e+01  6.342804789041e-02
 5.448047122396e+04  1.564544800000e+01  6.370554561836e-02
 5.448047834051e+04  1.568198400000e+01  6.403889170458e-02
 5.462525663569e+04  1.585759100000e+01  6.683350807035e-02
 5.462526377205e+04  1.588907700000e+01  6.723043868259e-02
 5.462527105343e+04  1.588258000000e+01  6.718401920582e-02
 5.462527825170e+04  1.585715400000e+01  6.694427009336e-02
 5.452834324346e+04  1.571738500000e+01  6.455639856291e-02
 5.452835052854e+04  1.577104200000e+01  6.465689859839e-02
 5.452835797500e+04  1.577379400000e+01  6.509725347624e-02
 5.452836525648e+04  1.576303700000e+01  6.495905095632e-02
 5.453635827374e+04  1.600884200000e+01  6.435609661854e-02
 5.453636498784e+04  1.595663400000e+01  6.387616792663e-02
 5.453637172509e+04  1.584982700000e+01  6.284786309808e-02
 5.453637844036e+04  1.578812800000e+01  6.231282846502e-02
 5.455643113809e+04  1.597887200000e+01  6.782675854383e-02
 5.455643826542e+04  1.590721200000e+01  6.707092812803e-02
 5.455644545118e+04  1.579630000000e+01  6.581810557744e-02
 5.455645262700e+04  1.573055200000e+01  6.517003622276e-02
 5.459227969497e+04  1.590067500000e+01  6.720335438642e-02
 5.459228942797e+04  1.593474500000e+01  6.771428724328e-02
 5.459229915750e+04  1.595472400000e+01  6.810413243604e-02
 5.459230888183e+04  1.590970300000e+01  6.766028228232e-02
 5.494426346167e+04  1.589086200000e+01  6.682629327382e-02
 5.494427071712e+04  1.583115400000e+01  6.631190206187e-02
 5.494427794007e+04  1.574180900000e+01  6.555399088758e-02
 5.494428520722e+04  1.566219900000e+01  6.435177154583e-02
 5.486735499828e+04  1.598226400000e+01  7.076646780216e-02
 5.486736351699e+04  1.594467800000e+01  7.016541730922e-02
 5.486737223015e+04  1.593362200000e+01  6.993587029834e-02
 5.486738093846e+04  1.594687300000e+01  7.002218204464e-02
 5.488935290552e+04  1.598447500000e+01  6.725200170525e-02
 5.488936071170e+04  1.593909500000e+01  6.672602783698e-02
 5.488936865422e+04  1.587899700000e+01  6.605105991011e-02
 5.488937658795e+04  1.577845800000e+01  6.494867018712e-02
 5.483349743455e+04  1.569601600000e+01  6.415602058585e-02
 5.483350600406e+04  1.571232800000e+01  6.427806765552e-02
 5.483351460831e+04  1.573070200000e+01  6.442167940389e-02
 5.483352315700e+04  1.572709700000e+01  6.436770220112e-02
 5.486052240747e+04  1.546210000000e+01  6.184142201779e-02
 5.486052732311e+04  1.547813100000e+01  6.198632251451e-02
 5.486053225681e+04  1.545955400000e+01  6.182985301381e-02
 5.486053716631e+04  1.549169400000e+01  6.210138177010e-02
 5.504218147956e+04  1.609292900000e+01  7.890718183784e-02
 5.504218745694e+04  1.602174700000e+01  7.810151063093e-02
 5.500126756273e+04  1.585769700000e+01  6.784040016349e-02
 5.500127246416e+04  1.587111500000e+01  6.803626648964e-02
 5.500127726150e+04  1.586273200000e+01  6.796811559123e-02
 5.500128208965e+04  1.588537300000e+01  6.838219818113e-02
 5.491834952998e+04  1.551172700000e+01  6.273681113123e-02
 5.491835499844e+04  1.551072300000e+01  6.278520409870e-02
 5.491836050682e+04  1.546903400000e+01  6.238900000820e-02
 5.491836602308e+04  1.548641600000e+01  6.271428145466e-02
 5.496529906972e+04  1.585785600000e+01  6.667957426735e-02
 5.496530573883e+04  1.587360300000e+01  6.688337487044e-02
 5.496531243407e+04  1.587092400000e+01  6.690420340607e-02
 5.496531900706e+04  1.588288100000e+01  6.710639708252e-02
 5.529040453139e+04  1.571211400000e+01  6.498100502971e-02
 5.529041260041e+04  1.573757800000e+01  6.534556738159e-02
 5.529042073412e+04  1.574375900000e+01  6.547880129515e-02
 5.529042890514e+04  1.576983800000e+01  6.576992115316e-02
 5.529928485547e+04  1.575882200000e+01  6.529633463182e-02
 5.529929180559e+04  1.577068200000e+01  6.536432534593e-02
 5.529929879687e+04  1.578164600000e+01  6.547223107698e-02
 5.529930574400e+04  1.580329500000e+01  6.567843048152e-02
 5.524239722513e+04  1.565400800000e+01  6.456265253822e-02
 5.524240420453e+04  1.561609600000e+01  6.417185355662e-02
 5.524241121866e+04  1.558717000000e+01  6.382569554848e-02
 5.524241817366e+04  1.554610800000e+01  6.340854612706e-02
 5.520851651969e+04  1.590276500000e+01  6.684039745151e-02
 5.520852375821e+04  1.591084400000e+01  6.691241800978e-02
 5.520853099491e+04  1.595838700000e+01  6.744601003581e-02
 5.520853824153e+04  1.595558600000e+01  6.738903457218e-02
 5.537023044846e+04  1.587525800000e+01  6.703119459895e-02
 5.537023498421e+04  1.583944200000e+01  6.669942372177e-02
 5.537023961199e+04  1.591858000000e+01  6.759498162452e-02
 5.537024425264e+04  1.587445800000e+01  6.705783037478e-02
 5.527134361161e+04  1.553762500000e+01  6.313442786098e-02
 5.527135058518e+04  1.550685600000e+01  6.280111608280e-02
 5.527135751549e+04  1.549989500000e+01  6.271248483901e-02
 5.527136444707e+04  1.548827100000e+01  6.264280999332e-02
 5.528134388317e+04  1.565919800000e+01  6.821295640782e-02
 5.528134946961e+04  1.566438500000e+01  6.825442959100e-02
 5.528135503274e+04  1.562845700000e+01  6.784618562495e-02
 5.528136058174e+04  1.564664500000e+01  6.803947546656e-02
 5.532329656328e+04  1.547321100000e+01  6.250984934637e-02
 5.532330279473e+04  1.547610300000e+01  6.258404416654e-02
 5.532330914111e+04  1.547281600000e+01  6.260244642417e-02
 5.532331548162e+04  1.546330800000e+01  6.253946848958e-02
 5.533725723832e+04  1.591941700000e+01  6.741679585813e-02
 5.533726526424e+04  1.589477200000e+01  6.712786300065e-02
 5.533727339051e+04  1.594555700000e+01  6.773773656252e-02
 5.533728136498e+04  1.590853000000e+01  6.734847177055e-02
 5.534720190285e+04  1.591072400000e+01  6.693047053272e-02
 5.534720871859e+04  1.587068900000e+01  6.649754958662e-02
 5.534721548304e+04  1.589082800000e+01  6.675666978864e-02
 5.534722239081e+04  1.590693200000e+01  6.696105031407e-02
 5.565633156644e+04  1.565458100000e+01  6.195600219804e-02
 5.565633780356e+04  1.564035700000e+01  6.186929145576e-02
 5.565634402439e+04  1.572315000000e+01  6.258584284671e-02
 5.565635023117e+04  1.564584400000e+01  6.192258913117e-02
 5.566428196441e+04  1.594733600000e+01  6.507613503731e-02
 5.566428819192e+04  1.591116500000e+01  6.469358792069e-02
 5.566429441933e+04  1.595153100000e+01  6.510197781717e-02
 5.566430064753e+04  1.589439600000e+01  6.454343429205e-02
 5.567715051131e+04  1.587075000000e+01  6.876690311561e-02
 5.567715849529e+04  1.585694000000e+01  6.844849791512e-02
 5.567716658168e+04  1.587555800000e+01  6.861093619735e-02
 5.567717467653e+04  1.588802800000e+01  6.868495744167e-02
 5.557651097211e+04  1.563983900000e+01  6.831533735973e-02
 5.557651775427e+04  1.560728900000e+01  6.837722304171e-02
 5.557652462041e+04  1.559378200000e+01  6.907368973815e-02
 5.557653140830e+04  1.551669300000e+01  6.673633707401e-02
 5.562835807576e+04  1.603310600000e+01  7.595447199230e-02
 5.562836560404e+04  1.602454800000e+01  7.491250041872e-02
 5.562837307410e+04  1.604309700000e+01  7.331776814242e-02
 5.562838054427e+04  1.603192800000e+01  7.574343123083e-02
 5.563430693494e+04  1.599589800000e+01  7.358884150311e-02
 5.563431555473e+04  1.598774100000e+01  7.372651420712e-02
 5.563432418343e+04  1.584681400000e+01  7.003952364393e-02
 5.563433289532e+04  1.572958200000e+01  6.754810294847e-02
 5.564642228985e+04  1.581614600000e+01  6.684646292814e-02
 5.564642914333e+04  1.578878900000e+01  6.653384403394e-02
 5.564643606462e+04  1.583638100000e+01  6.708361902107e-02
 5.564644301152e+04  1.583617300000e+01  6.714523699894e-02
 5.569327755470e+04  1.600684600000e+01  7.256146474627e-02
 5.569328583545e+04  1.595239500000e+01  7.166518114452e-02
 5.569329406227e+04  1.598377700000e+01  7.219527866166e-02
 5.569330240321e+04  1.599382200000e+01  7.236062520372e-02
 5.570727947154e+04  1.588771900000e+01  6.784125298363e-02
 5.570728902447e+04  1.589547100000e+01  6.798113826300e-02
 5.570729870657e+04  1.589400200000e+01  6.797689201578e-02
 5.570730829700e+04  1.588577800000e+01  6.793330225840e-02
 5.589350671550e+04  1.563483200000e+01  6.444059300683e-02
 5.589351193256e+04  1.560900600000e+01  6.413593677742e-02
 5.589351716975e+04  1.557948100000e+01  6.377516523534e-02
 5.589352247892e+04  1.553662700000e+01  6.337282625288e-02
 5.593947813686e+04  1.605550800000e+01  6.861773254528e-02
 5.593948490076e+04  1.600879500000e+01  6.800550567445e-02
 5.593949165843e+04  1.601734700000e+01  6.811482898915e-02
 5.593949846582e+04  1.596148600000e+01  6.746070434975e-02
 5.597835188853e+04  1.597978100000e+01  7.211374307741e-02
 5.597835694487e+04  1.595264500000e+01  7.152684716842e-02
 5.597836207685e+04  1.597929900000e+01  7.187599581863e-02
 5.597836719679e+04  1.603170700000e+01  7.752873457092e-02
 5.598142818551e+04  1.576889400000e+01  6.534657453141e-02
 5.598143559513e+04  1.567299400000e+01  6.447235793346e-02
 5.598144294688e+04  1.565725700000e+01  6.434750681556e-02
 5.598145037053e+04  1.561544300000e+01  6.399174887750e-02
 5.598737847318e+04  1.551466100000e+01  6.452557527281e-02
 5.598738472975e+04  1.550711400000e+01  6.439451656839e-02
 5.598739093309e+04  1.549209200000e+01  6.412308389544e-02
 5.598739718203e+04  1.547299300000e+01  6.381289175576e-02
 5.599947686813e+04  1.586272300000e+01  6.679816603052e-02
 5.599948253926e+04  1.590294000000e+01  6.726438833240e-02
 5.599948828282e+04  1.591179300000e+01  6.738751494420e-02
 5.599949397479e+04  1.588643400000e+01  6.713926806751e-02
 5.601343848167e+04  1.560278400000e+01  6.475591983243e-02
 5.601344370519e+04  1.560872800000e+01  6.486627530536e-02
 5.601344885310e+04  1.562621900000e+01  6.511396428031e-02
 5.601345396667e+04  1.564728600000e+01  6.531689290060e-02
 5.603333480770e+04  1.600939700000e+01  6.907147782880e-02
 5.603334039895e+04  1.605386900000e+01  6.965814507363e-02
 5.603334605377e+04  1.600972100000e+01  6.911193865281e-02
 5.603335177211e+04  1.595522800000e+01  6.842752855129e-02
 5.603837135920e+04  1.578771200000e+01  6.649390589677e-02
 5.603837871112e+04  1.579956800000e+01  6.664044192951e-02
 5.603838598903e+04  1.580680700000e+01  6.678109488630e-02
 5.603839327631e+04  1.583429200000e+01  6.712311610072e-02
 5.606229538711e+04  1.580334500000e+01  6.557771210609e-02
 5.606230268054e+04  1.572015700000e+01  6.476944296082e-02
 5.606230996193e+04  1.565628700000e+01  6.416306500779e-02
 5.606231730826e+04  1.567141800000e+01  6.434123032816e-02
 5.606927965111e+04  1.600421100000e+01  6.810295546813e-02
 5.606928646137e+04  1.600215500000e+01  6.811590990010e-02
 5.606929332773e+04  1.600763000000e+01  6.823476217506e-02
 5.606930020725e+04  1.601640600000e+01  6.842293287122e-02
 5.608924080192e+04  1.589102900000e+01  6.669803887612e-02
 5.608924698266e+04  1.587449200000e+01  6.655066400678e-02
 5.608925314223e+04  1.591633800000e+01  6.705013697611e-02
 5.608925928571e+04  1.593106400000e+01  6.724735105882e-02
