# time mag mag_err
 5.347016638485e+04  1.573759800000e+01  6.830688033067e-02
 5.347017369795e+04  1.576032700000e+01  6.866525711569e-02
 5.347018101683e+04  1.574360200000e+01  6.837813612449e-02
 5.347018829278e+04  1.576374700000e+01  6.863584900723e-02
 5.348123750668e+04  1.490493900000e+01  5.941644447039e-02
 5.348124567064e+04  1.496480400000e+01  5.985901894584e-02
 5.348125378990e+04  1.500371900000e+01  6.022953579985e-02
 5.348126196358e+04  1.502654200000e+01  6.047663498945e-02
 5.372641872267e+04  1.588093000000e+01  6.810560365469e-02
 5.372642910988e+04  1.579468500000e+01  6.707392743833e-02
 5.372643953506e+04  1.586264000000e+01  6.794232758097e-02
 5.372644984610e+04  1.585369400000e+01  6.817070957567e-02
 5.373227468117e+04  1.568801300000e+01  6.717602059241e-02
 5.373228114851e+04  1.566067500000e+01  6.687970003282e-02
 5.373228762347e+04  1.572656600000e+01  7.246545227370e-02
 5.370041034363e+04  1.522055700000e+01  6.178715591261e-02
 5.370042106141e+04  1.526898700000e+01  6.215927186922e-02
 5.370043179586e+04  1.531142300000e+01  6.250938466168e-02
 5.370044252949e+04  1.539510800000e+01  6.322871388064e-02
 5.365745459098e+04  1.566134200000e+01  6.887048352710e-02
 5.363648617265e+04  1.530358000000e+01  6.408556643769e-02
 5.363649113782e+04  1.534110400000e+01  6.435978878743e-02
 5.363649607163e+04  1.538066700000e+01  6.463679375966e-02
 5.363650106344e+04  1.538021800000e+01  6.452794556895e-02
 5.408145613466e+04  1.572947300000e+01  6.576392288461e-02
 5.408146269552e+04  1.575128700000e+01  6.600168550472e-02
 5.408146931425e+04  1.574604900000e+01  6.598287258264e-02
 5.408147587882e+04  1.573537900000e+01  6.580667434991e-02
 5.409243022866e+04  1.546312200000e+01  6.287733242854e-02
 5.409243505795e+04  1.528970200000e+01  6.141070695785e-02
 5.409243990044e+04  1.513524600000e+01  6.023034508291e-02
 5.409244478772e+04  1.499948900000e+01  5.929907072436e-02
 5.376832516345e+04  1.520460100000e+01  6.152736555794e-02
 5.376833258233e+04  1.523905400000e+01  6.181589203305e-02
 5.376834002865e+04  1.527647700000e+01  6.215281307840e-02
 5.376834743770e+04  1.528655500000e+01  6.221362078992e-02
 5.379424257639e+04  1.561983100000e+01  6.697431582404e-02
 5.379424904095e+04  1.564057300000e+01  6.580473498039e-02
 5.379425553281e+04  1.563316600000e+01  6.619377930806e-02
 5.379426199170e+04  1.562117100000e+01  6.573179973391e-02
 5.373937716006e+04  1.573732200000e+01  6.620943584600e-02
 5.373938363225e+04  1.577626300000e+01  6.660964093910e-02
 5.373939011301e+04  1.576260700000e+01  6.648836539295e-02
 5.373939659493e+04  1.578057500000e+01  6.671189760151e-02
 5.374634043618e+04  1.572400900000e+01  6.784618562495e-02
 5.374634635950e+04  1.580890300000e+01  6.891191708931e-02
 5.374635226744e+04  1.582935100000e+01  6.913853913155e-02
 5.374635822769e+04  1.580034500000e+01  6.877852542748e-02
 5.375546441896e+04  1.538636600000e+01  6.313060896257e-02
 5.375546986749e+04  1.539182600000e+01  6.322478416568e-02
 5.375547534091e+04  1.536161000000e+01  6.357176510296e-02
 5.375548075600e+04  1.545912200000e+01  6.702914926180e-02
 5.376132346972e+04  1.485321500000e+01  5.899652639438e-02
 5.376132974909e+04  1.491337400000e+01  5.937448928129e-02
 5.376133600807e+04  1.496493300000e+01  5.953072272610e-02
 5.376134228975e+04  1.498344500000e+01  5.986740603415e-02
 5.386622774081e+04  1.573162800000e+01  1.199577679505e-01
 5.386622857834e+04  1.572199500000e+01  1.197086205702e-01
 5.386622931612e+04  1.587119900000e+01  1.266064655804e-01
 5.386623023017e+04  1.587972000000e+01  1.275475764306e-01
 5.387516886014e+04  1.576022400000e+01  6.878685200472e-02
 5.387517370436e+04  1.572051500000e+01  6.835127715987e-02
 5.387517858296e+04  1.577018000000e+01  6.896698003216e-02
 5.387518341722e+04  1.577310800000e+01  6.910183196655e-02
 5.405445283831e+04  1.549624300000e+01  6.292657637757e-02
 5.405445938887e+04  1.552047700000e+01  6.313749437095e-02
 5.405446598341e+04  1.556046500000e+01  6.348894621400e-02
 5.405447252645e+04  1.555777200000e+01  6.349526071601e-02
 5.402945317943e+04  1.592761700000e+01  6.785738996750e-02
 5.402946316580e+04  1.586368300000e+01  6.702872329025e-02
 5.402947316352e+04  1.569466200000e+01  6.514731665213e-02
 5.402948390584e+04  1.514785700000e+01  6.030927771516e-02
 5.403645616672e+04  1.495575600000e+01  6.049452795212e-02
 5.403646274922e+04  1.498299400000e+01  6.068622380206e-02
 5.403646928867e+04  1.499785400000e+01  5.989018154921e-02
 5.403647580832e+04  1.504341600000e+01  6.116855913852e-02
 5.420515840169e+04  1.549721600000e+01  6.372776049157e-02
 5.420516485906e+04  1.553356800000e+01  6.407463734560e-02
 5.420517132559e+04  1.549484700000e+01  6.371141681792e-02
 5.420517776226e+04  1.553148400000e+01  6.409203462305e-02
 5.443841545909e+04  1.580663100000e+01  6.629255306213e-02
 5.443842198811e+04  1.587319000000e+01  6.702284704647e-02
 5.443842850140e+04  1.588108600000e+01  6.712777700398e-02
 5.443843495196e+04  1.588381100000e+01  6.711509656113e-02
 5.446445031721e+04  1.556433400000e+01  6.396394989464e-02
 5.446445644969e+04  1.559060400000e+01  6.421288268381e-02
 5.446446256608e+04  1.560812100000e+01  6.441241818158e-02
 5.446446868282e+04  1.561515400000e+01  6.449006731771e-02
 5.414022760749e+04  1.551617700000e+01  6.359175866352e-02
 5.414023408964e+04  1.555791200000e+01  6.416272958704e-02
 5.414024119231e+04  1.555873400000e+01  6.417415168348e-02
 5.414024768049e+04  1.557882700000e+01  6.415272441895e-02
 5.415613445031e+04  1.568506800000e+01  6.759479776596e-02
 5.415614494759e+04  1.572182700000e+01  6.802625863883e-02
 5.415615389353e+04  1.570649700000e+01  6.776980206224e-02
 5.415616286561e+04  1.575417100000e+01  6.831624337158e-02
 5.410946784240e+04  1.549155300000e+01  6.368449940097e-02
 5.410947492851e+04  1.548687800000e+01  6.411841639554e-02
 5.410948204611e+04  1.542383300000e+01  6.587989935848e-02
 5.410948917101e+04  1.552437500000e+01  6.424556102014e-02
 5.411631121388e+04  1.514408100000e+01  6.023839134232e-02
 5.411631773064e+04  1.516644700000e+01  6.037825078837e-02
 5.411632427043e+04  1.518982300000e+01  6.054342101486e-02
 5.411633083742e+04  1.521568800000e+01  6.072635779215e-02
 5.417017069326e+04  1.578215700000e+01  6.638413347954e-02
 5.417017550763e+04  1.575243200000e+01  6.603174308846e-02
 5.417018034838e+04  1.577630200000e+01  6.630141175392e-02
 5.417018517686e+04  1.573606200000e+01  6.587228093512e-02
 5.418512132280e+04  1.560939000000e+01  6.491020323700e-02
 5.418513103301e+04  1.545845700000e+01  6.343395106185e-02
 5.418514075225e+04  1.524250200000e+01  6.155969167945e-02
 5.418515047310e+04  1.504879400000e+01  6.007618363559e-02
 5.423018450811e+04  1.579682600000e+01  6.734615993941e-02
 5.423019093807e+04  1.580553200000e+01  6.766834520596e-02
 5.423019738457e+04  1.578797600000e+01  6.751876734452e-02
 5.423020381000e+04  1.587537100000e+01  6.868242701928e-02
 5.423616214787e+04  1.587520200000e+01  6.908531198876e-02
 5.441044906579e+04  1.558407800000e+01  6.463546696720e-02
 5.441045392101e+04  1.563684800000e+01  6.625822396741e-02
 5.441045877889e+04  1.561020500000e+01  6.880374501074e-02
 5.441046365124e+04  1.567290700000e+01  7.401606289707e-02
 5.438445347277e+04  1.500848700000e+01  5.973372128553e-02
 5.438446083841e+04  1.506423800000e+01  6.006823373522e-02
 5.438446813171e+04  1.506494500000e+01  6.001006333353e-02
 5.438447540407e+04  1.512738100000e+01  6.010764936133e-02
 5.439344990865e+04  1.515706300000e+01  6.073709702939e-02
 5.439345641939e+04  1.518041200000e+01  6.081608749347e-02
 5.439346296844e+04  1.523589000000e+01  6.123405757435e-02
 5.439346950476e+04  1.524918600000e+01  6.136629742548e-02
 5.456320721729e+04  1.577795900000e+01  6.355452181989e-02
 5.456321376866e+04  1.572893600000e+01  6.306793006911e-02
 5.456322036250e+04  1.577026500000e+01  6.351837125440e-02
 5.456322693053e+04  1.574334900000e+01  6.323542828883e-02
 5.457321492381e+04  1.567544700000e+01  6.564410765171e-02
 5.457322033970e+04  1.578721800000e+01  6.687544355991e-02
 5.457322567376e+04  1.579277200000e+01  6.695505865020e-02
 5.457323103653e+04  1.580608500000e+01  6.713814425244e-02
 5.458117332853e+04  1.579499600000e+01  6.787051486944e-02
 5.458117870785e+04  1.584487600000e+01  6.850513374925e-02
 5.458118409665e+04  1.583372500000e+01  6.843038921925e-02
 5.458118950479e+04  1.581124000000e+01  6.816991857043e-02
 5.483038673345e+04  1.570899300000e+01  6.460720206693e-02
 5.483039276627e+04  1.567252100000e+01  6.464065207670e-02
 5.483039881565e+04  1.566940200000e+01  6.456795854556e-02
 5.483040491896e+04  1.565638900000e+01  6.450440088619e-02
 5.449919429653e+04  1.571879500000e+01  5.930618253671e-02
 5.449920061756e+04  1.570397700000e+01  5.918160245410e-02
 5.449920695168e+04  1.570734800000e+01  5.920309129577e-02
 5.449921326252e+04  1.573087600000e+01  5.931058723269e-02
 5.450628245634e+04  1.577983000000e+01  6.610843094434e-02
 5.450628917299e+04  1.573826900000e+01  6.565674751864e-02
 5.450629587517e+04  1.573263000000e+01  6.556743646161e-02
 5.450630255861e+04  1.575573900000e+01  6.580444815419e-02
 5.452318451633e+04  1.574991500000e+01  6.583085227372e-02
 5.452319171669e+04  1.574680900000e+01  6.580042752750e-02
 5.452319892492e+04  1.572581200000e+01  6.554873114894e-02
 5.452320609657e+04  1.565609600000e+01  6.481222628781e-02
 5.449522191039e+04  1.568996900000e+01  6.541270341610e-02
 5.449522850193e+04  1.568155300000e+01  6.531381865086e-02
 5.449523500295e+04  1.569565300000e+01  6.543770431432e-02
 5.449524154517e+04  1.573757600000e+01  6.584441803965e-02
 5.452813635771e+04  1.570867100000e+01  6.534764872816e-02
 5.452814280317e+04  1.565775400000e+01  6.517566274020e-02
 5.452814926553e+04  1.563692300000e+01  6.499309211841e-02
 5.452815570589e+04  1.555896400000e+01  6.417443189395e-02
 5.453612410260e+04  1.534481700000e+01  6.237978669650e-02
 5.453613075767e+04  1.521283300000e+01  6.112709778636e-02
 5.453613745303e+04  1.500976200000e+01  5.958391733373e-02
 5.453614409029e+04  1.482090500000e+01  5.839807608972e-02
 5.454823273156e+04  1.558615400000e+01  6.730883306031e-02
 5.454823756769e+04  1.556411600000e+01  6.707255567278e-02
 5.454824238494e+04  1.557760500000e+01  6.730476521085e-02
 5.454824719304e+04  1.559832800000e+01  6.752358791544e-02
 5.479240904856e+04  1.522386800000e+01  6.354637409445e-02
 5.479241622728e+04  1.512978100000e+01  6.614460271805e-02
 5.479242353898e+04  1.508635600000e+01  6.060820455058e-02
 5.479243080521e+04  1.505898200000e+01  6.393255447887e-02
 5.480035764821e+04  1.526456300000e+01  6.121125944060e-02
 5.480036379411e+04  1.509316700000e+01  5.990859648444e-02
 5.480036998748e+04  1.485969100000e+01  5.840445361873e-02
 5.480037603697e+04  1.473689400000e+01  5.764850384872e-02
 5.476645013992e+04  1.573137000000e+01  6.558939370239e-02
 5.476645842042e+04  1.576780000000e+01  6.591490584798e-02
 5.476646671146e+04  1.572173600000e+01  6.542159214233e-02
 5.476647597940e+04  1.571659800000e+01  6.531087887104e-02
 5.492311789199e+04  1.579563200000e+01  7.249702647919e-02
 5.492312384137e+04  1.575035200000e+01  7.193177926748e-02
 5.492312960984e+04  1.579956600000e+01  7.272130414224e-02
 5.492313530109e+04  1.580677900000e+01  7.279728321149e-02
 5.493915631582e+04  1.539268400000e+01  6.267497082846e-02
 5.493916118332e+04  1.535663100000e+01  6.236362925239e-02
 5.493916598681e+04  1.522962400000e+01  6.134887287263e-02
 5.493917082178e+04  1.514741200000e+01  6.069895907884e-02
 5.486622315148e+04  1.584308000000e+01  6.675355075396e-02
 5.486623293623e+04  1.582218600000e+01  6.649358964562e-02
 5.486624263336e+04  1.587732000000e+01  6.704672024368e-02
 5.486625240919e+04  1.581381700000e+01  6.635037105719e-02
 5.484834558869e+04  1.575174100000e+01  6.645938679612e-02
 5.484835284843e+04  1.575758700000e+01  6.787756105160e-02
 5.484836016049e+04  1.579098600000e+01  6.656504342618e-02
 5.484836742369e+04  1.580053700000e+01  6.633254277937e-02
 5.485634166005e+04  1.553450700000e+01  6.323677153174e-02
 5.485634955269e+04  1.540948700000e+01  6.215665600535e-02
 5.485635737287e+04  1.529288000000e+01  6.121132530765e-02
 5.485636527720e+04  1.520115600000e+01  6.050956666569e-02
 5.498317297810e+04  1.575393300000e+01  6.719350618976e-02
 5.498317778461e+04  1.578112000000e+01  6.767752981268e-02
 5.498318265140e+04  1.576546000000e+01  6.755029432074e-02
 5.498318745360e+04  1.568352200000e+01  6.673887526911e-02
 5.490617100385e+04  1.565781500000e+01  6.539976432141e-02
 5.490617573985e+04  1.563154900000e+01  6.518738980471e-02
 5.490618048360e+04  1.566123300000e+01  6.532712964939e-02
 5.490618530757e+04  1.569605600000e+01  6.561512392221e-02
 5.491420000478e+04  1.568110700000e+01  6.506350906871e-02
 5.491421222647e+04  1.566829700000e+01  6.500347853897e-02
 5.491422433287e+04  1.567180700000e+01  6.503903428903e-02
 5.491423655421e+04  1.573203100000e+01  6.577664121703e-02
 5.496418956757e+04  1.566841600000e+01  6.281546548615e-02
 5.496419753185e+04  1.569939900000e+01  6.314297074495e-02
 5.496420548667e+04  1.570447200000e+01  6.329218285093e-02
 5.496421345272e+04  1.569506400000e+01  6.331869797284e-02
 5.497717655998e+04  1.569683700000e+01  6.667315976259e-02
 5.497718322292e+04  1.566102100000e+01  6.640787863056e-02
 5.497718979953e+04  1.568359200000e+01  6.674887429540e-02
 5.497719648885e+04  1.570306300000e+01  6.710149159824e-02
 5.514650788353e+04  1.535029600000e+01  6.787137100615e-02
 5.514651280784e+04  1.541125600000e+01  6.769509599852e-02
 5.514651780426e+04  1.537201400000e+01  6.717636766381e-02
 5.514652272929e+04  1.540594300000e+01  6.764140931904e-02
 5.516040955150e+04  1.546921600000e+01  6.339048605918e-02
 5.516041699575e+04  1.547314100000e+01  6.344786359540e-02
 5.516042439230e+04  1.549137600000e+01  6.357527073452e-02
 5.516043184223e+04  1.551965000000e+01  6.381849669520e-02
 5.516237780340e+04  1.540007100000e+01  6.315006014783e-02
 5.516238640275e+04  1.539906400000e+01  6.314585254332e-02
 5.516239479866e+04  1.545893100000e+01  6.364057036584e-02
 5.516240325672e+04  1.547292700000e+01  6.373767129520e-02
 5.509450489054e+04  1.547500400000e+01  1.063465132862e-01
 5.509450609245e+04  1.545842000000e+01  1.049241843015e-01
 5.509450738419e+04  1.541210800000e+01  1.036515376675e-01
 5.509450868749e+04  1.541951000000e+01  1.030989880914e-01
 5.510148551455e+04  1.559067600000e+01  6.566589082843e-02
 5.510148860602e+04  1.558539900000e+01  6.555191408322e-02
 5.510149166912e+04  1.560420500000e+01  6.570810820408e-02
 5.510149473999e+04  1.559165400000e+01  6.549566700277e-02
 5.553137476421e+04  1.577781000000e+01  6.741383507935e-02
 5.553138639668e+04  1.578477800000e+01  6.717914906054e-02
 5.553139225947e+04  1.578202000000e+01  6.701068440380e-02
 5.553838933747e+04  1.575728300000e+01  6.658177502600e-02
 5.553839976277e+04  1.574017900000e+01  6.636007904443e-02
 5.553840495910e+04  1.574463100000e+01  6.638959406646e-02
 5.554448866918e+04  1.510575900000e+01  6.056660795726e-02
 5.554450260615e+04  1.516760400000e+01  6.156702451264e-02
 5.554450954735e+04  1.518292800000e+01  6.118392505706e-02
 5.523222608051e+04  1.518563100000e+01  6.151896501415e-02
 5.523223182148e+04  1.524300500000e+01  6.202938005432e-02
 5.523223761458e+04  1.525149100000e+01  6.194795347986e-02
 5.523224337530e+04  1.525549300000e+01  6.188298018778e-02
 5.524220132506e+04  1.540911500000e+01  6.302125828839e-02
 5.524220584669e+04  1.543292100000e+01  6.319092075747e-02
 5.524221038940e+04  1.543913500000e+01  6.329722437828e-02
 5.524221494888e+04  1.543354500000e+01  6.322617363031e-02
 5.520239964517e+04  1.498785900000e+01  5.924836619119e-02
 5.520240790017e+04  1.491956800000e+01  5.881746437241e-02
 5.520241604016e+04  1.490783600000e+01  5.873471993607e-02
 5.520242423486e+04  1.495396500000e+01  5.902296863653e-02
 5.526021585589e+04  1.570922500000e+01  6.611961624434e-02
 5.526022044463e+04  1.571753700000e+01  6.621925832047e-02
 5.526022497663e+04  1.570197700000e+01  6.603849836056e-02
 5.526022952704e+04  1.571437300000e+01  6.616824026917e-02
 5.527216495586e+04  1.580041900000e+01  6.655114254868e-02
 5.527217238500e+04  1.579978500000e+01  6.652230829049e-02
 5.527217981825e+04  1.577624700000e+01  6.629470879490e-02
 5.527218722846e+04  1.574083300000e+01  6.636241092587e-02
 5.532220128925e+04  1.567019700000e+01  6.571320815238e-02
 5.532220880203e+04  1.569934700000e+01  6.641844851118e-02
 5.532221450855e+04  1.573268400000e+01  6.647650722962e-02
 5.532222197661e+04  1.564009000000e+01  6.796435809148e-02
 5.533817095001e+04  1.574871800000e+01  6.676710429970e-02
 5.533817910440e+04  1.567633900000e+01  6.609112577873e-02
 5.533818721023e+04  1.559283700000e+01  6.533382843038e-02
 5.533819526411e+04  1.541465100000e+01  6.359813179180e-02
 5.550149323861e+04  1.547957900000e+01  6.371953078998e-02
 5.550150369054e+04  1.548982300000e+01  6.379969244606e-02
 5.550150887459e+04  1.553526300000e+01  6.421835546716e-02
 5.550748742784e+04  1.557055300000e+01  6.460030507502e-02
 5.550750128934e+04  1.560121500000e+01  6.488303396815e-02
 5.550750829189e+04  1.564457200000e+01  6.532471998360e-02
 5.551545659174e+04  1.573635500000e+01  6.648433173260e-02
 5.551546821097e+04  1.573222800000e+01  6.636995604043e-02
 5.551547397241e+04  1.572288100000e+01  6.625316883666e-02
 5.548748140170e+04  1.497597600000e+01  6.374132672984e-02
 5.548749152376e+04  1.500065400000e+01  6.393508882654e-02
 5.548749652529e+04  1.506158300000e+01  6.451965337637e-02
 5.565914513771e+04  1.548515800000e+01  6.681436786626e-02
 5.565915089612e+04  1.560913600000e+01  7.209801804381e-02
 5.565915665222e+04  1.545149500000e+01  7.010948948448e-02
 5.565916234904e+04  1.557146900000e+01  6.527218443443e-02
 5.559726095517e+04  1.576590600000e+01  5.790665842350e-02
 5.559727011870e+04  1.576054000000e+01  5.786515703174e-02
 5.559727929174e+04  1.576105800000e+01  5.787434558660e-02
 5.559728851253e+04  1.577549200000e+01  5.796017129715e-02
 5.561617065687e+04  1.577263800000e+01  6.728781289366e-02
 5.561617573329e+04  1.581800300000e+01  6.786994323451e-02
 5.561618127826e+04  1.575083000000e+01  6.704484237830e-02
 5.561618668605e+04  1.582419000000e+01  6.827504727286e-02
 5.556431703259e+04  1.512487600000e+01  6.142796495051e-02
 5.556432507506e+04  1.513089600000e+01  6.082907740638e-02
 5.556433309189e+04  1.516790000000e+01  6.107547732553e-02
 5.556434115903e+04  1.519080900000e+01  6.123718065023e-02
 5.557242675646e+04  1.562006400000e+01  6.519624772134e-02
 5.557243201067e+04  1.567226500000e+01  6.574873295222e-02
 5.557243727852e+04  1.565986800000e+01  6.560005100538e-02
 5.557244255581e+04  1.564971800000e+01  6.552993961977e-02
 5.558546522323e+04  1.577105500000e+01  6.730176085127e-02
 5.558547169773e+04  1.579792800000e+01  6.760104516344e-02
 5.558547817225e+04  1.577709100000e+01  6.742325752241e-02
 5.558548473348e+04  1.577159900000e+01  6.745565220045e-02
 5.562215266356e+04  1.571915100000e+01  6.343990958949e-02
 5.562216095785e+04  1.574229300000e+01  6.368807129618e-02
 5.562216921830e+04  1.574311300000e+01  6.364889815627e-02
 5.562217745954e+04  1.576937900000e+01  6.467688508791e-02
 5.565022492858e+04  1.550883400000e+01  6.477510717602e-02
 5.565023290828e+04  1.551472100000e+01  6.486596303826e-02
 5.565024089910e+04  1.554760900000e+01  6.527085640036e-02
 5.565024900332e+04  1.559188600000e+01  6.571653913408e-02
 5.568222219047e+04  1.577383800000e+01  6.815519660804e-02
 5.568223093549e+04  1.565120800000e+01  6.676283000535e-02
 5.568223961728e+04  1.544765100000e+01  6.469310212214e-02
 5.568224829817e+04  1.525295100000e+01  6.291153575384e-02
 5.570616053534e+04  1.530730300000e+01  6.350841231713e-02
 5.570616844697e+04  1.529801600000e+01  6.345184459147e-02
 5.570617641102e+04  1.535076900000e+01  6.401453814918e-02
 5.570618437984e+04  1.541292000000e+01  6.469955113512e-02
 5.373230517331e+04  1.569924100000e+01  6.626489260867e-02
 5.373231163810e+04  1.569218200000e+01  6.613367912226e-02
 5.373231808043e+04  1.573843300000e+01  6.695894019326e-02
 5.373232457311e+04  1.573274800000e+01  6.713918193844e-02
 5.423616744674e+04  1.584534500000e+01  6.887750060353e-02
 5.423617396940e+04  1.581477800000e+01  6.865411187277e-02
 5.423618046532e+04  1.580288900000e+01  6.862704801306e-02
 5.423618695963e+04  1.572599300000e+01  6.777083524957e-02
 5.570616053534e+04  1.530952600000e+01  6.358508707260e-02
 5.570616844697e+04  1.530204800000e+01  6.355224333380e-02
 5.570617641102e+04  1.534478100000e+01  6.402590880832e-02
 5.570618437984e+04  1.540445000000e+01  6.468295384626e-02
 5.585746784096e+04  1.557921400000e+01  6.480343612748e-02
 5.585747660623e+04  1.560063700000e+01  6.465133810822e-02
 5.585748497461e+04  1.565178100000e+01  6.514581724351e-02
 5.585749354369e+04  1.564113200000e+01  6.498144945268e-02
 5.583748267166e+04  1.499720100000e+01  5.791108700673e-02
 5.583748951898e+04  1.503462900000e+01  5.807182454923e-02
 5.583749635338e+04  1.506064000000e+01  5.817814540031e-02
 5.583750320942e+04  1.511466800000e+01  5.843381444266e-02
 5.588841239516e+04  1.577525000000e+01  6.661825537389e-02
 5.588842153508e+04  1.582628000000e+01  6.715762173356e-02
 5.588843073884e+04  1.581071600000e+01  6.694300682099e-02
 5.588843996902e+04  1.580627100000e+01  6.687118873456e-02
 5.591934551407e+04  1.535511700000e+01  6.292375569443e-02
 5.591935400141e+04  1.536913800000e+01  6.301238498746e-02
 5.591936242056e+04  1.540845000000e+01  6.334953993288e-02
 5.591937084678e+04  1.545710500000e+01  6.374456583237e-02
 5.592636448874e+04  1.558024700000e+01  6.966502647446e-02
 5.592636946517e+04  1.558156600000e+01  6.966265286858e-02
 5.592637439458e+04  1.557157000000e+01  6.953148146669e-02
 5.592637933818e+04  1.559453400000e+01  6.981083927605e-02
 5.594037246040e+04  1.574974000000e+01  6.602306770737e-02
 5.594037867692e+04  1.572753900000e+01  6.581479614789e-02
 5.594038496797e+04  1.561354900000e+01  6.459545187057e-02
 5.596823720851e+04  1.574633200000e+01  6.627817141406e-02
 5.596824558566e+04  1.579518600000e+01  6.683342542678e-02
 5.596825403904e+04  1.572550200000e+01  6.601529137508e-02
 5.596826253878e+04  1.568312200000e+01  6.553463196623e-02
 5.597921528257e+04  1.491359800000e+01  5.737289159177e-02
 5.597922409368e+04  1.486228500000e+01  5.710146225945e-02
 5.597923288698e+04  1.487551400000e+01  5.715718839509e-02
 5.597924169358e+04  1.490495000000e+01  5.732472664475e-02
 5.598618529648e+04  1.494412700000e+01  5.971165867190e-02
 5.598619032458e+04  1.496136400000e+01  5.984640647859e-02
 5.598619543433e+04  1.498328100000e+01  5.998882392104e-02
 5.598620053975e+04  1.500942000000e+01  6.018644459225e-02
 5.600018785169e+04  1.546301700000e+01  6.380359667033e-02
 5.600019313053e+04  1.550592100000e+01  6.398321154296e-02
 5.600019821480e+04  1.549803700000e+01  6.398973615465e-02
 5.600020333138e+04  1.547032000000e+01  6.366935571569e-02
 5.601420509699e+04  1.574344300000e+01  6.358152503100e-02
 5.601421268662e+04  1.575733100000e+01  6.372400843677e-02
 5.601422023657e+04  1.576190100000e+01  6.372843747228e-02
 5.601422777618e+04  1.576503500000e+01  6.379046991464e-02
 5.602814671015e+04  1.570364000000e+01  6.668859776449e-02
 5.602815344810e+04  1.579751300000e+01  6.778833231799e-02
 5.602815998274e+04  1.575322300000e+01  6.720457578126e-02
 5.602816666977e+04  1.574095600000e+01  6.706861503274e-02
 5.604117574935e+04  1.499847200000e+01  6.032819584512e-02
 5.604118022669e+04  1.488090000000e+01  5.952578687874e-02
 5.604118466453e+04  1.484063300000e+01  5.925377058580e-02
 5.604118919083e+04  1.479322000000e+01  5.895516576803e-02
 5.621443863080e+04  1.572303100000e+01  6.718932689873e-02
 5.621444541319e+04  1.565546100000e+01  6.633548509996e-02
 5.621445231751e+04  1.571210400000e+01  6.691971700567e-02
 5.621445923792e+04  1.569366700000e+01  6.655984755659e-02
 5.622541594039e+04  1.571235500000e+01  7.009961982213e-02
 5.622542002617e+04  1.569403100000e+01  6.999722147626e-02
 5.622542406156e+04  1.576225600000e+01  7.072227350484e-02
 5.622542815182e+04  1.573067200000e+01  7.016768182367e-02
