# time mag mag_err
 5.347042120227e+04  1.590024400000e+01  6.860665261960e-02
 5.347042834753e+04  1.593363900000e+01  6.898359340577e-02
 5.347043559720e+04  1.590300800000e+01  6.859266674318e-02
 5.347044288760e+04  1.589184500000e+01  6.845300622949e-02
 5.347941386530e+04  1.590962400000e+01  6.658955395255e-02
 5.347942257535e+04  1.572936900000e+01  6.462625289930e-02
 5.347943124395e+04  1.537808600000e+01  6.143877619001e-02
 5.347943999878e+04  1.510865700000e+01  5.943053670248e-02
 5.355729750050e+04  1.535908400000e+01  6.167784903788e-02
 5.355730399041e+04  1.536708700000e+01  6.175993644727e-02
 5.355731051422e+04  1.541059000000e+01  6.208462047807e-02
 5.355731701976e+04  1.544268600000e+01  6.237710419351e-02
 5.356227353382e+04  1.591584800000e+01  6.703690588610e-02
 5.356228003958e+04  1.590840800000e+01  6.692232027027e-02
 5.356228659455e+04  1.594735800000e+01  6.743368123854e-02
 5.356229314071e+04  1.597965200000e+01  6.785102683103e-02
 5.353435418628e+04  1.539172500000e+01  6.175118885169e-02
 5.353436233647e+04  1.540252000000e+01  6.186103524644e-02
 5.353437050007e+04  1.545516500000e+01  6.232499371588e-02
 5.353437862234e+04  1.549755000000e+01  6.241016946094e-02
 5.354931509025e+04  1.522011900000e+01  6.114240171502e-02
 5.354932219257e+04  1.525034800000e+01  6.140129283997e-02
 5.354932922337e+04  1.530051000000e+01  6.187150795734e-02
 5.354933630786e+04  1.534920300000e+01  6.235417096920e-02
 5.349739944893e+04  1.557748400000e+01  6.604169232652e-02
 5.349740646098e+04  1.560431800000e+01  6.780549206731e-02
 5.349741341699e+04  1.559378600000e+01  7.050452647607e-02
 5.349742043668e+04  1.561168500000e+01  6.666058982744e-02
 5.350937986772e+04  1.602109800000e+01  6.781068514736e-02
 5.350938794081e+04  1.597565700000e+01  6.726913803361e-02
 5.350939601818e+04  1.587911000000e+01  6.617845990941e-02
 5.350940406811e+04  1.568480400000e+01  6.413443244485e-02
 5.368805828943e+04  1.558039400000e+01  6.408009894750e-02
 5.368806367177e+04  1.557232600000e+01  6.411830466146e-02
 5.368806907470e+04  1.563764600000e+01  6.483990971476e-02
 5.368807445853e+04  1.562459500000e+01  6.481507587514e-02
 5.364411424656e+04  1.583728900000e+01  6.740836681447e-02
 5.364411914553e+04  1.580195600000e+01  6.705860048740e-02
 5.364412404670e+04  1.586751800000e+01  6.781626015058e-02
 5.364412891859e+04  1.586338900000e+01  6.742298832313e-02
 5.365510705978e+04  1.542877900000e+01  6.327988829546e-02
 5.365511246491e+04  1.528080600000e+01  6.201662345730e-02
 5.365511786519e+04  1.508617400000e+01  6.054053775670e-02
 5.365512324485e+04  1.491803400000e+01  5.937377735684e-02
 5.366707418766e+04  1.583310400000e+01  6.645174773889e-02
 5.366707898027e+04  1.580208900000e+01  6.613413050412e-02
 5.366708374091e+04  1.585843500000e+01  6.679849663534e-02
 5.366708851292e+04  1.583517300000e+01  6.657608689684e-02
 5.367306211575e+04  1.557539800000e+01  6.382378929476e-02
 5.367306544138e+04  1.558136500000e+01  6.398435263995e-02
 5.367306866098e+04  1.558798300000e+01  6.410039136525e-02
 5.367307187098e+04  1.555866000000e+01  6.381320868400e-02
 5.362712057516e+04  1.542282400000e+01  6.493432832017e-02
 5.362712708868e+04  1.646654400000e+01  8.022308852081e-02
 5.362713360162e+04  1.549316900000e+01  6.566891838873e-02
 5.362714012139e+04  1.569092600000e+01  6.799834196006e-02
 5.383439069993e+04  1.588575600000e+01  7.022424061050e-02
 5.383439798883e+04  1.591207800000e+01  7.059706145472e-02
 5.383440527948e+04  1.588848700000e+01  7.018960541325e-02
 5.383441260437e+04  1.592513300000e+01  7.063479864841e-02
 5.384824888646e+04  1.552215600000e+01  6.537807406133e-02
 5.385140291402e+04  1.494933700000e+01  5.902432008215e-02
 5.385140886409e+04  1.488062000000e+01  5.858858142066e-02
 5.385141476275e+04  1.488809000000e+01  5.862972896867e-02
 5.385142081120e+04  1.489609000000e+01  5.866201002524e-02
 5.390144722163e+04  1.589500500000e+01  1.223829644158e-01
 5.390144820247e+04  1.580279700000e+01  1.180067182598e-01
 5.390144917334e+04  1.582345500000e+01  1.190891697723e-01
 5.390145029181e+04  1.596759100000e+01  1.258423751031e-01
 5.379750742516e+04  1.578818500000e+01  6.635572777937e-02
 5.379751431648e+04  1.556062000000e+01  6.515664272461e-02
 5.379752123267e+04  1.531185800000e+01  6.642974056241e-02
 5.379752814147e+04  1.507191300000e+01  6.473813687217e-02
 5.385944961243e+04  1.530817400000e+01  6.605731240475e-02
 5.385945470898e+04  1.535739600000e+01  6.662180098097e-02
 5.385945983956e+04  1.536760500000e+01  6.672472014886e-02
 5.385946502002e+04  1.538541200000e+01  6.700745584749e-02
 5.386637801112e+04  1.536927500000e+01  9.649732310352e-02
 5.386637880098e+04  1.534162100000e+01  9.584148518027e-02
 5.386637958551e+04  1.531026900000e+01  9.498106606160e-02
 5.386638048752e+04  1.530061300000e+01  9.444050592650e-02
 5.387943926929e+04  1.597569400000e+01  6.827454619878e-02
 5.387944517919e+04  1.602211800000e+01  6.888625297223e-02
 5.387945114234e+04  1.602502900000e+01  6.895835944752e-02
 5.387945713152e+04  1.602301800000e+01  6.901044203854e-02
 5.388636729610e+04  1.588374700000e+01  6.747253431697e-02
 5.388637649262e+04  1.589134800000e+01  6.759470628696e-02
 5.388638560593e+04  1.587251500000e+01  6.739439978662e-02
 5.388639470696e+04  1.589695100000e+01  6.767975853309e-02
 5.402809030240e+04  1.526999800000e+01  6.174546289200e-02
 5.402809789757e+04  1.528639600000e+01  6.192528314946e-02
 5.402810551994e+04  1.534225900000e+01  6.244468683707e-02
 5.402811314994e+04  1.536878300000e+01  6.275254369889e-02
 5.403509323830e+04  1.511850400000e+01  5.930594214736e-02
 5.403509803461e+04  1.513939100000e+01  5.946147059533e-02
 5.403510285139e+04  1.518808500000e+01  5.982229827193e-02
 5.403510763126e+04  1.520069400000e+01  5.995933699798e-02
 5.399515731903e+04  1.600185500000e+01  6.669144518236e-02
 5.399516693178e+04  1.599984400000e+01  6.676628215691e-02
 5.399517652392e+04  1.603077500000e+01  6.719028414536e-02
 5.399518612590e+04  1.597047400000e+01  6.656792243453e-02
 5.400612817188e+04  1.552207000000e+01  6.247908426572e-02
 5.400613463910e+04  1.554980700000e+01  6.285486777651e-02
 5.400614109601e+04  1.555990200000e+01  6.270972469509e-02
 5.400614754112e+04  1.559013300000e+01  6.303807277952e-02
 5.425841742491e+04  1.596715200000e+01  6.730423519686e-02
 5.425842345715e+04  1.596909500000e+01  6.739914204929e-02
 5.425842947898e+04  1.596844500000e+01  6.737073207792e-02
 5.425843548772e+04  1.601951400000e+01  6.804511881736e-02
 5.426933578850e+04  1.522093900000e+01  6.052203987081e-02
 5.426934225097e+04  1.524521300000e+01  6.070775638018e-02
 5.426934871749e+04  1.528890700000e+01  6.105640093163e-02
 5.426935517487e+04  1.532854600000e+01  6.135856487083e-02
 5.417648929012e+04  1.582973000000e+01  6.538563364649e-02
 5.417649471723e+04  1.567133600000e+01  6.377747711192e-02
 5.417650013972e+04  1.542891800000e+01  6.166172158927e-02
 5.417650557125e+04  1.528102400000e+01  6.059690325942e-02
 5.418648066066e+04  1.550755900000e+01  6.434192053781e-02
 5.418648453017e+04  1.550898200000e+01  6.427561875482e-02
 5.418648842678e+04  1.550080700000e+01  6.420437395125e-02
 5.418649232825e+04  1.554830900000e+01  6.468708433867e-02
 5.423040206512e+04  1.488653000000e+01  5.823454772358e-02
 5.423040966584e+04  1.491050300000e+01  5.837907505310e-02
 5.423041724503e+04  1.498166500000e+01  5.880411461898e-02
 5.423042484947e+04  1.502732500000e+01  5.912938746101e-02
 5.423638558514e+04  1.588240100000e+01  6.710278215787e-02
 5.423639098390e+04  1.591305800000e+01  6.750886308130e-02
 5.423639638972e+04  1.591937400000e+01  6.752049554175e-02
 5.423640177969e+04  1.595889100000e+01  6.801878505660e-02
 5.424241229383e+04  1.587062500000e+01  6.675527403439e-02
 5.424242036831e+04  1.589757700000e+01  6.704851433278e-02
 5.424242848584e+04  1.588441000000e+01  6.694620736570e-02
 5.424243654677e+04  1.590415100000e+01  6.722711357746e-02
 5.438110486466e+04  1.588368400000e+01  6.576520719114e-02
 5.438110914763e+04  1.586049600000e+01  6.557854535781e-02
 5.438111343130e+04  1.590189900000e+01  6.601669817073e-02
 5.438111769979e+04  1.590152900000e+01  6.606401738031e-02
 5.438910591419e+04  1.585203800000e+01  7.135355168721e-02
 5.438910980362e+04  1.589092200000e+01  7.190689423146e-02
 5.438911372593e+04  1.585482900000e+01  7.144886063822e-02
 5.438911760506e+04  1.590733700000e+01  7.230418443868e-02
 5.439409876256e+04  1.575994200000e+01  6.491624185741e-02
 5.439410304749e+04  1.575204400000e+01  6.489099168735e-02
 5.439410735836e+04  1.571042300000e+01  6.451450625033e-02
 5.439411164236e+04  1.580540400000e+01  6.549765830117e-02
 5.440406595888e+04  1.586274000000e+01  6.608768503875e-02
 5.440407026732e+04  1.589011400000e+01  6.643170274730e-02
 5.440407458477e+04  1.586622400000e+01  6.617081300843e-02
 5.440407889807e+04  1.589741800000e+01  6.659750205116e-02
 5.434818516422e+04  1.577383800000e+01  6.577807180282e-02
 5.434819351904e+04  1.578399100000e+01  6.606051494903e-02
 5.434820202953e+04  1.579516400000e+01  6.617013168051e-02
 5.434821051398e+04  1.582409300000e+01  6.652588637488e-02
 5.435816027208e+04  1.590107100000e+01  6.691635994641e-02
 5.435816512175e+04  1.589811500000e+01  6.696670857562e-02
 5.435817001725e+04  1.591117800000e+01  6.723472905847e-02
 5.435817486899e+04  1.589400700000e+01  6.709426825779e-02
 5.455940296874e+04  1.556003400000e+01  6.303895438865e-02
 5.455940800649e+04  1.560188900000e+01  6.344358718901e-02
 5.455941304782e+04  1.562040900000e+01  6.359364400654e-02
 5.455941809854e+04  1.561770100000e+01  6.356998776763e-02
 5.456533924719e+04  1.488267300000e+01  5.853940788375e-02
 5.456534583328e+04  1.485663300000e+01  5.832446489614e-02
 5.456535232828e+04  1.490525900000e+01  5.862317795615e-02
 5.456535889307e+04  1.491762100000e+01  5.861808207986e-02
 5.456748126218e+04  1.586210900000e+01  6.582905038969e-02
 5.456748631891e+04  1.587892200000e+01  6.601514391705e-02
 5.456749140921e+04  1.585208700000e+01  6.572839061398e-02
 5.456749646387e+04  1.585243400000e+01  6.577013607141e-02
 5.457340131258e+04  1.541693100000e+01  6.166067526882e-02
 5.457341054360e+04  1.542147200000e+01  6.172086739095e-02
 5.457341980841e+04  1.546587700000e+01  6.171867700540e-02
 5.457342910402e+04  1.551976600000e+01  6.263096409350e-02
 5.458445532509e+04  1.589514300000e+01  6.629586400126e-02
 5.458446028703e+04  1.593311700000e+01  6.665994101251e-02
 5.458446519375e+04  1.594480000000e+01  6.683558255372e-02
 5.458447010951e+04  1.593623800000e+01  6.673715585347e-02
 5.450853052983e+04  1.589819900000e+01  7.154985842529e-02
 5.450853360116e+04  1.587853500000e+01  7.125296537555e-02
 5.450853664760e+04  1.591575500000e+01  7.182024010807e-02
 5.450853969394e+04  1.589035700000e+01  7.143174835429e-02
 5.448352601325e+04  1.564609400000e+01  6.881692118476e-02
 5.448353120668e+04  1.567643400000e+01  6.920311442388e-02
 5.448353651655e+04  1.567510500000e+01  6.905821880105e-02
 5.448354188059e+04  1.565265300000e+01  6.875561741017e-02
 5.462831719466e+04  1.577176400000e+01  6.497681179621e-02
 5.462832346685e+04  1.573887200000e+01  6.460840230015e-02
 5.462832940117e+04  1.579341000000e+01  6.512896138267e-02
 5.462833520470e+04  1.583835800000e+01  6.567391912637e-02
 5.464041840153e+04  1.548009400000e+01  6.332317809727e-02
 5.464042492234e+04  1.551328400000e+01  6.367519186483e-02
 5.464043146630e+04  1.551869700000e+01  6.382135433563e-02
 5.464043798086e+04  1.555683700000e+01  6.426691013539e-02
 5.452649643450e+04  1.502355500000e+01  6.192198233172e-02
 5.452650026652e+04  1.506301800000e+01  6.225046622973e-02
 5.452650412053e+04  1.508107500000e+01  6.238734632002e-02
 5.452650797373e+04  1.510904100000e+01  6.264151179637e-02
 5.453651604293e+04  1.577756300000e+01  6.471802110770e-02
 5.453652052127e+04  1.578836700000e+01  6.483810583249e-02
 5.453652508377e+04  1.579819600000e+01  6.492575152250e-02
 5.453652963978e+04  1.582094600000e+01  6.513201770852e-02
 5.454849995700e+04  1.495705100000e+01  6.007347119066e-02
 5.454850484289e+04  1.498889300000e+01  6.030184718160e-02
 5.454850974223e+04  1.502751700000e+01  6.057420712891e-02
 5.454851462116e+04  1.506302500000e+01  6.083943263797e-02
 5.459631219189e+04  1.517962900000e+01  6.049846854608e-02
 5.459631993347e+04  1.519880600000e+01  6.057708192811e-02
 5.459632768375e+04  1.526027400000e+01  6.098565424597e-02
 5.459633543760e+04  1.529443400000e+01  6.124932536195e-02
 5.474709162615e+04  1.522899900000e+01  6.332610138024e-02
 5.474709655336e+04  1.505992600000e+01  6.191485558231e-02
 5.474710155858e+04  1.494425000000e+01  6.100607742839e-02
 5.474710638417e+04  1.486089000000e+01  6.038315473958e-02
 5.493846008700e+04  1.580864200000e+01  6.520702456535e-02
 5.493846559862e+04  1.584407700000e+01  6.562701049167e-02
 5.493847101013e+04  1.583750600000e+01  6.559426728012e-02
 5.493847644490e+04  1.582864000000e+01  6.549319645980e-02
 5.506318722649e+04  1.592865900000e+01  7.283902063585e-02
 5.506319259020e+04  1.589146700000e+01  7.230021107619e-02
 5.506319783282e+04  1.590851100000e+01  7.278057073429e-02
 5.506320321552e+04  1.589958800000e+01  7.276321934017e-02
 5.502336924873e+04  1.580198800000e+01  6.844296954251e-02
 5.503420761931e+04  1.595111800000e+01  7.576433327330e-02
 5.503421151617e+04  1.598798100000e+01  7.644678955704e-02
 5.503421542816e+04  1.597543800000e+01  7.593840817580e-02
 5.503421926016e+04  1.591639900000e+01  7.533978269128e-02
 5.504323068502e+04  1.519622900000e+01  6.393983498271e-02
 5.504323669400e+04  1.520575200000e+01  6.405168080223e-02
 5.504324252721e+04  1.525283800000e+01  6.447770658374e-02
 5.504324841500e+04  1.529873500000e+01  6.503480272104e-02
 5.498431116947e+04  1.565968900000e+01  7.163610554197e-02
 5.499636256311e+04  1.506645400000e+01  5.917554669086e-02
 5.499636795153e+04  1.508885900000e+01  5.933150972699e-02
 5.499637624369e+04  1.512855200000e+01  5.961126599060e-02
 5.499638707573e+04  1.518192300000e+01  6.001647010420e-02
 5.500929061581e+04  1.586185200000e+01  6.642997584244e-02
 5.500929549032e+04  1.584061500000e+01  6.627901628035e-02
 5.500930030039e+04  1.584369200000e+01  6.627955431537e-02
 5.500930513943e+04  1.586077700000e+01  6.720413966776e-02
 5.489350395963e+04  1.582152700000e+01  6.500233143210e-02
 5.489350939925e+04  1.585714800000e+01  6.532257776701e-02
 5.489351481237e+04  1.586386600000e+01  6.596242048605e-02
 5.489352020882e+04  1.584536200000e+01  6.518365384072e-02
 5.492045374894e+04  1.495464500000e+01  5.838734127302e-02
 5.492046150546e+04  1.500411200000e+01  5.867729983786e-02
 5.492046947984e+04  1.505456700000e+01  5.897488356054e-02
 5.492047750164e+04  1.512121300000e+01  5.939807794509e-02
 5.495237015838e+04  1.531979000000e+01  6.112141147407e-02
 5.495237933951e+04  1.537659200000e+01  6.158058417569e-02
 5.495238862494e+04  1.542517900000e+01  6.158759144689e-02
 5.495239779971e+04  1.544756600000e+01  6.208548048823e-02
 5.512310882677e+04  1.589212100000e+01  6.748519779136e-02
 5.512311120340e+04  1.582544800000e+01  6.671246897941e-02
 5.512311365352e+04  1.581526700000e+01  6.921401988557e-02
 5.512312004922e+04  1.587168200000e+01  6.738429776289e-02
 5.512608400634e+04  1.500277000000e+01  6.231760140610e-02
 5.512609143646e+04  1.485331400000e+01  6.119116452937e-02
 5.512609882354e+04  1.488214600000e+01  6.142530830925e-02
 5.512610610405e+04  1.494918400000e+01  6.204061549635e-02
 5.509015152775e+04  1.548696800000e+01  6.338315055557e-02
 5.509015870755e+04  1.554286900000e+01  6.333336637714e-02
 5.509016539352e+04  1.556223200000e+01  6.353823744075e-02
 5.509017246705e+04  1.580428700000e+01  7.473237113387e-02
 5.510111342808e+04  1.588746400000e+01  6.674075909448e-02
 5.510111771161e+04  1.586831900000e+01  6.657744866726e-02
 5.510112200973e+04  1.585756400000e+01  6.647785032718e-02
 5.510112631831e+04  1.589603000000e+01  6.696729930922e-02
 5.538430922683e+04  1.541264200000e+01  6.706536118782e-02
 5.534940893090e+04  1.592718300000e+01  6.696493418158e-02
 5.534941525448e+04  1.590763900000e+01  6.681188574478e-02
 5.534942164532e+04  1.583933900000e+01  6.605336705892e-02
 5.534942806846e+04  1.592874800000e+01  6.710588007686e-02
 5.535634286179e+04  1.581613600000e+01  6.547839072096e-02
 5.535635032955e+04  1.585183300000e+01  6.588055232971e-02
 5.535635782080e+04  1.586302000000e+01  6.598758906974e-02
 5.535636534966e+04  1.584582300000e+01  6.578401246276e-02
 5.536335849163e+04  1.584360600000e+01  6.604882832924e-02
 5.536336361584e+04  1.583870400000e+01  6.600227638939e-02
 5.536336877226e+04  1.587179300000e+01  6.636886628062e-02
 5.536337399832e+04  1.586741300000e+01  6.634703471011e-02
 5.528046530698e+04  1.585697100000e+01  6.616438365502e-02
 5.528047220225e+04  1.587455900000e+01  6.621781049065e-02
 5.528047909229e+04  1.589158400000e+01  6.640388992484e-02
 5.528048602529e+04  1.588851500000e+01  6.637914504424e-02
 5.532244870880e+04  1.529297700000e+01  6.095145669411e-02
 5.532245505552e+04  1.534295500000e+01  6.116446302126e-02
 5.532246147587e+04  1.536270800000e+01  6.255870507198e-02
 5.532246834740e+04  1.541943500000e+01  6.170915961965e-02
 5.533242140046e+04  1.577256900000e+01  6.504038069724e-02
 5.533242896464e+04  1.578929100000e+01  6.528361718890e-02
 5.533243651200e+04  1.581556900000e+01  6.554817851080e-02
 5.533244395846e+04  1.584958600000e+01  6.587322357317e-02
 5.533933351329e+04  1.540401300000e+01  6.150216865881e-02
 5.533933807836e+04  1.542141800000e+01  6.175717814365e-02
 5.533934269387e+04  1.539712900000e+01  6.156408265834e-02
 5.533934730534e+04  1.544059200000e+01  6.190845808867e-02
 5.547909898249e+04  1.590194800000e+01  6.685236607873e-02
 5.547910815106e+04  1.587980200000e+01  6.660947986430e-02
 5.547911274829e+04  1.589994400000e+01  6.691040525610e-02
 5.548809420679e+04  1.590604900000e+01  7.352654919481e-02
 5.548810236194e+04  1.589156600000e+01  7.341876641757e-02
 5.548810642087e+04  1.585606500000e+01  7.296054859692e-02
 5.545012362703e+04  1.591606000000e+01  6.599046529193e-02
 5.545013385712e+04  1.590694400000e+01  6.598773666925e-02
 5.545013900123e+04  1.592384000000e+01  6.618323398798e-02
 5.567740494527e+04  1.602996100000e+01  6.912650817199e-02
 5.567741010399e+04  1.603088700000e+01  6.915639526644e-02
 5.567741535287e+04  1.601005300000e+01  6.887199375623e-02
 5.567742051299e+04  1.598012500000e+01  6.851390630211e-02
 5.558851599544e+04  1.518496700000e+01  6.235318479440e-02
 5.558852063015e+04  1.523751400000e+01  6.274654554962e-02
 5.558852539869e+04  1.522567800000e+01  6.261987549199e-02
 5.558853012486e+04  1.529081400000e+01  6.317399140236e-02
 5.571332396149e+04  1.591018300000e+01  7.343712557656e-02
 5.571332910955e+04  1.585301700000e+01  7.421937628764e-02
 5.571333595667e+04  1.586259800000e+01  6.858714206800e-02
 5.571334116444e+04  1.589094100000e+01  6.869149983099e-02
 5.563053388903e+04  1.592116500000e+01  8.905953925876e-02
 5.563053488363e+04  1.600513800000e+01  9.141567216411e-02
 5.563053591447e+04  1.594612500000e+01  8.981830476074e-02
 5.563053698582e+04  1.601740100000e+01  9.120154763283e-02
 5.568940139480e+04  1.581612700000e+01  6.631437283799e-02
 5.568940829389e+04  1.583530800000e+01  6.652588637488e-02
 5.568941523579e+04  1.584013000000e+01  6.658995514672e-02
 5.568942221692e+04  1.586942600000e+01  6.700907036489e-02
 5.502337790613e+04  1.576750200000e+01  7.087689569419e-02
 5.563053388903e+04  1.591383000000e+01  8.970997529369e-02
 5.563053488363e+04  1.594361700000e+01  9.074890284779e-02
 5.563053591447e+04  1.600695900000e+01  9.255199241604e-02
 5.563053698582e+04  1.593529400000e+01  9.016148026912e-02
 5.502338185934e+04  1.586606900000e+01  6.791260399144e-02
 5.502338733175e+04  1.603098500000e+01  7.098952423442e-02
 5.502339279314e+04  1.583459300000e+01  6.718836977450e-02
 5.502339830748e+04  1.585119600000e+01  6.745303803088e-02
 5.582514093653e+04  1.544450700000e+01  5.949455021567e-02
 5.582514894414e+04  1.547691300000e+01  5.977773972258e-02
 5.582515705765e+04  1.553393800000e+01  6.018791459653e-02
 5.582516518606e+04  1.553728600000e+01  6.024891629250e-02
 5.586507281536e+04  1.574837100000e+01  6.109856918463e-02
 5.586507944245e+04  1.575927000000e+01  6.124223435946e-02
 5.586508619222e+04  1.582233400000e+01  6.179111374958e-02
 5.586509294290e+04  1.583142000000e+01  6.195138516014e-02
 5.585609014184e+04  1.555569100000e+01  6.419705761893e-02
 5.585609674274e+04  1.556208000000e+01  6.407088770341e-02
 5.585610294154e+04  1.562760900000e+01  6.486433851474e-02
 5.585611128030e+04  1.562807500000e+01  6.510424386473e-02
 5.600742459935e+04  1.565758800000e+01  6.141944876968e-02
 5.600743477374e+04  1.568457200000e+01  6.160602488119e-02
 5.600744500620e+04  1.569502700000e+01  6.167118961054e-02
 5.600745537932e+04  1.575302900000e+01  6.207434611881e-02
 5.604143129685e+04  1.560291400000e+01  6.383200190662e-02
 5.604143644363e+04  1.537917400000e+01  6.183358218392e-02
 5.604144174362e+04  1.523835400000e+01  6.075255755390e-02
 5.604144684747e+04  1.504686600000e+01  5.934855212473e-02
 5.604727656433e+04  1.575642600000e+01  6.602077122917e-02
 5.604728222338e+04  1.574714400000e+01  6.593909814587e-02
 5.604728796510e+04  1.573664300000e+01  6.577085065354e-02
 5.604729374456e+04  1.579892200000e+01  6.641993768256e-02
 5.606040676341e+04  1.577048500000e+01  6.472156325088e-02
 5.606041469587e+04  1.577349100000e+01  6.469419611131e-02
 5.606042268679e+04  1.579162300000e+01  6.485055487847e-02
 5.606043061560e+04  1.585130700000e+01  6.541887670611e-02
 5.607437206008e+04  1.548678300000e+01  6.205397300544e-02
 5.607437714461e+04  1.551694200000e+01  6.229109531168e-02
 5.607438225205e+04  1.552748200000e+01  6.239781377557e-02
 5.607438730576e+04  1.554522600000e+01  6.257386033532e-02
 5.608640597611e+04  1.547174100000e+01  6.214102589284e-02
 5.608641116887e+04  1.528485200000e+01  6.068280773796e-02
 5.608641621866e+04  1.511402100000e+01  5.950330156636e-02
 5.608642136348e+04  1.493857700000e+01  5.835768859970e-02
 5.609332880976e+04  1.587813200000e+01  6.684879032992e-02
 5.609333555338e+04  1.587657900000e+01  6.693509572485e-02
 5.609334233566e+04  1.588070100000e+01  6.718114853547e-02
 5.609334909380e+04  1.583876600000e+01  6.682886367787e-02
 5.618719547535e+04  1.509730500000e+01  5.793114330033e-02
 5.618720018696e+04  1.512452600000e+01  5.810377557897e-02
 5.618720501903e+04  1.519510600000e+01  5.854985972901e-02
 5.618720975979e+04  1.519444700000e+01  5.857361068449e-02
 5.619609769087e+04  1.510395200000e+01  6.013610739555e-02
 5.619610452354e+04  1.514785400000e+01  6.049275812306e-02
 5.619611137191e+04  1.521383100000e+01  6.118767524454e-02
 5.619611824310e+04  1.522346400000e+01  6.122834851517e-02
