# time mag mag_err
 5.352619303729e+04  1.573429600000e+01  6.552504313462e-02
 5.352620123098e+04  1.573525400000e+01  6.551897826913e-02
 5.352620944308e+04  1.573234200000e+01  6.550989244695e-02
 5.352621764014e+04  1.577642500000e+01  6.602558789901e-02
 5.353415834368e+04  1.556163000000e+01  6.366218576488e-02
 5.353416653031e+04  1.556960300000e+01  6.374843481421e-02
 5.353417472898e+04  1.558589500000e+01  6.393492664713e-02
 5.353418290995e+04  1.560379500000e+01  6.413237287071e-02
 5.383419614211e+04  1.590860800000e+01  7.116542873713e-02
 5.383420383878e+04  1.595057800000e+01  7.174531152091e-02
 5.383421153211e+04  1.590204400000e+01  7.102437823845e-02
 5.383421927566e+04  1.584841100000e+01  7.028792578061e-02
 5.385431379731e+04  1.565773900000e+01  6.580049971697e-02
 5.385432081479e+04  1.568438200000e+01  6.609411934981e-02
 5.385432783377e+04  1.570695600000e+01  6.629532473145e-02
 5.385433485877e+04  1.571713200000e+01  6.644592468639e-02
 5.385523338645e+04  1.597745300000e+01  6.895770440147e-02
 5.385524196859e+04  1.594913400000e+01  6.861260922619e-02
 5.385524972973e+04  1.595279500000e+01  6.867336333103e-02
 5.385525738208e+04  1.590513100000e+01  6.811473116818e-02
 5.374636518312e+04  1.596331300000e+01  7.074252994443e-02
 5.374637160521e+04  1.595542200000e+01  7.054239589463e-02
 5.374637802936e+04  1.599581100000e+01  7.100596541297e-02
 5.374638443744e+04  1.592262300000e+01  6.992093638863e-02
 5.375751428247e+04  1.598800000000e+01  6.830376209391e-02
 5.375752099785e+04  1.598992000000e+01  6.830667889464e-02
 5.375752763000e+04  1.596125100000e+01  6.806304978227e-02
 5.375753431216e+04  1.600557500000e+01  6.850946641723e-02
 5.390229277466e+04  1.561055500000e+01  1.117894210732e-01
 5.390229378016e+04  1.564202500000e+01  1.126202803799e-01
 5.390229478576e+04  1.571427600000e+01  1.155603084611e-01
 5.390229577933e+04  1.566976200000e+01  1.138644352914e-01
 5.379634593853e+04  1.555533500000e+01  6.368584480607e-02
 5.379635450667e+04  1.557312500000e+01  6.358539229029e-02
 5.379636321242e+04  1.557327100000e+01  6.384963066881e-02
 5.379637206286e+04  1.558038800000e+01  6.394431584889e-02
 5.380334070154e+04  1.574241000000e+01  7.091159087889e-02
 5.380334759066e+04  1.573166000000e+01  7.076539082054e-02
 5.380335461948e+04  1.576575800000e+01  7.125993131546e-02
 5.380336181081e+04  1.580390100000e+01  7.180484409694e-02
 5.386123304486e+04  1.574144100000e+01  6.618664612414e-02
 5.386124123936e+04  1.575880200000e+01  6.636209966119e-02
 5.386124912645e+04  1.577316200000e+01  6.655665195420e-02
 5.386125688273e+04  1.574920500000e+01  6.631761698603e-02
 5.386631640367e+04  1.580694800000e+01  1.152157552540e-01
 5.386631723194e+04  1.562669800000e+01  1.079070766171e-01
 5.386631800271e+04  1.568150700000e+01  1.099888666304e-01
 5.386631872867e+04  1.586447900000e+01  1.177297304959e-01
 5.388318619485e+04  1.592810700000e+01  6.901110129937e-02
 5.388319276080e+04  1.593948900000e+01  6.907059344762e-02
 5.388319930372e+04  1.593257600000e+01  6.903143456427e-02
 5.388320584362e+04  1.593233700000e+01  6.896305067771e-02
 5.420935311454e+04  1.572071100000e+01  6.509059481984e-02
 5.420936019892e+04  1.572855900000e+01  6.518857069302e-02
 5.420936722404e+04  1.574689600000e+01  6.544008688733e-02
 5.420937426860e+04  1.573450700000e+01  6.528062438029e-02
 5.445255212177e+04  1.592665600000e+01  7.207424580251e-02
 5.445255381398e+04  1.591265300000e+01  7.180454217689e-02
 5.445255555042e+04  1.595958500000e+01  7.243107986958e-02
 5.445255727434e+04  1.596362400000e+01  7.240325362204e-02
 5.415633617678e+04  1.563973800000e+01  6.367731045206e-02
 5.415634699583e+04  1.562417100000e+01  6.352008317541e-02
 5.415635786513e+04  1.565459300000e+01  6.380702794004e-02
 5.415636905480e+04  1.567881900000e+01  6.402755062646e-02
 5.427126594710e+04  1.589870700000e+01  6.099264232647e-02
 5.427127222637e+04  1.591746100000e+01  6.120537751397e-02
 5.427127933848e+04  1.593179000000e+01  6.139645530602e-02
 5.427128658330e+04  1.591342700000e+01  6.131754314480e-02
 5.416849506179e+04  1.590838700000e+01  6.672218607380e-02
 5.416850268972e+04  1.587279000000e+01  6.634486233750e-02
 5.416851026858e+04  1.590190500000e+01  6.671116292412e-02
 5.416851787774e+04  1.584531400000e+01  6.610933123982e-02
 5.417621326285e+04  1.553922900000e+01  6.314736552762e-02
 5.417622080535e+04  1.552750100000e+01  6.299969904821e-02
 5.417622834253e+04  1.556549500000e+01  6.333956698247e-02
 5.417623589626e+04  1.557216900000e+01  6.335433618904e-02
 5.423230326359e+04  1.562468100000e+01  6.464415200075e-02
 5.423230988186e+04  1.564039600000e+01  6.478867037548e-02
 5.423231637617e+04  1.567286000000e+01  6.521347306846e-02
 5.423232290566e+04  1.566035800000e+01  6.509259815269e-02
 5.424520063156e+04  1.598877000000e+01  6.842528124407e-02
 5.424521012127e+04  1.603348800000e+01  6.903803992606e-02
 5.424521957231e+04  1.600340000000e+01  6.828668167324e-02
 5.424522881340e+04  1.596507700000e+01  6.828016062499e-02
 5.455920911766e+04  1.566662200000e+01  6.445797939660e-02
 5.455921458854e+04  1.567344900000e+01  6.445868243754e-02
 5.455922010096e+04  1.562803800000e+01  6.398641776537e-02
 5.455922554418e+04  1.562111500000e+01  6.393557433565e-02
 5.456817573363e+04  1.584130600000e+01  6.595001621978e-02
 5.456818331341e+04  1.582803800000e+01  6.581220787312e-02
 5.456819089203e+04  1.583490400000e+01  6.583164567368e-02
 5.456819848616e+04  1.583125700000e+01  6.577871594287e-02
 5.458426291263e+04  1.568375700000e+01  6.441719214919e-02
 5.458426861199e+04  1.569372600000e+01  6.451799692215e-02
 5.458427430313e+04  1.569312300000e+01  6.451214093474e-02
 5.458428002494e+04  1.571146700000e+01  6.469279807117e-02
 5.480745376634e+04  1.591797900000e+01  6.678158883877e-02
 5.480745928132e+04  1.593028300000e+01  6.694789250714e-02
 5.480746476215e+04  1.588154700000e+01  6.627786380627e-02
 5.480747014263e+04  1.586810700000e+01  6.619431091720e-02
 5.450830799028e+04  1.570680900000e+01  6.448676900758e-02
 5.450831294932e+04  1.574139600000e+01  6.480108676279e-02
 5.450831790733e+04  1.574907100000e+01  6.489331119671e-02
 5.450832286625e+04  1.573948900000e+01  6.479923202855e-02
 5.451526735838e+04  1.580701200000e+01  7.321097549294e-02
 5.451527111863e+04  1.583858300000e+01  7.090051285344e-02
 5.451527491975e+04  1.581705900000e+01  6.950232157148e-02
 5.451527870465e+04  1.583126900000e+01  7.080885283720e-02
 5.462818863110e+04  1.595691800000e+01  6.754655118180e-02
 5.462819376747e+04  1.592859200000e+01  6.724910574631e-02
 5.462819887848e+04  1.598623700000e+01  6.789912238435e-02
 5.462820403024e+04  1.593233000000e+01  6.729840404995e-02
 5.453625870686e+04  1.563242100000e+01  6.378331253042e-02
 5.453626356312e+04  1.562633400000e+01  6.374069931533e-02
 5.453626845666e+04  1.561425900000e+01  6.356359391682e-02
 5.453627332623e+04  1.564250600000e+01  6.380011479339e-02
 5.454945267730e+04  1.574018400000e+01  6.776895616209e-02
 5.454945962244e+04  1.585124800000e+01  6.921728343455e-02
 5.454946680220e+04  1.580821500000e+01  6.870904163078e-02
 5.454947374744e+04  1.575389400000e+01  6.802519000551e-02
 5.459435015845e+04  1.585397700000e+01  6.632364531988e-02
 5.459435671514e+04  1.586499700000e+01  6.749969619412e-02
 5.459436327773e+04  1.585424000000e+01  6.641531506911e-02
 5.459436983211e+04  1.582292000000e+01  6.610415739641e-02
 5.478951925834e+04  1.599493600000e+01  7.395449017046e-02
 5.478952474576e+04  1.597193700000e+01  7.352025110231e-02
 5.478953020310e+04  1.604352500000e+01  7.461689727757e-02
 5.478953549560e+04  1.600964400000e+01  7.404310493044e-02
 5.494619916620e+04  1.582216700000e+01  6.604206382927e-02
 5.494620469183e+04  1.585473500000e+01  6.623535315506e-02
 5.494621003980e+04  1.586032300000e+01  6.643837819294e-02
 5.494621552664e+04  1.581991800000e+01  6.578680493970e-02
 5.518251723336e+04  1.600122500000e+01  7.365224948383e-02
 5.518252206105e+04  1.597669200000e+01  7.323402469824e-02
 5.518252686697e+04  1.595811700000e+01  7.292269598064e-02
 5.518253160600e+04  1.600047300000e+01  7.359228398140e-02
 5.487650566973e+04  1.586060300000e+01  6.848658817566e-02
 5.487651058259e+04  1.593320300000e+01  6.939713829565e-02
 5.487651556316e+04  1.590291800000e+01  6.904707495779e-02
 5.487652057152e+04  1.594310300000e+01  6.957270902975e-02
 5.486129597186e+04  1.546939100000e+01  6.234271929997e-02
 5.486130897297e+04  1.549119100000e+01  6.240436148321e-02
 5.486132194052e+04  1.551305000000e+01  6.251695320136e-02
 5.486133499267e+04  1.557381500000e+01  6.299628995897e-02
 5.489135065499e+04  1.573050400000e+01  6.439167421851e-02
 5.489135855862e+04  1.574938700000e+01  6.446554631734e-02
 5.489136652510e+04  1.577455500000e+01  6.473103757107e-02
 5.489137469218e+04  1.576607100000e+01  6.468028265280e-02
 5.490643073701e+04  1.594716000000e+01  6.675133513157e-02
 5.490643633209e+04  1.592194500000e+01  6.650404798752e-02
 5.490644201015e+04  1.593105100000e+01  6.661801386962e-02
 5.490644756297e+04  1.594123000000e+01  6.678678057738e-02
 5.491442025762e+04  1.579107800000e+01  6.518771766580e-02
 5.491443196330e+04  1.576433200000e+01  6.495797342163e-02
 5.491444358902e+04  1.583546300000e+01  6.578766465937e-02
 5.491445505719e+04  1.583190000000e+01  6.572562099285e-02
 5.496924957096e+04  1.580296800000e+01  6.639341926332e-02
 5.496925629503e+04  1.579482700000e+01  6.627210423633e-02
 5.496926301843e+04  1.580550600000e+01  6.645986008192e-02
 5.496926974815e+04  1.579336700000e+01  6.625309257758e-02
 5.529718221235e+04  1.575482000000e+01  6.543749960127e-02
 5.529718909236e+04  1.573436300000e+01  6.522335452175e-02
 5.529719602106e+04  1.571037800000e+01  6.495784724707e-02
 5.529720290089e+04  1.571143800000e+01  6.492461790447e-02
 5.535918388920e+04  1.586876400000e+01  6.786813565817e-02
 5.535918954015e+04  1.589494700000e+01  6.801490558968e-02
 5.535919525779e+04  1.590799800000e+01  6.794338399954e-02
 5.535920092707e+04  1.593143800000e+01  6.837610587188e-02
 5.537125072131e+04  1.597845800000e+01  6.921323221099e-02
 5.537125367147e+04  1.596785800000e+01  6.900824702714e-02
 5.537125665274e+04  1.596520800000e+01  6.910927169270e-02
 5.537125962662e+04  1.599033900000e+01  6.944603734310e-02
 5.526931426103e+04  1.567458400000e+01  6.442955313320e-02
 5.526931938976e+04  1.568990700000e+01  6.461656960287e-02
 5.526932453877e+04  1.565095800000e+01  6.418744706111e-02
 5.526932974991e+04  1.567502700000e+01  6.445499062320e-02
 5.527241426506e+04  1.566078100000e+01  6.398163558489e-02
 5.527241935183e+04  1.566680600000e+01  6.405822331786e-02
 5.527242444572e+04  1.565752200000e+01  6.408402029673e-02
 5.527242957825e+04  1.566987800000e+01  6.407298300231e-02
 5.527529342826e+04  1.595582800000e+01  6.748058257920e-02
 5.527529917716e+04  1.601736600000e+01  6.816527169091e-02
 5.527530506382e+04  1.600641700000e+01  6.801189975725e-02
 5.527531090463e+04  1.598621600000e+01  6.772745142378e-02
 5.527634714479e+04  1.584549200000e+01  6.626903437276e-02
 5.527635592968e+04  1.581824600000e+01  6.599068642279e-02
 5.527636471737e+04  1.582782400000e+01  6.610723121863e-02
 5.527637343287e+04  1.585947300000e+01  6.642581780226e-02
 5.532531889362e+04  1.555090400000e+01  6.345961500963e-02
 5.532532580745e+04  1.559851600000e+01  6.420628908585e-02
 5.532533273674e+04  1.561864700000e+01  6.415054647866e-02
 5.532533971431e+04  1.561328300000e+01  6.410144391546e-02
 5.533116179711e+04  1.586239200000e+01  6.666756111293e-02
 5.533116519844e+04  1.585659800000e+01  6.637330311128e-02
 5.533116863335e+04  1.590768100000e+01  6.743413083616e-02
 5.533117211940e+04  1.592147100000e+01  6.858443354152e-02
 5.533824612394e+04  1.589683200000e+01  6.679915708293e-02
 5.533825406301e+04  1.597665600000e+01  6.775000278668e-02
 5.533826207256e+04  1.594387600000e+01  6.746413397345e-02
 5.533827010073e+04  1.583718700000e+01  6.618960493680e-02
 5.567818552050e+04  1.592949900000e+01  6.443498225790e-02
 5.567819167836e+04  1.594095600000e+01  6.456611020124e-02
 5.567819784036e+04  1.588694800000e+01  6.404514518885e-02
 5.567820403235e+04  1.592781900000e+01  6.448264823088e-02
 5.562826675912e+04  1.593914100000e+01  6.977120756134e-02
 5.562827427745e+04  1.590321100000e+01  6.846890663474e-02
 5.562828180319e+04  1.592386900000e+01  6.856674369378e-02
 5.562828939385e+04  1.593715100000e+01  6.902395402158e-02
 5.565038520587e+04  1.549440200000e+01  6.358284762986e-02
 5.565039096521e+04  1.552398200000e+01  6.385835651289e-02
 5.565039660499e+04  1.554807400000e+01  6.410997907419e-02
 5.565040227772e+04  1.555178300000e+01  6.431360868249e-02
 5.568522038007e+04  1.552564100000e+01  7.078304783608e-02
 5.568522612907e+04  1.552495300000e+01  6.621034911100e-02
 5.568523158087e+04  1.553191400000e+01  6.649984688626e-02
 5.568523680126e+04  1.549324200000e+01  6.932409291666e-02
 5.588250835699e+04  1.595619100000e+01  6.781739465128e-02
 5.588251177375e+04  1.595407500000e+01  6.776088165893e-02
 5.588251527358e+04  1.598766800000e+01  6.815687505590e-02
 5.588251873625e+04  1.599535000000e+01  6.824813495441e-02
 5.593037024605e+04  1.593982700000e+01  6.791423124430e-02
 5.593037826486e+04  1.594029100000e+01  6.779917047166e-02
 5.593038635971e+04  1.595941900000e+01  6.798818901910e-02
 5.593039446949e+04  1.595437700000e+01  6.783755625569e-02
 5.597949695264e+04  1.588651800000e+01  6.673298055865e-02
 5.597950315887e+04  1.587436200000e+01  6.665524358496e-02
 5.597950935756e+04  1.587704200000e+01  6.669014289068e-02
 5.597951561796e+04  1.589473400000e+01  6.690278012393e-02
 5.598431817450e+04  1.566309000000e+01  6.453529930924e-02
 5.598432472774e+04  1.571464600000e+01  6.503832800474e-02
 5.598433129797e+04  1.570106700000e+01  6.488347302393e-02
 5.598433791073e+04  1.574163000000e+01  6.528188680876e-02
 5.600321026255e+04  1.588831900000e+01  6.719890828523e-02
 5.600321878890e+04  1.587749000000e+01  6.704373189173e-02
 5.600322741332e+04  1.589342000000e+01  6.718645504214e-02
 5.600323601748e+04  1.587370200000e+01  6.689256918429e-02
 5.601820717162e+04  1.589058600000e+01  6.714099760369e-02
 5.601821628632e+04  1.593665500000e+01  6.764815814193e-02
 5.601822543597e+04  1.589057500000e+01  6.708087300557e-02
 5.601823460602e+04  1.592923600000e+01  6.750868128421e-02
 5.603719198078e+04  1.562814900000e+01  6.502820663777e-02
 5.603719881480e+04  1.564859200000e+01  6.504179127516e-02
 5.603720558389e+04  1.566740600000e+01  6.520137151322e-02
 5.603721239887e+04  1.567855300000e+01  6.553566765693e-02
 5.606632005527e+04  1.585891200000e+01  6.607229538516e-02
 5.606632626809e+04  1.582244400000e+01  6.571646851006e-02
 5.606633249792e+04  1.581504600000e+01  6.565632608875e-02
 5.606633866005e+04  1.576404100000e+01  6.514086701565e-02
