# time mag mag_err
 5.348123913686e+04  1.558243500000e+01  6.477676974545e-02
 5.348124727499e+04  1.551506900000e+01  6.447676602571e-02
 5.348125538951e+04  1.551042200000e+01  6.454105824819e-02
 5.348126356794e+04  1.554603500000e+01  6.503775201264e-02
 5.370939876106e+04  1.563847500000e+01  6.515038016345e-02
 5.370940530294e+04  1.563110200000e+01  6.506447450973e-02
 5.370941185940e+04  1.565172400000e+01  6.526886484294e-02
 5.370941841852e+04  1.565989100000e+01  6.532706295707e-02
 5.349516889763e+04  1.566784900000e+01  6.765435610704e-02
 5.349517536774e+04  1.560301100000e+01  6.788652191478e-02
 5.349518183010e+04  1.547023900000e+01  6.798673967516e-02
 5.349518829164e+04  1.535517300000e+01  6.729796245417e-02
 5.367544676442e+04  1.526088400000e+01  6.195562046081e-02
 5.367545395216e+04  1.528252500000e+01  6.213344428353e-02
 5.367546099047e+04  1.527310100000e+01  6.202160591061e-02
 5.367546800899e+04  1.531187100000e+01  6.234468727237e-02
 5.368547258895e+04  1.540754900000e+01  6.443124602922e-02
 5.368547789315e+04  1.542660800000e+01  6.356755173019e-02
 5.368548316829e+04  1.550650500000e+01  7.011261497887e-02
 5.368548844529e+04  1.544473900000e+01  6.372744696846e-02
 5.370247501784e+04  1.560519800000e+01  6.504307433641e-02
 5.370248378992e+04  1.560482200000e+01  6.506273606320e-02
 5.370249258491e+04  1.562121200000e+01  6.522816801837e-02
 5.370250144472e+04  1.560366300000e+01  6.506544009174e-02
 5.408240202372e+04  1.550690800000e+01  6.352340713715e-02
 5.408240744829e+04  1.553596800000e+01  6.381447759529e-02
 5.408241288443e+04  1.553719600000e+01  6.378599543468e-02
 5.408241831839e+04  1.551755100000e+01  6.358732635702e-02
 5.409424274669e+04  1.558350200000e+01  6.605746148062e-02
 5.409425422052e+04  1.551950700000e+01  6.355903091035e-02
 5.409426389531e+04  1.550136700000e+01  6.333200088849e-02
 5.409427354417e+04  1.550003100000e+01  6.323662810039e-02
 5.379213706926e+04  1.550523600000e+01  6.694427009336e-02
 5.379214194855e+04  1.556889400000e+01  6.906672444548e-02
 5.379214684255e+04  1.545947700000e+01  6.906318844137e-02
 5.379215171686e+04  1.552958700000e+01  6.976916443330e-02
 5.379423987903e+04  1.498032700000e+01  6.198463336387e-02
 5.379424639359e+04  1.487866400000e+01  5.933918386022e-02
 5.379425285456e+04  1.479530600000e+01  5.895287147971e-02
 5.379425933104e+04  1.473020000000e+01  5.838182872296e-02
 5.373730278178e+04  1.554876400000e+01  6.522480451726e-02
 5.373731012463e+04  1.555044100000e+01  6.445921034135e-02
 5.373731743321e+04  1.552552100000e+01  6.578945579458e-02
 5.373732471725e+04  1.557433900000e+01  6.516885989426e-02
 5.374033397580e+04  1.548509100000e+01  6.369174851773e-02
 5.374034098438e+04  1.548938200000e+01  6.373140995609e-02
 5.374034801863e+04  1.547863800000e+01  6.363425438518e-02
 5.374035507234e+04  1.551049900000e+01  6.392641404744e-02
 5.375426389086e+04  1.563476600000e+01  6.529826796273e-02
 5.375427062881e+04  1.567224500000e+01  6.567046705847e-02
 5.375427734870e+04  1.567582400000e+01  6.570103044453e-02
 5.375428408249e+04  1.572214200000e+01  6.772278089422e-02
 5.376126632718e+04  1.473357400000e+01  5.974689078573e-02
 5.376126956171e+04  1.476898100000e+01  6.265980038544e-02
 5.376127279833e+04  1.474484800000e+01  5.979035555963e-02
 5.376127620023e+04  1.478890800000e+01  5.873590294962e-02
 5.381816766206e+04  1.538550800000e+01  6.347488766936e-02
 5.381817835183e+04  1.541431900000e+01  6.400046194862e-02
 5.381818889287e+04  1.541131300000e+01  6.420217793359e-02
 5.381819939223e+04  1.545180900000e+01  6.412297207753e-02
 5.405442548163e+04  1.553566200000e+01  6.325475071618e-02
 5.405443208369e+04  1.553861300000e+01  6.326294123768e-02
 5.405443870162e+04  1.556524200000e+01  6.350268691720e-02
 5.405444523979e+04  1.556084200000e+01  6.342854371327e-02
 5.406041549847e+04  1.511495800000e+01  6.000579734386e-02
 5.406042209892e+04  1.514400000000e+01  6.019505726116e-02
 5.406042873281e+04  1.516521500000e+01  6.034691382304e-02
 5.406043536891e+04  1.517267000000e+01  6.039747851205e-02
 5.403545480025e+04  1.499186700000e+01  5.910127945899e-02
 5.403546135139e+04  1.501702500000e+01  5.924834509367e-02
 5.403546785067e+04  1.506673400000e+01  5.957288161496e-02
 5.403547441003e+04  1.507265800000e+01  5.956959685506e-02
 5.400249319448e+04  1.516996000000e+01  6.462908170709e-02
 5.400249658110e+04  1.515521200000e+01  6.447247498412e-02
 5.400249997988e+04  1.516476000000e+01  6.456438113645e-02
 5.400250335285e+04  1.515946100000e+01  6.449077506048e-02
 5.420916528483e+04  1.486572900000e+01  5.904250035312e-02
 5.420917819647e+04  1.468743800000e+01  5.855694612680e-02
 5.420918467399e+04  1.465726300000e+01  5.803974605498e-02
 5.444938583515e+04  1.554166900000e+01  6.339413314894e-02
 5.444939307289e+04  1.555152800000e+01  6.349350596269e-02
 5.444940028737e+04  1.557271600000e+01  6.365111106097e-02
 5.444940754444e+04  1.554140500000e+01  6.338649694905e-02
 5.446532544453e+04  1.504160000000e+01  5.947995103545e-02
 5.446533208953e+04  1.506522100000e+01  5.963405763378e-02
 5.446533872910e+04  1.507866800000e+01  5.972908279730e-02
 5.446535798502e+04  1.512110700000e+01  6.001438511381e-02
 5.414019279940e+04  1.519317300000e+01  6.167440975831e-02
 5.415618001334e+04  1.538513700000e+01  6.413515682847e-02
 5.415618726475e+04  1.519986600000e+01  6.242683889137e-02
 5.415620448412e+04  1.488554100000e+01  5.993846112191e-02
 5.415621173726e+04  1.476427800000e+01  5.910854477789e-02
 5.410838521031e+04  1.514876900000e+01  6.060703525456e-02
 5.410839179329e+04  1.515939400000e+01  6.070507075508e-02
 5.410839835889e+04  1.518967200000e+01  6.094963736098e-02
 5.410840483456e+04  1.516543300000e+01  6.073682664435e-02
 5.411727475773e+04  1.548469500000e+01  6.310347568829e-02
 5.411728171086e+04  1.550712300000e+01  6.329795185083e-02
 5.411728865681e+04  1.554698800000e+01  6.364740626038e-02
 5.411729560310e+04  1.551122000000e+01  6.328695180579e-02
 5.412518858781e+04  1.509355800000e+01  6.016216411032e-02
 5.412519965363e+04  1.511650800000e+01  6.028216271515e-02
 5.412521073868e+04  1.516051500000e+01  6.054520928829e-02
 5.412522187859e+04  1.517819400000e+01  6.067079653327e-02
 5.426015213454e+04  1.573257100000e+01  6.015900178232e-02
 5.426016811786e+04  1.570463300000e+01  6.016543460410e-02
 5.426017609024e+04  1.576308200000e+01  6.070745790349e-02
 5.417520504847e+04  1.549382500000e+01  6.332488316954e-02
 5.417521040013e+04  1.551766900000e+01  6.356014559529e-02
 5.417521577748e+04  1.549232700000e+01  6.332756356532e-02
 5.417522112230e+04  1.550660800000e+01  6.345313879486e-02
 5.440847587022e+04  1.564941400000e+01  6.468672005599e-02
 5.440848248015e+04  1.563630200000e+01  6.452818287808e-02
 5.440848908638e+04  1.551397000000e+01  6.333917585496e-02
 5.440849571322e+04  1.542565000000e+01  6.217972822158e-02
 5.442442225020e+04  1.549567400000e+01  6.313334280691e-02
 5.442442880168e+04  1.551366400000e+01  6.329276394490e-02
 5.442443537690e+04  1.551368000000e+01  6.328288747887e-02
 5.442444190917e+04  1.551103300000e+01  6.325580964628e-02
 5.438444966135e+04  1.533593800000e+01  6.198889587773e-02
 5.438445695986e+04  1.534756000000e+01  6.209373852703e-02
 5.438446435074e+04  1.536763800000e+01  6.222311945529e-02
 5.438447159728e+04  1.535456800000e+01  6.206631258583e-02
 5.456321178233e+04  1.522969400000e+01  5.919523330453e-02
 5.456321832895e+04  1.524255100000e+01  5.927700190116e-02
 5.456322492014e+04  1.524637800000e+01  5.931225323758e-02
 5.456323150299e+04  1.529061900000e+01  5.961667625025e-02
 5.483036444935e+04  1.490474900000e+01  5.848892351739e-02
 5.483036994153e+04  1.493270500000e+01  5.866740576197e-02
 5.483037543265e+04  1.494269400000e+01  5.874067430314e-02
 5.483038084414e+04  1.496651100000e+01  5.889344087002e-02
 5.452417803970e+04  1.559043100000e+01  6.411131063597e-02
 5.452418527050e+04  1.552826400000e+01  6.354789150098e-02
 5.452419249690e+04  1.557203600000e+01  6.394150886297e-02
 5.452419972122e+04  1.557564600000e+01  6.396866436541e-02
 5.447632545295e+04  1.564292500000e+01  6.451284997563e-02
 5.447633441010e+04  1.566614500000e+01  6.471905969701e-02
 5.447634332744e+04  1.565895300000e+01  6.465333154116e-02
 5.447635223322e+04  1.570366000000e+01  6.511137077580e-02
 5.449534452969e+04  1.532470800000e+01  6.171718091138e-02
 5.449535204859e+04  1.535844200000e+01  6.193063817666e-02
 5.449535955822e+04  1.536659100000e+01  6.202493112739e-02
 5.449536714400e+04  1.537989300000e+01  6.214822170049e-02
 5.453012362528e+04  1.503555200000e+01  5.984883658829e-02
 5.453012969144e+04  1.505648000000e+01  6.082216503682e-02
 5.453013572704e+04  1.510496100000e+01  6.065240819480e-02
 5.453014177491e+04  1.514002300000e+01  6.245572376714e-02
 5.453815610573e+04  1.479162000000e+01  5.816473158554e-02
 5.453816334243e+04  1.484959100000e+01  5.897804107476e-02
 5.453817223824e+04  1.484033200000e+01  6.317864725795e-02
 5.453817952657e+04  1.507104300000e+01  7.119376125293e-02
 5.477840713579e+04  1.557322200000e+01  6.381120106078e-02
 5.477841920271e+04  1.557346600000e+01  6.378615371250e-02
 5.477843141928e+04  1.557813300000e+01  6.379768824012e-02
 5.477844371608e+04  1.555196200000e+01  6.352481833845e-02
 5.479138980946e+04  1.552280800000e+01  6.351635808879e-02
 5.479139645690e+04  1.553282400000e+01  6.357506726638e-02
 5.479140303338e+04  1.553338600000e+01  6.360527772911e-02
 5.479140957954e+04  1.554696100000e+01  6.423887546176e-02
 5.480031877833e+04  1.573000400000e+01  6.557618293222e-02
 5.480032683937e+04  1.571916900000e+01  6.538630906887e-02
 5.480033479255e+04  1.566958900000e+01  6.481674869837e-02
 5.480034284457e+04  1.561428600000e+01  6.421745273976e-02
 5.474150176913e+04  1.546424300000e+01  6.571632726562e-02
 5.474150396264e+04  1.548225200000e+01  6.514927224689e-02
 5.474150622583e+04  1.550067200000e+01  6.531742826393e-02
 5.474150848706e+04  1.549247200000e+01  6.523575918703e-02
 5.476745955470e+04  1.493430300000e+01  5.877097988700e-02
 5.476746810870e+04  1.494978900000e+01  5.886917880378e-02
 5.476747668413e+04  1.499057400000e+01  5.911732998473e-02
 5.476748514289e+04  1.501604700000e+01  5.925587003082e-02
 5.494217037595e+04  1.554193600000e+01  6.385995420411e-02
 5.494217885266e+04  1.552841500000e+01  6.377668894331e-02
 5.494218311537e+04  1.553860100000e+01  6.389660316578e-02
 5.518134860794e+04  1.550867300000e+01  6.356648522210e-02
 5.518135385543e+04  1.547282500000e+01  6.317038376817e-02
 5.518135899737e+04  1.551964600000e+01  6.340192767428e-02
 5.518136414647e+04  1.550923400000e+01  6.332273953985e-02
 5.486617965777e+04  1.553861400000e+01  6.365832018684e-02
 5.486618894179e+04  1.558828000000e+01  6.406857357575e-02
 5.486619820325e+04  1.556027400000e+01  6.374681401390e-02
 5.486620752478e+04  1.562090800000e+01  6.434865910077e-02
 5.487716214497e+04  1.512423400000e+01  6.145658056538e-02
 5.487716887343e+04  1.516440300000e+01  6.123837705494e-02
 5.487717488947e+04  1.516853000000e+01  6.457434275295e-02
 5.487718101153e+04  1.517006800000e+01  6.532458533966e-02
 5.488918569571e+04  1.548777800000e+01  6.295979398336e-02
 5.488919348023e+04  1.552467000000e+01  6.329077767371e-02
 5.488920129058e+04  1.551361900000e+01  6.315943176072e-02
 5.488920919873e+04  1.553322000000e+01  6.335957856893e-02
 5.486027792714e+04  1.493452900000e+01  5.865714462115e-02
 5.486028270146e+04  1.496633000000e+01  5.885817382004e-02
 5.486028755319e+04  1.496592700000e+01  5.884631632836e-02
 5.486029243052e+04  1.498536300000e+01  5.897864850643e-02
 5.490823935867e+04  1.489590800000e+01  5.913085771059e-02
 5.490824909341e+04  1.495244200000e+01  5.983071506107e-02
 5.490825394157e+04  1.498083600000e+01  5.991929364272e-02
 5.491415655962e+04  1.554839100000e+01  6.360844467483e-02
 5.491417268255e+04  1.556329000000e+01  6.373234813366e-02
 5.515137763986e+04  1.540906000000e+01  6.306942288564e-02
 5.515139001469e+04  1.536993200000e+01  6.267040240312e-02
 5.515140231578e+04  1.543023500000e+01  6.316398063820e-02
 5.515141452833e+04  1.543869500000e+01  6.315455457018e-02
 5.509250714466e+04  1.573482700000e+01  7.283045797469e-02
 5.509250912104e+04  1.571206300000e+01  7.223070705620e-02
 5.509251112527e+04  1.577041000000e+01  7.274773013353e-02
 5.509251309816e+04  1.578678900000e+01  7.235806612925e-02
 5.553333066025e+04  1.548261500000e+01  6.589974629638e-02
 5.553334270661e+04  1.548291400000e+01  6.294973525295e-02
 5.553334871583e+04  1.549453800000e+01  6.187158281082e-02
 5.554340477525e+04  1.555739300000e+01  6.156585449263e-02
 5.554342131767e+04  1.557327300000e+01  6.171696212843e-02
 5.554342968505e+04  1.557203600000e+01  6.169355324421e-02
 5.555927401315e+04  1.493263200000e+01  5.949285693684e-02
 5.555928980517e+04  1.500023200000e+01  5.992466410006e-02
 5.523217710414e+04  1.484053600000e+01  6.030571172115e-02
 5.523218158380e+04  1.486030400000e+01  6.051779220651e-02
 5.523218614119e+04  1.488200200000e+01  6.110439131680e-02
 5.523219087539e+04  1.491042900000e+01  6.110312915125e-02
 5.523623837641e+04  1.555442000000e+01  6.405635316917e-02
 5.524217532853e+04  1.495852100000e+01  5.946722040670e-02
 5.524219019838e+04  1.499903300000e+01  5.972271246342e-02
 5.524219761183e+04  1.501278700000e+01  5.977434787392e-02
 5.520833820027e+04  1.567517900000e+01  6.523259042410e-02
 5.520834695485e+04  1.568645400000e+01  6.534086934191e-02
 5.520835572457e+04  1.570895200000e+01  6.555537577561e-02
 5.520836443368e+04  1.571027900000e+01  6.557680839978e-02
 5.526912211397e+04  1.535883900000e+01  6.239061218594e-02
 5.526912889859e+04  1.538229100000e+01  6.261897059701e-02
 5.526913573806e+04  1.541831600000e+01  6.292930687666e-02
 5.526914251119e+04  1.542798700000e+01  6.298984618408e-02
 5.527621754554e+04  1.555991000000e+01  6.431785055938e-02
 5.527623379565e+04  1.561026600000e+01  6.483748400368e-02
 5.527624192218e+04  1.567081600000e+01  6.549889494301e-02
 5.550749089094e+04  1.470806900000e+01  5.788015396780e-02
 5.550750477308e+04  1.467179000000e+01  5.766275535078e-02
 5.550751171308e+04  1.468964600000e+01  5.776465107974e-02
 5.548343587796e+04  1.539481900000e+01  6.353283524102e-02
 5.548344989873e+04  1.538843300000e+01  6.335717734760e-02
 5.548345689977e+04  1.543076600000e+01  6.370881841949e-02
 5.550047398193e+04  1.553818500000e+01  6.442628603594e-02
 5.550048772904e+04  1.556875200000e+01  6.470643266067e-02
 5.550049455359e+04  1.546062100000e+01  6.863029470069e-02
 5.559725636159e+04  1.483574900000e+01  5.386356483125e-02
 5.559726548491e+04  1.486387600000e+01  5.395132966720e-02
 5.559727468932e+04  1.490978000000e+01  5.409892656449e-02
 5.559728391855e+04  1.495575400000e+01  5.425506833599e-02
 5.559833799546e+04  1.564886500000e+01  6.248320398940e-02
 5.559834220562e+04  1.566242500000e+01  6.259570486582e-02
 5.559834425031e+04  1.565629400000e+01  6.254384579094e-02
 5.560418104672e+04  1.509719700000e+01  5.708207972994e-02
 5.560418908344e+04  1.512034400000e+01  5.719370030473e-02
 5.560419717574e+04  1.512563800000e+01  5.720767250983e-02
 5.560420519330e+04  1.515517300000e+01  5.737940583947e-02
 5.561613644109e+04  1.539882600000e+01  6.338251052467e-02
 5.561614156310e+04  1.540725400000e+01  6.343841939741e-02
 5.561614668530e+04  1.539111500000e+01  6.328259646769e-02
 5.561615175095e+04  1.542380200000e+01  6.357455912292e-02
 5.556625682369e+04  1.527331500000e+01  6.242163723655e-02
 5.556626434366e+04  1.532144300000e+01  5.970502540590e-02
 5.556627188595e+04  1.531899900000e+01  6.040119884695e-02
 5.556627938321e+04  1.533285000000e+01  5.999092318296e-02
 5.557235761983e+04  1.493015700000e+01  5.925121952491e-02
 5.557236344986e+04  1.493293000000e+01  5.927011274200e-02
 5.557236925661e+04  1.496037000000e+01  5.947049599800e-02
 5.557237505667e+04  1.497802200000e+01  5.959470020451e-02
 5.562219804646e+04  1.490866100000e+01  5.748086237642e-02
 5.562220639412e+04  1.494569900000e+01  5.766938382714e-02
 5.562221464493e+04  1.496824100000e+01  5.778091496503e-02
 5.562222295162e+04  1.499020700000e+01  5.790463061570e-02
 5.414022223951e+04  1.530584400000e+01  6.168984980039e-02
 5.414022871634e+04  1.530332500000e+01  6.165299223963e-02
 5.414023518565e+04  1.535852400000e+01  6.505373312570e-02
 5.414024229538e+04  1.530461800000e+01  6.167151527995e-02
 5.586148055825e+04  1.512415000000e+01  6.047882553971e-02
 5.586148979334e+04  1.512879100000e+01  6.047987812048e-02
 5.586149907355e+04  1.518480500000e+01  6.089777744559e-02
 5.586150821536e+04  1.520478500000e+01  6.106814620688e-02
 5.585144253910e+04  1.485422800000e+01  5.872670059516e-02
 5.585145065816e+04  1.488975000000e+01  5.890913833242e-02
 5.585145877064e+04  1.492229800000e+01  5.908398160434e-02
 5.585146687625e+04  1.497263700000e+01  5.938233046617e-02
 5.588837786344e+04  1.543029000000e+01  6.308497412686e-02
 5.588839642481e+04  1.544037200000e+01  6.307600260085e-02
 5.588840561185e+04  1.544599900000e+01  6.310638564398e-02
 5.591930966236e+04  1.473311000000e+01  5.822218646917e-02
 5.591931877086e+04  1.475736400000e+01  5.837317404072e-02
 5.591932791927e+04  1.481362200000e+01  5.875124813422e-02
 5.591933704350e+04  1.485572600000e+01  5.901409527952e-02
 5.592635997671e+04  1.531479400000e+01  6.624215336375e-02
 5.592636496205e+04  1.532078600000e+01  6.632844098355e-02
 5.592636991913e+04  1.537396800000e+01  6.690135629775e-02
 5.592637486706e+04  1.536707200000e+01  6.684920604410e-02
 5.594032454941e+04  1.554647700000e+01  6.408562147179e-02
 5.594033123782e+04  1.560449800000e+01  6.461813316519e-02
 5.594033785300e+04  1.562983700000e+01  6.489983693026e-02
 5.594034449809e+04  1.562323400000e+01  6.464620452485e-02
 5.596719536505e+04  1.567856200000e+01  6.561784928910e-02
 5.596720358685e+04  1.566095400000e+01  6.541670567310e-02
 5.596721149012e+04  1.546038500000e+01  6.341893290460e-02
 5.596721940243e+04  1.582201200000e+01  6.717793265607e-02
 5.597518908348e+04  1.555195000000e+01  6.478200805711e-02
 5.597519690134e+04  1.553727600000e+01  6.457894196905e-02
 5.597520477780e+04  1.555728100000e+01  6.477830998680e-02
 5.597521275067e+04  1.558128300000e+01  6.502571027775e-02
 5.598018666159e+04  1.557517500000e+01  6.452439045435e-02
 5.598019396602e+04  1.556593100000e+01  6.443375599406e-02
 5.598020129273e+04  1.559479900000e+01  6.470326517807e-02
 5.598020858091e+04  1.560214900000e+01  6.475856125418e-02
 5.598618752714e+04  1.539139000000e+01  6.315919492760e-02
 5.598619260873e+04  1.539464700000e+01  6.320785174094e-02
 5.598619768977e+04  1.538495000000e+01  6.314145982476e-02
 5.598620278616e+04  1.545514600000e+01  6.380174986351e-02
 5.601417027286e+04  1.529631000000e+01  5.995158910893e-02
 5.621049937618e+04  1.543759200000e+01  6.370118497301e-02
 5.621050334806e+04  1.543291200000e+01  6.366321700400e-02
 5.621050732568e+04  1.547201200000e+01  6.399986274419e-02
 5.621051131560e+04  1.545411300000e+01  6.381347297569e-02
 5.622538895507e+04  1.533186800000e+01  6.544199275180e-02
 5.622539496266e+04  1.534657400000e+01  6.555108407924e-02
 5.622540104463e+04  1.534209500000e+01  6.543348501795e-02
 5.622540707421e+04  1.539333100000e+01  6.592629703838e-02
