# time mag mag_err
 5.346921861214e+04  1.511631000000e+01  6.025455401332e-02
 5.346922668303e+04  1.517721600000e+01  6.071567275174e-02
 5.346923474999e+04  1.519605200000e+01  6.092104983725e-02
 5.346924292123e+04  1.521592800000e+01  6.106939953005e-02
 5.370544858398e+04  1.577269300000e+01  6.693644145077e-02
 5.370545753443e+04  1.580996900000e+01  6.744871240889e-02
 5.370546624539e+04  1.574171600000e+01  6.691384315466e-02
 5.370547493183e+04  1.575313300000e+01  6.702012423107e-02
 5.372839826850e+04  1.576707800000e+01  6.904398863371e-02
 5.372840736756e+04  1.571402200000e+01  6.798722275993e-02
 5.372841648595e+04  1.573137200000e+01  6.777760393513e-02
 5.372842557587e+04  1.575116100000e+01  6.780860731211e-02
 5.373343173365e+04  1.530291200000e+01  6.196750514107e-02
 5.373343761056e+04  1.530008000000e+01  6.186944183430e-02
 5.373344347161e+04  1.527670000000e+01  6.192638412410e-02
 5.373344934146e+04  1.531328500000e+01  6.194993566122e-02
 5.352716315370e+04  1.551175800000e+01  6.439550398266e-02
 5.352716965160e+04  1.553155200000e+01  6.462703463562e-02
 5.352717617993e+04  1.555661800000e+01  6.497655748403e-02
 5.352718274704e+04  1.552888300000e+01  6.475585866808e-02
 5.350020663251e+04  1.536790700000e+01  6.259364493451e-02
 5.350021313376e+04  1.533130100000e+01  6.233915279549e-02
 5.350021965480e+04  1.531952000000e+01  6.224498604501e-02
 5.350022626683e+04  1.535617200000e+01  6.259604854075e-02
 5.370050265019e+04  1.574036000000e+01  6.637392587161e-02
 5.370051065788e+04  1.577625100000e+01  6.711053021368e-02
 5.370051866950e+04  1.577331200000e+01  6.672063413827e-02
 5.370052663124e+04  1.574620900000e+01  6.723253995930e-02
 5.367246114802e+04  1.532677400000e+01  6.297789827088e-02
 5.367246496684e+04  1.535168100000e+01  6.312523801744e-02
 5.367246881958e+04  1.533056000000e+01  6.291943718718e-02
 5.367247269743e+04  1.534764000000e+01  6.300818418467e-02
 5.384417868013e+04  1.574799400000e+01  6.703366589812e-02
 5.384418675611e+04  1.570584600000e+01  6.657112302469e-02
 5.384419479331e+04  1.574189000000e+01  6.696366737142e-02
 5.384420290703e+04  1.572549900000e+01  6.677121640083e-02
 5.408349699946e+04  1.593888200000e+01  6.793531812587e-02
 5.408350425988e+04  1.593052600000e+01  6.827234263227e-02
 5.408351155343e+04  1.590114900000e+01  6.889176942956e-02
 5.408351883492e+04  1.579612800000e+01  6.662123668332e-02
 5.409247150537e+04  1.581473900000e+01  6.606327206677e-02
 5.409247724512e+04  1.582354400000e+01  6.618240045621e-02
 5.409248295848e+04  1.580586600000e+01  6.609876204985e-02
 5.409248867440e+04  1.576899500000e+01  6.579798824853e-02
 5.378633339922e+04  1.577721100000e+01  6.752777496818e-02
 5.378633718135e+04  1.577492900000e+01  6.696324514961e-02
 5.378634097240e+04  1.577863600000e+01  6.730450019964e-02
 5.378634476564e+04  1.574280300000e+01  7.032884702585e-02
 5.373940980797e+04  1.534825000000e+01  6.214438552565e-02
 5.373941799681e+04  1.538566900000e+01  6.243884249069e-02
 5.373942607638e+04  1.540623700000e+01  6.261031540362e-02
 5.373943418095e+04  1.543140200000e+01  6.283679000510e-02
 5.375543751102e+04  1.510026700000e+01  6.034254535478e-02
 5.375544450338e+04  1.504531000000e+01  5.994859542888e-02
 5.375545155060e+04  1.502113400000e+01  5.976309129691e-02
 5.375545853382e+04  1.499979700000e+01  5.964058458582e-02
 5.376135407483e+04  1.501743900000e+01  5.989732275471e-02
 5.376136157138e+04  1.500780400000e+01  5.979302465891e-02
 5.376136914919e+04  1.503114600000e+01  5.993830888539e-02
 5.376137672595e+04  1.508429300000e+01  6.031454919852e-02
 5.390220640752e+04  1.573445600000e+01  1.238531952796e-01
 5.390220737772e+04  1.580410700000e+01  1.276086573121e-01
 5.390220834883e+04  1.576800700000e+01  1.258568411606e-01
 5.390220931022e+04  1.570562700000e+01  1.231131873524e-01
 5.380319850756e+04  1.532883600000e+01  6.648480589141e-02
 5.380320361301e+04  1.536157200000e+01  6.685802440021e-02
 5.380320869394e+04  1.541163900000e+01  6.757553592516e-02
 5.380321369326e+04  1.537967000000e+01  6.728331564484e-02
 5.387818058413e+04  1.582875600000e+01  6.836180764054e-02
 5.387818700076e+04  1.580459600000e+01  6.809638817668e-02
 5.387819337620e+04  1.569612100000e+01  6.687510947210e-02
 5.387819975545e+04  1.559564400000e+01  6.576527831653e-02
 5.402949825910e+04  1.555516400000e+01  6.362440953676e-02
 5.402950893544e+04  1.557889400000e+01  6.373819336532e-02
 5.402951964708e+04  1.559753300000e+01  6.382257221067e-02
 5.419820558028e+04  1.590959200000e+01  6.911404961143e-02
 5.419821096447e+04  1.591185800000e+01  6.910771726637e-02
 5.419821637006e+04  1.589950800000e+01  6.875529842695e-02
 5.419822174833e+04  1.592098400000e+01  6.934703661094e-02
 5.420520683037e+04  1.565761100000e+01  6.499417417956e-02
 5.420521446014e+04  1.557625200000e+01  6.419182953146e-02
 5.420522202730e+04  1.548284400000e+01  6.331971999000e-02
 5.420522963035e+04  1.541286000000e+01  6.271257213165e-02
 5.444039487407e+04  1.573763400000e+01  6.546737601474e-02
 5.444040141363e+04  1.572495400000e+01  6.533516898805e-02
 5.444040794532e+04  1.572691300000e+01  6.527550567217e-02
 5.444041447933e+04  1.574384200000e+01  6.546238700646e-02
 5.445438929808e+04  1.576400400000e+01  6.559517330021e-02
 5.445439529387e+04  1.573958900000e+01  6.533490059304e-02
 5.445440131545e+04  1.578491600000e+01  6.581184842814e-02
 5.445440734365e+04  1.575902100000e+01  6.553822384434e-02
 5.446450880102e+04  1.578393500000e+01  6.588367481979e-02
 5.446451535481e+04  1.576335900000e+01  6.569452450801e-02
 5.446452191914e+04  1.573428000000e+01  6.537861299758e-02
 5.446452847503e+04  1.579227800000e+01  6.604808462664e-02
 5.413941123102e+04  1.562782500000e+01  6.765583767404e-02
 5.413941763156e+04  1.555187500000e+01  6.810217123940e-02
 5.413942402286e+04  1.560831400000e+01  6.764057831380e-02
 5.413943041924e+04  1.552428000000e+01  7.036069252868e-02
 5.414037885067e+04  1.542206700000e+01  9.872186767289e-02
 5.414037986553e+04  1.533831700000e+01  1.005284328653e-01
 5.414038087253e+04  1.532208100000e+01  1.009339324120e-01
 5.414038187362e+04  1.515969100000e+01  1.117505136524e-01
 5.411036169770e+04  1.522467500000e+01  6.096364744272e-02
 5.411036773503e+04  1.522262800000e+01  6.110005628974e-02
 5.411037374506e+04  1.519026300000e+01  6.073019492858e-02
 5.411037978043e+04  1.520299100000e+01  6.086162745060e-02
 5.411636337168e+04  1.550155300000e+01  6.284019475193e-02
 5.411637171780e+04  1.553534800000e+01  6.312490876321e-02
 5.411638008616e+04  1.554856700000e+01  6.323072702072e-02
 5.411638838889e+04  1.557309000000e+01  6.344945625729e-02
 5.416840628667e+04  1.553986000000e+01  6.388835671917e-02
 5.416841389897e+04  1.555615300000e+01  6.411919424968e-02
 5.416842160144e+04  1.560366300000e+01  6.463932566653e-02
 5.416842933538e+04  1.557216500000e+01  6.441078825910e-02
 5.417523085994e+04  1.509237800000e+01  5.993828367771e-02
 5.417523688293e+04  1.504688800000e+01  5.961928959384e-02
 5.417524288439e+04  1.499108700000e+01  5.924344408280e-02
 5.417524887669e+04  1.501234700000e+01  5.942562387963e-02
 5.418426026957e+04  1.594761400000e+01  6.970190230256e-02
 5.418426461053e+04  1.592325600000e+01  6.927453829109e-02
 5.418426895021e+04  1.590235200000e+01  7.010099407076e-02
 5.418427329904e+04  1.601112400000e+01  7.351251917570e-02
 5.441450272373e+04  1.559950200000e+01  5.855924457921e-02
 5.441450539515e+04  1.556138000000e+01  5.794324553803e-02
 5.441450805594e+04  1.552861200000e+01  5.776561186973e-02
 5.441451072875e+04  1.554968700000e+01  5.796174609922e-02
 5.439049555164e+04  1.575980900000e+01  6.617891416255e-02
 5.439050202882e+04  1.577597600000e+01  6.637509397819e-02
 5.439050854037e+04  1.576394300000e+01  6.609441906969e-02
 5.439051510076e+04  1.577468700000e+01  6.610685625464e-02
 5.456420597093e+04  1.572749800000e+01  6.558508055141e-02
 5.456421399123e+04  1.572209700000e+01  6.553111206560e-02
 5.456422200367e+04  1.573966300000e+01  6.572029846202e-02
 5.456423008231e+04  1.575748900000e+01  6.591322805308e-02
 5.458123350767e+04  1.553475900000e+01  6.437660886937e-02
 5.458124005348e+04  1.553798700000e+01  6.444696760337e-02
 5.458124664549e+04  1.560995400000e+01  6.527258263701e-02
 5.458125316711e+04  1.556016100000e+01  6.481321714916e-02
 5.482151210615e+04  1.566551000000e+01  6.431251984569e-02
 5.482151753326e+04  1.574079100000e+01  6.509117669559e-02
 5.482152279023e+04  1.573053200000e+01  6.496348666809e-02
 5.482152827269e+04  1.571696200000e+01  6.482971614519e-02
 5.483044390365e+04  1.530184400000e+01  6.105803579598e-02
 5.483045009944e+04  1.529535400000e+01  6.099121858682e-02
 5.483045628031e+04  1.535079900000e+01  6.143207289275e-02
 5.483046253652e+04  1.534801600000e+01  6.140857486424e-02
 5.450228173564e+04  1.496187700000e+01  5.892773515725e-02
 5.450228874640e+04  1.498282400000e+01  5.904554528696e-02
 5.450229573830e+04  1.500458500000e+01  5.917781989635e-02
 5.450230273726e+04  1.503671800000e+01  5.938708184689e-02
 5.452325897790e+04  1.537895300000e+01  6.192638412410e-02
 5.452326445340e+04  1.541129500000e+01  6.221654439939e-02
 5.452326990981e+04  1.541453800000e+01  6.222263840897e-02
 5.452327534469e+04  1.541184900000e+01  6.219511112928e-02
 5.449540912909e+04  1.539430300000e+01  6.204092531860e-02
 5.449541562339e+04  1.540610200000e+01  6.212622884561e-02
 5.449542210219e+04  1.541353800000e+01  6.225692074768e-02
 5.449542858375e+04  1.542365500000e+01  6.228642625534e-02
 5.462815952803e+04  1.575152000000e+01  7.763133357833e-02
 5.462816168821e+04  1.573424600000e+01  7.736841936426e-02
 5.462816382130e+04  1.575681500000e+01  7.793947861436e-02
 5.462816596528e+04  1.574956800000e+01  7.770551002545e-02
 5.452819367745e+04  1.564082400000e+01  6.466730877909e-02
 5.452820011991e+04  1.563881300000e+01  6.462149987222e-02
 5.452820658725e+04  1.569132200000e+01  6.465448019878e-02
 5.452821305088e+04  1.562356200000e+01  6.436949382279e-02
 5.453531670331e+04  1.572811000000e+01  6.542498797253e-02
 5.453532224282e+04  1.570950600000e+01  6.524091340945e-02
 5.453532780433e+04  1.570899200000e+01  6.524686493493e-02
 5.453533333839e+04  1.573218200000e+01  6.550741538168e-02
 5.454919495395e+04  1.570581000000e+01  6.540972015755e-02
 5.454920161875e+04  1.575440100000e+01  6.593061049913e-02
 5.454920827279e+04  1.571657600000e+01  6.551622354393e-02
 5.454921491247e+04  1.571291600000e+01  6.546812775454e-02
 5.459218644102e+04  1.578742300000e+01  6.697643033795e-02
 5.459219287410e+04  1.578869000000e+01  6.701433948801e-02
 5.459219927545e+04  1.584808100000e+01  6.779370255867e-02
 5.459220569117e+04  1.582312800000e+01  6.748492638651e-02
 5.479251906839e+04  1.556501500000e+01  6.803354478155e-02
 5.479252386284e+04  1.562575400000e+01  6.612826112582e-02
 5.479252861481e+04  1.569703600000e+01  7.466261514970e-02
 5.479253342373e+04  1.570754400000e+01  7.205300937022e-02
 5.480042650428e+04  1.527256700000e+01  6.095403089111e-02
 5.480043915422e+04  1.528787700000e+01  6.106265526984e-02
 5.480045204039e+04  1.533523800000e+01  6.136697929466e-02
 5.480046481927e+04  1.538775800000e+01  6.179889069239e-02
 5.476949896988e+04  1.568615800000e+01  7.076485303534e-02
 5.476950344719e+04  1.570757800000e+01  7.112274277606e-02
 5.476950786292e+04  1.570643200000e+01  7.103796849497e-02
 5.476951226916e+04  1.570640900000e+01  7.097393913370e-02
 5.492313958118e+04  1.488809600000e+01  5.872386563331e-02
 5.492314445654e+04  1.491580500000e+01  5.885512753615e-02
 5.492314933203e+04  1.493920600000e+01  5.902292786009e-02
 5.492315422081e+04  1.497805400000e+01  5.925426830669e-02
 5.493819333045e+04  1.533429900000e+01  6.186264750885e-02
 5.493819821103e+04  1.534350400000e+01  6.195474227039e-02
 5.493820308639e+04  1.537748800000e+01  6.226475726099e-02
 5.493820798362e+04  1.536883800000e+01  6.221646458001e-02
 5.494915247637e+04  1.569579500000e+01  6.539239091591e-02
 5.494916008648e+04  1.575106500000e+01  6.590076519751e-02
 5.494916683369e+04  1.573490200000e+01  6.577549724138e-02
 5.494917354563e+04  1.571402300000e+01  6.556750556548e-02
 5.486724772187e+04  1.567243300000e+01  6.744826194656e-02
 5.486725257605e+04  1.561619700000e+01  6.675535579982e-02
 5.486725739470e+04  1.559321900000e+01  6.647508571671e-02
 5.486726226392e+04  1.552288100000e+01  6.566849483521e-02
 5.488731171097e+04  1.549441900000e+01  6.305549427590e-02
 5.488731704110e+04  1.550502200000e+01  6.331835765715e-02
 5.488732237793e+04  1.549540100000e+01  6.281109485745e-02
 5.488732779649e+04  1.552639800000e+01  6.346654757623e-02
 5.485929955593e+04  1.536585000000e+01  6.150784281544e-02
 5.485930634654e+04  1.535913200000e+01  6.145096270607e-02
 5.485931311655e+04  1.539048600000e+01  6.193660625279e-02
 5.485931978911e+04  1.538536900000e+01  6.389692446339e-02
 5.499816330882e+04  1.523059900000e+01  6.183074792038e-02
 5.499816880841e+04  1.518341700000e+01  6.146258724824e-02
 5.499817429942e+04  1.516120300000e+01  6.137875592914e-02
 5.499817977355e+04  1.515577100000e+01  6.140218525870e-02
 5.490621313697e+04  1.574433300000e+01  6.535127655829e-02
 5.490621885970e+04  1.574038000000e+01  6.534100300209e-02
 5.490622452469e+04  1.575697100000e+01  6.546347978937e-02
 5.490623035252e+04  1.578541800000e+01  6.570138415949e-02
 5.491424804740e+04  1.569729500000e+01  6.499232732000e-02
 5.491425651230e+04  1.571310000000e+01  6.511370463066e-02
 5.491426501679e+04  1.575438400000e+01  6.555883922765e-02
 5.491427355219e+04  1.576053500000e+01  6.562407243527e-02
 5.497618258219e+04  1.534271100000e+01  6.226904357862e-02
 5.497619052367e+04  1.536923900000e+01  6.259252980363e-02
 5.497619830821e+04  1.538894300000e+01  6.278511567866e-02
 5.497620615975e+04  1.539397900000e+01  6.294147302934e-02
 5.512150293133e+04  1.499596200000e+01  6.166248037315e-02
 5.512150732692e+04  1.497755900000e+01  6.146620156140e-02
 5.512151178492e+04  1.500804200000e+01  6.166305799773e-02
 5.512151619104e+04  1.499664600000e+01  6.148493829759e-02
 5.529514540394e+04  1.528207500000e+01  6.561728966120e-02
 5.529514948397e+04  1.530237600000e+01  6.587481948114e-02
 5.529515359633e+04  1.531063400000e+01  6.590018284891e-02
 5.529515770647e+04  1.527435600000e+01  6.553207847526e-02
 5.553844452420e+04  1.587718900000e+01  6.756821082678e-02
 5.553845496710e+04  1.591045200000e+01  6.795684663508e-02
 5.553846021852e+04  1.593258200000e+01  6.818159660272e-02
 5.554540853646e+04  1.585094100000e+01  6.739735210102e-02
 5.554542723049e+04  1.593151100000e+01  6.828858825009e-02
 5.554543661729e+04  1.589465600000e+01  6.779794471222e-02
 5.523626291366e+04  1.516475900000e+01  6.075388284095e-02
 5.524226117758e+04  1.554366400000e+01  6.397452278471e-02
 5.524227036323e+04  1.555407100000e+01  6.403609489787e-02
 5.524227965181e+04  1.555981700000e+01  6.409629428167e-02
 5.524228892260e+04  1.555477100000e+01  6.404141441208e-02
 5.520440549469e+04  1.581867300000e+01  6.620319921596e-02
 5.520441064065e+04  1.579533400000e+01  6.589552510029e-02
 5.520441590122e+04  1.580786500000e+01  6.607811826039e-02
 5.520442114532e+04  1.583366500000e+01  6.632882785896e-02
 5.526023510556e+04  1.565051100000e+01  6.506807981706e-02
 5.526024136900e+04  1.559940300000e+01  6.449271916774e-02
 5.526024767267e+04  1.557419000000e+01  6.421767758296e-02
 5.526025395616e+04  1.558017600000e+01  6.426287340484e-02
 5.526824081061e+04  1.567719200000e+01  6.510437287082e-02
 5.526824707551e+04  1.571111300000e+01  6.545781230698e-02
 5.526825331596e+04  1.567027300000e+01  6.500992398592e-02
 5.526825960053e+04  1.564041900000e+01  6.472022010889e-02
 5.534717191322e+04  1.525506100000e+01  6.152539601013e-02
 5.534717761016e+04  1.519543600000e+01  6.108101453929e-02
 5.534718335905e+04  1.511845200000e+01  6.056579629804e-02
 5.534718914663e+04  1.511751800000e+01  6.059538704896e-02
 5.551149523297e+04  1.575152400000e+01  6.626949521744e-02
 5.551150580318e+04  1.574979500000e+01  6.621080541591e-02
 5.551151104410e+04  1.572516400000e+01  6.591483317107e-02
 5.553047273112e+04  1.589298600000e+01  6.761162253503e-02
 5.553048438889e+04  1.575912800000e+01  6.606871452983e-02
 5.553049014753e+04  1.575443600000e+01  6.599939530704e-02
 5.561525166392e+04  1.520112500000e+01  5.899213633260e-02
 5.561526070051e+04  1.523770700000e+01  5.922533511339e-02
 5.561526971219e+04  1.527819100000e+01  5.949365768708e-02
 5.561527870951e+04  1.526338600000e+01  5.935940476615e-02
 5.556339189127e+04  1.556427600000e+01  6.436660399679e-02
 5.556339942060e+04  1.558545200000e+01  6.453351945866e-02
 5.556340700780e+04  1.561062800000e+01  6.474929222877e-02
 5.556341453770e+04  1.561507400000e+01  6.477695503625e-02
 5.557445799250e+04  1.532887800000e+01  6.313277733245e-02
 5.557446323663e+04  1.535654300000e+01  6.349736670965e-02
 5.557446847462e+04  1.534140800000e+01  6.274504679020e-02
 5.557447366507e+04  1.536187600000e+01  6.286120719957e-02
 5.558742304387e+04  1.547440000000e+01  6.344289109485e-02
 5.558743000082e+04  1.552523100000e+01  6.389670991428e-02
 5.558743696668e+04  1.554710000000e+01  6.413649378804e-02
 5.558744392218e+04  1.554246000000e+01  6.408623011254e-02
 5.562225764948e+04  1.524542700000e+01  5.934293766872e-02
 5.562226869832e+04  1.529290100000e+01  5.965608984546e-02
 5.562227969877e+04  1.532843000000e+01  5.987793020924e-02
 5.562229078500e+04  1.536544200000e+01  6.013972980684e-02
 5.563418134791e+04  1.554420800000e+01  6.496050733154e-02
 5.563418816620e+04  1.557337100000e+01  6.522012471438e-02
 5.563419505277e+04  1.556612800000e+01  6.511597469048e-02
 5.563420198508e+04  1.563936200000e+01  6.587409408758e-02
 5.564511482645e+04  1.582957000000e+01  6.836109825009e-02
 5.564512162528e+04  1.589420700000e+01  6.906020608281e-02
 5.564512845017e+04  1.586688000000e+01  6.870925342167e-02
 5.564513528928e+04  1.585787200000e+01  6.850544300343e-02
 5.568226203304e+04  1.540103500000e+01  6.365594971911e-02
 5.568227076032e+04  1.547856800000e+01  6.438425249930e-02
 5.568227950524e+04  1.542314200000e+01  6.396676713516e-02
 5.568228828961e+04  1.547225100000e+01  6.443977436917e-02
 5.586449429767e+04  1.563639300000e+01  6.487934046421e-02
 5.586450104770e+04  1.554593600000e+01  6.391640639629e-02
 5.586450790406e+04  1.547174800000e+01  6.319111144188e-02
 5.586451474294e+04  1.537790700000e+01  6.230903698029e-02
 5.588844854750e+04  1.570994000000e+01  6.563100143647e-02
 5.588845537366e+04  1.573705200000e+01  6.591198795634e-02
 5.588846235528e+04  1.575371500000e+01  6.603463751113e-02
 5.588846922814e+04  1.577429500000e+01  6.623520027327e-02
 5.592036137206e+04  1.544861200000e+01  6.322861745450e-02
 5.592037271817e+04  1.545409200000e+01  6.321430317232e-02
 5.592038410554e+04  1.545612600000e+01  6.316260588265e-02
 5.592039556101e+04  1.549118300000e+01  6.342284424824e-02
 5.592648835637e+04  1.579272500000e+01  6.633432345304e-02
 5.592649286925e+04  1.575942000000e+01  6.595999610014e-02
 5.592649739517e+04  1.577613200000e+01  6.616370294681e-02
 5.592650197462e+04  1.579438000000e+01  6.638623936514e-02
 5.594435347632e+04  1.581962200000e+01  6.347348822338e-02
 5.594436295725e+04  1.574978600000e+01  6.278800130666e-02
 5.594437255381e+04  1.559604600000e+01  6.149950887060e-02
 5.594438206854e+04  1.539496100000e+01  5.996740414086e-02
 5.596929311336e+04  1.570153400000e+01  6.575379208184e-02
 5.596929479133e+04  1.568970700000e+01  6.566272445674e-02
 5.596929648250e+04  1.567826600000e+01  6.565112692150e-02
 5.596929816546e+04  1.564335400000e+01  6.565513057604e-02
 5.597937165936e+04  1.546505800000e+01  6.070402674929e-02
 5.597938049037e+04  1.550028300000e+01  6.101585937458e-02
 5.597938949559e+04  1.550962700000e+01  6.108697742234e-02
 5.597939829167e+04  1.553730900000e+01  6.131798172167e-02
 5.598722350619e+04  1.561100400000e+01  6.347858597493e-02
 5.598722826337e+04  1.561635200000e+01  6.346599887214e-02
 5.598723303029e+04  1.556887100000e+01  6.295010107376e-02
 5.598723782243e+04  1.555713700000e+01  6.282757127218e-02
 5.599920263215e+04  1.558923500000e+01  6.459617019921e-02
 5.599920771262e+04  1.557624600000e+01  6.441690092301e-02
 5.599921279438e+04  1.557317700000e+01  6.440363587517e-02
 5.599921793491e+04  1.558421900000e+01  6.450363281684e-02
 5.601032842215e+04  1.537268000000e+01  6.266006067737e-02
 5.601033631882e+04  1.537464900000e+01  6.272112306797e-02
 5.601034414699e+04  1.538936600000e+01  6.287643034637e-02
 5.601035205907e+04  1.536263900000e+01  6.267549282996e-02
 5.601626286498e+04  1.539585700000e+01  6.307236136948e-02
 5.601626975560e+04  1.540008300000e+01  6.291312421155e-02
 5.601627661779e+04  1.544705600000e+01  6.337493823498e-02
 5.601628353145e+04  1.541543500000e+01  6.309991149088e-02
 5.603312858664e+04  1.568018600000e+01  6.577149412016e-02
 5.603313366653e+04  1.568808200000e+01  6.580653054456e-02
 5.603313871853e+04  1.569811500000e+01  6.592739335513e-02
 5.603314381797e+04  1.571978900000e+01  6.616642469481e-02
 5.604614053572e+04  1.583281000000e+01  6.764104027306e-02
 5.604614622333e+04  1.588651000000e+01  6.828638078050e-02
 5.604615181296e+04  1.580350000000e+01  6.734376030731e-02
 5.604615749772e+04  1.595463600000e+01  6.918280408384e-02
 5.606320925823e+04  1.578399200000e+01  6.330586228514e-02
 5.606321606390e+04  1.577523200000e+01  6.328637128568e-02
 5.606322283782e+04  1.580535100000e+01  6.365811389128e-02
 5.606322964148e+04  1.579608900000e+01  6.361023342925e-02
 5.621051760156e+04  1.572888600000e+01  7.772690261726e-02
 5.621051915685e+04  1.543289900000e+01  7.252984195712e-02
 5.621052075207e+04  1.568820300000e+01  7.649326136376e-02
 5.621052231961e+04  1.560113400000e+01  7.451039731110e-02
 5.621051760156e+04  1.579423200000e+01  7.917059890721e-02
 5.621051915685e+04  1.569316500000e+01  7.722520921376e-02
 5.621052075207e+04  1.567319600000e+01  7.680958127260e-02
 5.621052231961e+04  1.548202800000e+01  7.356442049403e-02
 5.622348475505e+04  1.570779600000e+01  6.651563441189e-02
 5.622348986889e+04  1.571389900000e+01  6.652373993298e-02
 5.622349540377e+04  1.574900500000e+01  6.686752079162e-02
 5.622350059047e+04  1.572669300000e+01  6.659991219433e-02
