# time mag mag_err
 5.373243463218e+04  1.520129600000e+01  6.156617362550e-02
 5.373244115183e+04  1.522988800000e+01  6.160052699503e-02
 5.373244778757e+04  1.526913700000e+01  6.182798941552e-02
 5.373245454706e+04  1.528530200000e+01  6.186414813772e-02
 5.353319918892e+04  1.553972200000e+01  6.517062510401e-02
 5.353320689047e+04  1.558885500000e+01  6.588323930337e-02
 5.353321434164e+04  1.555901100000e+01  6.565435792694e-02
 5.353322184572e+04  1.558434300000e+01  6.610018494240e-02
 5.355116562972e+04  1.548678800000e+01  6.435817348015e-02
 5.355117202715e+04  1.539598500000e+01  6.352481833845e-02
 5.355117844946e+04  1.528067400000e+01  6.256066636786e-02
 5.355118484747e+04  1.513578600000e+01  6.142765427516e-02
 5.349818635635e+04  1.507382300000e+01  6.009948730871e-02
 5.349819281513e+04  1.509278800000e+01  6.022810620160e-02
 5.349819927066e+04  1.512665500000e+01  6.047993481317e-02
 5.349820571601e+04  1.515106300000e+01  6.068857201178e-02
 5.352119337698e+04  1.581002600000e+01  6.716412552891e-02
 5.352120147576e+04  1.576827300000e+01  6.717958372059e-02
 5.352120958242e+04  1.565839600000e+01  6.565955954638e-02
 5.352121765156e+04  1.550101500000e+01  6.437805590389e-02
 5.370449215541e+04  1.538724100000e+01  6.322310789054e-02
 5.370449868953e+04  1.539771900000e+01  6.361565384787e-02
 5.370450521740e+04  1.544462400000e+01  6.439422638176e-02
 5.370451181449e+04  1.545568100000e+01  6.419739488817e-02
 5.384529568775e+04  1.494392800000e+01  6.001165752178e-02
 5.384530263822e+04  1.495099600000e+01  6.009471718582e-02
 5.384530960083e+04  1.497588600000e+01  6.029596045123e-02
 5.384531655766e+04  1.500512500000e+01  6.053532305441e-02
 5.409544155826e+04  1.575291800000e+01  6.581213556135e-02
 5.409545344392e+04  1.574137400000e+01  6.547777423701e-02
 5.409546537346e+04  1.580555000000e+01  6.608170464205e-02
 5.409547726468e+04  1.580265500000e+01  6.599873110969e-02
 5.378836229757e+04  1.492600900000e+01  5.926674822218e-02
 5.378837273986e+04  1.503215200000e+01  6.001822098912e-02
 5.378838927795e+04  1.510285400000e+01  6.045328882450e-02
 5.378840583133e+04  1.518370900000e+01  6.106243086974e-02
 5.374247797779e+04  1.584257400000e+01  6.708808335467e-02
 5.374248665113e+04  1.586162400000e+01  6.729019391499e-02
 5.374249530816e+04  1.582914900000e+01  6.690897995676e-02
 5.374250394552e+04  1.590074100000e+01  6.773025510087e-02
 5.375840705220e+04  1.506516500000e+01  6.022632693276e-02
 5.375841300042e+04  1.509269000000e+01  6.041962205388e-02
 5.375841899505e+04  1.509184000000e+01  6.040178702684e-02
 5.375842493874e+04  1.513105100000e+01  6.067295953184e-02
 5.376547115988e+04  1.567595500000e+01  6.588461971586e-02
 5.376547713193e+04  1.565836300000e+01  6.571682302003e-02
 5.376548313409e+04  1.570241600000e+01  6.639943409210e-02
 5.376548919585e+04  1.568849800000e+01  6.619651266171e-02
 5.390421388837e+04  1.488214500000e+01  8.835917269124e-02
 5.390421485127e+04  1.486184600000e+01  8.792510906779e-02
 5.390421580421e+04  1.489546200000e+01  8.880928816560e-02
 5.390421676653e+04  1.488755500000e+01  8.870269700528e-02
 5.390717999882e+04  1.502663500000e+01  6.100579174847e-02
 5.390718806149e+04  1.507348900000e+01  6.141452546021e-02
 5.390719609049e+04  1.511051700000e+01  6.179915055599e-02
 5.390720413891e+04  1.514543100000e+01  6.217368212124e-02
 5.380341220395e+04  1.580581700000e+01  7.346929085493e-02
 5.380341864315e+04  1.578205000000e+01  7.306449660054e-02
 5.380342503838e+04  1.579929600000e+01  7.306501188610e-02
 5.380343143279e+04  1.572386300000e+01  7.199927973465e-02
 5.381643722914e+04  1.539564100000e+01  6.799495618076e-02
 5.381644230139e+04  1.543121900000e+01  6.852620339293e-02
 5.381644735350e+04  1.540341900000e+01  6.826022906251e-02
 5.381645246231e+04  1.545197800000e+01  6.898446849886e-02
 5.387621795675e+04  1.505916500000e+01  6.105217194379e-02
 5.387622556396e+04  1.502389200000e+01  6.083495693291e-02
 5.387623312035e+04  1.498441600000e+01  6.056510134672e-02
 5.387624067015e+04  1.505136300000e+01  6.110552418837e-02
 5.388620481672e+04  1.552980500000e+01  6.505598271057e-02
 5.388621390931e+04  1.554456900000e+01  6.528434870821e-02
 5.388622300524e+04  1.557883000000e+01  6.567793611137e-02
 5.388623210245e+04  1.556199400000e+01  6.559796013381e-02
 5.406649498227e+04  1.572691900000e+01  6.539347244306e-02
 5.406650553176e+04  1.578617000000e+01  6.591206060356e-02
 5.406651509844e+04  1.578636800000e+01  6.618983241832e-02
 5.419725753534e+04  1.580058200000e+01  6.642440552046e-02
 5.419726407050e+04  1.577717200000e+01  6.615108924553e-02
 5.419727059015e+04  1.579725300000e+01  6.637486049347e-02
 5.419727708006e+04  1.577475200000e+01  6.613465764218e-02
 5.420622561552e+04  1.517274600000e+01  6.133621584259e-02
 5.420623095861e+04  1.519726400000e+01  6.157884337992e-02
 5.420623632161e+04  1.523129000000e+01  6.180245027225e-02
 5.420624167164e+04  1.522164900000e+01  6.171955319242e-02
 5.411539064205e+04  1.516625000000e+01  6.022363221544e-02
 5.411540092046e+04  1.518718300000e+01  6.033108978973e-02
 5.411541124516e+04  1.524946900000e+01  6.074304639116e-02
 5.411542159880e+04  1.529054200000e+01  6.101188694487e-02
 5.426117674811e+04  1.491778500000e+01  5.924201980085e-02
 5.426118315016e+04  1.497892500000e+01  5.964712127360e-02
 5.426118954574e+04  1.497831300000e+01  5.967558452322e-02
 5.426119594686e+04  1.503990300000e+01  6.012670734044e-02
 5.422919054422e+04  1.597029100000e+01  7.859460247365e-02
 5.423922566558e+04  1.561144700000e+01  6.643421451329e-02
 5.423923538030e+04  1.566123100000e+01  6.713313178568e-02
 5.423924508598e+04  1.564709400000e+01  6.708035860726e-02
 5.423925478184e+04  1.566322200000e+01  6.747615030099e-02
 5.456235374059e+04  1.569950700000e+01  6.291484967634e-02
 5.456235891735e+04  1.574114600000e+01  6.335458102969e-02
 5.456236406286e+04  1.570145500000e+01  6.300786061800e-02
 5.456236919622e+04  1.573849600000e+01  6.335061605110e-02
 5.456832233502e+04  1.584467600000e+01  6.672406639353e-02
 5.456832849459e+04  1.584862000000e+01  6.678570909220e-02
 5.456833463853e+04  1.583783400000e+01  6.676907733772e-02
 5.456834074948e+04  1.587273500000e+01  6.712190878667e-02
 5.483046708605e+04  1.580115500000e+01  6.559956362248e-02
 5.483047236167e+04  1.580335000000e+01  6.567737293101e-02
 5.483047764317e+04  1.577902000000e+01  6.536042106355e-02
 5.483048287006e+04  1.583739100000e+01  6.600574983578e-02
 5.448344971814e+04  1.584245600000e+01  6.630819787973e-02
 5.448345627066e+04  1.583254700000e+01  6.618331023958e-02
 5.448346289922e+04  1.583660400000e+01  6.621613462028e-02
 5.448346953938e+04  1.586098800000e+01  6.648528085334e-02
 5.449548888352e+04  1.546212100000e+01  6.243888405142e-02
 5.449549555201e+04  1.545151700000e+01  6.239247372277e-02
 5.449550224402e+04  1.548485000000e+01  6.268533915859e-02
 5.449550885047e+04  1.553316500000e+01  6.282958383744e-02
 5.462518124907e+04  1.568666900000e+01  6.555662295651e-02
 5.462518847247e+04  1.566131500000e+01  6.529740082417e-02
 5.462519564806e+04  1.570347400000e+01  6.576970763702e-02
 5.462520279124e+04  1.571954200000e+01  6.596829988818e-02
 5.453227031061e+04  1.529942100000e+01  5.681263010385e-02
 5.453228281343e+04  1.536066200000e+01  5.701491441868e-02
 5.453229526602e+04  1.539569800000e+01  5.728103844022e-02
 5.453230776212e+04  1.544084500000e+01  5.751482459765e-02
 5.455530168192e+04  1.512418700000e+01  6.013380859197e-02
 5.455530908414e+04  1.516949600000e+01  6.044511781794e-02
 5.455531648185e+04  1.519150800000e+01  6.055624338626e-02
 5.455532389750e+04  1.522793100000e+01  6.088030328220e-02
 5.458717873726e+04  1.496541100000e+01  5.911839753153e-02
 5.458718410998e+04  1.498157800000e+01  5.921188502705e-02
 5.458718948675e+04  1.496681000000e+01  5.912693136390e-02
 5.458719487451e+04  1.504383400000e+01  5.963980394367e-02
 5.480048963266e+04  1.573096400000e+01  6.525202643606e-02
 5.480049646297e+04  1.542434000000e+01  6.226225116205e-02
 5.480050327731e+04  1.576505000000e+01  6.549889494301e-02
 5.480051008228e+04  1.576825500000e+01  6.541236437321e-02
 5.492424107609e+04  1.573902000000e+01  6.560151472371e-02
 5.492424831858e+04  1.581365100000e+01  6.648108991386e-02
 5.492425563597e+04  1.581028500000e+01  6.642236724086e-02
 5.492426289307e+04  1.580726500000e+01  6.638686325209e-02
 5.494825881791e+04  1.570667600000e+01  6.559210882383e-02
 5.494826604918e+04  1.570654800000e+01  6.563912860681e-02
 5.494827336485e+04  1.570559700000e+01  6.563135155840e-02
 5.494828069520e+04  1.572736200000e+01  6.588658085449e-02
 5.485052655144e+04  1.561571600000e+01  6.651849377879e-02
 5.485053067212e+04  1.562871000000e+01  6.665799729004e-02
 5.485053494178e+04  1.562081600000e+01  6.663180111977e-02
 5.485053918806e+04  1.559740800000e+01  6.640686176529e-02
 5.499716034917e+04  1.490430100000e+01  6.220537712140e-02
 5.499716518980e+04  1.490537400000e+01  6.218534221611e-02
 5.499716996448e+04  1.492760200000e+01  6.250862375266e-02
 5.499717481818e+04  1.494771600000e+01  6.262336849221e-02
 5.496625774597e+04  1.514558900000e+01  6.073862871403e-02
 5.496626567324e+04  1.512289900000e+01  6.061947367027e-02
 5.496627363140e+04  1.518727100000e+01  6.114987544839e-02
 5.496628150391e+04  1.525912700000e+01  6.172050226307e-02
 5.497821476453e+04  1.562968700000e+01  6.531168121336e-02
 5.497822257801e+04  1.566490700000e+01  6.557729551770e-02
 5.497823042519e+04  1.568065000000e+01  6.949847907179e-02
 5.497922136748e+04  1.573848400000e+01  6.630341581585e-02
 5.497922863809e+04  1.574322400000e+01  6.639724650543e-02
 5.497923595676e+04  1.575858200000e+01  6.677401346865e-02
 5.497924327382e+04  1.611319000000e+01  7.709726283748e-02
 5.529023298582e+04  1.584641400000e+01  6.714419847102e-02
 5.529023930199e+04  1.569562900000e+01  6.549148114755e-02
 5.529024565757e+04  1.560979700000e+01  6.460462302767e-02
 5.529025202368e+04  1.546890100000e+01  6.320283887614e-02
 5.553547199619e+04  1.564579300000e+01  6.149583623490e-02
 5.553548716039e+04  1.570050400000e+01  6.182277483622e-02
 5.553549469893e+04  1.569813400000e+01  6.188716134772e-02
 5.554548240824e+04  1.591502800000e+01  6.818536087447e-02
 5.554549872262e+04  1.588639600000e+01  6.776257086550e-02
 5.554550685915e+04  1.596752800000e+01  6.874073518693e-02
 5.524137340928e+04  1.562465600000e+01  6.507033429011e-02
 5.524138187539e+04  1.566572500000e+01  6.538279813823e-02
 5.524139022998e+04  1.568084700000e+01  6.556417720124e-02
 5.524139869983e+04  1.566996200000e+01  6.546177197622e-02
 5.535222590748e+04  1.530216700000e+01  6.208857108900e-02
 5.535223449751e+04  1.532092300000e+01  6.210832933320e-02
 5.535224196630e+04  1.535888400000e+01  6.249971599102e-02
 5.535224930382e+04  1.538257600000e+01  6.276836332181e-02
 5.526740598742e+04  1.569702200000e+01  6.545194308025e-02
 5.526741264568e+04  1.568311100000e+01  6.534791763240e-02
 5.526741922096e+04  1.573372500000e+01  6.590812377533e-02
 5.526742583425e+04  1.574849100000e+01  6.608603977598e-02
 5.565533548861e+04  1.575966900000e+01  6.351354099258e-02
 5.565534239671e+04  1.574674400000e+01  6.344333864402e-02
 5.565534936751e+04  1.574848900000e+01  6.346969263706e-02
 5.565535635230e+04  1.578157700000e+01  6.383847442806e-02
 5.566318369646e+04  1.572701900000e+01  6.685677583064e-02
 5.566318890598e+04  1.572243000000e+01  6.678134185795e-02
 5.566319409514e+04  1.574725600000e+01  6.705586369368e-02
 5.566319932098e+04  1.584964600000e+01  6.829732711263e-02
 5.567418653911e+04  1.577022300000e+01  6.858172490766e-02
 5.567419476488e+04  1.563953900000e+01  6.658057286970e-02
 5.567420301243e+04  1.548373300000e+01  6.671557050345e-02
 5.567421128289e+04  1.530482000000e+01  7.425565224395e-02
 5.560337695438e+04  1.578392000000e+01  6.341739770100e-02
 5.560338600785e+04  1.579966200000e+01  6.356516622527e-02
 5.560339508307e+04  1.584853400000e+01  6.403620516157e-02
 5.560340410236e+04  1.585923700000e+01  6.411430742254e-02
 5.556346644674e+04  1.569915200000e+01  6.565611469653e-02
 5.556347401566e+04  1.567678200000e+01  6.545788030510e-02
 5.556348215324e+04  1.572405900000e+01  6.594488492893e-02
 5.556348976417e+04  1.574372100000e+01  6.613533555465e-02
 5.557451617221e+04  1.575398600000e+01  6.611368343311e-02
 5.557452200181e+04  1.568081200000e+01  6.525421219337e-02
 5.557452781795e+04  1.563263700000e+01  6.468915057562e-02
 5.557453368135e+04  1.546981000000e+01  6.322272537051e-02
 5.558849408620e+04  1.563976100000e+01  6.522896051062e-02
 5.558849927513e+04  1.566777200000e+01  6.554935410325e-02
 5.558850451749e+04  1.564747000000e+01  6.536270946089e-02
 5.558850975872e+04  1.567474400000e+01  6.560939832392e-02
 5.562438377485e+04  1.572477500000e+01  6.333448911597e-02
 5.562439484478e+04  1.578461700000e+01  6.392792123064e-02
 5.562440591411e+04  1.577809600000e+01  6.387184388783e-02
 5.562441701922e+04  1.579321600000e+01  6.400498712878e-02
 5.563137450964e+04  1.588370300000e+01  6.489782765892e-02
 5.563138283497e+04  1.584483900000e+01  6.451657662042e-02
 5.563139123156e+04  1.585587000000e+01  6.466276769829e-02
 5.563139958906e+04  1.588060100000e+01  6.491825555900e-02
 5.568820002942e+04  1.569483000000e+01  6.665767299185e-02
 5.568820573745e+04  1.569027400000e+01  6.660368985602e-02
 5.568821142863e+04  1.565681300000e+01  6.623436060395e-02
 5.568821710194e+04  1.573818800000e+01  6.716030894372e-02
 5.346430541956e+04  1.507537300000e+01  5.979356393505e-02
 5.346431353177e+04  1.512964900000e+01  6.014899767782e-02
 5.346432168160e+04  1.514841100000e+01  6.030469749758e-02
 5.346432973490e+04  1.516553500000e+01  6.043143717358e-02
 5.422924407883e+04  1.480376400000e+01  5.850236959671e-02
 5.422925465979e+04  1.485123100000e+01  5.882512123649e-02
 5.422926390944e+04  1.491915700000e+01  5.931732293725e-02
 5.422927316963e+04  1.498440500000e+01  5.978001098309e-02
 5.592045119390e+04  1.572214900000e+01  6.583251098494e-02
 5.592046036892e+04  1.573254500000e+01  6.586727880637e-02
 5.592046965008e+04  1.579314900000e+01  6.647682350184e-02
 5.592047889324e+04  1.580513600000e+01  6.660368985602e-02
 5.592748125911e+04  1.590293700000e+01  6.795194007374e-02
 5.592749032498e+04  1.590240400000e+01  6.772138028725e-02
 5.592749965206e+04  1.589387700000e+01  6.754436177519e-02
 5.592750887337e+04  1.592045000000e+01  6.787451284142e-02
 5.595942273214e+04  1.592133200000e+01  6.795203588246e-02
 5.595942842052e+04  1.596343900000e+01  6.843263796298e-02
 5.595943412405e+04  1.592997400000e+01  6.795549988912e-02
 5.595943984773e+04  1.594878200000e+01  6.821514350794e-02
 5.599931301335e+04  1.510928900000e+01  6.034116367616e-02
 5.599931899814e+04  1.517639600000e+01  6.083869648402e-02
 5.599932508405e+04  1.517878200000e+01  6.084547881595e-02
 5.599933106142e+04  1.521616700000e+01  6.108307669182e-02
 5.600728336874e+04  1.558465300000e+01  6.158944227513e-02
 5.600729363240e+04  1.560215900000e+01  6.173512726247e-02
 5.600730401448e+04  1.562129200000e+01  6.188753820390e-02
 5.600731428248e+04  1.563837500000e+01  6.203150910709e-02
 5.601325276875e+04  1.576359600000e+01  6.695615592135e-02
 5.601325863698e+04  1.573817700000e+01  6.666748032647e-02
 5.601326454330e+04  1.579903300000e+01  6.733461399275e-02
 5.601327043086e+04  1.578181800000e+01  6.707658464550e-02
 5.602825226677e+04  1.505292700000e+01  6.022638063261e-02
 5.602825793649e+04  1.507259800000e+01  6.033062080143e-02
 5.602826360623e+04  1.509561600000e+01  6.051498214011e-02
 5.602826933672e+04  1.513945400000e+01  6.106143623367e-02
 5.603531351844e+04  1.568945500000e+01  6.585084871109e-02
 5.603531810976e+04  1.569544800000e+01  6.592724774117e-02
 5.603532270882e+04  1.567177800000e+01  6.572022780011e-02
 5.603532728454e+04  1.570188900000e+01  6.605351532315e-02
 5.604623601683e+04  1.585097600000e+01  6.796233470321e-02
 5.604624277727e+04  1.578996300000e+01  6.727714803255e-02
 5.604624950677e+04  1.581399200000e+01  6.753797803367e-02
 5.604625636650e+04  1.587368000000e+01  6.831151082093e-02
 5.606226548545e+04  1.554998600000e+01  6.381627558555e-02
 5.606227321630e+04  1.554319900000e+01  6.378646925325e-02
 5.606228202991e+04  1.558618700000e+01  6.424663832491e-02
 5.606228955933e+04  1.560612400000e+01  6.455342262488e-02
 5.606828005859e+04  1.578181100000e+01  6.658883232922e-02
 5.606828796147e+04  1.574261100000e+01  6.625807059296e-02
 5.606829593898e+04  1.578107500000e+01  6.677195634254e-02
 5.606830390032e+04  1.578150300000e+01  6.693391779931e-02
 5.607515709712e+04  1.577568900000e+01  6.848782240921e-02
 5.607516395661e+04  1.579150000000e+01  6.874647265993e-02
 5.607517093799e+04  1.577196200000e+01  6.853013415432e-02
 5.607517793280e+04  1.581238100000e+01  6.902329480532e-02
 5.609318991694e+04  1.550246400000e+01  6.378105080812e-02
 5.609319548331e+04  1.550808700000e+01  6.387339193299e-02
 5.609320108482e+04  1.550186100000e+01  6.392243067994e-02
 5.609320677689e+04  1.554296800000e+01  6.432375856378e-02
 5.610115700356e+04  1.569428000000e+01  6.704783117724e-02
 5.610116268638e+04  1.566482600000e+01  6.680163489596e-02
 5.610116845323e+04  1.573401000000e+01  6.771550070014e-02
 5.610117418176e+04  1.579340500000e+01  6.868084552055e-02
