# time mag mag_err
 5.370650723709e+04  1.614479300000e+01  1.107148952574e-01
 5.370651210331e+04  1.589014000000e+01  6.766167180664e-02
 5.370651714649e+04  1.581774700000e+01  6.825033277700e-02
 5.370652222267e+04  1.679785600000e+01  1.662787892716e-01
 5.352414170472e+04  1.587074100000e+01  6.702378397293e-02
 5.352414813155e+04  1.580831900000e+01  6.658730783246e-02
 5.352415455225e+04  1.582885000000e+01  6.690830956337e-02
 5.352416096691e+04  1.580329200000e+01  6.667648803279e-02
 5.353015724333e+04  1.571904200000e+01  6.577142293068e-02
 5.353016312615e+04  1.575691900000e+01  6.620289558331e-02
 5.353016902146e+04  1.574138100000e+01  6.604808462664e-02
 5.353017497535e+04  1.571621700000e+01  6.585851643050e-02
 5.349615021193e+04  1.565326400000e+01  6.485535483365e-02
 5.349615659814e+04  1.570762100000e+01  6.545439996652e-02
 5.349616295505e+04  1.568826000000e+01  6.520906330433e-02
 5.349616933846e+04  1.573671200000e+01  6.571271265770e-02
 5.384620820744e+04  1.555933900000e+01  6.467561161058e-02
 5.384621774947e+04  1.566919300000e+01  6.579748592369e-02
 5.384622652339e+04  1.562224400000e+01  6.535309055070e-02
 5.384623522545e+04  1.560119900000e+01  6.508574994130e-02
 5.409543716813e+04  1.558933800000e+01  6.379837408624e-02
 5.409544910506e+04  1.560517100000e+01  6.375068340758e-02
 5.409546100843e+04  1.561712500000e+01  6.376435428704e-02
 5.409547288089e+04  1.562985100000e+01  6.383762443447e-02
 5.377240984897e+04  1.564131400000e+01  6.488347302393e-02
 5.377241951080e+04  1.564108500000e+01  6.453435022591e-02
 5.377242916822e+04  1.564648400000e+01  6.462246194426e-02
 5.377243880921e+04  1.563729500000e+01  6.452907199884e-02
 5.377342223115e+04  1.579087400000e+01  6.655146211304e-02
 5.377342770271e+04  1.570561900000e+01  6.562351229732e-02
 5.377343319975e+04  1.582627800000e+01  6.694831385258e-02
 5.377343871495e+04  1.582421800000e+01  6.690906427186e-02
 5.374141534809e+04  1.553437900000e+01  6.352401133477e-02
 5.374142378347e+04  1.547169400000e+01  6.292693983573e-02
 5.374143225715e+04  1.552407300000e+01  6.338492205351e-02
 5.374144069183e+04  1.546837600000e+01  6.288663199601e-02
 5.375842662332e+04  1.573569000000e+01  6.584651248654e-02
 5.375843365052e+04  1.580518000000e+01  6.659300479188e-02
 5.375844068351e+04  1.580256600000e+01  6.657977154313e-02
 5.375844772760e+04  1.580679100000e+01  6.661366502837e-02
 5.376447337068e+04  1.587568500000e+01  9.124875333222e-02
 5.376447638183e+04  1.579092000000e+01  8.912255315802e-02
 5.376447940362e+04  1.577764100000e+01  8.845380713882e-02
 5.376448240539e+04  1.578515500000e+01  8.873407967739e-02
 5.390319773981e+04  1.565211200000e+01  1.160937186245e-01
 5.390319877169e+04  1.561921800000e+01  1.144355699630e-01
 5.390319976745e+04  1.558273500000e+01  1.130551330567e-01
 5.390320079089e+04  1.558126600000e+01  1.128976819298e-01
 5.387615790770e+04  1.547328400000e+01  6.439457551388e-02
 5.387616451891e+04  1.546190500000e+01  6.432169299026e-02
 5.387617113266e+04  1.547135200000e+01  6.442331098794e-02
 5.387617774711e+04  1.541173600000e+01  6.378604785075e-02
 5.405751847491e+04  1.587351000000e+01  6.876093910083e-02
 5.405752393860e+04  1.580759200000e+01  6.788566317599e-02
 5.405752946168e+04  1.584817300000e+01  6.829632217890e-02
 5.405753484817e+04  1.582034000000e+01  6.791308250502e-02
 5.406451409118e+04  1.557390200000e+01  6.433024772107e-02
 5.406451727837e+04  1.557515000000e+01  6.365090501180e-02
 5.406452049010e+04  1.559233800000e+01  6.844593773074e-02
 5.406452367591e+04  1.555843100000e+01  6.355553475860e-02
 5.445047216347e+04  1.583028000000e+01  6.597786448594e-02
 5.445047884830e+04  1.587804900000e+01  6.645214133794e-02
 5.445048552248e+04  1.585695500000e+01  6.619013623237e-02
 5.445049222397e+04  1.585249800000e+01  6.609876204985e-02
 5.412733483852e+04  1.579009400000e+01  6.758185982417e-02
 5.412734352645e+04  1.578805200000e+01  6.754162523192e-02
 5.412735214354e+04  1.576923400000e+01  6.722956346688e-02
 5.412736078297e+04  1.581359600000e+01  6.767075604307e-02
 5.417028211281e+04  1.582403500000e+01  6.624521162738e-02
 5.417028748160e+04  1.581628500000e+01  6.610280762261e-02
 5.417029284992e+04  1.579193800000e+01  6.584853557890e-02
 5.417029819301e+04  1.582938000000e+01  6.624222950616e-02
 5.423222186059e+04  1.588499700000e+01  6.808141240247e-02
 5.423222888142e+04  1.586086000000e+01  6.894593420116e-02
 5.423224320366e+04  1.579377100000e+01  6.737162385558e-02
 5.423225039013e+04  1.576240500000e+01  6.702088961034e-02
 5.442551204248e+04  1.575340600000e+01  8.422807649056e-02
 5.442551482086e+04  1.585011200000e+01  8.643258980770e-02
 5.442551756602e+04  1.580597400000e+01  8.537719063466e-02
 5.442552033734e+04  1.574056500000e+01  8.382949539181e-02
 5.456023450928e+04  1.579695100000e+01  6.575935514556e-02
 5.456023943047e+04  1.583047700000e+01  6.616929969296e-02
 5.456024432250e+04  1.581224100000e+01  6.598162004222e-02
 5.456024919392e+04  1.581147100000e+01  6.600767168951e-02
 5.456726011009e+04  1.589798900000e+01  6.704543937416e-02
 5.456726922304e+04  1.585875200000e+01  6.656920296945e-02
 5.456727836251e+04  1.592007700000e+01  6.731290224357e-02
 5.456728749062e+04  1.582542500000e+01  6.623695748854e-02
 5.458225737240e+04  1.583643000000e+01  6.710682752755e-02
 5.458226442425e+04  1.582922000000e+01  6.703306901463e-02
 5.458227144450e+04  1.584733600000e+01  6.732264264327e-02
 5.458227850550e+04  1.581577800000e+01  6.702037934814e-02
 5.449935126811e+04  1.583160900000e+01  6.604719214183e-02
 5.449935762573e+04  1.583409200000e+01  6.602329059469e-02
 5.449936398553e+04  1.580238600000e+01  6.565660749645e-02
 5.449937033920e+04  1.583779700000e+01  6.600693234165e-02
 5.452335148597e+04  1.572322300000e+01  6.420792307860e-02
 5.452335861654e+04  1.567051800000e+01  6.410100037308e-02
 5.452336573669e+04  1.574866500000e+01  6.485922122420e-02
 5.452337289676e+04  1.570630900000e+01  6.446372737259e-02
 5.453331624920e+04  1.592216800000e+01  6.728816517536e-02
 5.453332270138e+04  1.585233400000e+01  6.631638055100e-02
 5.453332913028e+04  1.589576900000e+01  6.678933715731e-02
 5.453333558801e+04  1.589786400000e+01  6.682181927656e-02
 5.459722432929e+04  1.580775000000e+01  6.695851824139e-02
 5.459723148822e+04  1.573053000000e+01  6.617573352294e-02
 5.459723862225e+04  1.577420100000e+01  6.677862401411e-02
 5.459724573742e+04  1.576716000000e+01  6.677574238417e-02
 5.494027700343e+04  1.562511600000e+01  6.410260701295e-02
 5.494028631514e+04  1.555955500000e+01  6.350580008464e-02
 5.494029564155e+04  1.561307300000e+01  6.404563943585e-02
 5.494030493718e+04  1.563735500000e+01  6.437886548341e-02
 5.486445218043e+04  1.578705900000e+01  6.504166348437e-02
 5.486445880368e+04  1.583036200000e+01  6.551649923545e-02
 5.486446553550e+04  1.585100500000e+01  6.573066317257e-02
 5.486447218420e+04  1.579897800000e+01  6.521169518825e-02
 5.485045508259e+04  1.582558900000e+01  6.575742831894e-02
 5.485046057223e+04  1.590207400000e+01  7.068589934949e-02
 5.485046829193e+04  1.574868000000e+01  6.493249943588e-02
 5.485047372334e+04  1.570959700000e+01  6.454812864391e-02
 5.489131491582e+04  1.563544300000e+01  6.383720051840e-02
 5.489132361313e+04  1.562148000000e+01  6.089182186695e-02
 5.489133238394e+04  1.562871300000e+01  6.091961559361e-02
 5.489134113332e+04  1.562373500000e+01  6.091157819119e-02
 5.490525811053e+04  1.584715800000e+01  6.622398405536e-02
 5.490526471573e+04  1.584226000000e+01  6.613940218958e-02
 5.490527132404e+04  1.578332400000e+01  6.551925407239e-02
 5.490527792681e+04  1.575486900000e+01  6.517540194673e-02
 5.496619099672e+04  1.581873900000e+01  6.665508149468e-02
 5.496619811770e+04  1.580883700000e+01  6.658778880511e-02
 5.496620527870e+04  1.573837400000e+01  6.575650201778e-02
 5.496621253580e+04  1.581672700000e+01  6.673068967802e-02
 5.529130210519e+04  1.568408100000e+01  6.521130059677e-02
 5.529130842149e+04  1.568074500000e+01  6.517350383428e-02
 5.529131480922e+04  1.570627600000e+01  6.545153412939e-02
 5.529132119900e+04  1.575283600000e+01  6.591432231406e-02
 5.530026412942e+04  1.561472900000e+01  6.409468927272e-02
 5.530027227056e+04  1.564602600000e+01  6.444363328042e-02
 5.530028039966e+04  1.568364200000e+01  6.483419002937e-02
 5.530028852385e+04  1.558878100000e+01  6.387494036915e-02
 5.554150568551e+04  1.585159500000e+01  7.123834138421e-02
 5.554151439360e+04  1.586459400000e+01  6.918616708000e-02
 5.554151873016e+04  1.588761500000e+01  6.895955890360e-02
 5.520450452456e+04  1.558833700000e+01  6.339960751487e-02
 5.520450927884e+04  1.557439100000e+01  6.328753332876e-02
 5.520451399275e+04  1.560215100000e+01  6.349420799811e-02
 5.520451876591e+04  1.556151900000e+01  6.314112872905e-02
 5.535218943986e+04  1.555436400000e+01  6.394059070199e-02
 5.535219681163e+04  1.555945100000e+01  6.405514394264e-02
 5.535220429665e+04  1.557106600000e+01  6.419683241728e-02
 5.535221172273e+04  1.554818900000e+01  6.399006235427e-02
 5.526733349344e+04  1.576270400000e+01  6.585431950219e-02
 5.526734108975e+04  1.578996100000e+01  6.616408094572e-02
 5.526734882958e+04  1.576067100000e+01  6.583532311108e-02
 5.526735652485e+04  1.577080100000e+01  6.594334656404e-02
 5.532620605318e+04  1.585253000000e+01  6.711647618688e-02
 5.532621349328e+04  1.581427000000e+01  6.669396779311e-02
 5.532622094530e+04  1.581341100000e+01  6.679247149359e-02
 5.532622836789e+04  1.589819500000e+01  6.782354174907e-02
 5.566418171125e+04  1.579409900000e+01  6.716065613372e-02
 5.566418683280e+04  1.576431100000e+01  6.681718146847e-02
 5.566419201194e+04  1.578849200000e+01  6.709925549404e-02
 5.566419718303e+04  1.575915200000e+01  6.672741801082e-02
 5.560238557572e+04  1.579592700000e+01  6.324575470307e-02
 5.560239640567e+04  1.579561100000e+01  6.326168801764e-02
 5.560240679770e+04  1.581446900000e+01  6.341685351406e-02
 5.560241725887e+04  1.579792900000e+01  6.327201269226e-02
 5.561740348862e+04  1.578771000000e+01  6.633858375008e-02
 5.561741093612e+04  1.580553300000e+01  6.657712795199e-02
 5.561741849323e+04  1.576331000000e+01  6.608566593961e-02
 5.561742600530e+04  1.581281800000e+01  6.664707086367e-02
 5.558844684605e+04  1.555851600000e+01  6.407756045040e-02
 5.558845209976e+04  1.554665400000e+01  6.393250079157e-02
 5.558845734851e+04  1.559085000000e+01  6.438871535968e-02
 5.558846257858e+04  1.553872000000e+01  6.385436410996e-02
 5.562631639310e+04  1.566670300000e+01  6.648994795892e-02
 5.562632220635e+04  1.563275800000e+01  6.543416524304e-02
 5.562632801557e+04  1.567668000000e+01  6.741213184229e-02
 5.562633380163e+04  1.563476400000e+01  6.736128517576e-02
 5.563337745395e+04  1.583724000000e+01  6.736903764155e-02
 5.563338551360e+04  1.575064400000e+01  6.642911216296e-02
 5.563339363590e+04  1.581287100000e+01  6.715588834370e-02
 5.563340173944e+04  1.579544400000e+01  6.705073523338e-02
 5.564419831507e+04  1.558652600000e+01  6.468957553595e-02
 5.564420459895e+04  1.555839100000e+01  6.440700717878e-02
 5.564421088920e+04  1.561096400000e+01  6.494519258644e-02
 5.564421711220e+04  1.557908400000e+01  6.461158447256e-02
 5.565025755990e+04  1.550670700000e+01  5.946992707872e-02
 5.565026708412e+04  1.552391200000e+01  5.956955046756e-02
 5.565027666251e+04  1.553441000000e+01  5.966200771454e-02
 5.565028628963e+04  1.552575500000e+01  5.959812112966e-02
 5.568915516553e+04  1.589727200000e+01  6.832057713102e-02
 5.568916035620e+04  1.587793400000e+01  6.803811346117e-02
 5.568916547961e+04  1.581227000000e+01  6.729416510889e-02
 5.568917063022e+04  1.586502400000e+01  6.800414956670e-02
 5.376448723850e+04  1.579049800000e+01  6.727327435048e-02
 5.376449306588e+04  1.575083600000e+01  6.960753524567e-02
 5.376450371409e+04  1.583019300000e+01  6.966253466846e-02
 5.376450978244e+04  1.584199400000e+01  6.859391838830e-02
 5.376451586422e+04  1.580181500000e+01  6.782221697660e-02
 5.595946692387e+04  1.593429000000e+01  6.761954266779e-02
 5.595947199973e+04  1.592445500000e+01  6.753141728954e-02
 5.595947705576e+04  1.590804400000e+01  6.733852022072e-02
 5.595948218093e+04  1.589843800000e+01  6.727935017077e-02
 5.597941278312e+04  1.557986400000e+01  6.130880523891e-02
 5.597942169324e+04  1.562091300000e+01  6.158695055492e-02
 5.597943051795e+04  1.562575600000e+01  6.165713879492e-02
 5.597943937304e+04  1.566137500000e+01  6.196861487249e-02
 5.598426622470e+04  1.589699800000e+01  6.767910834771e-02
 5.598427129378e+04  1.591435000000e+01  6.787794251022e-02
 5.598427637622e+04  1.591101300000e+01  6.779257152590e-02
 5.598428155907e+04  1.585846500000e+01  6.714428465712e-02
 5.599033965951e+04  1.583144300000e+01  6.663680675681e-02
 5.599034480700e+04  1.586951100000e+01  6.702787142052e-02
 5.599034998052e+04  1.580847000000e+01  6.633749876654e-02
 5.599035506734e+04  1.592471200000e+01  6.766389593099e-02
 5.600036011824e+04  1.552598900000e+01  6.347558653981e-02
 5.600036686397e+04  1.555016200000e+01  6.368196406013e-02
 5.600037362993e+04  1.551946300000e+01  6.344323961714e-02
 5.600038037686e+04  1.550244500000e+01  6.331490332543e-02
 5.603218116810e+04  1.563782200000e+01  6.545392157644e-02
 5.603218623630e+04  1.562137000000e+01  6.526986054761e-02
 5.603219133934e+04  1.567237900000e+01  6.578795148991e-02
 5.603219646471e+04  1.565150500000e+01  6.550837842798e-02
 5.604119725558e+04  1.560820600000e+01  6.494949169341e-02
 5.604120235758e+04  1.561981300000e+01  6.512441314883e-02
 5.604120741409e+04  1.560612000000e+01  6.490523768103e-02
 5.604121252684e+04  1.560170700000e+01  6.484825049985e-02
 5.604714113406e+04  1.552190900000e+01  6.401590378660e-02
 5.604714969140e+04  1.547444900000e+01  6.353273471689e-02
 5.604715834549e+04  1.553634200000e+01  6.413214999018e-02
 5.604716699507e+04  1.549105000000e+01  6.367400319754e-02
 5.606623625360e+04  1.582309900000e+01  6.634656882146e-02
 5.606624251737e+04  1.578767400000e+01  6.601588413266e-02
 5.606624866606e+04  1.582121800000e+01  6.643429349950e-02
 5.606625499359e+04  1.579196600000e+01  6.618732904477e-02
