# time mag mag_err
 5.346636992662e+04  1.604267800000e+01  6.864938486734e-02
 5.346637905335e+04  1.588166500000e+01  6.671410127976e-02
 5.346638814894e+04  1.576992800000e+01  6.548935503038e-02
 5.346639727116e+04  1.569170700000e+01  6.466307033752e-02
 5.348033434186e+04  1.608233600000e+01  6.983647528082e-02
 5.348034312703e+04  1.606578200000e+01  6.956156221028e-02
 5.348035185326e+04  1.602534300000e+01  6.904806773645e-02
 5.348036059525e+04  1.603012700000e+01  6.908209996758e-02
 5.355425846755e+04  1.572041600000e+01  6.686060593769e-02
 5.355426509612e+04  1.573136300000e+01  6.711354552338e-02
 5.355427164726e+04  1.574939300000e+01  6.738402994490e-02
 5.355427817559e+04  1.577392500000e+01  6.774382059991e-02
 5.356026050537e+04  1.554978200000e+01  6.455592301753e-02
 5.356026809671e+04  1.557593000000e+01  6.492077417146e-02
 5.356027563216e+04  1.559309400000e+01  6.516304261685e-02
 5.356028313589e+04  1.557584700000e+01  6.505836242982e-02
 5.352829394894e+04  1.613656100000e+01  7.113115169950e-02
 5.352830214031e+04  1.609235900000e+01  7.055014762966e-02
 5.352831030947e+04  1.609331600000e+01  7.062299762596e-02
 5.352831848292e+04  1.610069500000e+01  7.071303174866e-02
 5.353725406615e+04  1.571758800000e+01  6.642189718670e-02
 5.353726212429e+04  1.557118600000e+01  6.491064289114e-02
 5.353727013280e+04  1.547106400000e+01  6.394517971324e-02
 5.353727813678e+04  1.541427900000e+01  6.344836107422e-02
 5.349931665956e+04  1.610646800000e+01  7.026804625558e-02
 5.349932311288e+04  1.607368500000e+01  6.982860710158e-02
 5.349932956043e+04  1.613026400000e+01  7.058649729004e-02
 5.349933594951e+04  1.611573400000e+01  7.042823131586e-02
 5.350917142588e+04  1.589948100000e+01  6.810491686046e-02
 5.350917783962e+04  1.591745600000e+01  6.824473943171e-02
 5.350918427640e+04  1.582627300000e+01  6.705654758832e-02
 5.350919069293e+04  1.589655100000e+01  6.781871767529e-02
 5.352033606306e+04  1.622025000000e+01  7.336052421136e-02
 5.352034251303e+04  1.619603400000e+01  7.322808335460e-02
 5.352034894078e+04  1.611322000000e+01  7.335114507558e-02
 5.352035537837e+04  1.604068900000e+01  7.150637590814e-02
 5.383140954189e+04  1.623679600000e+01  7.322808335460e-02
 5.383141616653e+04  1.623783400000e+01  7.329786642733e-02
 5.383142272229e+04  1.615206700000e+01  7.199850997004e-02
 5.383142927991e+04  1.608104500000e+01  7.096471065078e-02
 5.384539286921e+04  1.612906800000e+01  7.214980858704e-02
 5.384540098928e+04  1.614018300000e+01  7.236270388019e-02
 5.384540906457e+04  1.611984200000e+01  7.225250133027e-02
 5.384541716162e+04  1.607717300000e+01  7.173467666519e-02
 5.378849627830e+04  1.585237300000e+01  6.731431876560e-02
 5.378850277006e+04  1.582471900000e+01  6.705483755081e-02
 5.378850943197e+04  1.597259700000e+01  6.886875653772e-02
 5.378851602882e+04  1.590839200000e+01  6.802509329463e-02
 5.390429618286e+04  1.615813200000e+01  1.353542086816e-01
 5.390429724565e+04  1.609958900000e+01  1.322633873574e-01
 5.390429831062e+04  1.615470500000e+01  1.355429667418e-01
 5.390429938001e+04  1.612297000000e+01  1.337690446723e-01
 5.379945641317e+04  1.612587900000e+01  7.376035164511e-02
 5.379946504277e+04  1.613613800000e+01  7.229385712001e-02
 5.379947371785e+04  1.608705800000e+01  7.283717366988e-02
 5.379948235589e+04  1.610440600000e+01  7.226183355339e-02
 5.381842600350e+04  1.616343000000e+01  7.227925867983e-02
 5.381843318001e+04  1.612524100000e+01  7.123550442805e-02
 5.381844033153e+04  1.614822700000e+01  7.188405289741e-02
 5.381844747969e+04  1.612665700000e+01  7.166503314716e-02
 5.385730594772e+04  1.585000300000e+01  7.073259774325e-02
 5.385731476274e+04  1.589121800000e+01  6.919357003005e-02
 5.385732351781e+04  1.584340800000e+01  6.935058153462e-02
 5.385733229777e+04  1.587533900000e+01  6.857870610336e-02
 5.386340473608e+04  1.595051200000e+01  1.222616694303e-01
 5.386340567038e+04  1.571222600000e+01  1.119349604965e-01
 5.386340654103e+04  1.582053600000e+01  1.164390008778e-01
 5.386340748529e+04  1.585583400000e+01  1.179311057431e-01
 5.387630817571e+04  1.599992400000e+01  7.073568357892e-02
 5.387631667057e+04  1.607187000000e+01  7.182447050950e-02
 5.387632513697e+04  1.603446500000e+01  7.139891711845e-02
 5.388222579987e+04  1.575266300000e+01  6.702914926180e-02
 5.388223434358e+04  1.577549800000e+01  6.724103740523e-02
 5.388224292120e+04  1.579336400000e+01  6.749389404904e-02
 5.388225144848e+04  1.580560200000e+01  6.755303397461e-02
 5.420133092933e+04  1.557652500000e+01  6.456283177901e-02
 5.420134024449e+04  1.563147800000e+01  6.505097115096e-02
 5.420134955780e+04  1.568026300000e+01  6.505591867679e-02
 5.420135884310e+04  1.564983900000e+01  6.517337220064e-02
 5.420742371756e+04  1.559607100000e+01  6.438245669530e-02
 5.421342452463e+04  1.543805100000e+01  6.352456638406e-02
 5.421343233301e+04  1.541995100000e+01  6.337798615303e-02
 5.421344014427e+04  1.548759700000e+01  6.408424038011e-02
 5.421344799756e+04  1.548439500000e+01  6.413304047230e-02
 5.426030412208e+04  1.604272700000e+01  6.970452560949e-02
 5.426031011718e+04  1.601865500000e+01  6.944580579366e-02
 5.426031609189e+04  1.604506600000e+01  6.979780922552e-02
 5.426032208050e+04  1.604987400000e+01  6.994077222561e-02
 5.427122766266e+04  1.613658900000e+01  7.159708408334e-02
 5.427123885060e+04  1.610102800000e+01  7.113451799309e-02
 5.427124632933e+04  1.611017000000e+01  7.129383844038e-02
 5.427125381998e+04  1.608206900000e+01  7.093763115867e-02
 5.417041954245e+04  1.586139400000e+01  6.677952958168e-02
 5.417042605123e+04  1.587797000000e+01  6.693080631994e-02
 5.417043258662e+04  1.585586400000e+01  6.668420647143e-02
 5.417043911368e+04  1.587962100000e+01  6.694713463966e-02
 5.417244600988e+04  1.587132000000e+01  6.670912342802e-02
 5.417245144766e+04  1.587539300000e+01  6.673510907701e-02
 5.417245697802e+04  1.587589900000e+01  6.678183582792e-02
 5.417246240689e+04  1.587125500000e+01  6.671255026748e-02
 5.418537497187e+04  1.602269500000e+01  6.923429437519e-02
 5.418538419549e+04  1.604325500000e+01  6.946375218291e-02
 5.418539339119e+04  1.608647800000e+01  7.004795901738e-02
 5.418540264339e+04  1.608396400000e+01  6.998008831148e-02
 5.423129317888e+04  1.607305200000e+01  7.003840729632e-02
 5.423130130023e+04  1.607190600000e+01  7.003245869922e-02
 5.423130940873e+04  1.607595900000e+01  7.003915191544e-02
 5.423131750740e+04  1.610078800000e+01  7.047085513585e-02
 5.424031087752e+04  1.622709700000e+01  7.270588123202e-02
 5.424031895721e+04  1.625865200000e+01  7.327519402628e-02
 5.424032703609e+04  1.620043500000e+01  7.243575294176e-02
 5.424033514297e+04  1.625236400000e+01  7.319354838082e-02
 5.456345621799e+04  1.611239100000e+01  7.024338601081e-02
 5.456346238009e+04  1.610774700000e+01  7.024275136874e-02
 5.456346859973e+04  1.611716400000e+01  7.039872443496e-02
 5.456347473823e+04  1.611838300000e+01  7.049955929101e-02
 5.456935712919e+04  1.604284200000e+01  6.892059819562e-02
 5.456936263838e+04  1.600039300000e+01  6.838118247298e-02
 5.456936816399e+04  1.611860000000e+01  6.989516877540e-02
 5.456937367145e+04  1.601515200000e+01  6.852175771642e-02
 5.458439419323e+04  1.611943400000e+01  7.030925797409e-02
 5.458440438448e+04  1.612547000000e+01  7.042201132486e-02
 5.458441459286e+04  1.616753300000e+01  7.102423885253e-02
 5.458442480587e+04  1.621103300000e+01  7.172375602295e-02
 5.449850176024e+04  1.603908000000e+01  6.854525584772e-02
 5.449850796692e+04  1.604302100000e+01  6.855926301815e-02
 5.449851422777e+04  1.604591000000e+01  6.858162117721e-02
 5.449852046639e+04  1.606025900000e+01  6.875731955610e-02
 5.450647201785e+04  1.581889600000e+01  6.607147486892e-02
 5.450648037509e+04  1.587822500000e+01  6.673584537067e-02
 5.450648876093e+04  1.586622200000e+01  6.653782615709e-02
 5.450649715602e+04  1.588774200000e+01  6.676258365802e-02
 5.451047927915e+04  1.580283100000e+01  6.583200614802e-02
 5.451048577497e+04  1.583321100000e+01  6.615947103598e-02
 5.451049229635e+04  1.583505800000e+01  6.613721816884e-02
 5.451049882492e+04  1.580862700000e+01  6.584983710637e-02
 5.462429977376e+04  1.611846700000e+01  6.657504599150e-02
 5.462430822348e+04  1.604520900000e+01  6.586104994684e-02
 5.462431667552e+04  1.590096100000e+01  6.445100701198e-02
 5.462432514435e+04  1.576214500000e+01  6.317707880857e-02
 5.452935640762e+04  1.578920200000e+01  6.609913658288e-02
 5.452936674123e+04  1.578182600000e+01  6.599002305192e-02
 5.452937708596e+04  1.579155600000e+01  6.595926177797e-02
 5.452938747872e+04  1.582407800000e+01  6.632550081131e-02
 5.455539196894e+04  1.610020500000e+01  6.965624813591e-02
 5.455539906212e+04  1.611478000000e+01  6.980758078828e-02
 5.455540616710e+04  1.612583600000e+01  6.997417850039e-02
 5.455541329257e+04  1.613207300000e+01  6.999352063759e-02
 5.459134274686e+04  1.553039300000e+01  6.342031860259e-02
 5.459135081486e+04  1.557190800000e+01  6.384011981354e-02
 5.459135886699e+04  1.557432700000e+01  6.386837602034e-02
 5.459136695420e+04  1.560616500000e+01  6.419925184043e-02
 5.459823935338e+04  1.584206200000e+01  6.723937189089e-02
 5.459925679159e+04  1.605750900000e+01  7.012387607799e-02
 5.459926383801e+04  1.613950900000e+01  7.137598987454e-02
 5.459927086127e+04  1.617650800000e+01  7.188618300777e-02
 5.459927792794e+04  1.613888300000e+01  7.132114024518e-02
 5.492434881139e+04  1.602984300000e+01  6.922223614435e-02
 5.492435360259e+04  1.604760400000e+01  6.941694044925e-02
 5.492435832993e+04  1.606214000000e+01  6.951735481589e-02
 5.492436321571e+04  1.611509600000e+01  7.017800677327e-02
 5.494141555983e+04  1.619461200000e+01  7.105116246005e-02
 5.494142247211e+04  1.618348400000e+01  7.091693039566e-02
 5.494142944480e+04  1.620913400000e+01  7.132944823237e-02
 5.494143632802e+04  1.617920400000e+01  7.096388389651e-02
 5.494939096287e+04  1.609133200000e+01  6.988688141331e-02
 5.494939903690e+04  1.609669000000e+01  7.003369770376e-02
 5.494940721858e+04  1.610168200000e+01  7.010973972765e-02
 5.494941530336e+04  1.611060400000e+01  7.022880089165e-02
 5.488948000167e+04  1.626055600000e+01  7.123238451560e-02
 5.488948801340e+04  1.622872000000e+01  7.080804159076e-02
 5.488949595593e+04  1.618499500000e+01  7.020728479944e-02
 5.488950393016e+04  1.609282200000e+01  6.894244969662e-02
 5.504018101933e+04  1.575638800000e+01  6.632635206731e-02
 5.504018590267e+04  1.576030500000e+01  6.647082209285e-02
 5.504019077169e+04  1.578300100000e+01  6.676611757832e-02
 5.504019551453e+04  1.577364900000e+01  6.664593837748e-02
 5.499627524314e+04  1.563368100000e+01  6.468398681462e-02
 5.499628164451e+04  1.565738300000e+01  6.491039113039e-02
 5.499628798024e+04  1.567895600000e+01  6.511260281749e-02
 5.499629438249e+04  1.568678900000e+01  6.526110394318e-02
 5.500428007887e+04  1.541231200000e+01  6.262975464987e-02
 5.500428722773e+04  1.538635300000e+01  6.245333911654e-02
 5.500429442020e+04  1.542255600000e+01  6.280187242552e-02
 5.500430175888e+04  1.541259500000e+01  6.273566725861e-02
 5.490841998096e+04  1.575253100000e+01  6.526640992320e-02
 5.490843292409e+04  1.564599000000e+01  6.431274923571e-02
 5.490844594962e+04  1.551265700000e+01  6.291707510541e-02
 5.490845883417e+04  1.534688800000e+01  6.160295413224e-02
 5.491743603259e+04  1.587456900000e+01  6.698624926641e-02
 5.491744089975e+04  1.582670500000e+01  6.648860260058e-02
 5.491744573726e+04  1.587371300000e+01  6.692786439073e-02
 5.491745047118e+04  1.587928400000e+01  6.695649287866e-02
 5.496440589672e+04  1.606798100000e+01  7.331318608573e-02
 5.496441126738e+04  1.583272700000e+01  6.994150727597e-02
 5.496441653675e+04  1.584265000000e+01  7.014029286104e-02
 5.496442186435e+04  1.573826400000e+01  6.876338804098e-02
 5.497421873442e+04  1.602070000000e+01  6.904409949325e-02
 5.497422413758e+04  1.606546000000e+01  6.963883532799e-02
 5.497422964178e+04  1.602476300000e+01  6.906550820016e-02
 5.497423505063e+04  1.600575400000e+01  7.166577606240e-02
 5.498125723990e+04  1.622098700000e+01  7.191406289008e-02
 5.498127560752e+04  1.606857200000e+01  6.972195330879e-02
 5.529537573131e+04  1.592940000000e+01  6.770869251399e-02
 5.529538289336e+04  1.600011200000e+01  6.858776692841e-02
 5.529539008973e+04  1.601828800000e+01  6.876168462319e-02
 5.529539731399e+04  1.600514600000e+01  6.861940698362e-02
 5.536521149272e+04  1.617618400000e+01  7.111196242160e-02
 5.536521653370e+04  1.617576200000e+01  7.104866134906e-02
 5.536522167360e+04  1.612195900000e+01  7.037202018584e-02
 5.536522681483e+04  1.610320500000e+01  7.006572522655e-02
 5.527246742050e+04  1.602230200000e+01  6.850214254966e-02
 5.527247439825e+04  1.602151300000e+01  6.855697850194e-02
 5.527248129551e+04  1.605997900000e+01  6.899782870864e-02
 5.527248821656e+04  1.606224700000e+01  6.906727704909e-02
 5.532234631318e+04  1.595394200000e+01  6.805232548177e-02
 5.532235258468e+04  1.595844200000e+01  6.806236669948e-02
 5.532235895029e+04  1.593933000000e+01  6.785235560908e-02
 5.532236526913e+04  1.597219200000e+01  6.832763586080e-02
 5.532933548795e+04  1.611440200000e+01  7.008091170637e-02
 5.532934182230e+04  1.612878400000e+01  7.008178409801e-02
 5.532934820620e+04  1.609735700000e+01  6.983235942629e-02
 5.532935459705e+04  1.609824400000e+01  7.008614615730e-02
 5.533435112082e+04  1.569336600000e+01  6.552593865169e-02
 5.533435742833e+04  1.568040700000e+01  6.563632495013e-02
 5.533436370457e+04  1.573224800000e+01  8.100360609131e-02
 5.533437678788e+04  1.582131500000e+01  7.355069899144e-02
 5.534731514758e+04  1.594060400000e+01  7.118444870627e-02
 5.534732069277e+04  1.594068600000e+01  7.117260884838e-02
 5.534732629862e+04  1.595142500000e+01  7.133088121047e-02
 5.534733189196e+04  1.597812800000e+01  7.175895809375e-02
 5.565443784257e+04  1.606700900000e+01  7.262682863110e-02
 5.565444298762e+04  1.606293200000e+01  7.195596230902e-02
 5.565444812613e+04  1.606746400000e+01  7.377731081585e-02
 5.565445422701e+04  1.608844100000e+01  7.727139452298e-02
 5.567443067924e+04  1.556390300000e+01  6.493060700406e-02
 5.567443873196e+04  1.563420800000e+01  6.578172155804e-02
 5.567444676813e+04  1.561320700000e+01  6.552862860561e-02
 5.567445481808e+04  1.565082400000e+01  6.600331109872e-02
 5.568035272317e+04  1.618333700000e+01  6.798258656801e-02
 5.568035996720e+04  1.609997700000e+01  6.694612344812e-02
 5.568036723737e+04  1.601620500000e+01  6.602262340261e-02
 5.568037452569e+04  1.591194700000e+01  6.489280901582e-02
 5.560348035675e+04  1.552370000000e+01  6.390512795234e-02
 5.560348728464e+04  1.546004700000e+01  6.327964653819e-02
 5.560349424822e+04  1.539199900000e+01  6.266184065229e-02
 5.560350124424e+04  1.538357600000e+01  6.256984322093e-02
 5.571320315502e+04  1.612850300000e+01  7.491785207167e-02
 5.571320826905e+04  1.622314000000e+01  8.780109886164e-02
 5.571321341910e+04  1.608386300000e+01  7.334336431312e-02
 5.571321855361e+04  1.613955800000e+01  7.548156828149e-02
 5.563446083047e+04  1.606717300000e+01  7.043069521611e-02
 5.563446954633e+04  1.596963200000e+01  7.094573320284e-02
 5.563447817315e+04  1.586441000000e+01  6.780200031551e-02
 5.563448691839e+04  1.582942500000e+01  6.740164851338e-02
 5.564741622047e+04  1.562994000000e+01  6.547510434599e-02
 5.564742140617e+04  1.560024800000e+01  6.514295047049e-02
 5.564742655075e+04  1.563929100000e+01  6.551725643507e-02
 5.564743177175e+04  1.566454200000e+01  6.576306541874e-02
 5.568735010041e+04  1.583162800000e+01  6.843059380646e-02
 5.568735620106e+04  1.579831400000e+01  6.794376869954e-02
 5.568736234791e+04  1.584075200000e+01  6.848771988453e-02
 5.568736848122e+04  1.585174200000e+01  6.862484849522e-02
 5.569433784912e+04  1.614063500000e+01  7.551284417937e-02
 5.569434613278e+04  1.608853600000e+01  7.469763642821e-02
 5.569435447778e+04  1.611995200000e+01  7.519433420862e-02
 5.569436280609e+04  1.603895900000e+01  7.391439515358e-02
 5.570131574082e+04  1.566302700000e+01  6.574474532922e-02
 5.570132449486e+04  1.553340900000e+01  6.442867779207e-02
 5.570133328431e+04  1.545577700000e+01  6.368895119759e-02
 5.570134207806e+04  1.547979900000e+01  6.397349159604e-02
 5.420743140382e+04  1.565703900000e+01  6.520360622606e-02
 5.420743818622e+04  1.567377000000e+01  6.543328176093e-02
 5.420744484639e+04  1.566976800000e+01  6.538968719577e-02
 5.420745158376e+04  1.572784900000e+01  6.607535604013e-02
 5.592653347241e+04  1.612829800000e+01  7.096471065078e-02
 5.592653682268e+04  1.615323600000e+01  7.125140299971e-02
 5.592654030492e+04  1.611368800000e+01  7.065725247680e-02
 5.592654372779e+04  1.609744700000e+01  7.040790322639e-02
 5.596743352928e+04  1.596580800000e+01  6.873245568037e-02
 5.596743580971e+04  1.597376500000e+01  6.877799194959e-02
 5.596743803691e+04  1.582919500000e+01  6.701127948755e-02
 5.596744029940e+04  1.593814300000e+01  6.827995986677e-02
 5.598743577270e+04  1.568454600000e+01  6.627555941834e-02
 5.598744150722e+04  1.566629100000e+01  6.595001621978e-02
 5.598744723587e+04  1.564765100000e+01  6.573727422860e-02
 5.598745287215e+04  1.558943700000e+01  6.502967839498e-02
 5.600340818043e+04  1.614383300000e+01  7.089258734896e-02
 5.600341677704e+04  1.614384600000e+01  7.094271118245e-02
 5.600342541163e+04  1.613181500000e+01  7.070955254459e-02
 5.600343393753e+04  1.612727100000e+01  7.066430546049e-02
 5.601439526911e+04  1.595012000000e+01  6.499188216108e-02
 5.601440352299e+04  1.580316400000e+01  6.354253191575e-02
 5.601441170898e+04  1.568275200000e+01  6.246988772232e-02
 5.601441994448e+04  1.562099100000e+01  6.192220978070e-02
 5.603544409536e+04  1.561684000000e+01  6.486552515751e-02
 5.603545009319e+04  1.562279500000e+01  6.497103326588e-02
 5.603545608516e+04  1.568013500000e+01  6.559642777874e-02
 5.603546224087e+04  1.566805900000e+01  6.548990290738e-02
 5.604239168735e+04  1.599313600000e+01  6.929325694468e-02
 5.604239677992e+04  1.600947200000e+01  6.952307285705e-02
 5.604240198029e+04  1.600991000000e+01  6.969594377241e-02
 5.604240708075e+04  1.600556700000e+01  7.039756246215e-02
 5.606037515111e+04  1.564580600000e+01  6.476077286204e-02
 5.606038359042e+04  1.568107000000e+01  6.547339360165e-02
 5.606039209862e+04  1.565560800000e+01  6.485660196328e-02
 5.606040070536e+04  1.570910300000e+01  6.527809764115e-02
 5.606939437194e+04  1.597790600000e+01  6.868706724623e-02
 5.606940230948e+04  1.601964500000e+01  6.931657205714e-02
 5.606941026251e+04  1.605500600000e+01  6.990309822193e-02
 5.606941828823e+04  1.602414300000e+01  6.958928105145e-02
 5.608827109859e+04  1.595046100000e+01  6.776116301441e-02
 5.608827618148e+04  1.598655600000e+01  6.819904771934e-02
 5.608828145061e+04  1.599452100000e+01  6.832460992359e-02
 5.608828653245e+04  1.605991500000e+01  6.917384274706e-02
 5.609530951171e+04  1.625190300000e+01  7.318849953918e-02
 5.609531756057e+04  1.622003400000e+01  7.289309236100e-02
 5.609532561331e+04  1.625872800000e+01  7.367030746284e-02
 5.609533377557e+04  1.623488300000e+01  7.334053738270e-02
