# time mag mag_err
 5.370548265605e+04  1.566934100000e+01  6.665127777406e-02
 5.370548935720e+04  1.561685500000e+01  6.542899751324e-02
 5.370549610742e+04  1.562229400000e+01  6.534697717099e-02
 5.370550303981e+04  1.560194100000e+01  6.517808579235e-02
 5.373144475425e+04  1.566564700000e+01  6.519519753568e-02
 5.373145035684e+04  1.565921100000e+01  6.508465150482e-02
 5.353320026896e+04  1.563086300000e+01  6.647666536399e-02
 5.353320794735e+04  1.562280700000e+01  6.648543840800e-02
 5.353321540281e+04  1.566348600000e+01  6.713823036867e-02
 5.353322296800e+04  1.561444700000e+01  6.842129988634e-02
 5.349816519847e+04  1.555124600000e+01  6.406829809064e-02
 5.349817169683e+04  1.560336400000e+01  6.464952578803e-02
 5.349817822609e+04  1.558790200000e+01  6.454153269026e-02
 5.349818472815e+04  1.560036400000e+01  6.459754858532e-02
 5.384526653272e+04  1.558605000000e+01  6.555676094519e-02
 5.384527402267e+04  1.561582100000e+01  6.592951367605e-02
 5.384528155858e+04  1.559978000000e+01  6.578630342706e-02
 5.384528907736e+04  1.559478700000e+01  6.578881065227e-02
 5.409446191105e+04  1.571350500000e+01  6.486134298694e-02
 5.409447294483e+04  1.569178300000e+01  6.463209294379e-02
 5.409448301072e+04  1.566426200000e+01  6.430725177326e-02
 5.409449305994e+04  1.567072200000e+01  6.435280861761e-02
 5.377240287976e+04  1.570510900000e+01  6.587010577694e-02
 5.377241254448e+04  1.566143100000e+01  6.506994800631e-02
 5.377242223431e+04  1.561248300000e+01  6.457870277026e-02
 5.377243187877e+04  1.564672300000e+01  6.491643115325e-02
 5.378836344044e+04  1.569154400000e+01  6.575635855659e-02
 5.378837380126e+04  1.574085700000e+01  6.690680119693e-02
 5.378839033796e+04  1.571569500000e+01  6.600959479291e-02
 5.378840689874e+04  1.570317800000e+01  6.586662637407e-02
 5.374247688583e+04  1.572396600000e+01  6.571228639526e-02
 5.374248559530e+04  1.569283600000e+01  6.538880819228e-02
 5.374249422640e+04  1.568730000000e+01  6.532639345271e-02
 5.374250287312e+04  1.564672900000e+01  6.488986284705e-02
 5.376541250986e+04  1.572868200000e+01  6.629894546842e-02
 5.376541958833e+04  1.571407600000e+01  6.640654856071e-02
 5.376542666253e+04  1.575503300000e+01  6.681428463042e-02
 5.376543378580e+04  1.572977500000e+01  6.653543661952e-02
 5.390520157441e+04  1.557263800000e+01  1.115165371680e-01
 5.390520253869e+04  1.554171700000e+01  1.103542866394e-01
 5.390520351733e+04  1.556435300000e+01  1.111807531516e-01
 5.390520448821e+04  1.552365600000e+01  1.097574353612e-01
 5.390717206949e+04  1.557099800000e+01  6.611728799236e-02
 5.390718541553e+04  1.559948400000e+01  6.657961191505e-02
 5.390719345088e+04  1.562462600000e+01  6.701306419580e-02
 5.390720149214e+04  1.556847500000e+01  6.650864901916e-02
 5.381727221152e+04  1.565463500000e+01  6.728887064914e-02
 5.381728033183e+04  1.567281100000e+01  6.673723741630e-02
 5.381728840885e+04  1.568534000000e+01  6.683226366173e-02
 5.381729649444e+04  1.571132600000e+01  6.831573969097e-02
 5.387420679400e+04  1.573522000000e+01  6.774859722609e-02
 5.387421377213e+04  1.577065500000e+01  6.828066205385e-02
 5.387422079435e+04  1.577312600000e+01  6.837488776950e-02
 5.387422780119e+04  1.572314600000e+01  6.781021290517e-02
 5.388017722994e+04  1.576176400000e+01  6.732556704512e-02
 5.388018591846e+04  1.572067800000e+01  6.689792340100e-02
 5.388019466669e+04  1.580869100000e+01  6.794818941585e-02
 5.388020335994e+04  1.580258900000e+01  6.794453721768e-02
 5.388620163844e+04  1.558050500000e+01  6.565780189388e-02
 5.388621072986e+04  1.559609000000e+01  6.586170114771e-02
 5.388621983251e+04  1.552165200000e+01  6.516696364635e-02
 5.388622892810e+04  1.555615900000e+01  6.560360668355e-02
 5.406350133699e+04  1.552510700000e+01  6.327167412224e-02
 5.406350787331e+04  1.549082400000e+01  6.292016410962e-02
 5.406351443013e+04  1.551573500000e+01  6.305619222844e-02
 5.406352093334e+04  1.550492400000e+01  6.294612737066e-02
 5.419725645971e+04  1.550621200000e+01  6.341284662847e-02
 5.419726298307e+04  1.551967100000e+01  6.352073719758e-02
 5.419726949994e+04  1.553706300000e+01  6.368900278234e-02
 5.419727600686e+04  1.557692600000e+01  6.403724687482e-02
 5.414045691010e+04  1.549008600000e+01  1.012508349310e-01
 5.414045790471e+04  1.558629300000e+01  1.044627648082e-01
 5.414045891218e+04  1.567336800000e+01  1.105390029296e-01
 5.414045991465e+04  1.570901700000e+01  1.122897960240e-01
 5.414643957145e+04  1.572239600000e+01  6.667372731546e-02
 5.414644553181e+04  1.569921100000e+01  6.638070369933e-02
 5.414645148384e+04  1.568062100000e+01  6.616529038251e-02
 5.414645749838e+04  1.567863800000e+01  6.611893984196e-02
 5.411538956446e+04  1.571494000000e+01  6.484893540163e-02
 5.411539981323e+04  1.573415300000e+01  6.502532659489e-02
 5.411541015043e+04  1.566745500000e+01  6.434318761716e-02
 5.411542050581e+04  1.562608600000e+01  6.385154500640e-02
 5.412446200122e+04  1.548336700000e+01  6.281493041104e-02
 5.412446902112e+04  1.552513300000e+01  6.319520848068e-02
 5.412447606059e+04  1.554198200000e+01  6.336732673986e-02
 5.412448322044e+04  1.549895200000e+01  6.298906457598e-02
 5.426117568556e+04  1.576637200000e+01  6.672790834762e-02
 5.426118207465e+04  1.581110200000e+01  6.731237165598e-02
 5.426118848110e+04  1.578273500000e+01  6.698430147359e-02
 5.426119487517e+04  1.581793200000e+01  6.749579721025e-02
 5.416826507281e+04  1.550934500000e+01  6.327138460871e-02
 5.416827322322e+04  1.553045200000e+01  6.342304259189e-02
 5.416828132536e+04  1.551076300000e+01  6.322880937224e-02
 5.416828944822e+04  1.552034400000e+01  6.329261913933e-02
 5.422918416521e+04  1.563849500000e+01  6.561247056538e-02
 5.424214535810e+04  1.572268400000e+01  6.652859130527e-02
 5.424214916073e+04  1.566297700000e+01  6.598840054287e-02
 5.424215293372e+04  1.568591200000e+01  6.620076755094e-02
 5.424215670890e+04  1.570575200000e+01  6.640162234808e-02
 5.442448059546e+04  1.565568500000e+01  6.503704586553e-02
 5.442448881601e+04  1.564968700000e+01  6.488798269510e-02
 5.442449708899e+04  1.563201700000e+01  6.457374578503e-02
 5.442450528986e+04  1.562207000000e+01  6.436943623936e-02
 5.456832126598e+04  1.557573600000e+01  6.394674637072e-02
 5.456832740738e+04  1.558630600000e+01  6.411375239332e-02
 5.456833355259e+04  1.555995100000e+01  6.388841002117e-02
 5.456833967872e+04  1.557602900000e+01  6.402552620801e-02
 5.482946756853e+04  1.569270600000e+01  6.460522287534e-02
 5.482947408610e+04  1.569814500000e+01  6.470844437734e-02
 5.482948076455e+04  1.573495800000e+01  6.506833768405e-02
 5.482948747009e+04  1.569948300000e+01  6.470661595080e-02
 5.448344863405e+04  1.558143800000e+01  6.360001913607e-02
 5.448345518588e+04  1.560536200000e+01  6.381088320498e-02
 5.448346179247e+04  1.561724800000e+01  6.390920812087e-02
 5.448346843666e+04  1.559262900000e+01  6.369796897012e-02
 5.449548779527e+04  1.560940300000e+01  6.383476020410e-02
 5.449549446272e+04  1.563524300000e+01  6.408882721965e-02
 5.449550114789e+04  1.562705300000e+01  6.401066053100e-02
 5.449550775286e+04  1.561242200000e+01  6.389863903078e-02
 5.462416015513e+04  1.549965800000e+01  6.087888031012e-02
 5.462416875741e+04  1.544881200000e+01  6.050856449939e-02
 5.462417739904e+04  1.544306100000e+01  6.052896434492e-02
 5.462418603500e+04  1.545846100000e+01  6.070280417493e-02
 5.453938026036e+04  1.572308200000e+01  6.525851854316e-02
 5.453938740874e+04  1.573578000000e+01  6.530400353531e-02
 5.453939457148e+04  1.569003700000e+01  6.669095649768e-02
 5.453940170159e+04  1.578056700000e+01  6.662381612394e-02
 5.459019080926e+04  1.578305800000e+01  6.612781012032e-02
 5.459019779155e+04  1.581932900000e+01  6.648314570140e-02
 5.459020477465e+04  1.580124500000e+01  6.633556224698e-02
 5.459021171551e+04  1.576799800000e+01  6.729557811132e-02
 5.492226662949e+04  1.578194300000e+01  6.613977888937e-02
 5.492227466694e+04  1.576952600000e+01  6.597514077654e-02
 5.492228281020e+04  1.575919500000e+01  6.581544371850e-02
 5.492229096836e+04  1.576597300000e+01  6.593690199972e-02
 5.494825760801e+04  1.562209600000e+01  6.469973304133e-02
 5.494826483095e+04  1.563899200000e+01  6.488015454289e-02
 5.494827213366e+04  1.564414100000e+01  6.501650179826e-02
 5.494827948054e+04  1.562053000000e+01  6.485772385272e-02
 5.486344057307e+04  1.559379000000e+01  6.092666660392e-02
 5.486344710094e+04  1.557814700000e+01  6.078483988592e-02
 5.486345363066e+04  1.561596100000e+01  6.108800994325e-02
 5.486346019233e+04  1.560878400000e+01  6.103848345210e-02
 5.500619201645e+04  1.574810600000e+01  7.026435508454e-02
 5.500619697884e+04  1.572486000000e+01  7.000388746496e-02
 5.500620194682e+04  1.581386500000e+01  7.142986387707e-02
 5.500620687542e+04  1.568629900000e+01  6.973223661481e-02
 5.490532245876e+04  1.555121300000e+01  6.362082412393e-02
 5.490532787187e+04  1.555623800000e+01  6.368299868211e-02
 5.490533328071e+04  1.559466400000e+01  6.408214235613e-02
 5.490533865771e+04  1.553656300000e+01  6.352471696484e-02
 5.496622242416e+04  1.552628200000e+01  6.390850972908e-02
 5.496623040072e+04  1.547210300000e+01  6.343345478747e-02
 5.496623810353e+04  1.542958800000e+01  6.306052177786e-02
 5.496624585729e+04  1.547927800000e+01  6.350524775681e-02
 5.529622933247e+04  1.565977400000e+01  6.489575773741e-02
 5.529623501219e+04  1.565509400000e+01  6.486396415062e-02
 5.529624073171e+04  1.568027100000e+01  6.511286242335e-02
 5.529624641718e+04  1.568394400000e+01  6.512382834868e-02
 5.553351015293e+04  1.555180000000e+01  6.766315388079e-02
 5.553351948490e+04  1.560054300000e+01  6.653894185696e-02
 5.553352412127e+04  1.553711700000e+01  6.627724937959e-02
 5.553947330949e+04  1.565598500000e+01  6.871391006946e-02
 5.553948493266e+04  1.566283000000e+01  6.536668215607e-02
 5.553949075289e+04  1.569406000000e+01  6.560653732138e-02
 5.554548351721e+04  1.576932500000e+01  6.637431521926e-02
 5.554549986399e+04  1.568799100000e+01  6.543341726516e-02
 5.554550802287e+04  1.573321600000e+01  6.594591117168e-02
 5.524553191168e+04  1.564301300000e+01  6.553200973057e-02
 5.524553403644e+04  1.561999000000e+01  6.529586733089e-02
 5.524553615922e+04  1.563228100000e+01  6.549395106619e-02
 5.524553823595e+04  1.563653600000e+01  6.558793257851e-02
 5.526034250762e+04  1.564097700000e+01  6.477147434436e-02
 5.526034922859e+04  1.565626300000e+01  6.491240426217e-02
 5.526035592394e+04  1.567327900000e+01  6.509175736082e-02
 5.526036261281e+04  1.566743100000e+01  6.499742267685e-02
 5.526729920307e+04  1.557148900000e+01  6.420144683177e-02
 5.526730683985e+04  1.559384300000e+01  6.443597599018e-02
 5.526731447160e+04  1.559843100000e+01  6.452184453233e-02
 5.526732209791e+04  1.559573900000e+01  6.441253413360e-02
 5.552753237142e+04  1.579592200000e+01  7.287149606737e-02
 5.552753704550e+04  1.575761700000e+01  7.398532512625e-02
 5.552753940175e+04  1.578452000000e+01  7.399870210477e-02
 5.565530723079e+04  1.558930900000e+01  6.200987089456e-02
 5.565531414260e+04  1.562328200000e+01  6.228297777337e-02
 5.565532106979e+04  1.556083300000e+01  6.178146424486e-02
 5.565532799863e+04  1.554478100000e+01  6.165490313240e-02
 5.566316328904e+04  1.556906500000e+01  6.513598528486e-02
 5.566316839499e+04  1.559942900000e+01  6.539009242047e-02
 5.566317356098e+04  1.557648200000e+01  6.515690405856e-02
 5.566317878128e+04  1.563093200000e+01  6.572668599310e-02
 5.559640392942e+04  1.570456200000e+01  6.252957765033e-02
 5.559641231770e+04  1.569723800000e+01  6.247022372263e-02
 5.559642070510e+04  1.575430700000e+01  6.297863263230e-02
 5.559642908917e+04  1.573819400000e+01  6.281493041104e-02
 5.560141513866e+04  1.565353500000e+01  6.546928957567e-02
 5.560142031740e+04  1.565438600000e+01  6.539218757132e-02
 5.560142550307e+04  1.563301900000e+01  6.517788884600e-02
 5.560143070466e+04  1.570474700000e+01  6.591395754129e-02
 5.561743519274e+04  1.556027100000e+01  6.426099751347e-02
 5.561744312344e+04  1.561520600000e+01  6.477978920324e-02
 5.561745125419e+04  1.562419200000e+01  6.488052983536e-02
 5.561745938737e+04  1.561203200000e+01  6.477689247019e-02
 5.556346531822e+04  1.563033300000e+01  6.488315993384e-02
 5.556347285056e+04  1.567025500000e+01  6.528787489139e-02
 5.556348097875e+04  1.565521400000e+01  6.514418838820e-02
 5.556348859591e+04  1.564406400000e+01  6.501318026198e-02
 5.557451508837e+04  1.568257800000e+01  6.526010954004e-02
 5.557452083321e+04  1.560912900000e+01  6.449283774416e-02
 5.557452667542e+04  1.560540600000e+01  6.448100020648e-02
 5.557453251104e+04  1.559023000000e+01  6.431830861543e-02
 5.558849295213e+04  1.569654000000e+01  6.586901845333e-02
 5.558849811442e+04  1.563042000000e+01  6.517363419190e-02
 5.558850333837e+04  1.566789600000e+01  6.553801607560e-02
 5.558850858956e+04  1.563359000000e+01  6.522414515530e-02
 5.562438513545e+04  1.555912800000e+01  6.188908344670e-02
 5.562439623156e+04  1.562939300000e+01  6.252008554368e-02
 5.562440731096e+04  1.561085600000e+01  6.238123166248e-02
 5.562441842682e+04  1.564374000000e+01  6.265966982011e-02
 5.564430375810e+04  1.568851200000e+01  6.627686529626e-02
 5.564431036017e+04  1.572872800000e+01  6.680998351611e-02
 5.564431708980e+04  1.576427300000e+01  6.718619417402e-02
 5.564432384607e+04  1.573595200000e+01  6.684554824250e-02
 5.568817812841e+04  1.561607700000e+01  6.568294342641e-02
 5.568818325263e+04  1.562954200000e+01  6.593031771018e-02
 5.568818844145e+04  1.563634900000e+01  6.597256540806e-02
 5.568819362932e+04  1.567646700000e+01  6.641985885429e-02
 5.346430435435e+04  1.559647000000e+01  6.405140606681e-02
 5.346431244734e+04  1.561777500000e+01  6.423078420861e-02
 5.346432062160e+04  1.559373800000e+01  6.407391997866e-02
 5.346432865694e+04  1.566182200000e+01  6.473623905846e-02
 5.373145870274e+04  1.572892500000e+01  6.592783235849e-02
 5.373146423346e+04  1.565546400000e+01  6.513461929669e-02
 5.373146973546e+04  1.572229200000e+01  6.581587499838e-02
 5.373147525692e+04  1.574979400000e+01  6.612156951786e-02
 5.422924140473e+04  1.554447100000e+01  6.434986900115e-02
 5.422925063089e+04  1.555973700000e+01  6.455169698247e-02
 5.422926124022e+04  1.559270500000e+01  6.496361295165e-02
 5.422927050178e+04  1.564417900000e+01  6.551987433325e-02
 5.592450751670e+04  1.563008400000e+01  6.464741205876e-02
 5.592451377965e+04  1.564657100000e+01  6.474929222877e-02
 5.592452008275e+04  1.567353800000e+01  6.505739788099e-02
 5.592452628286e+04  1.564240500000e+01  6.475469185396e-02
 5.595939595449e+04  1.568133900000e+01  6.490479838907e-02
 5.595940098554e+04  1.564042500000e+01  6.452450962056e-02
 5.595940603671e+04  1.570516300000e+01  6.519953142093e-02
 5.595941119603e+04  1.566244200000e+01  6.471387199213e-02
 5.599926322223e+04  1.559629900000e+01  6.461422731813e-02
 5.599926827237e+04  1.557740200000e+01  6.438251439732e-02
 5.599927331252e+04  1.557767100000e+01  6.435430766211e-02
 5.599927838824e+04  1.556579400000e+01  6.425906670705e-02
 5.600328560845e+04  1.572605000000e+01  6.275276434659e-02
 5.600329445547e+04  1.569212000000e+01  6.241444589110e-02
 5.600330328981e+04  1.567117800000e+01  6.228451870345e-02
 5.600331221503e+04  1.561354600000e+01  6.179281686682e-02
 5.601322070413e+04  1.587022700000e+01  6.836383425388e-02
 5.601322660546e+04  1.576096000000e+01  6.697118728671e-02
 5.601323249212e+04  1.574642200000e+01  6.675281187127e-02
 5.601323846985e+04  1.575917500000e+01  6.691342377289e-02
 5.602823315876e+04  1.551134100000e+01  6.412997922723e-02
 5.602823766964e+04  1.552550500000e+01  6.424567394590e-02
 5.602824217944e+04  1.552039200000e+01  6.418071146692e-02
 5.602824671359e+04  1.554037800000e+01  6.435228949776e-02
 5.603524668753e+04  1.570108100000e+01  6.585743092092e-02
 5.603525178133e+04  1.569338900000e+01  6.580818273455e-02
 5.603525682972e+04  1.567782300000e+01  6.564123210288e-02
 5.603526186863e+04  1.571868500000e+01  6.605039079726e-02
 5.604623711770e+04  1.566647200000e+01  6.583236664113e-02
 5.604624392837e+04  1.567621100000e+01  6.595331690112e-02
 5.604625070731e+04  1.567738800000e+01  6.594825620811e-02
 5.604625748439e+04  1.567637500000e+01  6.604139484874e-02
 5.606118929448e+04  1.556841800000e+01  6.496000121388e-02
 5.606119822528e+04  1.558241900000e+01  6.560088698875e-02
 5.606120660370e+04  1.556533000000e+01  6.535631809258e-02
 5.606121514845e+04  1.559484700000e+01  6.626987890276e-02
 5.606827559645e+04  1.572140900000e+01  6.607348989518e-02
 5.606828346241e+04  1.572498800000e+01  6.616559314365e-02
 5.606829140725e+04  1.568865700000e+01  6.591300936449e-02
 5.606829931981e+04  1.571390300000e+01  6.634641353149e-02
 5.607515803582e+04  1.562082400000e+01  6.663745271920e-02
 5.607516497703e+04  1.557104800000e+01  6.616483700422e-02
 5.607517201686e+04  1.550956800000e+01  6.547448816142e-02
 5.607517891803e+04  1.550264300000e+01  6.544764833538e-02
 5.609319099247e+04  1.567515700000e+01  6.568223791100e-02
 5.609319660119e+04  1.567426700000e+01  6.578444178572e-02
 5.609320220027e+04  1.563352700000e+01  6.545092008452e-02
 5.609320795773e+04  1.567780600000e+01  6.597661284205e-02
 5.610115812260e+04  1.575451700000e+01  6.795492197795e-02
 5.610116381906e+04  1.575842500000e+01  6.814750115365e-02
 5.610116953824e+04  1.577750100000e+01  6.850626807752e-02
 5.610117533922e+04  1.575462500000e+01  6.849966784753e-02
