# time mag mag_err
 5.370650560935e+04  1.435098400000e+01  5.631529767507e-02
 5.370651050612e+04  1.437512900000e+01  5.623611149004e-02
 5.370651551134e+04  1.438947200000e+01  5.761149467702e-02
 5.370652046669e+04  1.440495800000e+01  6.599732792106e-02
 5.373144529733e+04  1.436920100000e+01  5.607015702687e-02
 5.373145089251e+04  1.430805000000e+01  5.579374949766e-02
 5.353319375891e+04  1.416797800000e+01  5.582346966658e-02
 5.353320135083e+04  1.406096400000e+01  5.549033651569e-02
 5.353320900804e+04  1.397740900000e+01  5.517260082253e-02
 5.353321646478e+04  1.392334500000e+01  5.506695433526e-02
 5.349424345057e+04  1.454622400000e+01  5.793770882516e-02
 5.349425290185e+04  1.456799000000e+01  5.775815398507e-02
 5.349426093674e+04  1.460493700000e+01  5.755680690798e-02
 5.349426899918e+04  1.460707800000e+01  5.752337720590e-02
 5.383225053000e+04  1.403439800000e+01  5.580956743443e-02
 5.383225815110e+04  1.405035200000e+01  5.589096584705e-02
 5.383226578817e+04  1.406555300000e+01  5.593458807794e-02
 5.383227340904e+04  1.408131900000e+01  5.600936926158e-02
 5.384526863884e+04  1.414182000000e+01  5.562394635505e-02
 5.384527615183e+04  1.416485500000e+01  5.571857291593e-02
 5.384528368067e+04  1.418828000000e+01  5.584187814342e-02
 5.384529121415e+04  1.420542600000e+01  5.580678109361e-02
 5.407048885391e+04  1.421542600000e+01  5.509854712542e-02
 5.407049538352e+04  1.414442200000e+01  5.479983599388e-02
 5.407050187053e+04  1.407307400000e+01  5.452050842925e-02
 5.407050841461e+04  1.402387800000e+01  5.433787895669e-02
 5.377240449141e+04  1.440365600000e+01  5.636743584966e-02
 5.377241414294e+04  1.441401700000e+01  5.627465319008e-02
 5.377242381402e+04  1.442885500000e+01  5.632686298486e-02
 5.377243347584e+04  1.445030800000e+01  5.643265584709e-02
 5.377341900876e+04  1.422800800000e+01  5.559495691057e-02
 5.377342449931e+04  1.419227700000e+01  5.544400548655e-02
 5.377342994611e+04  1.415650900000e+01  5.530865236636e-02
 5.377343545032e+04  1.412012400000e+01  5.515800146347e-02
 5.378640909975e+04  1.383045300000e+01  5.402880591440e-02
 5.378641559521e+04  1.383409400000e+01  5.394810919035e-02
 5.378642210479e+04  1.387077500000e+01  5.416591234995e-02
 5.378642866229e+04  1.389823000000e+01  5.426362978651e-02
 5.374248119172e+04  1.395221500000e+01  5.437283555913e-02
 5.374248987167e+04  1.398736900000e+01  5.448646539709e-02
 5.374249851214e+04  1.399901900000e+01  5.453947766199e-02
 5.374250715597e+04  1.403194300000e+01  5.466063659820e-02
 5.390520204990e+04  1.410198600000e+01  7.378931089352e-02
 5.390520302193e+04  1.407651600000e+01  7.351323715387e-02
 5.390520399420e+04  1.408596700000e+01  7.364550803061e-02
 5.390520497295e+04  1.408452000000e+01  7.365334234426e-02
 5.390717100023e+04  1.394841800000e+01  5.511125961560e-02
 5.390718436235e+04  1.396469900000e+01  5.523409144222e-02
 5.390719239736e+04  1.396805000000e+01  5.530029174221e-02
 5.390720042623e+04  1.399037800000e+01  5.545560107937e-02
 5.387323224473e+04  1.452226900000e+01  5.764870450966e-02
 5.387323718723e+04  1.453527100000e+01  5.773990670421e-02
 5.387324210287e+04  1.454270200000e+01  5.779506141268e-02
 5.387324701781e+04  1.454788800000e+01  5.785978191498e-02
 5.387917681828e+04  1.460294400000e+01  5.767363215635e-02
 5.387918173449e+04  1.461663300000e+01  5.776302570957e-02
 5.387918666101e+04  1.462328000000e+01  5.779886397336e-02
 5.387919157664e+04  1.463640000000e+01  5.785734043216e-02
 5.388616386399e+04  1.455488300000e+01  5.762448960432e-02
 5.388617320103e+04  1.454111600000e+01  5.758191035698e-02
 5.388618256677e+04  1.453036300000e+01  5.753878305941e-02
 5.388619196260e+04  1.454938600000e+01  5.763361163149e-02
 5.405151457137e+04  1.455791100000e+01  5.781688706015e-02
 5.405151841115e+04  1.453589900000e+01  5.770516976259e-02
 5.405153527564e+04  1.458446500000e+01  5.777898549090e-02
 5.405153912097e+04  1.448597400000e+01  5.707292685835e-02
 5.406350026750e+04  1.401815700000e+01  5.443269149667e-02
 5.406350680023e+04  1.402488700000e+01  5.443529184436e-02
 5.406351334361e+04  1.405394300000e+01  5.451359241879e-02
 5.406351984799e+04  1.407750500000e+01  5.458075154860e-02
 5.419725967005e+04  1.422048100000e+01  5.533024179981e-02
 5.419726622050e+04  1.425076200000e+01  5.546633542828e-02
 5.419727271688e+04  1.426897700000e+01  5.553982908350e-02
 5.419727921465e+04  1.426407200000e+01  5.551971915132e-02
 5.443947069247e+04  1.420982800000e+01  5.520236630332e-02
 5.443947738910e+04  1.421372200000e+01  5.521995446971e-02
 5.443948391928e+04  1.423814800000e+01  5.529925056026e-02
 5.443949060191e+04  1.425457800000e+01  5.534209449096e-02
 5.445343582971e+04  1.466452900000e+01  5.727064904420e-02
 5.445344249764e+04  1.461541400000e+01  5.700107262500e-02
 5.445344905965e+04  1.457314300000e+01  5.676367489667e-02
 5.445345563833e+04  1.452995700000e+01  5.653637680607e-02
 5.414044937362e+04  1.429354000000e+01  7.503062731197e-02
 5.414045038953e+04  1.433876700000e+01  7.586494489243e-02
 5.414045136295e+04  1.428139600000e+01  7.552764690043e-02
 5.414045236139e+04  1.430536800000e+01  7.663527478666e-02
 5.412446414900e+04  1.448048100000e+01  5.630357737599e-02
 5.412447115236e+04  1.451543200000e+01  5.645414990601e-02
 5.412447826638e+04  1.449860000000e+01  5.640977700923e-02
 5.412448542229e+04  1.450984000000e+01  5.646156183739e-02
 5.426117994816e+04  1.421260600000e+01  5.562107864210e-02
 5.426118634836e+04  1.422144200000e+01  5.568179206303e-02
 5.426119273607e+04  1.422962100000e+01  5.574612052513e-02
 5.426119914309e+04  1.423557400000e+01  5.581024066215e-02
 5.427615478892e+04  1.438911300000e+01  5.889344087002e-02
 5.427615696288e+04  1.447194700000e+01  5.945475356478e-02
 5.427615912456e+04  1.438078100000e+01  5.890547634847e-02
 5.427616128068e+04  1.440835100000e+01  5.907072975406e-02
 5.422723824595e+04  1.455856600000e+01  5.698458799094e-02
 5.422724797351e+04  1.455877300000e+01  5.701391546307e-02
 5.422725771242e+04  1.457243900000e+01  5.708493377874e-02
 5.422726745376e+04  1.457376000000e+01  5.714004918311e-02
 5.424122243351e+04  1.426579400000e+01  5.595732669782e-02
 5.424217040137e+04  1.465015600000e+01  5.794147620533e-02
 5.424217484661e+04  1.467299800000e+01  5.805551897037e-02
 5.424217929590e+04  1.466728900000e+01  5.804204052276e-02
 5.424218370978e+04  1.467922900000e+01  5.815185701602e-02
 5.442447951693e+04  1.396069700000e+01  5.441193000931e-02
 5.442448772175e+04  1.394205400000e+01  5.431574867566e-02
 5.442449600919e+04  1.392110300000e+01  5.419727499668e-02
 5.442450421596e+04  1.394178000000e+01  5.423264967652e-02
 5.458024789488e+04  1.418644100000e+01  5.515321004574e-02
 5.458025523391e+04  1.420825200000e+01  5.531913701835e-02
 5.458026252825e+04  1.423102100000e+01  5.540925695238e-02
 5.458026979309e+04  1.424513000000e+01  5.546928396229e-02
 5.482946817318e+04  1.392606300000e+01  5.403994729694e-02
 5.482947469793e+04  1.395091300000e+01  5.412715345202e-02
 5.482948137604e+04  1.397536100000e+01  5.420719399857e-02
 5.482948807985e+04  1.399187400000e+01  5.425344031042e-02
 5.450437666781e+04  1.464481900000e+01  5.506855939254e-02
 5.450438540008e+04  1.465089300000e+01  5.509485889329e-02
 5.450439414206e+04  1.465036000000e+01  5.508133377202e-02
 5.450440288532e+04  1.466288600000e+01  5.512357784800e-02
 5.448042298418e+04  1.453391400000e+01  5.649646140547e-02
 5.448043055422e+04  1.453841200000e+01  5.651493494263e-02
 5.448043822938e+04  1.454732000000e+01  5.653112509189e-02
 5.448044584747e+04  1.455781700000e+01  5.656932713115e-02
 5.462316203536e+04  1.461745600000e+01  5.566583111941e-02
 5.462316936512e+04  1.460896100000e+01  5.565238374653e-02
 5.462317666189e+04  1.460371500000e+01  5.564611526784e-02
 5.462318400878e+04  1.461581400000e+01  5.572211911976e-02
 5.453938079013e+04  1.397971200000e+01  5.434164674722e-02
 5.453938794488e+04  1.396958800000e+01  5.429684386663e-02
 5.453939510333e+04  1.396727200000e+01  5.467442506035e-02
 5.453940224119e+04  1.396736400000e+01  5.438503804515e-02
 5.459019187494e+04  1.452382200000e+01  5.666372094730e-02
 5.459019885434e+04  1.452899000000e+01  5.668226750646e-02
 5.459020584277e+04  1.452972000000e+01  5.668113019867e-02
 5.459021278269e+04  1.456650600000e+01  5.680966852855e-02
 5.459723037277e+04  1.451272000000e+01  5.696831426901e-02
 5.459723751375e+04  1.453313600000e+01  5.709273081603e-02
 5.459724464512e+04  1.452346000000e+01  5.710484617350e-02
 5.459725179212e+04  1.452112900000e+01  5.712548084963e-02
 5.480051244988e+04  1.431751100000e+01  5.543298364302e-02
 5.480051680056e+04  1.432446000000e+01  5.545609382947e-02
 5.480052099058e+04  1.433987500000e+01  5.551847216459e-02
 5.480052524520e+04  1.434603900000e+01  5.552441665919e-02
 5.492226602345e+04  1.468209200000e+01  5.751436985423e-02
 5.492227405523e+04  1.466836300000e+01  5.744205499030e-02
 5.492228219847e+04  1.470351600000e+01  5.759774371653e-02
 5.492229035721e+04  1.463570000000e+01  5.725549479551e-02
 5.488138939786e+04  1.450027900000e+01  5.631357276184e-02
 5.488139752616e+04  1.450482200000e+01  5.633200552007e-02
 5.488140577355e+04  1.451739600000e+01  5.640692670947e-02
 5.488141384688e+04  1.453071300000e+01  5.646596531953e-02
 5.490534356630e+04  1.452827500000e+01  5.664174067802e-02
 5.490534970491e+04  1.453150100000e+01  5.665954040613e-02
 5.490535578299e+04  1.454617300000e+01  5.673897240136e-02
 5.490536191280e+04  1.456501900000e+01  5.685200258216e-02
 5.496621764994e+04  1.467454000000e+01  5.768078673741e-02
 5.496622547338e+04  1.465885500000e+01  5.760737671516e-02
 5.496623337506e+04  1.462138900000e+01  5.743592075821e-02
 5.496624106237e+04  1.462002100000e+01  5.744888920617e-02
 5.497919395958e+04  1.405599600000e+01  5.488703680159e-02
 5.497920012021e+04  1.404013800000e+01  5.484913284652e-02
 5.497920616970e+04  1.400396800000e+01  5.472054308106e-02
 5.497921228507e+04  1.399777800000e+01  5.472794735494e-02
 5.515050837557e+04  1.410968400000e+01  5.510656786367e-02
 5.515051144948e+04  1.413407300000e+01  5.519118030151e-02
 5.515051452312e+04  1.414721600000e+01  5.523085378723e-02
 5.515051760175e+04  1.412777200000e+01  5.514755812269e-02
 5.516150065233e+04  1.424329700000e+01  5.547088347209e-02
 5.516150481954e+04  1.422744900000e+01  5.543532263432e-02
 5.516150894012e+04  1.422720600000e+01  5.542519280921e-02
 5.516151321306e+04  1.423107600000e+01  5.543914647796e-02
 5.529622876485e+04  1.467732000000e+01  5.748793708606e-02
 5.529623444144e+04  1.467274800000e+01  5.747756147979e-02
 5.529624016027e+04  1.462800600000e+01  5.722167795542e-02
 5.529624584586e+04  1.459066900000e+01  5.703397973427e-02
 5.553351246244e+04  1.419536500000e+01  5.916310161635e-02
 5.553352180958e+04  1.417795700000e+01  5.614822879623e-02
 5.553352644373e+04  1.420612700000e+01  5.686949109300e-02
 5.554548123642e+04  1.465999100000e+01  5.756115975486e-02
 5.554549755497e+04  1.467066800000e+01  5.758599880279e-02
 5.554550569972e+04  1.468776400000e+01  5.767260955300e-02
 5.555943627476e+04  1.441473300000e+01  5.643369626138e-02
 5.555944993197e+04  1.444295700000e+01  5.656037259603e-02
 5.524533405868e+04  1.404010900000e+01  5.470084643465e-02
 5.524534089491e+04  1.403822900000e+01  5.470826246100e-02
 5.524534787124e+04  1.406623100000e+01  5.479317342934e-02
 5.524535473032e+04  1.407807500000e+01  5.484024983880e-02
 5.520445987460e+04  1.463660000000e+01  5.700853234844e-02
 5.520446449264e+04  1.461730200000e+01  5.692380087209e-02
 5.520446913763e+04  1.465602000000e+01  5.708637976362e-02
 5.520447379480e+04  1.465514800000e+01  5.710783016326e-02
 5.526729808472e+04  1.390806400000e+01  5.422846991491e-02
 5.526730567694e+04  1.386492400000e+01  5.408318405597e-02
 5.526731329851e+04  1.387195800000e+01  5.411737106373e-02
 5.526732094056e+04  1.389072700000e+01  5.415435879388e-02
 5.533218383005e+04  1.448164100000e+01  5.658072766747e-02
 5.533219014253e+04  1.449841800000e+01  5.667011909754e-02
 5.533219644899e+04  1.451291800000e+01  5.679604700208e-02
 5.533220284690e+04  1.450809500000e+01  5.674707966141e-02
 5.566418566932e+04  1.455347500000e+01  5.738979735573e-02
 5.566419085413e+04  1.456668500000e+01  5.745419307585e-02
 5.566419602013e+04  1.458329500000e+01  5.754615648794e-02
 5.566420122198e+04  1.457250300000e+01  5.745705158043e-02
 5.559640254764e+04  1.458340900000e+01  5.562160989530e-02
 5.559641092851e+04  1.458260200000e+01  5.561058357558e-02
 5.559641931510e+04  1.459098000000e+01  5.564258268398e-02
 5.559642769373e+04  1.459748500000e+01  5.567641840056e-02
 5.561740519819e+04  1.405025200000e+01  5.480147069171e-02
 5.561741267023e+04  1.409288000000e+01  5.495948629086e-02
 5.561742022584e+04  1.409202900000e+01  5.496054195865e-02
 5.561742774932e+04  1.412521400000e+01  5.509509759105e-02
 5.557253292395e+04  1.450110800000e+01  5.925124063680e-02
 5.557253576367e+04  1.451691800000e+01  5.934331305903e-02
 5.557253865236e+04  1.450287000000e+01  5.928017902007e-02
 5.557254147982e+04  1.452750900000e+01  5.943924895643e-02
 5.558752485319e+04  1.457998700000e+01  5.720305063807e-02
 5.558752956095e+04  1.458467400000e+01  5.723255278861e-02
 5.558753425669e+04  1.453521000000e+01  5.699223520265e-02
 5.558753891803e+04  1.451544100000e+01  5.688501565887e-02
 5.563038004911e+04  1.430919100000e+01  5.433147767889e-02
 5.563038879852e+04  1.431709000000e+01  5.437107301562e-02
 5.563039712616e+04  1.433936600000e+01  5.446033921603e-02
 5.563040540076e+04  1.436036100000e+01  5.454464653746e-02
 5.564420001331e+04  1.449907200000e+01  5.699116004456e-02
 5.564420628630e+04  1.451171600000e+01  5.706706045280e-02
 5.564421257841e+04  1.450864100000e+01  5.703504508170e-02
 5.564421882652e+04  1.451667200000e+01  5.709703271003e-02
 5.568817699628e+04  1.461595700000e+01  5.786638760671e-02
 5.568818211067e+04  1.462874500000e+01  5.792956581212e-02
 5.568818729890e+04  1.463949900000e+01  5.800544661427e-02
 5.568819247579e+04  1.462864500000e+01  5.796168394722e-02
 5.346430329307e+04  1.427474400000e+01  5.548852600974e-02
 5.346431138433e+04  1.429175500000e+01  5.555686434380e-02
 5.346431956205e+04  1.430371300000e+01  5.560680605147e-02
 5.346432760586e+04  1.431647500000e+01  5.567455547611e-02
 5.373145923031e+04  1.416204000000e+01  5.522597522451e-02
 5.373146476867e+04  1.408351200000e+01  5.491455900143e-02
 5.373147026362e+04  1.403610600000e+01  5.472197676530e-02
 5.373147579734e+04  1.398435300000e+01  5.453361828349e-02
 5.588850136948e+04  1.442416200000e+01  5.632385977412e-02
 5.588850602804e+04  1.440526900000e+01  5.621223759813e-02
 5.588851066756e+04  1.432373000000e+01  5.582271308630e-02
 5.588851532959e+04  1.426861800000e+01  5.557898510463e-02
 5.592450694272e+04  1.460412200000e+01  5.710991054899e-02
 5.592451322986e+04  1.462655200000e+01  5.722431077718e-02
 5.592451952960e+04  1.461739100000e+01  5.717611271537e-02
 5.592452572936e+04  1.460791600000e+01  5.711990218225e-02
 5.595939703998e+04  1.455281000000e+01  5.676915229435e-02
 5.595940207459e+04  1.455793800000e+01  5.678437779208e-02
 5.595940716203e+04  1.454895200000e+01  5.675998811262e-02
 5.595941237236e+04  1.456502800000e+01  5.683079425476e-02
 5.598924806725e+04  1.471853000000e+01  5.804559706265e-02
 5.598925319346e+04  1.472434400000e+01  5.804650652184e-02
 5.598925829834e+04  1.472447100000e+01  5.803635425248e-02
 5.598926347789e+04  1.472323400000e+01  5.801405904854e-02
 5.600328900527e+04  1.457811900000e+01  5.561214209243e-02
 5.600329784613e+04  1.460584800000e+01  5.572515639625e-02
 5.600330670735e+04  1.459911200000e+01  5.569426200995e-02
 5.600331562297e+04  1.460780600000e+01  5.574666114057e-02
 5.601322183856e+04  1.388756900000e+01  5.443429480870e-02
 5.601322776038e+04  1.388281000000e+01  5.439176023608e-02
 5.601323363859e+04  1.389539000000e+01  5.444005125549e-02
 5.601323957846e+04  1.388842000000e+01  5.441435482805e-02
 5.603218280615e+04  1.440660300000e+01  5.664899745815e-02
 5.603218795689e+04  1.443673700000e+01  5.675697598128e-02
 5.603219302531e+04  1.455282200000e+01  8.942670477990e-02
 5.603219814610e+04  1.442851600000e+01  5.675322016285e-02
 5.604623545569e+04  1.395912600000e+01  5.466129687409e-02
 5.604624221103e+04  1.398131400000e+01  5.475039125090e-02
 5.604624893937e+04  1.399116100000e+01  5.478600561027e-02
 5.604625579113e+04  1.401810900000e+01  5.489660776146e-02
 5.606119044905e+04  1.418848300000e+01  5.564351072176e-02
 5.606119934478e+04  1.422528400000e+01  5.608194880090e-02
 5.606120775318e+04  1.425187700000e+01  5.613338713577e-02
 5.606121623392e+04  1.424330700000e+01  5.616880340455e-02
 5.607516096896e+04  1.463405600000e+01  5.845360089180e-02
 5.607516791052e+04  1.457782500000e+01  5.813234177492e-02
 5.607517498321e+04  1.449990400000e+01  5.769824234261e-02
 5.607518189145e+04  1.444205000000e+01  5.737596203763e-02
