# time mag mag_err
 5.346436447076e+04  1.583133600000e+01  6.705056417819e-02
 5.346437255635e+04  1.581787600000e+01  6.685486193151e-02
 5.346438062862e+04  1.582785500000e+01  6.697854545643e-02
 5.346438867961e+04  1.588073400000e+01  6.767808738550e-02
 5.372651380472e+04  1.606032200000e+01  7.116965197128e-02
 5.372652027656e+04  1.604189700000e+01  7.079844036237e-02
 5.372652673256e+04  1.597595300000e+01  6.997688646158e-02
 5.372653323288e+04  1.608561100000e+01  7.179881344955e-02
 5.355319203837e+04  1.590991900000e+01  7.028116685472e-02
 5.355319849551e+04  1.593499500000e+01  7.066057878284e-02
 5.355320496100e+04  1.589933100000e+01  7.029903259869e-02
 5.355321144407e+04  1.593836900000e+01  7.098221120761e-02
 5.352126908722e+04  1.601760300000e+01  7.059838285895e-02
 5.352127715476e+04  1.600033500000e+01  7.044717900350e-02
 5.352128525597e+04  1.605110600000e+01  7.120124656023e-02
 5.352129330534e+04  1.602819400000e+01  7.100223333856e-02
 5.383242132912e+04  1.578829500000e+01  6.807447284344e-02
 5.383242501056e+04  1.582220500000e+01  6.850214254966e-02
 5.383242868725e+04  1.577333900000e+01  6.796715181248e-02
 5.383243239646e+04  1.581000600000e+01  6.841232244268e-02
 5.384433708337e+04  1.558795400000e+01  6.613955301400e-02
 5.384434570626e+04  1.557265600000e+01  6.601262747982e-02
 5.384435433134e+04  1.565722700000e+01  6.704236652214e-02
 5.384436293790e+04  1.569031500000e+01  6.747361910785e-02
 5.385231523890e+04  1.546142400000e+01  6.450564083189e-02
 5.385232403552e+04  1.549460800000e+01  6.486477631592e-02
 5.385233280586e+04  1.548864500000e+01  6.483829287901e-02
 5.385234159090e+04  1.558297500000e+01  6.587097519147e-02
 5.409450832321e+04  1.602801900000e+01  6.936809591981e-02
 5.409451671459e+04  1.597732700000e+01  6.868284818650e-02
 5.409452510564e+04  1.597407300000e+01  6.854162833713e-02
 5.409453352897e+04  1.708722400000e+01  8.876260617290e-02
 5.377350256095e+04  1.594212600000e+01  6.962322968162e-02
 5.377350963826e+04  1.592750800000e+01  6.936442948070e-02
 5.377351678515e+04  1.594353000000e+01  6.949126717869e-02
 5.377352387346e+04  1.596227500000e+01  6.973498848292e-02
 5.378651108502e+04  1.504077200000e+01  6.028208065732e-02
 5.378651638436e+04  1.490860500000e+01  5.937424457108e-02
 5.374447303904e+04  1.568157000000e+01  6.699633635801e-02
 5.374449720053e+04  1.574231000000e+01  6.745655402917e-02
 5.376145074236e+04  1.600203900000e+01  7.047632680614e-02
 5.393715629153e+04  1.569253700000e+01  6.870269669045e-02
 5.393716158821e+04  1.562684000000e+01  6.800598992040e-02
 5.393716689356e+04  1.571224100000e+01  6.936156636543e-02
 5.393717217427e+04  1.564851000000e+01  6.883140646741e-02
 5.390327042792e+04  1.529224500000e+01  1.030755940409e-01
 5.390327140146e+04  1.528350000000e+01  1.034391335886e-01
 5.390327238229e+04  1.524884300000e+01  1.019410245738e-01
 5.390327335942e+04  1.524897300000e+01  1.015632927009e-01
 5.380348125564e+04  1.548940100000e+01  6.478206946840e-02
 5.380348319531e+04  1.551946000000e+01  6.517933026639e-02
 5.380348512007e+04  1.554836100000e+01  6.549470575717e-02
 5.380348704794e+04  1.553213500000e+01  6.502756651956e-02
 5.387527625355e+04  1.597460200000e+01  7.125950498969e-02
 5.387528369328e+04  1.586096600000e+01  6.973618532572e-02
 5.387529114874e+04  1.566453300000e+01  6.730724140761e-02
 5.387529859274e+04  1.536379900000e+01  6.414993260514e-02
 5.388124189932e+04  1.569664200000e+01  6.379252421846e-02
 5.388125309640e+04  1.579499700000e+01  6.476710585400e-02
 5.388126432289e+04  1.582059400000e+01  6.506093524838e-02
 5.388127551407e+04  1.585441900000e+01  6.539827472242e-02
 5.420532896282e+04  1.571204900000e+01  6.607834290319e-02
 5.420533535921e+04  1.572276900000e+01  6.618133906793e-02
 5.420534177666e+04  1.574294900000e+01  6.644018540398e-02
 5.420534815672e+04  1.575238800000e+01  6.656808258639e-02
 5.421228359868e+04  1.590795600000e+01  6.834702837090e-02
 5.421229418625e+04  1.630520500000e+01  7.398099560014e-02
 5.445452640177e+04  1.594825600000e+01  7.498309514946e-02
 5.445453101983e+04  1.596049000000e+01  7.512003213791e-02
 5.445453563510e+04  1.595666500000e+01  7.494505575253e-02
 5.445454025814e+04  1.592410200000e+01  7.441242236691e-02
 5.426023697256e+04  1.509863700000e+01  6.072003966433e-02
 5.426025205248e+04  1.546588400000e+01  6.388744647273e-02
 5.426719524756e+04  1.600928800000e+01  7.106827345334e-02
 5.426720443020e+04  1.589591800000e+01  7.173123473951e-02
 5.426721364975e+04  1.599706900000e+01  7.146048044163e-02
 5.426722285079e+04  1.597500600000e+01  7.126946427516e-02
 5.417138081769e+04  1.662906400000e+01  7.914887845501e-02
 5.417138856830e+04  1.724963400000e+01  9.398108841324e-02
 5.418438462286e+04  1.523611400000e+01  6.148818445688e-02
 5.418439003251e+04  1.528382600000e+01  6.188512663952e-02
 5.418439543139e+04  1.533730600000e+01  6.249667908910e-02
 5.418440079554e+04  1.538421300000e+01  6.402213406656e-02
 5.422932604552e+04  1.575058700000e+01  6.721557388802e-02
 5.422933583455e+04  1.576880600000e+01  6.745781712199e-02
 5.422934734774e+04  1.578681800000e+01  6.774728614950e-02
 5.422935662435e+04  1.590957500000e+01  6.939840285138e-02
 5.423726067378e+04  1.553866600000e+01  6.618550856250e-02
 5.423727271049e+04  1.569240300000e+01  6.870132281474e-02
 5.423728188583e+04  1.565544700000e+01  6.701433948801e-02
 5.423728729316e+04  1.567178000000e+01  6.711173652802e-02
 5.424321320079e+04  1.601242700000e+01  7.072535577968e-02
 5.424321914900e+04  1.606524200000e+01  7.161893897977e-02
 5.424322505983e+04  1.602745800000e+01  7.099338998183e-02
 5.424323102297e+04  1.604139700000e+01  7.105060599547e-02
 5.456733246740e+04  1.607704400000e+01  7.027033755209e-02
 5.456733962088e+04  1.598801500000e+01  6.912372566623e-02
 5.456734679138e+04  1.600007200000e+01  6.927601245763e-02
 5.456735602910e+04  1.601108600000e+01  6.945853799770e-02
 5.458036405623e+04  1.494216600000e+01  5.940905721517e-02
 5.458037101015e+04  1.499522600000e+01  5.980573296351e-02
 5.458037802278e+04  1.503889300000e+01  6.015578874449e-02
 5.458038504211e+04  1.509907700000e+01  6.058976271027e-02
 5.483049146273e+04  1.622715000000e+01  7.192918065149e-02
 5.483049755458e+04  1.594160400000e+01  6.801800919946e-02
 5.483050363231e+04  1.641115200000e+01  7.466864522611e-02
 5.483050973979e+04  1.604960400000e+01  6.931748412606e-02
 5.450746481549e+04  1.603205600000e+01  7.692250859281e-02
 5.450747147345e+04  1.599200000000e+01  7.261483572366e-02
 5.450747812020e+04  1.596219800000e+01  7.496984815714e-02
 5.450748476242e+04  1.601587800000e+01  7.720597846190e-02
 5.451548719141e+04  1.603210200000e+01  6.969999558414e-02
 5.451549273764e+04  1.578091700000e+01  6.651912926083e-02
 5.451549825898e+04  1.604270200000e+01  7.008465010396e-02
 5.451550409550e+04  1.602695900000e+01  7.109979740643e-02
 5.452451449554e+04  1.552791500000e+01  6.367772436522e-02
 5.452452240728e+04  1.553202200000e+01  6.372723931878e-02
 5.452453022978e+04  1.557629800000e+01  6.421745273976e-02
 5.452453802646e+04  1.558940700000e+01  6.428268544219e-02
 5.449647541463e+04  1.509395100000e+01  5.996389042102e-02
 5.449647974795e+04  1.510011600000e+01  5.997581713649e-02
 5.449648411958e+04  1.514771800000e+01  6.031691284477e-02
 5.449648845590e+04  1.516033500000e+01  6.043042339565e-02
 5.462423598332e+04  1.606371500000e+01  6.660425200288e-02
 5.462424260309e+04  1.603764600000e+01  6.637229114732e-02
 5.462424919624e+04  1.607600200000e+01  6.686585392752e-02
 5.462425578882e+04  1.607233900000e+01  6.686577010590e-02
 5.453034543527e+04  1.583035600000e+01  6.732920270899e-02
 5.453035351368e+04  1.584166600000e+01  6.737331800026e-02
 5.453036156605e+04  1.585179500000e+01  6.744853204417e-02
 5.453036958566e+04  1.587994500000e+01  6.776557532348e-02
 5.493831208076e+04  1.589648600000e+01  6.791643292404e-02
 5.493831809485e+04  1.655783200000e+01  7.815455098595e-02
 5.493832405384e+04  1.636853700000e+01  7.480808939941e-02
 5.493833004674e+04  1.616782800000e+01  7.164692404625e-02
 5.494927420800e+04  1.619677900000e+01  6.863322847860e-02
 5.488147873215e+04  1.603568900000e+01  6.922156095037e-02
 5.488148476938e+04  1.657679700000e+01  7.760252582600e-02
 5.488149078704e+04  1.591950300000e+01  6.777497121937e-02
 5.488149676477e+04  1.672539900000e+01  8.053101733662e-02
 5.486246167404e+04  1.580981500000e+01  6.659573496588e-02
 5.486247203185e+04  1.617927400000e+01  7.130326302521e-02
 5.486248256142e+04  1.586951500000e+01  6.726113570206e-02
 5.499718200051e+04  1.600627200000e+01  6.981373806283e-02
 5.499718746814e+04  1.601736700000e+01  6.990078034235e-02
 5.499719288324e+04  1.603264400000e+01  6.959222261812e-02
 5.499719829127e+04  1.603850100000e+01  7.022347997044e-02
 5.490932588130e+04  1.525887400000e+01  6.133930064755e-02
 5.490933792054e+04  1.532846200000e+01  6.184388822268e-02
 5.490935013759e+04  1.494301100000e+01  5.900954301676e-02
 5.497625487259e+04  1.601849600000e+01  6.996753659928e-02
 5.497626262170e+04  1.599906100000e+01  6.989175550500e-02
 5.497627054316e+04  1.597764200000e+01  6.990492913298e-02
 5.497628172416e+04  1.598037700000e+01  6.978179011846e-02
 5.529034685341e+04  1.539103900000e+01  6.291099159554e-02
 5.529035380098e+04  1.542008600000e+01  6.324243847467e-02
 5.529036072576e+04  1.545349600000e+01  6.351359109307e-02
 5.529036776075e+04  1.553151700000e+01  6.422112177393e-02
 5.530138442142e+04  1.495510200000e+01  5.960238868810e-02
 5.530139227184e+04  1.502783500000e+01  6.015807213028e-02
 5.530140021492e+04  1.509857700000e+01  6.064197393315e-02
 5.530140816220e+04  1.513449500000e+01  6.097463856691e-02
 5.524140949291e+04  1.572377700000e+01  6.679123403147e-02
 5.524141761475e+04  1.541646300000e+01  6.357699900166e-02
 5.524142582337e+04  1.518008000000e+01  6.153363161663e-02
 5.524143395351e+04  1.496603300000e+01  5.987308882231e-02
 5.521153623338e+04  1.593211000000e+01  6.804249095558e-02
 5.521154438953e+04  1.653481900000e+01  7.714092793347e-02
 5.521155250429e+04  1.593330100000e+01  6.803208701056e-02
 5.535223106042e+04  1.598765600000e+01  6.943089844970e-02
 5.535223850836e+04  1.598329100000e+01  6.938782957248e-02
 5.535224589878e+04  1.602345600000e+01  6.993844298321e-02
 5.535225322730e+04  1.600489800000e+01  6.964806997823e-02
 5.536415941456e+04  1.586124900000e+01  7.404594566510e-02
 5.536416440278e+04  1.582784800000e+01  7.364732950657e-02
 5.536416938218e+04  1.589086700000e+01  7.459970555323e-02
 5.536417433265e+04  1.586841400000e+01  7.415600827188e-02
 5.526842608007e+04  1.600921200000e+01  6.942905182380e-02
 5.526843161030e+04  1.597130500000e+01  6.898074972614e-02
 5.526843721775e+04  1.598183000000e+01  6.909351208858e-02
 5.526844281887e+04  1.600093000000e+01  6.934235179872e-02
 5.532324572741e+04  1.561641100000e+01  6.196161659087e-02
 5.532326233456e+04  1.564798800000e+01  6.225570994387e-02
 5.533631722248e+04  1.601701900000e+01  7.018014903828e-02
 5.533632461699e+04  1.598164500000e+01  6.975307823280e-02
 5.533633213021e+04  1.604270700000e+01  7.066004597013e-02
 5.533634066431e+04  1.588891400000e+01  6.869266068016e-02
 5.565642247189e+04  1.594186400000e+01  6.589457872070e-02
 5.565642941885e+04  1.600820100000e+01  6.668176818510e-02
 5.565643646284e+04  1.598884400000e+01  6.646671968309e-02
 5.565644343369e+04  1.598632400000e+01  6.645757474677e-02
 5.566331236664e+04  1.624081700000e+01  6.986267453289e-02
 5.566331928936e+04  1.574926600000e+01  6.419149146524e-02
 5.567527516157e+04  1.536878500000e+01  6.633897117598e-02
 5.567528210512e+04  1.542213600000e+01  6.690755493216e-02
 5.567528911125e+04  1.549515400000e+01  6.774213549245e-02
 5.567529606149e+04  1.549577300000e+01  6.776266436529e-02
 5.560145722616e+04  1.601483400000e+01  7.053111014567e-02
 5.560146248395e+04  1.589485200000e+01  6.890552023753e-02
 5.560146764971e+04  1.590794400000e+01  6.903198480897e-02
 5.560147289131e+04  1.578190100000e+01  6.749217187644e-02
 5.556946888094e+04  1.605350200000e+01  7.107426278515e-02
 5.556948474795e+04  1.607608000000e+01  7.123678150407e-02
 5.556949271597e+04  1.674354900000e+01  8.309668981658e-02
 5.559144388455e+04  1.597101400000e+01  6.963528612273e-02
 5.559144908788e+04  1.578209700000e+01  6.724840313601e-02
 5.559145437785e+04  1.632019100000e+01  7.475160476540e-02
 5.559145963737e+04  1.603784200000e+01  7.048650039241e-02
 5.562240263903e+04  1.539445500000e+01  6.068907721533e-02
 5.562241300948e+04  1.620940000000e+01  6.872704596138e-02
 5.564539349296e+04  1.606115600000e+01  7.122374072979e-02
 5.564539867080e+04  1.602531800000e+01  7.074548538508e-02
 5.564540381862e+04  1.605165100000e+01  7.118924434975e-02
 5.564540905270e+04  1.605071900000e+01  7.108946399643e-02
 5.570625763329e+04  1.549866600000e+01  6.486689988437e-02
 5.570626686028e+04  1.514858200000e+01  6.170278781539e-02
 5.570627614999e+04  1.494453600000e+01  6.012333200895e-02
 5.570628544619e+04  1.490809000000e+01  5.988282662986e-02
 5.597549831921e+04  1.581755800000e+01  6.749942427170e-02
 5.597550387405e+04  1.583188500000e+01  6.776942589111e-02
 5.597550954494e+04  1.582399700000e+01  6.768328790618e-02
 5.597551520171e+04  1.585515400000e+01  6.807593851716e-02
 5.598044557058e+04  1.595764600000e+01  6.521979525626e-02
 5.598045370171e+04  1.596661700000e+01  6.538016548096e-02
 5.598046185119e+04  1.599646400000e+01  6.564614277410e-02
 5.598047003061e+04  1.601861300000e+01  6.593119539943e-02
 5.598642174645e+04  1.502675900000e+01  6.109113968237e-02
 5.598642837098e+04  1.490840200000e+01  6.017643432183e-02
 5.598643512699e+04  1.494802700000e+01  6.050435793723e-02
 5.598644184988e+04  1.498590000000e+01  6.081474451471e-02
 5.600233315606e+04  1.608635300000e+01  7.104088286215e-02
 5.600235045928e+04  1.609482300000e+01  7.104449390889e-02
 5.600235905574e+04  1.609076600000e+01  7.095315371291e-02
 5.601041187469e+04  1.488931800000e+01  5.729875232514e-02
 5.601042066056e+04  1.493349500000e+01  5.755640279687e-02
 5.601042961762e+04  1.501442800000e+01  5.802675355789e-02
 5.601043853221e+04  1.508730000000e+01  5.847754298941e-02
 5.601634025973e+04  1.576669500000e+01  6.711113334602e-02
 5.603032809679e+04  1.605203300000e+01  7.163906834587e-02
 5.603426879922e+04  1.601340300000e+01  7.036648338606e-02
 5.603428008001e+04  1.599277900000e+01  7.009824700939e-02
 5.603428575184e+04  1.598218600000e+01  6.987616837035e-02
 5.605925586868e+04  1.498926800000e+01  5.953841450085e-02
 5.605926262380e+04  1.501078400000e+01  5.972821321005e-02
 5.605926947853e+04  1.506432800000e+01  6.012963611783e-02
 5.605927634266e+04  1.512451400000e+01  6.056608607962e-02
 5.609120816869e+04  1.498056600000e+01  5.955987494721e-02
 5.609121436045e+04  1.493267500000e+01  5.924979261699e-02
 5.609122058331e+04  1.498361800000e+01  5.961931305331e-02
 5.609122673986e+04  1.502984800000e+01  5.995743054547e-02
 5.609918047376e+04  1.548453200000e+01  6.431234752922e-02
 5.609918719725e+04  1.525135400000e+01  6.229044562356e-02
