# time mag mag_err
 5.371144224277e+04  1.493940400000e+01  5.927593659570e-02
 5.371145043936e+04  1.499344900000e+01  5.962973509148e-02
 5.371145861951e+04  1.502929100000e+01  5.986150596932e-02
 5.371146692850e+04  1.507622700000e+01  6.017571410916e-02
 5.353218973433e+04  1.579396800000e+01  6.653018273169e-02
 5.353719646270e+04  1.567748200000e+01  6.974289028110e-02
 5.353720238024e+04  1.552822400000e+01  6.788995595834e-02
 5.353720845774e+04  1.542526100000e+01  6.682422141474e-02
 5.353721434206e+04  1.521797400000e+01  6.468052565808e-02
 5.349519366263e+04  1.558138700000e+01  7.304560897006e-02
 5.349520009490e+04  1.559000900000e+01  6.796031277925e-02
 5.349617981479e+04  1.537949200000e+01  6.257775166773e-02
 5.349618625458e+04  1.541218700000e+01  6.295526519667e-02
 5.349619269623e+04  1.544986600000e+01  6.335394503895e-02
 5.349619921113e+04  1.543919000000e+01  6.319211147609e-02
 5.385215987677e+04  1.554862700000e+01  6.494904942592e-02
 5.385216752449e+04  1.557118100000e+01  6.520873439183e-02
 5.385217523170e+04  1.559272900000e+01  6.538874088548e-02
 5.385218291252e+04  1.560512600000e+01  6.547839072096e-02
 5.408450319590e+04  1.567727300000e+01  6.466543046542e-02
 5.408450918069e+04  1.562456400000e+01  6.431062909669e-02
 5.408451516942e+04  1.564669700000e+01  6.468507926048e-02
 5.408452115096e+04  1.564604900000e+01  6.485822334488e-02
 5.377033529257e+04  1.569921100000e+01  6.664707086367e-02
 5.377034341253e+04  1.573257500000e+01  6.654197005339e-02
 5.377035148250e+04  1.568071000000e+01  6.598375690698e-02
 5.377035960361e+04  1.570333500000e+01  6.620259122178e-02
 5.379334340274e+04  1.481571300000e+01  5.861132856954e-02
 5.379334908427e+04  1.484444800000e+01  5.879915169680e-02
 5.379335477471e+04  1.486378500000e+01  5.890927753869e-02
 5.379336043484e+04  1.490785900000e+01  5.919433758810e-02
 5.373743810275e+04  1.480587300000e+01  6.085876269872e-02
 5.373744659299e+04  1.476473000000e+01  5.914655812319e-02
 5.373745514758e+04  1.480001400000e+01  5.946210671847e-02
 5.373746370403e+04  1.474813900000e+01  6.393961998295e-02
 5.374039531902e+04  1.552406100000e+01  6.389435246373e-02
 5.374040619201e+04  1.555638100000e+01  6.417605648703e-02
 5.374041712103e+04  1.557735700000e+01  6.435753896742e-02
 5.374042802377e+04  1.559487300000e+01  6.459072156801e-02
 5.375745921838e+04  1.572849100000e+01  6.626335906802e-02
 5.375746568537e+04  1.572627800000e+01  6.623886734953e-02
 5.375747211463e+04  1.564577600000e+01  6.538374229629e-02
 5.375747859376e+04  1.549557200000e+01  6.391130167578e-02
 5.376233608847e+04  1.576490600000e+01  6.677409624799e-02
 5.376235124154e+04  1.561221900000e+01  7.180454217689e-02
 5.376236086020e+04  1.553873500000e+01  7.438224793136e-02
 5.376237041044e+04  1.524005800000e+01  6.572264042271e-02
 5.390219688679e+04  1.573801300000e+01  1.185780128387e-01
 5.390219787991e+04  1.577152500000e+01  1.205013434053e-01
 5.390219886815e+04  1.568034700000e+01  1.161478433203e-01
 5.390219987178e+04  1.572685100000e+01  1.184171611735e-01
 5.380040296244e+04  1.485483500000e+01  5.898235594289e-02
 5.380040874478e+04  1.488821300000e+01  6.002066863208e-02
 5.380041442863e+04  1.491239900000e+01  6.110170620084e-02
 5.380042010866e+04  1.495241700000e+01  6.596197929996e-02
 5.381731106750e+04  1.524467300000e+01  6.186561180671e-02
 5.381731966723e+04  1.527439000000e+01  6.218386874835e-02
 5.381732824683e+04  1.529421800000e+01  6.237603171935e-02
 5.381733681427e+04  1.532595800000e+01  6.242617296904e-02
 5.388520807618e+04  1.544710400000e+01  6.171232992199e-02
 5.388521998800e+04  1.548168100000e+01  6.208176647328e-02
 5.388523184704e+04  1.549985900000e+01  6.229414249633e-02
 5.388524378328e+04  1.550089900000e+01  6.241490349393e-02
 5.406347261821e+04  1.569741700000e+01  6.482884647921e-02
 5.406347967828e+04  1.567228700000e+01  6.454729724635e-02
 5.406348678176e+04  1.558155100000e+01  6.400302332592e-02
 5.406349382991e+04  1.537649600000e+01  6.178331146736e-02
 5.420921764565e+04  1.566567700000e+01  6.525063645852e-02
 5.420922409910e+04  1.565678200000e+01  6.516624487284e-02
 5.420923055741e+04  1.562947200000e+01  6.496748062736e-02
 5.420923703944e+04  1.567639400000e+01  6.543212477298e-02
 5.445234823015e+04  1.569491800000e+01  6.538718774671e-02
 5.445235480409e+04  1.571651300000e+01  6.554126419120e-02
 5.445236146471e+04  1.571449800000e+01  6.541711252284e-02
 5.445236806447e+04  1.569376500000e+01  6.515148826470e-02
 5.414123858520e+04  1.528632400000e+01  6.207262902593e-02
 5.414124447426e+04  1.531061700000e+01  6.186444860758e-02
 5.414125037803e+04  1.531480600000e+01  6.223798229542e-02
 5.414125629904e+04  1.531471000000e+01  6.179392751505e-02
 5.415822688527e+04  1.570387300000e+01  6.518293326302e-02
 5.415823337957e+04  1.564802000000e+01  6.459527171625e-02
 5.415823985918e+04  1.569146100000e+01  6.500016355927e-02
 5.415824632790e+04  1.569571100000e+01  6.503839311970e-02
 5.425918593256e+04  1.574218800000e+01  5.993395847632e-02
 5.425919391455e+04  1.573651900000e+01  5.991712708416e-02
 5.425920191935e+04  1.571903400000e+01  5.987603309572e-02
 5.425920991211e+04  1.570933200000e+01  5.990118634415e-02
 5.427416112045e+04  1.532096600000e+01  6.280013733355e-02
 5.427416714344e+04  1.527113300000e+01  6.243717381065e-02
 5.427417311260e+04  1.528402300000e+01  6.265888903429e-02
 5.427417911429e+04  1.531668500000e+01  6.305461014162e-02
 5.416922971708e+04  1.565271200000e+01  6.523120319339e-02
 5.416923787050e+04  1.566809900000e+01  6.594158823454e-02
 5.416924605505e+04  1.569617300000e+01  6.564095132522e-02
 5.416925423219e+04  1.572459800000e+01  6.559197011895e-02
 5.417630728083e+04  1.571984900000e+01  6.541460290058e-02
 5.417631576562e+04  1.572965800000e+01  6.558327266558e-02
 5.417632416697e+04  1.570865800000e+01  6.536425828318e-02
 5.417633249331e+04  1.564187200000e+01  6.468173963799e-02
 5.441644807568e+04  1.557522100000e+01  6.424102796046e-02
 5.441645899948e+04  1.565503900000e+01  6.624092997940e-02
 5.441646460995e+04  1.567098200000e+01  7.185353273456e-02
 5.441647010524e+04  1.636079500000e+01  2.472557103916e-01
 5.438850777566e+04  1.501414100000e+01  6.315701669896e-02
 5.438851034581e+04  1.495948300000e+01  6.267053236839e-02
 5.438851289628e+04  1.491788500000e+01  6.228009910067e-02
 5.438851544850e+04  1.485288300000e+01  6.172576270467e-02
 5.455729969413e+04  1.491581500000e+01  5.883769996808e-02
 5.455730776848e+04  1.498916000000e+01  5.932246395985e-02
 5.455731587572e+04  1.503291600000e+01  5.964705044700e-02
 5.455732399059e+04  1.505301300000e+01  5.981315853179e-02
 5.456633937183e+04  1.567739300000e+01  6.590098421375e-02
 5.456634760708e+04  1.567792900000e+01  6.599223597400e-02
 5.456635588388e+04  1.569921000000e+01  6.633223281420e-02
 5.456636422249e+04  1.565068200000e+01  6.588796193098e-02
 5.457428427524e+04  1.545293800000e+01  6.346629807032e-02
 5.457429300219e+04  1.546669100000e+01  6.366920146617e-02
 5.457430176095e+04  1.556547600000e+01  6.468422877398e-02
 5.457431047748e+04  1.545689000000e+01  6.362215539965e-02
 5.480446166165e+04  1.567309300000e+01  6.816378928191e-02
 5.480446888597e+04  1.570439100000e+01  6.809854412402e-02
 5.480447613390e+04  1.570408700000e+01  6.759222689522e-02
 5.480448348497e+04  1.567715300000e+01  6.886886505657e-02
 5.482242309705e+04  1.568488900000e+01  6.727353826442e-02
 5.482242851583e+04  1.567171300000e+01  6.710467555100e-02
 5.482243393392e+04  1.568290600000e+01  6.722895156095e-02
 5.482243939948e+04  1.564661500000e+01  6.676825497306e-02
 5.449725990058e+04  1.547894700000e+01  7.205533217782e-02
 5.449726881317e+04  1.551098600000e+01  7.062989141863e-02
 5.449727386285e+04  1.551502300000e+01  7.260958506749e-02
 5.449727894701e+04  1.557605300000e+01  7.022284677273e-02
 5.450631483064e+04  1.502444500000e+01  5.934309213570e-02
 5.450632130885e+04  1.504678400000e+01  5.948287165123e-02
 5.450632786705e+04  1.509176700000e+01  5.976219124394e-02
 5.450633436830e+04  1.511519900000e+01  5.992663265673e-02
 5.452522539617e+04  1.501924200000e+01  6.020787278929e-02
 5.452523270765e+04  1.487942700000e+01  5.927791535494e-02
 5.452524001345e+04  1.478377200000e+01  5.809204467888e-02
 5.452524731532e+04  1.475626900000e+01  5.853365703287e-02
 5.448025308881e+04  1.496538500000e+01  5.940802496065e-02
 5.448025743971e+04  1.496257700000e+01  5.934578801065e-02
 5.448026178252e+04  1.499576100000e+01  5.954665235900e-02
 5.448026611087e+04  1.502277400000e+01  5.969828220732e-02
 5.462716403720e+04  1.565287900000e+01  6.600685869949e-02
 5.462716835108e+04  1.566749400000e+01  6.621171885829e-02
 5.462717265383e+04  1.565624000000e+01  6.614875057953e-02
 5.462717694688e+04  1.571210400000e+01  6.681734719891e-02
 5.453243530065e+04  1.536323000000e+01  6.346540052035e-02
 5.453244547083e+04  1.536152900000e+01  6.467445918175e-02
 5.453245202382e+04  1.538418700000e+01  6.401492007064e-02
 5.453245858086e+04  1.534523500000e+01  6.265446323973e-02
 5.453821817977e+04  1.568976400000e+01  6.545167133159e-02
 5.453822530292e+04  1.559327100000e+01  6.436129061538e-02
 5.453823237966e+04  1.544637600000e+01  6.359063709522e-02
 5.453823944737e+04  1.515195800000e+01  6.063288457209e-02
 5.454936680532e+04  1.556567300000e+01  6.412463978296e-02
 5.454937412860e+04  1.558915400000e+01  6.440282198909e-02
 5.454938147550e+04  1.558595800000e+01  6.438813553089e-02
 5.454938879854e+04  1.562868000000e+01  6.484532314155e-02
 5.459616211012e+04  1.568240700000e+01  6.540179504071e-02
 5.459616911950e+04  1.566346200000e+01  6.522500285355e-02
 5.459617613443e+04  1.568323700000e+01  6.545986053674e-02
 5.459618313501e+04  1.570373200000e+01  6.572512460355e-02
 5.477049262103e+04  1.475671500000e+01  5.813557591457e-02
 5.477049691487e+04  1.475488100000e+01  5.817794718533e-02
 5.477050122100e+04  1.475773800000e+01  5.822519767318e-02
 5.477050544956e+04  1.480951900000e+01  5.862386393862e-02
 5.492235655556e+04  1.567916100000e+01  6.552118231510e-02
 5.492236431080e+04  1.554822400000e+01  6.427408047391e-02
 5.492237218622e+04  1.528876500000e+01  6.195749138325e-02
 5.492238007575e+04  1.508241000000e+01  6.039404000290e-02
 5.494125324278e+04  1.567057000000e+01  6.499194557547e-02
 5.494125989358e+04  1.561179500000e+01  6.440898492033e-02
 5.494126662159e+04  1.565189200000e+01  6.484638228741e-02
 5.494127334763e+04  1.563636300000e+01  6.473483070681e-02
 5.518245285293e+04  1.535885000000e+01  6.185533802728e-02
 5.518245802101e+04  1.538554800000e+01  6.203813377594e-02
 5.518246323148e+04  1.538844100000e+01  6.206218356939e-02
 5.518246849876e+04  1.542289200000e+01  6.235289675870e-02
 5.486629399795e+04  1.568938600000e+01  6.477122789988e-02
 5.486630189372e+04  1.568460800000e+01  6.472590114058e-02
 5.486630968368e+04  1.566629200000e+01  6.450192056396e-02
 5.486631748998e+04  1.567607800000e+01  6.459359558626e-02
 5.488422265391e+04  1.570915800000e+01  6.523556182099e-02
 5.488422804584e+04  1.570729700000e+01  6.520577490891e-02
 5.488423351833e+04  1.568635300000e+01  6.516447954836e-02
 5.488423888260e+04  1.567235800000e+01  6.494835396546e-02
 5.483438645560e+04  1.563479600000e+01  6.425622705945e-02
 5.483439442707e+04  1.560351000000e+01  6.392878279487e-02
 5.483440235953e+04  1.558331700000e+01  6.371224833769e-02
 5.483441025610e+04  1.558652500000e+01  6.373897655476e-02
 5.485738612206e+04  1.513579200000e+01  6.525010769664e-02
 5.485739100355e+04  1.512871100000e+01  6.794761298535e-02
 5.486038556201e+04  1.566430300000e+01  6.428222885624e-02
 5.486039041931e+04  1.566541700000e+01  6.421683115750e-02
 5.486039533368e+04  1.565391900000e+01  6.414937439233e-02
 5.486040010093e+04  1.564895400000e+01  6.410050169579e-02
 5.489229306030e+04  1.561420800000e+01  6.638826815090e-02
 5.489229960183e+04  1.561165800000e+01  6.633339412070e-02
 5.489230624752e+04  1.563585100000e+01  6.660602116827e-02
 5.489231290075e+04  1.562830100000e+01  6.651277540395e-02
 5.491121664005e+04  1.546588900000e+01  6.291816551714e-02
 5.491122294707e+04  1.545941200000e+01  6.283710318100e-02
 5.491122941279e+04  1.548494100000e+01  6.306084739793e-02
 5.491123599598e+04  1.552180400000e+01  6.305819385599e-02
 5.495225364884e+04  1.476165800000e+01  5.823399400035e-02
 5.495226148037e+04  1.479045600000e+01  5.843614732038e-02
 5.495226929049e+04  1.483219800000e+01  5.868162538966e-02
 5.495227724251e+04  1.486360500000e+01  5.889788535191e-02
 5.497521775563e+04  1.541600400000e+01  6.328850171563e-02
 5.497522377722e+04  1.542273600000e+01  6.351630796509e-02
 5.497523225808e+04  1.561335000000e+01  6.730343938188e-02
 5.497524199502e+04  1.577122800000e+01  8.634579371109e-02
 5.515548393213e+04  1.570081400000e+01  6.541439888586e-02
 5.515548884719e+04  1.569052000000e+01  6.530513742147e-02
 5.515549359409e+04  1.567913700000e+01  6.518502993730e-02
 5.515549838378e+04  1.564879300000e+01  6.481234968313e-02
 5.529518276139e+04  1.492408000000e+01  5.892283825985e-02
 5.529518797439e+04  1.494469100000e+01  5.903225134003e-02
 5.529519323529e+04  1.497270600000e+01  5.923172114498e-02
 5.529519847905e+04  1.503150400000e+01  5.960105182219e-02
 5.530220702667e+04  1.476648300000e+01  6.279706745047e-02
 5.530221047153e+04  1.480673800000e+01  6.224224762298e-02
 5.530221389115e+04  1.481866700000e+01  6.188049497906e-02
 5.530221737593e+04  1.481163600000e+01  6.181481377521e-02
 5.554445828741e+04  1.557646100000e+01  6.440293776579e-02
 5.554447209207e+04  1.565324100000e+01  6.514451412732e-02
 5.554447905388e+04  1.562935500000e+01  6.488190772340e-02
 5.524230024626e+04  1.568784500000e+01  6.541650159419e-02
 5.524230725660e+04  1.565796300000e+01  6.508342591003e-02
 5.524231416421e+04  1.567036900000e+01  6.524269779381e-02
 5.524232113285e+04  1.567775600000e+01  6.532813404098e-02
 5.520841674271e+04  1.514702700000e+01  6.040391460177e-02
 5.520842357831e+04  1.519644600000e+01  6.077093910978e-02
 5.520843054252e+04  1.518337600000e+01  6.065695455163e-02
 5.520843749241e+04  1.521159000000e+01  6.089188362732e-02
 5.535416053895e+04  1.571311400000e+01  6.596734357351e-02
 5.535416510039e+04  1.566060900000e+01  6.537874872681e-02
 5.535416963444e+04  1.565600600000e+01  6.537881593394e-02
 5.535417421858e+04  1.565454800000e+01  6.539158021403e-02
 5.526918056388e+04  1.515781700000e+01  5.852912803916e-02
 5.526918811681e+04  1.516760000000e+01  5.858356645827e-02
 5.526919566625e+04  1.521778300000e+01  5.890364697635e-02
 5.526920319759e+04  1.523459300000e+01  5.897603671285e-02
 5.527628098905e+04  1.527845200000e+01  6.160788299814e-02
 5.527628638354e+04  1.527773300000e+01  6.159467920707e-02
 5.527629185865e+04  1.530482500000e+01  6.184572019197e-02
 5.527629735904e+04  1.532635100000e+01  6.208157106973e-02
 5.532321220374e+04  1.569951600000e+01  6.554091865947e-02
 5.532321796711e+04  1.564914100000e+01  6.504211201710e-02
 5.532322366193e+04  1.566271400000e+01  6.519066914188e-02
 5.532322940736e+04  1.569521300000e+01  6.553587535330e-02
 5.549749676483e+04  1.526500900000e+01  6.208481599228e-02
 5.549751094892e+04  1.494139000000e+01  5.955256275543e-02
 5.549751794836e+04  1.483274300000e+01  5.882652541223e-02
 5.559843889041e+04  1.473993300000e+01  5.639382024013e-02
 5.559844654113e+04  1.475201900000e+01  5.646184155882e-02
 5.559845422194e+04  1.480427500000e+01  5.786524784159e-02
 5.559846180907e+04  1.482397400000e+01  5.692285229033e-02
 5.561824819531e+04  1.562795600000e+01  6.517677633966e-02
 5.561825381888e+04  1.562136400000e+01  6.514308150333e-02
 5.561825956049e+04  1.562994600000e+01  6.515977685678e-02
 5.561826519735e+04  1.563629200000e+01  6.519532831921e-02
 5.556943017432e+04  1.562142800000e+01  6.485853524200e-02
 5.556943808851e+04  1.560441700000e+01  6.468653732944e-02
 5.556944594804e+04  1.563502900000e+01  6.498291204176e-02
 5.556945387454e+04  1.566770500000e+01  6.537638769299e-02
 5.562535420024e+04  1.570566200000e+01  6.086560310673e-02
 5.562536387157e+04  1.570470800000e+01  6.084870427090e-02
 5.562537355969e+04  1.568534700000e+01  6.072162616786e-02
 5.562538329538e+04  1.570291100000e+01  6.085562314801e-02
 5.563421218522e+04  1.543672900000e+01  6.382977587653e-02
 5.563422118992e+04  1.508224900000e+01  6.079935863997e-02
 5.563423027466e+04  1.490676100000e+01  5.950658178621e-02
 5.563423940093e+04  1.479317300000e+01  5.875471556006e-02
 5.564717527025e+04  1.559887000000e+01  6.573258252927e-02
 5.564718257564e+04  1.565238600000e+01  6.629778976192e-02
 5.564718999660e+04  1.571833200000e+01  6.700558706453e-02
 5.564719740600e+04  1.570726800000e+01  6.683898646276e-02
 5.568424959080e+04  1.514094600000e+01  6.126290185962e-02
 5.568425816449e+04  1.518531700000e+01  6.163284737135e-02
 5.568426682929e+04  1.520999100000e+01  6.188866893304e-02
 5.568427548727e+04  1.522923800000e+01  6.208102382472e-02
 5.485740730969e+04  1.522499500000e+01  6.267292494590e-02
 5.485741218331e+04  1.523059200000e+01  6.436666155444e-02
 5.585849546366e+04  1.541705700000e+01  6.339753585087e-02
 5.585849950228e+04  1.537109000000e+01  6.304777606652e-02
 5.585850351494e+04  1.540044400000e+01  6.328438717222e-02
 5.585850753365e+04  1.540474000000e+01  6.326250714672e-02
 5.589551691159e+04  1.567948400000e+01  6.500909365009e-02
 5.589552385149e+04  1.569573900000e+01  6.517795406809e-02
 5.589553071758e+04  1.569874900000e+01  6.520439452317e-02
 5.589553759769e+04  1.571787000000e+01  6.542104976352e-02
 5.592338383096e+04  1.572118100000e+01  6.267788751716e-02
 5.592339213475e+04  1.562403900000e+01  6.183992781933e-02
 5.592340041999e+04  1.541277300000e+01  6.018070270908e-02
 5.592340871171e+04  1.513929200000e+01  5.835949122192e-02
 5.595833187669e+04  1.540942100000e+01  6.249963112957e-02
 5.595833699130e+04  1.541204200000e+01  6.254775946533e-02
 5.595834205786e+04  1.541495400000e+01  6.252864502044e-02
 5.595834714331e+04  1.539448700000e+01  6.236140698999e-02
 5.597524940891e+04  1.561057200000e+01  6.523655258033e-02
 5.597525612986e+04  1.564488700000e+01  6.556632683779e-02
 5.597526293932e+04  1.565507800000e+01  6.560130638006e-02
 5.597526977032e+04  1.564476900000e+01  6.544158440232e-02
 5.598124407572e+04  1.567557800000e+01  6.239181193234e-02
 5.598125359434e+04  1.568355500000e+01  6.246913220560e-02
 5.598126307336e+04  1.570239800000e+01  6.262030652575e-02
 5.598127257016e+04  1.567308200000e+01  6.234891394682e-02
 5.599018580218e+04  1.482178500000e+01  5.854851263714e-02
 5.599019089366e+04  1.484430700000e+01  5.866772510935e-02
 5.599019600144e+04  1.490463700000e+01  5.905207424873e-02
 5.599020107119e+04  1.490230400000e+01  5.902938033491e-02
 5.601136182463e+04  1.493378200000e+01  5.950038994092e-02
 5.601136695710e+04  1.494493000000e+01  5.936508606338e-02
 5.601137217993e+04  1.496851600000e+01  5.954065738101e-02
 5.601137737877e+04  1.498092400000e+01  5.974286811678e-02
 5.601827988012e+04  1.565261000000e+01  6.523199604583e-02
 5.601828611447e+04  1.563857100000e+01  6.506177087600e-02
 5.601829235230e+04  1.569069900000e+01  6.565112692150e-02
 5.601829861488e+04  1.567172500000e+01  6.545439996652e-02
 5.604527481667e+04  1.567196000000e+01  6.594210109414e-02
 5.604528264904e+04  1.569055500000e+01  6.616544176184e-02
 5.604529066020e+04  1.569824400000e+01  6.632465041246e-02
 5.604529871446e+04  1.567435200000e+01  6.610948142203e-02
 5.606520650736e+04  1.536397300000e+01  5.978969427263e-02
 5.606521391046e+04  1.540841600000e+01  6.014168784308e-02
 5.606522136769e+04  1.542283000000e+01  6.031372510242e-02
 5.606522882419e+04  1.544352600000e+01  6.065164118735e-02
