# time mag mag_err
 5.346918306802e+04  1.516061900000e+01  6.074758919478e-02
 5.346919114828e+04  1.510236800000e+01  6.035616269008e-02
 5.346919929139e+04  1.510868300000e+01  6.041097623941e-02
 5.346920745244e+04  1.512383100000e+01  6.053538097665e-02
 5.348120095313e+04  1.511755200000e+01  6.070808460916e-02
 5.348120963227e+04  1.518618000000e+01  6.130738998396e-02
 5.348121828119e+04  1.495213800000e+01  5.941905260693e-02
 5.348122694331e+04  1.509800200000e+01  6.077844499322e-02
 5.372634595147e+04  1.560515700000e+01  6.486614966477e-02
 5.372635286998e+04  1.559880500000e+01  6.478250177381e-02
 5.372635978028e+04  1.556005000000e+01  6.438877425122e-02
 5.372636669336e+04  1.557971900000e+01  6.457225360840e-02
 5.368840090346e+04  1.533910900000e+01  6.269105521333e-02
 5.368840892921e+04  1.537881600000e+01  6.296538014251e-02
 5.368841702024e+04  1.521962300000e+01  6.384819453043e-02
 5.368842514079e+04  1.540824800000e+01  6.320551261500e-02
 5.369944368178e+04  1.558094200000e+01  6.488265853188e-02
 5.369945350404e+04  1.561548200000e+01  6.522922340717e-02
 5.369946340591e+04  1.559150700000e+01  6.496995500376e-02
 5.369947327828e+04  1.560394600000e+01  6.511578084373e-02
 5.364846494176e+04  1.550796400000e+01  6.855562918733e-02
 5.365447947464e+04  1.514404800000e+01  6.187552952145e-02
 5.365448378399e+04  1.509491300000e+01  6.139669509797e-02
 5.365448823282e+04  1.503401400000e+01  6.094004811989e-02
 5.365449254323e+04  1.502415500000e+01  6.083731671910e-02
 5.367046678171e+04  1.559997000000e+01  6.507207347695e-02
 5.367047164064e+04  1.553414300000e+01  6.439910350814e-02
 5.367047653104e+04  1.548294700000e+01  6.386741561862e-02
 5.367048137642e+04  1.537870700000e+01  6.287142655437e-02
 5.364246868942e+04  1.523312100000e+01  6.356932834363e-02
 5.364247528189e+04  1.502062800000e+01  6.135142160844e-02
 5.364248183395e+04  1.506038000000e+01  6.183862074203e-02
 5.364248840302e+04  1.498499200000e+01  6.113529784971e-02
 5.382717084720e+04  1.566807000000e+01  6.618179424657e-02
 5.382717694530e+04  1.560577200000e+01  6.552759398578e-02
 5.382718230830e+04  1.553004200000e+01  6.475469185396e-02
 5.382718767824e+04  1.544028100000e+01  6.389156822010e-02
 5.384314262421e+04  1.567538900000e+01  6.626404867103e-02
 5.384314795851e+04  1.570570700000e+01  6.663462636933e-02
 5.384315328098e+04  1.569203900000e+01  6.653782615709e-02
 5.384315857650e+04  1.570619200000e+01  6.675543836817e-02
 5.408049111052e+04  1.565727600000e+01  1.050957686090e-01
 5.408049211624e+04  1.567405800000e+01  1.057743264462e-01
 5.408049309788e+04  1.561990800000e+01  1.041120846983e-01
 5.408049410326e+04  1.563634000000e+01  1.049442257352e-01
 5.408142445983e+04  1.544289800000e+01  6.237553624385e-02
 5.408143100344e+04  1.544656200000e+01  6.282265466190e-02
 5.408143768294e+04  1.547000500000e+01  6.303742321112e-02
 5.408144425931e+04  1.548388500000e+01  6.314108169441e-02
 5.409428201473e+04  1.533373400000e+01  6.172627454736e-02
 5.409429346507e+04  1.529645700000e+01  6.130540205417e-02
 5.409430489052e+04  1.526054100000e+01  6.103347200617e-02
 5.409431626030e+04  1.519496800000e+01  6.058932588060e-02
 5.378619569480e+04  1.536207600000e+01  6.262444681026e-02
 5.378620322527e+04  1.535363800000e+01  6.374853900102e-02
 5.378621076720e+04  1.539571600000e+01  6.345338774975e-02
 5.378621829419e+04  1.542282600000e+01  6.379136479409e-02
 5.374437408538e+04  1.515224600000e+01  6.151089318838e-02
 5.374438220650e+04  1.516172700000e+01  6.156784022153e-02
 5.374439040611e+04  1.519989600000e+01  6.183895696276e-02
 5.374439880977e+04  1.521486200000e+01  6.194905840680e-02
 5.375337661618e+04  1.566570700000e+01  6.687077177519e-02
 5.375338457641e+04  1.564649700000e+01  6.526913060925e-02
 5.375339251801e+04  1.558892100000e+01  6.469541266435e-02
 5.375340045833e+04  1.542324900000e+01  6.321975677941e-02
 5.376433733486e+04  1.500764000000e+01  6.159949291371e-02
 5.376434316549e+04  1.505755400000e+01  6.234998114697e-02
 5.376435321332e+04  1.507831900000e+01  6.154011675138e-02
 5.376435905250e+04  1.510112100000e+01  6.378820553200e-02
 5.386617453307e+04  1.511273600000e+01  9.512764741043e-02
 5.386617535152e+04  1.514400800000e+01  9.618296747974e-02
 5.386617608384e+04  1.513854800000e+01  9.613796939294e-02
 5.386617682091e+04  1.512668800000e+01  9.579380983185e-02
 5.405347386312e+04  1.553396400000e+01  6.371126047610e-02
 5.405348045733e+04  1.553327900000e+01  6.342695761295e-02
 5.405348714087e+04  1.556831400000e+01  6.431601530882e-02
 5.405349375602e+04  1.553725000000e+01  6.365316993221e-02
 5.400946875992e+04  1.560719700000e+01  6.516036482996e-02
 5.400947741058e+04  1.557887100000e+01  6.468732760013e-02
 5.400948601784e+04  1.560065800000e+01  6.466270622673e-02
 5.400949469652e+04  1.557946200000e+01  6.445393555819e-02
 5.402743256853e+04  1.511470500000e+01  6.004545119630e-02
 5.402744180383e+04  1.514657600000e+01  6.020749683380e-02
 5.402745104804e+04  1.513000100000e+01  6.002732278375e-02
 5.402746031412e+04  1.518211900000e+01  6.035380722770e-02
 5.400348805321e+04  1.525523800000e+01  6.122079005474e-02
 5.400349199646e+04  1.523358700000e+01  6.100947339037e-02
 5.400349593439e+04  1.524961600000e+01  6.110941027523e-02
 5.400349986340e+04  1.527855900000e+01  6.128046896125e-02
 5.420112936977e+04  1.559225400000e+01  6.471734986911e-02
 5.420113855646e+04  1.560830800000e+01  6.489017625827e-02
 5.420114776559e+04  1.559871800000e+01  6.482139903174e-02
 5.420115694742e+04  1.563749800000e+01  6.518155632002e-02
 5.443737393670e+04  1.562286800000e+01  6.424924654388e-02
 5.443738675412e+04  1.565679900000e+01  6.451018974722e-02
 5.443739950869e+04  1.561715000000e+01  6.411036800395e-02
 5.443741229867e+04  1.556081200000e+01  6.354556516589e-02
 5.444838571921e+04  1.504186300000e+01  5.937141946471e-02
 5.444839062999e+04  1.506630800000e+01  5.952509539900e-02
 5.444839550789e+04  1.508211200000e+01  5.963807676458e-02
 5.444840038105e+04  1.509703100000e+01  6.012009137456e-02
 5.445433554089e+04  1.551983400000e+01  6.340859535211e-02
 5.445434256994e+04  1.546089100000e+01  6.241390639019e-02
 5.445434963082e+04  1.552471800000e+01  6.344537682536e-02
 5.445435664819e+04  1.553030400000e+01  6.345572901885e-02
 5.446436151800e+04  1.506115900000e+01  5.978533931448e-02
 5.446436809784e+04  1.506751700000e+01  5.982343266461e-02
 5.446437468845e+04  1.506864100000e+01  5.982760325487e-02
 5.446438124977e+04  1.507089200000e+01  5.983729167371e-02
 5.413821278219e+04  1.560195400000e+01  6.611128239605e-02
 5.413821933274e+04  1.562409000000e+01  6.633052975492e-02
 5.413822586027e+04  1.556503900000e+01  6.681585738125e-02
 5.413823240341e+04  1.562258900000e+01  6.565541193467e-02
 5.415723320576e+04  1.519265600000e+01  6.056046791392e-02
 5.415724395016e+04  1.519281000000e+01  6.053322202460e-02
 5.415725467674e+04  1.518216800000e+01  6.046056667425e-02
 5.415726536870e+04  1.517186700000e+01  6.036487445286e-02
 5.410841739225e+04  1.552449300000e+01  6.377936892836e-02
 5.410842222072e+04  1.555555600000e+01  6.403949470448e-02
 5.410842705545e+04  1.556896100000e+01  6.419582075622e-02
 5.410843191657e+04  1.555808700000e+01  6.413794203087e-02
 5.412433002081e+04  1.547488300000e+01  6.309353876746e-02
 5.412433592122e+04  1.545198800000e+01  6.281917056179e-02
 5.412434183286e+04  1.547392400000e+01  6.294754349508e-02
 5.412434775826e+04  1.549926400000e+01  6.318382984770e-02
 5.416916570788e+04  1.561307800000e+01  6.454010715017e-02
 5.416917222626e+04  1.559149800000e+01  6.428388274637e-02
 5.416917874696e+04  1.555754400000e+01  6.398777719698e-02
 5.416918526892e+04  1.550377500000e+01  6.350243589442e-02
 5.424415623889e+04  1.522345900000e+01  6.192513192203e-02
 5.424416330567e+04  1.524626300000e+01  6.224168390874e-02
 5.424417035637e+04  1.510990200000e+01  6.123146805172e-02
 5.424417738335e+04  1.513357400000e+01  6.151134867396e-02
 5.440751370177e+04  1.552981000000e+01  6.356232606655e-02
 5.440844330263e+04  1.531032000000e+01  6.165742765547e-02
 5.440844987332e+04  1.531953300000e+01  6.170275156965e-02
 5.440845635675e+04  1.532735300000e+01  6.174817776819e-02
 5.440846292455e+04  1.534157600000e+01  6.185908521870e-02
 5.441540017472e+04  1.543669100000e+01  6.279155486385e-02
 5.441540728411e+04  1.545431100000e+01  6.288247719492e-02
 5.441541437890e+04  1.548923000000e+01  6.316473897515e-02
 5.441542149882e+04  1.547984400000e+01  6.304234163378e-02
 5.442141175767e+04  1.558205500000e+01  6.421248841370e-02
 5.442142319042e+04  1.545367200000e+01  6.294243086259e-02
 5.442143463288e+04  1.531445300000e+01  6.170821260304e-02
 5.442144608194e+04  1.523325000000e+01  6.102149016904e-02
 5.438645846588e+04  1.561412100000e+01  6.467464156727e-02
 5.438646610456e+04  1.561436900000e+01  6.461759197961e-02
 5.438647369846e+04  1.563744700000e+01  6.478792911077e-02
 5.438648132002e+04  1.562221300000e+01  6.457876227714e-02
 5.435850525383e+04  1.553658500000e+01  6.501298815769e-02
 5.435850687532e+04  1.550503600000e+01  6.449154043156e-02
 5.435850848883e+04  1.532788200000e+01  6.264644586542e-02
 5.435851010499e+04  1.681967000000e+01  1.142892086319e-01
 5.455912357510e+04  1.561488300000e+01  6.471728906790e-02
 5.455913168141e+04  1.558029200000e+01  6.434347547184e-02
 5.455913979894e+04  1.556979900000e+01  6.424862290945e-02
 5.455914786253e+04  1.561696600000e+01  6.472101331607e-02
 5.456715468714e+04  1.560002800000e+01  6.460048537124e-02
 5.456716114047e+04  1.550934900000e+01  6.352461657757e-02
 5.456716885671e+04  1.559986500000e+01  6.439242774752e-02
 5.456717712507e+04  1.559167600000e+01  6.435384698643e-02
 5.457317355462e+04  1.530222500000e+01  6.183119506602e-02
 5.457318330834e+04  1.530389700000e+01  6.182903324065e-02
 5.457319307457e+04  1.531139700000e+01  6.206557206633e-02
 5.457320282830e+04  1.535867100000e+01  6.245547283174e-02
 5.458016500361e+04  1.552200700000e+01  6.371349633972e-02
 5.458017142963e+04  1.553272200000e+01  6.386480392100e-02
 5.458017785924e+04  1.551928100000e+01  6.379573822233e-02
 5.458018425735e+04  1.549894200000e+01  6.362861190909e-02
 5.482237243480e+04  1.522401800000e+01  6.061850647558e-02
 5.482237910862e+04  1.516691400000e+01  6.021493878749e-02
 5.482238582806e+04  1.512465900000e+01  5.991667353325e-02
 5.482239260501e+04  1.507187000000e+01  5.955924743361e-02
 5.451019721038e+04  1.519649500000e+01  6.072488966784e-02
 5.451020378987e+04  1.521337000000e+01  6.085119381690e-02
 5.451021034552e+04  1.523846000000e+01  6.102750889541e-02
 5.451021692803e+04  1.523962900000e+01  6.102881611713e-02
 5.447540419995e+04  1.535768900000e+01  6.183097148847e-02
 5.447541071289e+04  1.537158600000e+01  6.198114204476e-02
 5.447541716368e+04  1.536525700000e+01  6.193774746778e-02
 5.447542366181e+04  1.539547600000e+01  6.218554140610e-02
 5.449531408280e+04  1.516614100000e+01  6.046927522719e-02
 5.449532151558e+04  1.518513800000e+01  6.055528948757e-02
 5.449532896907e+04  1.521181100000e+01  6.073073438599e-02
 5.449533639977e+04  1.520663700000e+01  6.071824451628e-02
 5.453719163809e+04  1.543377600000e+01  6.017958156156e-02
 5.453720554411e+04  1.542510500000e+01  6.050807803294e-02
 5.453721343142e+04  1.545130900000e+01  6.030999113444e-02
 5.453722131515e+04  1.545158000000e+01  6.032233056631e-02
 5.459014726022e+04  1.540085900000e+01  6.280445518137e-02
 5.459015370638e+04  1.525941600000e+01  6.412247163626e-02
 5.459016019257e+04  1.518728200000e+01  6.269192829970e-02
 5.459016665146e+04  1.521206100000e+01  6.342695761295e-02
 5.459413925560e+04  1.553971300000e+01  6.920727268756e-02
 5.459414343671e+04  1.545134100000e+01  6.811787452662e-02
 5.459414763333e+04  1.540939500000e+01  6.764880480872e-02
 5.459415185681e+04  1.538158300000e+01  6.732494727894e-02
 5.477747476187e+04  1.548570900000e+01  6.275929889745e-02
 5.477748652391e+04  1.551368600000e+01  6.298635133139e-02
 5.477749849766e+04  1.549871700000e+01  6.282024243266e-02
 5.477751034200e+04  1.551507500000e+01  6.292525692496e-02
 5.479144809267e+04  1.568025400000e+01  6.476882766135e-02
 5.479145641288e+04  1.548079900000e+01  6.241220385960e-02
 5.479146472186e+04  1.552909700000e+01  6.326000115938e-02
 5.479147298604e+04  1.540597100000e+01  6.216816006127e-02
 5.493814552579e+04  1.540005900000e+01  6.266735884514e-02
 5.493815096300e+04  1.544892400000e+01  6.308034699142e-02
 5.493815644187e+04  1.544566300000e+01  6.306681184714e-02
 5.493816186079e+04  1.543950500000e+01  6.304875173893e-02
 5.494412457205e+04  1.570073200000e+01  6.569198098288e-02
 5.494413169742e+04  1.570894300000e+01  6.576513606720e-02
 5.494413892892e+04  1.570410100000e+01  6.572200150152e-02
 5.494414605580e+04  1.569932200000e+01  6.569325331774e-02
 5.517636757566e+04  1.546761200000e+01  6.279168851256e-02
 5.517637429324e+04  1.542202800000e+01  6.243033731837e-02
 5.517638084484e+04  1.538300500000e+01  6.205650080267e-02
 5.517638755699e+04  1.529405500000e+01  6.134591754087e-02
 5.485917439368e+04  1.520354400000e+01  6.032183505009e-02
 5.485918080256e+04  1.539779700000e+01  6.215780469332e-02
 5.485918722395e+04  1.540215000000e+01  6.214968550911e-02
 5.485919366721e+04  1.544024500000e+01  6.250013784558e-02
 5.490518817998e+04  1.559680500000e+01  6.418823357305e-02
 5.490519367435e+04  1.562225200000e+01  6.445457979085e-02
 5.490519917207e+04  1.559372400000e+01  6.418896313188e-02
 5.490520466297e+04  1.563703800000e+01  6.458563614480e-02
 5.492113494251e+04  1.561145500000e+01  6.468823902354e-02
 5.492114154101e+04  1.559682000000e+01  6.453310469532e-02
 5.492114821311e+04  1.562136300000e+01  6.472327419210e-02
 5.492115487605e+04  1.559931200000e+01  6.453452867516e-02
 5.496815178676e+04  1.573212600000e+01  7.381946708058e-02
 5.496815522708e+04  1.573975200000e+01  7.408769996043e-02
 5.496815861623e+04  1.564647700000e+01  7.271300904989e-02
 5.496816194023e+04  1.573066600000e+01  7.426880367180e-02
 5.515040781963e+04  1.553238500000e+01  6.422677064070e-02
 5.515041443106e+04  1.553203700000e+01  6.418003874471e-02
 5.515042108234e+04  1.554612600000e+01  6.428724866867e-02
 5.515042782944e+04  1.551021200000e+01  6.388905177436e-02
 5.516141673552e+04  1.559183100000e+01  6.436608374238e-02
 5.516142346162e+04  1.560151300000e+01  6.442121266309e-02
 5.516143016346e+04  1.561250000000e+01  6.449024453415e-02
 5.516143680985e+04  1.561936000000e+01  6.460054508047e-02
 5.516235102111e+04  1.543967300000e+01  6.347673653524e-02
 5.516235766370e+04  1.546372300000e+01  6.365425092020e-02
 5.516236423833e+04  1.545006600000e+01  6.349556138662e-02
 5.516237095953e+04  1.546523200000e+01  6.361360775775e-02
 5.511845715779e+04  1.557938600000e+01  6.481129726528e-02
 5.511846205353e+04  1.554156400000e+01  6.444989428957e-02
 5.511846702612e+04  1.561923900000e+01  6.717089531508e-02
 5.511847191619e+04  1.552783600000e+01  6.422564045990e-02
 5.512647188984e+04  1.556384600000e+01  6.441794985476e-02
 5.512647730990e+04  1.553218500000e+01  6.404393814736e-02
 5.512648287733e+04  1.557373700000e+01  6.443597599018e-02
 5.512648837968e+04  1.557078900000e+01  6.436643019793e-02
 5.529615598808e+04  1.542405300000e+01  6.294106232354e-02
 5.529616105316e+04  1.546473400000e+01  6.327433039261e-02
 5.529616613061e+04  1.544245400000e+01  6.304777606652e-02
 5.529617117352e+04  1.544988800000e+01  6.315900528284e-02
 5.555929634498e+04  1.550656200000e+01  6.406212978409e-02
 5.555931207264e+04  1.551869300000e+01  6.411430742254e-02
 5.523227453082e+04  1.559003600000e+01  7.207300321591e-02
 5.523227960029e+04  1.553940100000e+01  6.888236210867e-02
 5.523228474990e+04  1.555805200000e+01  6.969153690934e-02
 5.523228989425e+04  1.552168700000e+01  7.098000377315e-02
 5.524128125303e+04  1.547946000000e+01  6.368087809987e-02
 5.524128648757e+04  1.546171400000e+01  6.355928431959e-02
 5.524129167591e+04  1.547679600000e+01  6.367539874530e-02
 5.524129691087e+04  1.545027900000e+01  6.349014869377e-02
 5.520235347047e+04  1.542284100000e+01  6.259132946439e-02
 5.520235868152e+04  1.540998500000e+01  6.221999106544e-02
 5.520236387321e+04  1.541302700000e+01  6.230174722103e-02
 5.520236909025e+04  1.544756400000e+01  6.261866927876e-02
 5.521130175061e+04  1.516290000000e+01  6.058880207903e-02
 5.521130977325e+04  1.513960500000e+01  6.040848084896e-02
 5.521131773407e+04  1.515299200000e+01  6.050304184834e-02
 5.521132586845e+04  1.515601600000e+01  6.053618689953e-02
 5.525921191271e+04  1.560275300000e+01  6.435528882197e-02
 5.525921763985e+04  1.562464000000e+01  6.457416435640e-02
 5.525922339654e+04  1.565265800000e+01  6.482959242035e-02
 5.525922910771e+04  1.566363500000e+01  6.489939677468e-02
 5.526818664118e+04  1.546456900000e+01  6.317669928875e-02
 5.526819234660e+04  1.550133400000e+01  6.349716685298e-02
 5.526819811178e+04  1.549230700000e+01  6.344323961714e-02
 5.526820383035e+04  1.550345100000e+01  6.356344136452e-02
 5.527515834148e+04  1.554252900000e+01  6.424420053674e-02
 5.527516516914e+04  1.556056900000e+01  6.439306576813e-02
 5.527517198383e+04  1.553257000000e+01  6.414948559494e-02
 5.527517885892e+04  1.558064500000e+01  6.455193517447e-02
 5.532914598326e+04  1.503734300000e+01  5.987585810050e-02
 5.532915220731e+04  1.506627800000e+01  6.012794706227e-02
 5.532915849861e+04  1.505741800000e+01  6.008101246653e-02
 5.532916477844e+04  1.507703400000e+01  6.028450943030e-02
 5.550146689618e+04  1.541127000000e+01  6.294831947987e-02
 5.550148174855e+04  1.539725800000e+01  6.277230329910e-02
 5.550148927740e+04  1.544611900000e+01  6.320517786447e-02
 5.551043269694e+04  1.495326200000e+01  5.942850786440e-02
 5.551044540756e+04  1.494115600000e+01  5.929107648957e-02
 5.551045169042e+04  1.493592400000e+01  5.927048174715e-02
 5.553039840427e+04  1.546785700000e+01  6.334367156385e-02
 5.553040999492e+04  1.533523700000e+01  6.212961857100e-02
 5.553041575956e+04  1.526776000000e+01  6.158467331991e-02
 5.548346101440e+04  1.569261700000e+01  6.668038669367e-02
 5.548347499528e+04  1.572046200000e+01  6.649580678902e-02
 5.548348207228e+04  1.571780500000e+01  6.640881769698e-02
 5.565522547091e+04  1.523732300000e+01  5.963959089749e-02
 5.565523239650e+04  1.526710600000e+01  5.984665441807e-02
 5.565523928042e+04  1.526191500000e+01  5.984767101710e-02
 5.565524623264e+04  1.527180100000e+01  5.990198936866e-02
 5.559622338975e+04  1.490354200000e+01  5.724398551769e-02
 5.559623438684e+04  1.492323800000e+01  5.734564651332e-02
 5.559624553718e+04  1.494200100000e+01  5.741933817375e-02
 5.559625663416e+04  1.498287900000e+01  5.764001490142e-02
 5.561517750351e+04  1.513138100000e+01  6.088324234130e-02
 5.561518486602e+04  1.517948000000e+01  6.121956483332e-02
 5.561519231491e+04  1.517689000000e+01  6.118731276055e-02
 5.561519974992e+04  1.519663300000e+01  6.132927311650e-02
 5.556629324749e+04  1.561843500000e+01  6.128060317123e-02
 5.556630156584e+04  1.562863800000e+01  6.196322232218e-02
 5.556630987091e+04  1.560211700000e+01  6.254065773279e-02
 5.556631811087e+04  1.563991300000e+01  6.356491256725e-02
 5.557240057932e+04  1.540384600000e+01  6.288310948268e-02
 5.557240705282e+04  1.541520000000e+01  6.303121115860e-02
 5.557241352884e+04  1.543955100000e+01  6.323274085285e-02
 5.557242011017e+04  1.546766600000e+01  6.350072902361e-02
 5.558543825689e+04  1.520283400000e+01  6.162054677128e-02
 5.558544532043e+04  1.517295100000e+01  6.137499810327e-02
 5.558545239453e+04  1.521778000000e+01  6.177721809244e-02
 5.558545944898e+04  1.528232100000e+01  6.234833913951e-02
 5.562214717868e+04  1.538510900000e+01  6.052465324932e-02
 5.562215542237e+04  1.537110700000e+01  6.045108191428e-02
 5.562216370822e+04  1.537722300000e+01  6.064642176531e-02
 5.562217195963e+04  1.542178000000e+01  6.075451618773e-02
 5.563115163090e+04  1.508560100000e+01  6.092145552099e-02
 5.563115851020e+04  1.509246600000e+01  6.095946509324e-02
 5.563116540602e+04  1.514270100000e+01  6.135318921617e-02
 5.563117228045e+04  1.515675300000e+01  6.144978423793e-02
 5.568320073872e+04  1.512277100000e+01  6.138788913779e-02
 5.568320934010e+04  1.513429200000e+01  6.158317979691e-02
 5.568321804979e+04  1.515209200000e+01  6.181072638473e-02
 5.568322677685e+04  1.520300000000e+01  6.234087451560e-02
 5.586445118469e+04  1.523547900000e+01  6.127943009834e-02
 5.586445582497e+04  1.520531300000e+01  6.100667982771e-02
 5.586446047185e+04  1.520209000000e+01  6.098085324601e-02
 5.586446509998e+04  1.519573700000e+01  6.091556421674e-02
 5.588737936927e+04  1.515580400000e+01  6.067467824119e-02
 5.588738957455e+04  1.516305600000e+01  6.070205878406e-02
 5.588739981850e+04  1.518084900000e+01  6.081562965873e-02
 5.588741015204e+04  1.520034200000e+01  6.093257125306e-02
 5.585646297159e+04  1.507651600000e+01  6.028582001312e-02
 5.585647084503e+04  1.506183000000e+01  6.015544345728e-02
 5.585647885146e+04  1.505790200000e+01  6.008438221547e-02
 5.585648680593e+04  1.505907900000e+01  6.008796440733e-02
 5.589340660277e+04  1.554100300000e+01  6.395469235020e-02
 5.589341175638e+04  1.553397600000e+01  6.387120393500e-02
 5.589341697850e+04  1.557183000000e+01  6.421801706670e-02
 5.589342219171e+04  1.553710100000e+01  6.387964021165e-02
 5.591942254990e+04  1.520406400000e+01  6.122251324449e-02
 5.591943102604e+04  1.522718700000e+01  6.140115540376e-02
 5.591943951728e+04  1.523865600000e+01  6.148762601498e-02
 5.591944796782e+04  1.523502500000e+01  6.146634007605e-02
 5.594034876716e+04  1.557577200000e+01  6.408368802945e-02
 5.594035436450e+04  1.557707000000e+01  6.407601630202e-02
 5.594035995390e+04  1.557852800000e+01  6.409308467882e-02
 5.594036558784e+04  1.557760300000e+01  6.409474438770e-02
 5.595817126779e+04  1.569938800000e+01  6.571895046349e-02
 5.595817582194e+04  1.572447000000e+01  6.597433084149e-02
 5.595818032686e+04  1.572307100000e+01  6.594466524369e-02
 5.595818485336e+04  1.571588000000e+01  6.581673834015e-02
 5.598616490458e+04  1.565695000000e+01  6.584022963291e-02
 5.598617000162e+04  1.563959300000e+01  6.551835808932e-02
 5.598617506958e+04  1.568897800000e+01  6.606878882377e-02
 5.598618016394e+04  1.566625600000e+01  6.586691649382e-02
 5.600021158789e+04  1.542849200000e+01  6.311131619055e-02
 5.600021671373e+04  1.543617300000e+01  6.315753736515e-02
 5.600022187183e+04  1.543476100000e+01  6.317071560343e-02
 5.600022700657e+04  1.543563300000e+01  6.318854004813e-02
 5.600715813416e+04  1.551793600000e+01  6.115297913251e-02
 5.600716844164e+04  1.549576300000e+01  6.098619120221e-02
 5.600717870346e+04  1.552358100000e+01  6.121036644707e-02
 5.600718894857e+04  1.552264900000e+01  6.120527818577e-02
 5.601313239314e+04  1.529306800000e+01  6.235260954030e-02
 5.601313741490e+04  1.526239500000e+01  6.209256360459e-02
 5.601314247152e+04  1.527361900000e+01  6.218964665809e-02
 5.601314752691e+04  1.527030800000e+01  6.219323604179e-02
 5.603412962803e+04  1.549960800000e+01  1.230179729244e-01
 5.603413236255e+04  1.555244800000e+01  1.256779302323e-01
 5.603413503745e+04  1.554300200000e+01  1.247424262678e-01
 5.603413760773e+04  1.551941400000e+01  1.239048012448e-01
 5.603513046890e+04  1.545922600000e+01  6.355158585904e-02
 5.603513614424e+04  1.549603000000e+01  6.392894481170e-02
 5.603514189869e+04  1.548554300000e+01  6.383645744037e-02
 5.603514762806e+04  1.547146800000e+01  6.372239415014e-02
 5.603517227139e+04  1.545476000000e+01  6.366909762709e-02
 5.603517737988e+04  1.551363500000e+01  6.419216651887e-02
 5.603518250005e+04  1.547858900000e+01  6.387403211407e-02
 5.603518768387e+04  1.549079900000e+01  6.402924741629e-02
 5.604115768872e+04  1.530267000000e+01  6.280160552044e-02
 5.604116220897e+04  1.530322900000e+01  6.271182762093e-02
 5.604116688062e+04  1.528715900000e+01  6.259175830693e-02
 5.604117146072e+04  1.525971900000e+01  6.246502291575e-02
 5.606014877490e+04  1.518341400000e+01  6.071041375352e-02
 5.606015747222e+04  1.521591600000e+01  6.100588656017e-02
 5.606016536637e+04  1.519168600000e+01  6.088800998026e-02
 5.606017341515e+04  1.526059500000e+01  6.151271674297e-02
 5.606716227903e+04  1.548380300000e+01  6.378673238741e-02
 5.606716788840e+04  1.544846800000e+01  6.353137288147e-02
 5.606717349157e+04  1.547438100000e+01  6.388653740623e-02
 5.606717912226e+04  1.545931200000e+01  6.385463018908e-02
 5.620448440706e+04  1.551179200000e+01  6.167495265179e-02
 5.620449196021e+04  1.552496700000e+01  6.171203872079e-02
 5.620449951509e+04  1.550333400000e+01  6.148993040448e-02
 5.620450705441e+04  1.552406600000e+01  6.271958733081e-02
 5.621346648965e+04  1.528593800000e+01  6.218645808540e-02
 5.621347158895e+04  1.531977200000e+01  6.243079542545e-02
 5.621347664684e+04  1.529858300000e+01  6.222456363260e-02
 5.621348178596e+04  1.531688900000e+01  6.235914466044e-02
 5.622048484819e+04  1.550517800000e+01  6.164924501042e-02
 5.622048895222e+04  1.552212100000e+01  6.175989980383e-02
 5.622049307293e+04  1.549869900000e+01  6.156093084720e-02
 5.622049720983e+04  1.552212500000e+01  6.173457808788e-02
 5.622641279891e+04  1.558007300000e+01  6.531829799399e-02
 5.622641914890e+04  1.557548300000e+01  6.520663025003e-02
 5.622642548360e+04  1.553858900000e+01  6.471137141201e-02
 5.622643183645e+04  1.545730400000e+01  6.386539010247e-02
