# time mag mag_err
 5.348126664737e+04  1.532036100000e+01  6.259081439420e-02
 5.348127762697e+04  1.537119600000e+01  6.318478124728e-02
 5.348128630228e+04  1.538615500000e+01  6.344085376535e-02
 5.348129491984e+04  1.547028200000e+01  6.431429587616e-02
 5.371135988579e+04  1.557737800000e+01  6.460246310320e-02
 5.371136808955e+04  1.559478100000e+01  6.474132267057e-02
 5.371137637329e+04  1.559744700000e+01  6.474548942156e-02
 5.371138459454e+04  1.564233600000e+01  6.520531517704e-02
 5.372641659514e+04  1.562862300000e+01  6.503961039303e-02
 5.372642699404e+04  1.572918600000e+01  6.611420904465e-02
 5.372643740034e+04  1.570814900000e+01  6.589545191469e-02
 5.372644769310e+04  1.565834200000e+01  6.606513549896e-02
 5.349516407123e+04  1.550748900000e+01  6.454034491112e-02
 5.349517052271e+04  1.550351900000e+01  6.552180275189e-02
 5.349517701968e+04  1.552249100000e+01  6.586430868473e-02
 5.349518345426e+04  1.557154000000e+01  7.022246712307e-02
 5.367844088326e+04  1.569559600000e+01  6.629470879490e-02
 5.367844634175e+04  1.570181300000e+01  6.635603876732e-02
 5.367845185869e+04  1.564695800000e+01  6.574453120004e-02
 5.367845728199e+04  1.559963400000e+01  6.520866886848e-02
 5.368547476255e+04  1.555068300000e+01  6.522467315464e-02
 5.368548533727e+04  1.550876700000e+01  7.209739517474e-02
 5.368549061565e+04  1.558001800000e+01  6.542994948157e-02
 5.368743603581e+04  1.569213400000e+01  6.596543277380e-02
 5.368744248012e+04  1.572171500000e+01  6.619765199416e-02
 5.368744890450e+04  1.565070700000e+01  6.550177952802e-02
 5.368745535321e+04  1.562577400000e+01  6.519637980780e-02
 5.370247718113e+04  1.533413500000e+01  6.239226685430e-02
 5.370248594627e+04  1.520790200000e+01  6.136060764638e-02
 5.370249479683e+04  1.516165200000e+01  6.097804439481e-02
 5.370250361694e+04  1.507258400000e+01  6.033302008377e-02
 5.385422067532e+04  1.562509100000e+01  6.665686309930e-02
 5.385422774257e+04  1.564066400000e+01  6.687435905098e-02
 5.385423477799e+04  1.566233700000e+01  6.718741192240e-02
 5.385424181897e+04  1.568508600000e+01  6.761373958328e-02
 5.409434454006e+04  1.569191900000e+01  6.490209702463e-02
 5.409435499752e+04  1.566181800000e+01  6.481334056388e-02
 5.409436545730e+04  1.559461000000e+01  6.415808798833e-02
 5.409437596199e+04  1.544250700000e+01  6.280998030549e-02
 5.377022278744e+04  1.565760200000e+01  6.661986665535e-02
 5.377023048782e+04  1.571219800000e+01  6.678991381905e-02
 5.377023822582e+04  1.569123200000e+01  6.595515128793e-02
 5.377024594368e+04  1.570905400000e+01  6.609352067963e-02
 5.378816038995e+04  1.558640000000e+01  6.544226544231e-02
 5.378816852740e+04  1.557460900000e+01  6.486415193998e-02
 5.378817508281e+04  1.557483800000e+01  6.571016101146e-02
 5.378818162353e+04  1.557721400000e+01  6.503384160674e-02
 5.373729915082e+04  1.520029300000e+01  6.326053107417e-02
 5.373730645280e+04  1.512699100000e+01  6.071630052590e-02
 5.373731379425e+04  1.503966000000e+01  6.005437396198e-02
 5.373732107865e+04  1.499795700000e+01  6.134669882844e-02
 5.374132778193e+04  1.559796800000e+01  6.460816200151e-02
 5.374133549424e+04  1.558286700000e+01  6.444802151234e-02
 5.374134313385e+04  1.559160500000e+01  6.451746412739e-02
 5.374135084350e+04  1.558250100000e+01  6.444550476530e-02
 5.375628904492e+04  1.555141900000e+01  6.516735562081e-02
 5.375727217784e+04  1.524308100000e+01  6.188806599451e-02
 5.375727917679e+04  1.527955000000e+01  6.215503092014e-02
 5.375728620411e+04  1.528160100000e+01  6.218514303343e-02
 5.375729324161e+04  1.530241400000e+01  6.256565891318e-02
 5.376225725040e+04  1.553588700000e+01  6.447888276405e-02
 5.379818099778e+04  1.544234000000e+01  6.353157388566e-02
 5.379818753595e+04  1.546261900000e+01  6.372723931878e-02
 5.379819409889e+04  1.545630600000e+01  6.366069058005e-02
 5.379820070860e+04  1.548719100000e+01  6.394010479663e-02
 5.381916149586e+04  1.539250400000e+01  6.325364308819e-02
 5.381916782801e+04  1.537914800000e+01  6.314377433074e-02
 5.381917416466e+04  1.541374100000e+01  6.355290187003e-02
 5.381918039472e+04  1.540111500000e+01  6.411020116163e-02
 5.406041874100e+04  1.537248400000e+01  6.193531302266e-02
 5.406042539422e+04  1.535834500000e+01  6.180222718501e-02
 5.406043204073e+04  1.538182200000e+01  6.198747441206e-02
 5.406043865738e+04  1.540267200000e+01  6.212674067095e-02
 5.403545696461e+04  1.561315700000e+01  6.398141805977e-02
 5.403546348171e+04  1.561280200000e+01  6.354672772658e-02
 5.403546998690e+04  1.561426300000e+01  6.393724600344e-02
 5.403547656986e+04  1.560482300000e+01  6.383210856945e-02
 5.400249405354e+04  1.566428100000e+01  7.050858041876e-02
 5.400249743647e+04  1.568293200000e+01  7.077104806857e-02
 5.400250082981e+04  1.564755400000e+01  7.021246862933e-02
 5.400250420127e+04  1.568194500000e+01  7.067682924880e-02
 5.420917015301e+04  1.517958700000e+01  6.115124711090e-02
 5.420917658921e+04  1.520848300000e+01  6.165861778920e-02
 5.420918307241e+04  1.523232000000e+01  6.185032153118e-02
 5.420918951439e+04  1.523098900000e+01  6.229365435649e-02
 5.444944942465e+04  1.550080300000e+01  6.291371467689e-02
 5.444945544556e+04  1.553498400000e+01  6.324181354757e-02
 5.444946140153e+04  1.554086100000e+01  6.328312936945e-02
 5.444946736547e+04  1.555440800000e+01  6.340800178684e-02
 5.410838629972e+04  1.529772500000e+01  6.167122563794e-02
 5.410839287863e+04  1.533087200000e+01  6.196253398593e-02
 5.410839944321e+04  1.531275100000e+01  6.182214227853e-02
 5.410840591031e+04  1.532877800000e+01  6.190902565474e-02
 5.411730055300e+04  1.507902800000e+01  5.975825150514e-02
 5.411730707172e+04  1.511489200000e+01  6.000466714537e-02
 5.411731355851e+04  1.511999000000e+01  6.004104819279e-02
 5.411732007168e+04  1.513421700000e+01  6.015647887851e-02
 5.412519018209e+04  1.531234300000e+01  6.181143230755e-02
 5.412520125186e+04  1.529441700000e+01  6.716455931656e-02
 5.412521235566e+04  1.535144200000e+01  6.199331495995e-02
 5.412522347705e+04  1.535960500000e+01  6.203116050782e-02
 5.426015477679e+04  1.506221800000e+01  5.612444252056e-02
 5.426016279479e+04  1.512766200000e+01  5.648833970730e-02
 5.426017077204e+04  1.517696300000e+01  5.679884036361e-02
 5.426017872810e+04  1.516620100000e+01  5.678321428291e-02
 5.416918958175e+04  1.556046300000e+01  6.394372207848e-02
 5.416919778296e+04  1.554155800000e+01  6.372348758647e-02
 5.416920607331e+04  1.555485000000e+01  6.384638711685e-02
 5.416921442593e+04  1.558448100000e+01  6.441428048872e-02
 5.417627319453e+04  1.542233300000e+01  6.267592815188e-02
 5.417628062973e+04  1.541939400000e+01  6.267888957450e-02
 5.417628801853e+04  1.540221000000e+01  6.254682295741e-02
 5.417629541994e+04  1.544250300000e+01  6.292775925672e-02
 5.423716476913e+04  1.568702500000e+01  6.781919043654e-02
 5.424515182462e+04  1.507789200000e+01  6.071959081471e-02
 5.424515993394e+04  1.514903000000e+01  6.130907516951e-02
 5.424516805263e+04  1.512168000000e+01  6.116318559021e-02
 5.424517618174e+04  1.512656000000e+01  6.120643412730e-02
 5.440940751839e+04  1.569387100000e+01  6.540931375278e-02
 5.440942361955e+04  1.569294000000e+01  6.485410794231e-02
 5.440943981051e+04  1.570207000000e+01  6.528727688197e-02
 5.440945592809e+04  1.562334700000e+01  6.440154404710e-02
 5.442442334100e+04  1.569748600000e+01  6.502711772364e-02
 5.442442989340e+04  1.564819000000e+01  6.403050721181e-02
 5.442443647336e+04  1.568546400000e+01  6.487064861326e-02
 5.442444299081e+04  1.569646400000e+01  6.498672772511e-02
 5.438245487960e+04  1.558927900000e+01  6.499239198212e-02
 5.438246472233e+04  1.542643300000e+01  6.328046912022e-02
 5.438247451726e+04  1.523811900000e+01  6.155870028258e-02
 5.438248436903e+04  1.519177300000e+01  6.114269535427e-02
 5.455718688019e+04  1.496163100000e+01  5.918030607043e-02
 5.455719573977e+04  1.498131000000e+01  5.930541607635e-02
 5.455720459426e+04  1.501647000000e+01  5.954938609497e-02
 5.455721341241e+04  1.503236900000e+01  5.995100567853e-02
 5.456414951233e+04  1.556762000000e+01  6.408076203810e-02
 5.456415616174e+04  1.559098900000e+01  6.426873112209e-02
 5.456416278926e+04  1.557726300000e+01  6.417308677978e-02
 5.456416947096e+04  1.557573700000e+01  6.417252649208e-02
 5.457324061547e+04  1.561286500000e+01  6.503813641937e-02
 5.457324892932e+04  1.562537800000e+01  6.495822701629e-02
 5.457325718308e+04  1.566647500000e+01  6.551395119817e-02
 5.457326547620e+04  1.576486000000e+01  6.666423692507e-02
 5.480438480344e+04  1.520434500000e+01  6.087001478879e-02
 5.480439152889e+04  1.516006900000e+01  6.031713241770e-02
 5.480439828281e+04  1.510609700000e+01  6.069223041826e-02
 5.480440486624e+04  1.505372700000e+01  5.988312688355e-02
 5.482250243884e+04  1.508597400000e+01  6.149213073327e-02
 5.482250845649e+04  1.511031200000e+01  6.169962328878e-02
 5.482251455380e+04  1.513861900000e+01  6.195256754615e-02
 5.482252063280e+04  1.516981800000e+01  6.219391399130e-02
 5.483036750367e+04  1.522104200000e+01  6.059949993340e-02
 5.483037298971e+04  1.524508800000e+01  6.076583149668e-02
 5.483037848824e+04  1.527185100000e+01  6.096830563589e-02
 5.483038390819e+04  1.526479700000e+01  6.089197687464e-02
 5.450625667612e+04  1.520787500000e+01  6.070173038295e-02
 5.450626325862e+04  1.521289200000e+01  6.072393144387e-02
 5.450626985073e+04  1.523536600000e+01  6.089349633098e-02
 5.450627643012e+04  1.523086500000e+01  6.085383843647e-02
 5.452418081552e+04  1.499812400000e+01  5.924616335252e-02
 5.452418805744e+04  1.500048400000e+01  5.928366316123e-02
 5.452419525687e+04  1.503096300000e+01  5.947407079459e-02
 5.452420252714e+04  1.504675700000e+01  5.955567192619e-02
 5.447632383690e+04  1.532822100000e+01  6.160199066950e-02
 5.447633278907e+04  1.534689000000e+01  6.175104180689e-02
 5.447634168743e+04  1.538250200000e+01  6.201341945085e-02
 5.447635059216e+04  1.539168600000e+01  6.209393437233e-02
 5.449626145515e+04  1.554345900000e+01  6.350128093352e-02
 5.449626586046e+04  1.554273500000e+01  6.349355589533e-02
 5.449627097449e+04  1.552993400000e+01  6.336943771840e-02
 5.449627666238e+04  1.553676700000e+01  6.340963302729e-02
 5.453425352243e+04  1.571975900000e+01  6.562197420511e-02
 5.453425916981e+04  1.569707600000e+01  6.538428300462e-02
 5.453426475088e+04  1.571526200000e+01  6.560360668355e-02
 5.453427032037e+04  1.563150300000e+01  6.426765002159e-02
 5.454925207172e+04  1.568374000000e+01  6.534462724865e-02
 5.454925991296e+04  1.565885800000e+01  6.512369896360e-02
 5.454926772840e+04  1.572376700000e+01  6.580459121464e-02
 5.454927552589e+04  1.570086400000e+01  6.562631070971e-02
 5.479043801988e+04  1.557155300000e+01  6.364900064359e-02
 5.479044532094e+04  1.556811900000e+01  6.362333288850e-02
 5.479045258634e+04  1.556720900000e+01  6.359155463578e-02
 5.479045977872e+04  1.554731000000e+01  6.340365561168e-02
 5.476549958374e+04  1.513196800000e+01  6.134574776928e-02
 5.476550620501e+04  1.514142300000e+01  6.139494648358e-02
 5.476551276831e+04  1.514964400000e+01  6.146019064856e-02
 5.476551938924e+04  1.517161600000e+01  6.159856492493e-02
 5.494119162449e+04  1.569452000000e+01  6.536196936023e-02
 5.494119826557e+04  1.564314700000e+01  6.483854187682e-02
 5.494120497632e+04  1.555929100000e+01  6.404185264301e-02
 5.494121159367e+04  1.547759300000e+01  6.327119129299e-02
 5.518134976425e+04  1.497080400000e+01  5.920031375456e-02
 5.518135501396e+04  1.498490600000e+01  5.935021145403e-02
 5.518136014812e+04  1.498603400000e+01  5.914476616397e-02
 5.518136530454e+04  1.500158000000e+01  5.923923835966e-02
 5.486617592251e+04  1.560772700000e+01  6.425111892761e-02
 5.486618519520e+04  1.546712700000e+01  6.289644524758e-02
 5.486619445295e+04  1.530541100000e+01  6.149293468497e-02
 5.486620377888e+04  1.522008100000e+01  6.079625654516e-02
 5.487716331076e+04  1.519852000000e+01  6.154188038735e-02
 5.487717009744e+04  1.521129100000e+01  6.194650491356e-02
 5.487717613605e+04  1.520494400000e+01  6.541419487731e-02
 5.487718224469e+04  1.520098600000e+01  6.666188604675e-02
 5.488918447956e+04  1.522105900000e+01  6.070721890206e-02
 5.488919226490e+04  1.526570900000e+01  6.102817864774e-02
 5.488920005742e+04  1.524667000000e+01  6.087993179575e-02
 5.488920798003e+04  1.528014500000e+01  6.112310082562e-02
 5.485143569027e+04  1.535842300000e+01  5.945861008929e-02
 5.485144220159e+04  1.535498100000e+01  5.946197008169e-02
 5.485144875584e+04  1.535133300000e+01  5.942533092522e-02
 5.485145535248e+04  1.537165400000e+01  5.959135280247e-02
 5.486027617475e+04  1.499651600000e+01  5.900145162594e-02
 5.486028095750e+04  1.499524500000e+01  5.898937400325e-02
 5.486028571480e+04  1.502059300000e+01  5.914034226269e-02
 5.486029060289e+04  1.503969200000e+01  5.925158688408e-02
 5.491311396332e+04  1.506372300000e+01  5.965796660185e-02
 5.491311937773e+04  1.507789900000e+01  5.973623603066e-02
 5.491312484132e+04  1.508646800000e+01  5.980470141423e-02
 5.491313035874e+04  1.509573400000e+01  5.986280005986e-02
 5.496521187839e+04  1.559022600000e+01  6.536755696333e-02
 5.496521851436e+04  1.550433100000e+01  6.453666466106e-02
 5.496522500279e+04  1.537642500000e+01  6.339092967303e-02
 5.496523170765e+04  1.527684200000e+01  6.259205818130e-02
 5.515138133205e+04  1.507982800000e+01  6.034514358556e-02
 5.515139370016e+04  1.509588100000e+01  6.040388670887e-02
 5.515140600034e+04  1.514391300000e+01  6.071468599711e-02
 5.515141821730e+04  1.514955100000e+01  6.071139905073e-02
 5.513144004295e+04  1.571285500000e+01  6.593851258273e-02
 5.513144846353e+04  1.565994800000e+01  6.532331485256e-02
 5.513145699255e+04  1.559857300000e+01  6.466930715813e-02
 5.513146541208e+04  1.546300900000e+01  6.334039702068e-02
 5.509649500847e+04  1.558327400000e+01  6.811247298400e-02
 5.509649880646e+04  1.555507500000e+01  6.777337292630e-02
 5.509650248503e+04  1.562492800000e+01  6.856237903669e-02
 5.509650621068e+04  1.559763100000e+01  6.803996181861e-02
 5.529328210812e+04  1.551873100000e+01  6.384893903744e-02
 5.529328726590e+04  1.553215100000e+01  6.403521821097e-02
 5.529329243983e+04  1.552608800000e+01  6.397283990567e-02
 5.529329761392e+04  1.551808400000e+01  6.393018427743e-02
 5.530318389160e+04  1.494787300000e+01  5.963223860126e-02
 5.530318961921e+04  1.497181500000e+01  5.984972962377e-02
 5.530319529520e+04  1.497099200000e+01  5.983014666017e-02
 5.530320104412e+04  1.500109900000e+01  6.007928875423e-02
 5.553343990148e+04  1.554938600000e+01  6.064592102731e-02
 5.553345500132e+04  1.558282600000e+01  6.140995004668e-02
 5.553346255728e+04  1.555508900000e+01  6.072881580788e-02
 5.524125227176e+04  1.567963200000e+01  6.572775115814e-02
 5.524126017296e+04  1.569734200000e+01  6.581558770995e-02
 5.524126811039e+04  1.569495900000e+01  6.581752942149e-02
 5.524127600382e+04  1.562634100000e+01  6.511247238492e-02
 5.520933428259e+04  1.554805400000e+01  6.399893584762e-02
 5.520934238738e+04  1.555487800000e+01  6.411741628440e-02
 5.520935080235e+04  1.559220400000e+01  7.505811985426e-02
 5.520935945287e+04  1.566077300000e+01  7.405200888742e-02
 5.535816594787e+04  1.556501400000e+01  6.560521149877e-02
 5.535817048921e+04  1.562766100000e+01  6.633749876654e-02
 5.535817508156e+04  1.556832300000e+01  6.579483198745e-02
 5.535817968715e+04  1.560320700000e+01  6.619210911599e-02
 5.526914876235e+04  1.537115200000e+01  6.241091615795e-02
 5.526915433288e+04  1.536060600000e+01  6.233419715956e-02
 5.526915996433e+04  1.538340000000e+01  6.251619208277e-02
 5.526916571763e+04  1.540312800000e+01  6.263748895435e-02
 5.526917142753e+04  1.541067900000e+01  6.271778902684e-02
 5.532216906362e+04  1.555502000000e+01  6.416261705564e-02
 5.532217469700e+04  1.556033300000e+01  6.447976504180e-02
 5.532218592119e+04  1.558017800000e+01  6.440508909717e-02
 5.532219508425e+04  1.556653000000e+01  6.452599070559e-02
 5.533817851872e+04  1.538025900000e+01  6.280507887129e-02
 5.533818662572e+04  1.541011500000e+01  6.317232962927e-02
 5.533819468122e+04  1.539785100000e+01  6.309569334305e-02
 5.533820271716e+04  1.541488700000e+01  6.334968614339e-02
 5.551241069955e+04  1.554277900000e+01  6.421920209864e-02
 5.551242686199e+04  1.556670900000e+01  6.441416450478e-02
 5.551243488174e+04  1.555510900000e+01  6.427123403440e-02
 5.550047915557e+04  1.561351600000e+01  6.513474889479e-02
 5.550049283950e+04  1.564362300000e+01  6.541887670611e-02
 5.550049978545e+04  1.569603300000e+01  6.890573719624e-02
 5.567922824032e+04  1.557068000000e+01  6.553794727090e-02
 5.567923390336e+04  1.555786100000e+01  6.542614373984e-02
 5.567923961359e+04  1.558429000000e+01  6.576435096070e-02
 5.567924533184e+04  1.561051700000e+01  6.607655034107e-02
 5.559822132507e+04  1.556834200000e+01  6.177021021104e-02
 5.559822885716e+04  1.555738700000e+01  6.165090190342e-02
 5.559823646393e+04  1.554844500000e+01  6.156943600374e-02
 5.559824404807e+04  1.555632400000e+01  6.161753943945e-02
 5.560422886852e+04  1.554262500000e+01  5.963375025568e-02
 5.560423686993e+04  1.554168000000e+01  5.963597207904e-02
 5.560424483285e+04  1.555285000000e+01  5.970159228928e-02
 5.560425290884e+04  1.555722100000e+01  5.971250057203e-02
 5.561718804664e+04  1.525435600000e+01  6.173981617976e-02
 5.561719372424e+04  1.523979400000e+01  6.161238696346e-02
 5.561719941868e+04  1.526929900000e+01  6.183604473289e-02
 5.561720512383e+04  1.527718500000e+01  6.190569650347e-02
 5.556638698065e+04  1.553326700000e+01  6.119063779843e-02
 5.556639377091e+04  1.557556900000e+01  6.215166467574e-02
 5.556640154641e+04  1.554222300000e+01  6.294580816650e-02
 5.556640937090e+04  1.562417300000e+01  7.122034136508e-02
 5.558738836461e+04  1.554255900000e+01  6.421649283938e-02
 5.558739627593e+04  1.556436200000e+01  6.444930884455e-02
 5.558740418743e+04  1.554720700000e+01  6.427442302276e-02
 5.558741208750e+04  1.558643000000e+01  6.469644762768e-02
 5.562820175924e+04  1.552183900000e+01  6.456622898195e-02
 5.562820917248e+04  1.554725800000e+01  6.483369237500e-02
 5.562821660525e+04  1.555446800000e+01  6.481377495346e-02
 5.562822412035e+04  1.554314800000e+01  6.472064711680e-02
 5.563415830620e+04  1.551956500000e+01  6.476956674890e-02
 5.563416395521e+04  1.547345800000e+01  6.442319483884e-02
 5.563416967229e+04  1.548214600000e+01  6.528694410002e-02
 5.563417542096e+04  1.553257200000e+01  6.482226770387e-02
 5.569319482220e+04  1.572053600000e+01  6.984871627631e-02
 5.569320248895e+04  1.568290900000e+01  6.935538492644e-02
 5.569321026872e+04  1.561174300000e+01  6.856591137411e-02
 5.569321810742e+04  1.555483100000e+01  6.793378204565e-02
 5.375644983797e+04  1.570663700000e+01  6.645182614919e-02
 5.375645665337e+04  1.572078600000e+01  6.636567699135e-02
 5.375646341829e+04  1.566933000000e+01  6.646230319433e-02
 5.376226228006e+04  1.556054700000e+01  6.469918614868e-02
 5.376226931860e+04  1.556700200000e+01  6.490605498933e-02
 5.376227636850e+04  1.553229500000e+01  6.432852440430e-02
 5.376228341722e+04  1.556018300000e+01  6.463721528261e-02
 5.559830821834e+04  1.562491800000e+01  6.216173018212e-02
 5.559830893157e+04  1.563719900000e+01  6.226366548655e-02
 5.559830965047e+04  1.559868500000e+01  6.194162913118e-02
 5.559831034530e+04  1.563590700000e+01  6.225409595656e-02
 5.586247029480e+04  1.541204800000e+01  6.270206565330e-02
 5.586247734862e+04  1.527211600000e+01  6.150003374687e-02
 5.586248442749e+04  1.520260000000e+01  6.093885834364e-02
 5.586249140956e+04  1.517920200000e+01  6.073115439601e-02
 5.583446299740e+04  1.529868300000e+01  6.294918745841e-02
 5.583446815344e+04  1.532743500000e+01  6.310511791547e-02
 5.583447336700e+04  1.529442400000e+01  6.272112306797e-02
 5.583447855766e+04  1.534445900000e+01  6.305033222412e-02
 5.585144485808e+04  1.556167900000e+01  6.429010236669e-02
 5.585145299230e+04  1.558048500000e+01  6.440520491469e-02
 5.585146111196e+04  1.559699300000e+01  6.450085885191e-02
 5.585146922581e+04  1.555065300000e+01  6.405382437165e-02
 5.588944392396e+04  1.569423000000e+01  6.245497099588e-02
 5.588945205978e+04  1.566639500000e+01  6.219207904797e-02
 5.588946027906e+04  1.562904100000e+01  6.187955413880e-02
 5.588946850157e+04  1.552781700000e+01  6.108262542473e-02
 5.591931135296e+04  1.558225300000e+01  6.482648792694e-02
 5.591932050034e+04  1.557016700000e+01  6.472437329883e-02
 5.591932963869e+04  1.559980600000e+01  6.508194087448e-02
 5.591933876279e+04  1.560020100000e+01  6.506827353049e-02
 5.592545566168e+04  1.567735900000e+01  6.517710367869e-02
 5.592545972786e+04  1.566359500000e+01  6.520972117798e-02
 5.592546377493e+04  1.563715000000e+01  6.487339807248e-02
 5.592546787676e+04  1.560618300000e+01  6.461020307050e-02
 5.594049728853e+04  1.520414500000e+01  6.092123683737e-02
 5.594050243834e+04  1.520746200000e+01  6.097013188009e-02
 5.594050758293e+04  1.517699800000e+01  6.074719773002e-02
 5.594051269373e+04  1.509441600000e+01  6.020811452836e-02
 5.596738419344e+04  1.559260800000e+01  6.458390180676e-02
 5.596739285869e+04  1.553562500000e+01  6.402311893121e-02
 5.596740163323e+04  1.560637300000e+01  6.470722536886e-02
 5.596741026891e+04  1.562841400000e+01  6.500086452190e-02
 5.597519020553e+04  1.558313000000e+01  6.504236887271e-02
 5.597519803971e+04  1.559856500000e+01  6.516088652458e-02
 5.597520591918e+04  1.566157300000e+01  6.572533674304e-02
 5.597521388278e+04  1.562700100000e+01  6.539022838096e-02
 5.598019001443e+04  1.501868500000e+01  5.978937633528e-02
 5.598019734501e+04  1.502955300000e+01  5.985695605745e-02
 5.598020466374e+04  1.504204900000e+01  5.992489127293e-02
 5.598021195284e+04  1.505466100000e+01  6.000700460448e-02
 5.598718846250e+04  1.556265400000e+01  6.595030983719e-02
 5.598719514837e+04  1.562019100000e+01  6.656536282542e-02
 5.598720192521e+04  1.558490100000e+01  6.619119820101e-02
 5.598720875740e+04  1.562803500000e+01  6.672292186282e-02
 5.601614255573e+04  1.504812400000e+01  6.021647201178e-02
 5.601614951561e+04  1.498721800000e+01  5.973650199240e-02
 5.601615639941e+04  1.495006500000e+01  5.947541494420e-02
 5.601616347417e+04  1.493597300000e+01  5.955708790008e-02
 5.604423203399e+04  1.566545700000e+01  6.589799894088e-02
 5.604424064289e+04  1.563237800000e+01  6.558932437648e-02
 5.604424977749e+04  1.563714700000e+01  6.575386308961e-02
 5.604425840654e+04  1.566347100000e+01  6.606245187655e-02
 5.607417938051e+04  1.557611500000e+01  6.447829464675e-02
 5.607418464917e+04  1.557940800000e+01  6.459209878498e-02
 5.607418992167e+04  1.556949900000e+01  6.453328195133e-02
 5.607419508465e+04  1.555578700000e+01  6.446014830987e-02
 5.621049771811e+04  1.562362200000e+01  6.551374551450e-02
 5.621050165260e+04  1.565275700000e+01  6.579210766681e-02
 5.621050565292e+04  1.570276700000e+01  6.633308487418e-02
 5.621050959316e+04  1.569549100000e+01  6.618998432333e-02
