# time mag mag_err
 5.346439978711e+04  1.471763900000e+01  5.749542431720e-02
 5.346440784618e+04  1.460580600000e+01  5.689565497252e-02
 5.346441588304e+04  1.455696300000e+01  5.665646227601e-02
 5.346442394131e+04  1.455545200000e+01  5.665003858931e-02
 5.355619933084e+04  1.472495500000e+01  5.815202116386e-02
 5.355620758520e+04  1.474955200000e+01  5.831098795583e-02
 5.355621579648e+04  1.478615500000e+01  5.855548766884e-02
 5.355622402142e+04  1.481870600000e+01  5.877816345602e-02
 5.353722449627e+04  1.535217400000e+01  6.478139156582e-02
 5.353723172510e+04  1.531435300000e+01  6.440299678965e-02
 5.353723883216e+04  1.533391100000e+01  6.461620928576e-02
 5.353724594387e+04  1.531785500000e+01  6.445282232334e-02
 5.349436347622e+04  1.535121000000e+01  6.241698103409e-02
 5.349437306396e+04  1.535798600000e+01  6.251720775700e-02
 5.349438262497e+04  1.534318400000e+01  6.244431078052e-02
 5.349439218632e+04  1.532529700000e+01  6.245246086298e-02
 5.350916665260e+04  1.484933700000e+01  5.882798877222e-02
 5.350917306439e+04  1.488661100000e+01  5.902810968699e-02
 5.350917948704e+04  1.485851400000e+01  5.880159339202e-02
 5.350918591387e+04  1.489869400000e+01  5.900864495929e-02
 5.352130038647e+04  1.504966700000e+01  6.005203785371e-02
 5.352130843942e+04  1.505927900000e+01  6.012211978350e-02
 5.352131649468e+04  1.509327400000e+01  6.039328581178e-02
 5.352132461696e+04  1.509506700000e+01  6.044387493699e-02
 5.383433467978e+04  1.459251700000e+01  5.891106975666e-02
 5.383434247693e+04  1.460715500000e+01  5.898413923530e-02
 5.383435027732e+04  1.463696800000e+01  5.920918695137e-02
 5.383436180463e+04  1.465449000000e+01  5.929439471190e-02
 5.384629540448e+04  1.552867900000e+01  6.472779592690e-02
 5.384630526528e+04  1.553801000000e+01  6.477541511621e-02
 5.384631516542e+04  1.552361400000e+01  6.461248524069e-02
 5.384632495225e+04  1.546947700000e+01  6.401158918891e-02
 5.376847661426e+04  1.550639400000e+01  6.405998334121e-02
 5.376848318890e+04  1.549824500000e+01  6.395209711222e-02
 5.376848973390e+04  1.547425600000e+01  6.364581229917e-02
 5.376849635135e+04  1.538678600000e+01  6.285087106493e-02
 5.378849898422e+04  1.465714100000e+01  5.756441413624e-02
 5.378850552865e+04  1.468283900000e+01  5.771257659420e-02
 5.378851209714e+04  1.470357900000e+01  5.781054996729e-02
 5.378851871542e+04  1.472021700000e+01  5.791433510540e-02
 5.374549316696e+04  1.551521200000e+01  6.442996121061e-02
 5.374549911622e+04  1.547861900000e+01  6.401967365836e-02
 5.374550505541e+04  1.548621100000e+01  6.403341063778e-02
 5.374551101785e+04  1.549448900000e+01  6.401535749542e-02
 5.390428764447e+04  1.487850900000e+01  8.714872922461e-02
 5.390428870575e+04  1.483241700000e+01  8.244687616148e-02
 5.390428974064e+04  1.486725000000e+01  8.693004239399e-02
 5.390429082553e+04  1.487939900000e+01  8.718987872690e-02
 5.379945139949e+04  1.496849700000e+01  5.966924355127e-02
 5.379946021903e+04  1.499519200000e+01  6.025992654823e-02
 5.379946891322e+04  1.498046900000e+01  6.072473989626e-02
 5.379947747648e+04  1.505249700000e+01  6.118652361239e-02
 5.385627910083e+04  1.518871900000e+01  6.152156417787e-02
 5.385628652528e+04  1.521970500000e+01  6.172192654858e-02
 5.385629398873e+04  1.520208500000e+01  6.161056354217e-02
 5.385630141583e+04  1.524262200000e+01  6.193694874035e-02
 5.386340123706e+04  1.489450500000e+01  8.645927735861e-02
 5.386340198374e+04  1.490055600000e+01  8.670976623300e-02
 5.386340286851e+04  1.489125200000e+01  8.650167059166e-02
 5.386340361194e+04  1.492863500000e+01  8.740742102789e-02
 5.387631191270e+04  1.535607700000e+01  6.354687985390e-02
 5.387632038591e+04  1.538778700000e+01  6.387563390364e-02
 5.387632885937e+04  1.537452300000e+01  6.383996012812e-02
 5.387634059132e+04  1.535535300000e+01  6.358717419454e-02
 5.388220168987e+04  1.515100300000e+01  6.146352502803e-02
 5.388220883329e+04  1.516582700000e+01  6.153916422513e-02
 5.388221601536e+04  1.516915900000e+01  6.154841108212e-02
 5.388222317253e+04  1.518807000000e+01  6.163162665718e-02
 5.420635733874e+04  1.528433900000e+01  6.210990053988e-02
 5.420636172600e+04  1.531380200000e+01  6.232135734022e-02
 5.420636613847e+04  1.528800400000e+01  6.208278253319e-02
 5.420637053603e+04  1.532320500000e+01  6.240655901267e-02
 5.421333836225e+04  1.476160000000e+01  5.835571433151e-02
 5.421334779003e+04  1.477399500000e+01  5.842165977230e-02
 5.421335719119e+04  1.480291900000e+01  5.862112072072e-02
 5.421336656793e+04  1.482956600000e+01  5.882169094115e-02
 5.411650093905e+04  1.536045400000e+01  6.187504042802e-02
 5.411650758243e+04  1.537344200000e+01  6.188987501492e-02
 5.411651426679e+04  1.535453700000e+01  6.173717787978e-02
 5.411652110359e+04  1.535227700000e+01  6.166663448638e-02
 5.412948936522e+04  1.481175200000e+01  5.811542961563e-02
 5.412949540266e+04  1.484861100000e+01  5.830138104127e-02
 5.412950147149e+04  1.485616700000e+01  5.834426824133e-02
 5.412950754263e+04  1.487168900000e+01  5.843871171765e-02
 5.425621695602e+04  1.484239500000e+01  6.521116949963e-02
 5.425622336317e+04  1.483981900000e+01  6.428171551467e-02
 5.425622983166e+04  1.491840400000e+01  7.173887007423e-02
 5.425623627828e+04  1.494080400000e+01  6.748583169547e-02
 5.426329239920e+04  1.548940300000e+01  6.467203418745e-02
 5.426329772019e+04  1.546351800000e+01  6.454545369508e-02
 5.426330306744e+04  1.540251300000e+01  6.399234729476e-02
 5.426330844444e+04  1.530852200000e+01  6.314311281784e-02
 5.426922492198e+04  1.537235800000e+01  6.268446709246e-02
 5.426923341847e+04  1.537984400000e+01  6.277660088316e-02
 5.426924194575e+04  1.539815500000e+01  6.295197426106e-02
 5.426925045010e+04  1.543007700000e+01  6.326781259899e-02
 5.417240107108e+04  1.503890500000e+01  5.950116925679e-02
 5.417240759976e+04  1.504849500000e+01  5.957843084145e-02
 5.417241411131e+04  1.506435300000e+01  5.965184053275e-02
 5.417242064763e+04  1.509293000000e+01  5.985434737397e-02
 5.423032736510e+04  1.502916900000e+01  5.983101135279e-02
 5.423033528367e+04  1.503800500000e+01  5.989391370160e-02
 5.423034318337e+04  1.507100300000e+01  6.013145782035e-02
 5.423035107682e+04  1.507340800000e+01  6.019326402331e-02
 5.424133765590e+04  1.527699100000e+01  6.205899102444e-02
 5.456733894284e+04  1.541715300000e+01  6.251500722545e-02
 5.456734612861e+04  1.545562200000e+01  6.283405875335e-02
 5.456735527420e+04  1.546463900000e+01  6.291117327144e-02
 5.456736328236e+04  1.547571900000e+01  6.300910721538e-02
 5.457330351374e+04  1.531511200000e+01  6.177493057205e-02
 5.457330998003e+04  1.531770700000e+01  6.172455646752e-02
 5.457331645443e+04  1.534825600000e+01  6.225962553101e-02
 5.457332293589e+04  1.537165000000e+01  6.212165920143e-02
 5.450352799043e+04  1.456078600000e+01  5.657419767730e-02
 5.450353410208e+04  1.455419700000e+01  5.651892610633e-02
 5.450354019394e+04  1.453546300000e+01  5.644030385283e-02
 5.450354628174e+04  1.457680100000e+01  5.663424742874e-02
 5.451051216181e+04  1.532729100000e+01  6.144555860220e-02
 5.451051867301e+04  1.534535700000e+01  6.200732582056e-02
 5.451052517738e+04  1.536280700000e+01  6.176048828184e-02
 5.451053162991e+04  1.536713400000e+01  6.176196012410e-02
 5.464819316052e+04  1.541690800000e+01  6.349014869377e-02
 5.464819817150e+04  1.541334600000e+01  6.353611601014e-02
 5.464820314479e+04  1.544392300000e+01  6.382220103274e-02
 5.464820814723e+04  1.544390100000e+01  6.393433378261e-02
 5.452939632395e+04  1.552181900000e+01  6.336506991980e-02
 5.452940829087e+04  1.548926800000e+01  6.299431057202e-02
 5.452942022896e+04  1.536656400000e+01  6.191042561462e-02
 5.452943213603e+04  1.512589600000e+01  6.002871680687e-02
 5.494141416912e+04  1.534600700000e+01  5.956426826183e-02
 5.494142107100e+04  1.534953600000e+01  5.958251587044e-02
 5.494142805828e+04  1.533809100000e+01  5.953370082520e-02
 5.494143501985e+04  1.537602700000e+01  5.975642886941e-02
 5.494938615325e+04  1.551220700000e+01  6.353031279622e-02
 5.494939423931e+04  1.545059100000e+01  6.295709450765e-02
 5.494940231819e+04  1.540930300000e+01  6.267153311681e-02
 5.494941049200e+04  1.528956500000e+01  6.163428370736e-02
 5.488150084193e+04  1.517563700000e+01  6.021795161706e-02
 5.488150738370e+04  1.518442300000e+01  6.028663918181e-02
 5.488151398229e+04  1.518221800000e+01  6.025479820463e-02
 5.488152049546e+04  1.518393700000e+01  6.028950740961e-02
 5.500428433535e+04  1.555138500000e+01  6.409385937022e-02
 5.500429144218e+04  1.553797800000e+01  6.403434164879e-02
 5.500429870258e+04  1.554783800000e+01  6.422835257376e-02
 5.500430602515e+04  1.553751600000e+01  6.417734639041e-02
 5.491138259784e+04  1.544941500000e+01  6.258678508407e-02
 5.491138867047e+04  1.538535600000e+01  6.257505776520e-02
 5.491139476384e+04  1.529236300000e+01  6.209338587066e-02
 5.491140078497e+04  1.516650800000e+01  6.094919810099e-02
 5.496427279747e+04  1.528931200000e+01  6.160609673745e-02
 5.496428005257e+04  1.534201400000e+01  6.201287910478e-02
 5.496428735447e+04  1.530995600000e+01  6.173651904864e-02
 5.496429461120e+04  1.531718800000e+01  6.178841345701e-02
 5.497419405333e+04  1.457692700000e+01  5.702992622808e-02
 5.497419894247e+04  1.453669700000e+01  5.683368562774e-02
 5.497420373772e+04  1.454668500000e+01  5.685692970582e-02
 5.497420857060e+04  1.453022500000e+01  5.684272400287e-02
 5.529534644733e+04  1.496018800000e+01  5.909998658511e-02
 5.529535214891e+04  1.494908700000e+01  5.906185676726e-02
 5.529535795247e+04  1.497963000000e+01  5.923566106841e-02
 5.529536374234e+04  1.499660700000e+01  5.933344913446e-02
 5.524246556373e+04  1.533377100000e+01  6.217078148515e-02
 5.524247478552e+04  1.535260600000e+01  6.230646994230e-02
 5.524248411898e+04  1.532976000000e+01  6.206366301633e-02
 5.524249345374e+04  1.536352300000e+01  6.225062765730e-02
 5.535622463715e+04  1.473336900000e+01  5.776692759665e-02
 5.535623031245e+04  1.473073200000e+01  5.772525819933e-02
 5.535623596193e+04  1.475936900000e+01  5.794689477912e-02
 5.535624163110e+04  1.479292200000e+01  5.812296395702e-02
 5.536519084623e+04  1.493185200000e+01  5.901436016573e-02
 5.536519540456e+04  1.486687400000e+01  5.856371708121e-02
 5.536519989656e+04  1.481626900000e+01  5.827094174456e-02
 5.536520444979e+04  1.474582700000e+01  5.786561288378e-02
 5.527247033878e+04  1.507742500000e+01  5.970555359834e-02
 5.527247727675e+04  1.507548600000e+01  5.970692315974e-02
 5.527248422758e+04  1.513282000000e+01  6.012206728664e-02
 5.527249108409e+04  1.514112000000e+01  6.016689791249e-02
 5.532232114358e+04  1.537028700000e+01  6.219874390624e-02
 5.532232747892e+04  1.529700200000e+01  6.169667789404e-02
 5.532233382346e+04  1.515478600000e+01  6.047149066292e-02
 5.532234018917e+04  1.501181800000e+01  5.948424128672e-02
 5.533833863962e+04  1.526589700000e+01  6.149125731179e-02
 5.533834694016e+04  1.525247500000e+01  6.149810946219e-02
 5.533835520832e+04  1.524107200000e+01  6.149684977366e-02
 5.533836337088e+04  1.526315400000e+01  6.166858569113e-02
 5.534726256986e+04  1.499991300000e+01  5.934534591873e-02
 5.534726883197e+04  1.500886400000e+01  5.940403454202e-02
 5.534727513394e+04  1.502053600000e+01  5.948830727493e-02
 5.534728141873e+04  1.503412700000e+01  5.958176879016e-02
 5.565441903714e+04  1.500684900000e+01  6.140187614618e-02
 5.565442356387e+04  1.502743700000e+01  6.412480701287e-02
 5.565442815345e+04  1.502512000000e+01  6.196712258012e-02
 5.565443271201e+04  1.502913500000e+01  6.138586948477e-02
 5.567442726294e+04  1.517553300000e+01  6.151029666582e-02
 5.567443528919e+04  1.521864100000e+01  6.191193981933e-02
 5.567444331587e+04  1.522511800000e+01  6.197389766403e-02
 5.567445141444e+04  1.525325200000e+01  6.230528947657e-02
 5.560449650744e+04  1.528147800000e+01  6.164068049647e-02
 5.560450288193e+04  1.529262100000e+01  6.172141513051e-02
 5.560450926431e+04  1.529619800000e+01  6.178719274608e-02
 5.560451567024e+04  1.531110500000e+01  6.189172295826e-02
 5.557751092122e+04  1.544467500000e+01  6.724515827591e-02
 5.557751825306e+04  1.549808900000e+01  6.777760393513e-02
 5.557752564306e+04  1.551327300000e+01  6.792783552107e-02
 5.557753301669e+04  1.551577000000e+01  6.814375490511e-02
 5.562149501187e+04  1.534413300000e+01  6.224349555010e-02
 5.562150088972e+04  1.534090200000e+01  6.221185893404e-02
 5.562150671374e+04  1.535330500000e+01  6.231515306148e-02
 5.562151254750e+04  1.538003500000e+01  6.256514620283e-02
 5.563442145910e+04  1.475624600000e+01  5.839060793982e-02
 5.563443018478e+04  1.478718900000e+01  5.861243794496e-02
 5.563443891211e+04  1.479954300000e+01  5.855118807943e-02
 5.563444757747e+04  1.482968700000e+01  5.872628209837e-02
 5.564739039681e+04  1.535953100000e+01  6.300200350727e-02
 5.564739618497e+04  1.535170600000e+01  6.291330595466e-02
 5.564740196477e+04  1.535191100000e+01  6.288703881689e-02
 5.564740776669e+04  1.534318400000e+01  6.281194223701e-02
 5.568735125394e+04  1.550285700000e+01  6.486533854885e-02
 5.568735736050e+04  1.552990300000e+01  6.513182212264e-02
 5.568736352759e+04  1.552241700000e+01  6.505495448456e-02
 5.568736967213e+04  1.553721800000e+01  6.519283490202e-02
 5.570128203123e+04  1.526361200000e+01  6.199819910878e-02
 5.570128994678e+04  1.507726400000e+01  6.055081002115e-02
 5.570129786617e+04  1.490492400000e+01  5.933843340933e-02
 5.570130583580e+04  1.481033400000e+01  5.872679574794e-02
 5.424135472781e+04  1.531073300000e+01  6.234435962859e-02
 5.424136482149e+04  1.530681900000e+01  6.238544454638e-02
 5.424137490324e+04  1.531361200000e+01  6.257189440137e-02
 5.424138497469e+04  1.537237800000e+01  6.308221639146e-02
 5.592653568814e+04  1.493460200000e+01  5.925355427716e-02
 5.592653915255e+04  1.492750900000e+01  5.920172399516e-02
 5.592654259104e+04  1.492768600000e+01  5.917826555615e-02
 5.592654600962e+04  1.495725300000e+01  5.936117925095e-02
 5.598647037687e+04  1.531570100000e+01  6.322804267599e-02
 5.598647729851e+04  1.531900100000e+01  6.326766840676e-02
 5.598648410412e+04  1.532137000000e+01  6.328138722387e-02
 5.598649089990e+04  1.531124200000e+01  6.322454466842e-02
 5.600340931706e+04  1.535316000000e+01  6.228768431955e-02
 5.600341789516e+04  1.534263600000e+01  6.220865730485e-02
 5.600342651735e+04  1.535718800000e+01  6.231886665304e-02
 5.600343509986e+04  1.534777000000e+01  6.223737895858e-02
 5.601348225508e+04  1.509574900000e+01  6.084882670755e-02
 5.601348768428e+04  1.507869800000e+01  6.072333250429e-02
 5.601349308763e+04  1.511640100000e+01  6.104554660384e-02
 5.601349846475e+04  1.514762700000e+01  6.129332346041e-02
 5.605931463355e+04  1.499703600000e+01  5.943407801660e-02
 5.605932136016e+04  1.500121100000e+01  5.933682303685e-02
 5.605932815458e+04  1.503160700000e+01  5.948287165123e-02
 5.605933496086e+04  1.502617500000e+01  5.944836361352e-02
 5.606428017549e+04  1.524682600000e+01  5.909602655437e-02
 5.606428824351e+04  1.524544100000e+01  5.914440802892e-02
 5.606429635839e+04  1.527244600000e+01  5.933704363521e-02
 5.606430449169e+04  1.528808400000e+01  5.945811054912e-02
 5.606937049637e+04  1.532288200000e+01  6.194989767877e-02
 5.606937729742e+04  1.519883400000e+01  6.101643191593e-02
 5.606938406373e+04  1.501693400000e+01  5.969876181604e-02
 5.606939092200e+04  1.490513100000e+01  5.899489972327e-02
 5.608732359389e+04  1.533418300000e+01  6.179833481560e-02
 5.608732871104e+04  1.538731000000e+01  6.223991373654e-02
 5.608733402427e+04  1.537477500000e+01  6.216553912955e-02
 5.608733914154e+04  1.537398800000e+01  6.221530263193e-02
 5.615214507836e+04  1.471536000000e+01  5.885096485736e-02
 5.615215022865e+04  1.471926800000e+01  5.892052146168e-02
 5.615215537648e+04  1.476916200000e+01  5.930857091363e-02
 5.615216061219e+04  1.476125200000e+01  5.934921577894e-02
