# time mag mag_err
 5.370611342828e+04  1.581533600000e+01  6.729646104913e-02
 5.370612122437e+04  1.583321100000e+01  6.755495196022e-02
 5.370612872372e+04  1.584477000000e+01  6.775525302576e-02
 5.370613626610e+04  1.581649700000e+01  6.742128302803e-02
 5.356237609784e+04  1.588145000000e+01  6.869466730117e-02
 5.356238431537e+04  1.593980600000e+01  6.986619731596e-02
 5.356239258477e+04  1.594234600000e+01  6.988529816599e-02
 5.356240081770e+04  1.594067100000e+01  6.971956378134e-02
 5.356341063146e+04  1.562000300000e+01  6.575357906433e-02
 5.356341713780e+04  1.560897700000e+01  6.563982970038e-02
 5.356342365155e+04  1.562096800000e+01  6.578938442042e-02
 5.356343014042e+04  1.564581400000e+01  6.597882152201e-02
 5.352740462693e+04  1.575853100000e+01  6.673592771872e-02
 5.352741355597e+04  1.578756600000e+01  6.693189917052e-02
 5.352742222237e+04  1.585098000000e+01  6.756985818336e-02
 5.352743097095e+04  1.581601800000e+01  6.711509656113e-02
 5.355141321032e+04  1.558142600000e+01  6.501464866884e-02
 5.355142074785e+04  1.556215500000e+01  6.478515283191e-02
 5.355142830020e+04  1.550214000000e+01  6.413805302972e-02
 5.355143586492e+04  1.541037200000e+01  6.328985715750e-02
 5.350744698608e+04  1.571417500000e+01  6.683342542678e-02
 5.350745296508e+04  1.570617100000e+01  6.700805067205e-02
 5.350745891155e+04  1.573092200000e+01  6.858933031031e-02
 5.350746488778e+04  1.577609900000e+01  6.875881000654e-02
 5.368717221238e+04  1.537637000000e+01  6.261862635454e-02
 5.368717749205e+04  1.537844500000e+01  6.245333911654e-02
 5.368718275863e+04  1.538623200000e+01  6.256651270110e-02
 5.368718803725e+04  1.545822200000e+01  6.321803428463e-02
 5.369610077552e+04  1.576810000000e+01  6.641625511065e-02
 5.369610883182e+04  1.574760000000e+01  6.625194430022e-02
 5.364819128359e+04  1.576599200000e+01  6.809717182756e-02
 5.364819716443e+04  1.580052800000e+01  6.852775485960e-02
 5.364820304863e+04  1.580418700000e+01  6.859965664964e-02
 5.364820896479e+04  1.582771600000e+01  6.885592881607e-02
 5.366921615402e+04  1.557318200000e+01  6.458216910429e-02
 5.366922420373e+04  1.560580900000e+01  6.500839181128e-02
 5.366923223757e+04  1.562134100000e+01  6.524706263499e-02
 5.366924029781e+04  1.563433000000e+01  6.555863218289e-02
 5.362722134094e+04  1.593076700000e+01  7.239683116192e-02
 5.362722949562e+04  1.591532200000e+01  7.215387576152e-02
 5.362723757358e+04  1.599819500000e+01  7.340773086848e-02
 5.362724566600e+04  1.597476600000e+01  7.307068685060e-02
 5.363721189485e+04  1.597511500000e+01  7.006647219783e-02
 5.363721829192e+04  1.601633800000e+01  7.061783046290e-02
 5.363722472512e+04  1.593619200000e+01  6.947198512761e-02
 5.363723116374e+04  1.596474900000e+01  7.115361352727e-02
 5.364315586029e+04  1.573664800000e+01  6.704953960253e-02
 5.364316236108e+04  1.571747700000e+01  6.682007945147e-02
 5.364316887274e+04  1.573921000000e+01  6.704211064715e-02
 5.364317539251e+04  1.575240300000e+01  6.719350618976e-02
 5.397624638431e+04  1.578163600000e+01  6.537982806888e-02
 5.397625297213e+04  1.581313900000e+01  6.567603332602e-02
 5.397625954527e+04  1.580485600000e+01  6.553401170578e-02
 5.397626611040e+04  1.582125800000e+01  6.570336447035e-02
 5.408112304542e+04  1.553310200000e+01  6.353117089933e-02
 5.408112794253e+04  1.549900100000e+01  6.322277306755e-02
 5.408113283213e+04  1.538612700000e+01  6.227936918047e-02
 5.408113779117e+04  1.540542600000e+01  6.248985356244e-02
 5.374107700049e+04  1.609624700000e+01  1.357560365684e-01
 5.374108343309e+04  1.596245300000e+01  1.280735748457e-01
 5.374108986918e+04  1.598276300000e+01  1.292512570481e-01
 5.374109629809e+04  1.587129400000e+01  1.226322425714e-01
 5.391739950655e+04  1.572039000000e+01  7.005528530219e-02
 5.391740536727e+04  1.564986900000e+01  6.912183387819e-02
 5.391741122855e+04  1.559509800000e+01  6.858359939201e-02
 5.391741707433e+04  1.555803100000e+01  6.805827040213e-02
 5.392543587556e+04  1.608593600000e+01  1.306162373539e-01
 5.392543734311e+04  1.596955000000e+01  1.244782284590e-01
 5.392543887293e+04  1.604022600000e+01  1.282196521875e-01
 5.392544039060e+04  1.596503500000e+01  1.244422478697e-01
 5.393735394245e+04  1.538043600000e+01  6.424040514226e-02
 5.393736041557e+04  1.534161000000e+01  6.380354410246e-02
 5.393736685339e+04  1.532377800000e+01  6.362118216919e-02
 5.393737329781e+04  1.531992400000e+01  6.360813828442e-02
 5.388941760420e+04  1.550050900000e+01  6.609718878993e-02
 5.388942300875e+04  1.545681100000e+01  6.546833206038e-02
 5.388942839466e+04  1.537154800000e+01  6.450103521523e-02
 5.388943376866e+04  1.533130800000e+01  6.401006033585e-02
 5.390440750830e+04  1.533006200000e+01  1.014555869254e-01
 5.390440886253e+04  1.532153000000e+01  1.013506931701e-01
 5.390440993655e+04  1.532774400000e+01  1.015782280545e-01
 5.390441099667e+04  1.533808900000e+01  1.017664034982e-01
 5.402408635770e+04  1.570128700000e+01  6.460918304139e-02
 5.402409379626e+04  1.570962900000e+01  6.471747266600e-02
 5.402410121850e+04  1.568884700000e+01  6.445182709799e-02
 5.402410863102e+04  1.571281700000e+01  6.466912610723e-02
 5.403018010690e+04  1.544846100000e+01  6.215614056842e-02
 5.403018763146e+04  1.545206200000e+01  6.220469774034e-02
 5.403019514792e+04  1.547476000000e+01  6.242101336687e-02
 5.403020267747e+04  1.547430700000e+01  6.240772090586e-02
 5.398920295786e+04  1.564954500000e+01  6.417482377201e-02
 5.398920937635e+04  1.565739600000e+01  6.422270228146e-02
 5.398921582771e+04  1.568623700000e+01  6.451255433995e-02
 5.398922226750e+04  1.570479900000e+01  6.466282798894e-02
 5.399520184868e+04  1.570449500000e+01  6.436943623936e-02
 5.399521485072e+04  1.554488100000e+01  6.284736966620e-02
 5.399522786838e+04  1.550366000000e+01  6.247626865027e-02
 5.399524080825e+04  1.538974500000e+01  6.153895280584e-02
 5.400118609950e+04  1.586581600000e+01  6.660007305655e-02
 5.400120429878e+04  1.585131200000e+01  6.655505468285e-02
 5.400121426884e+04  1.577957600000e+01  8.307745547512e-02
 5.443908287075e+04  1.528363600000e+01  6.110342048892e-02
 5.443908929572e+04  1.532728800000e+01  6.144780967600e-02
 5.443909571641e+04  1.533816300000e+01  6.155908949025e-02
 5.443910213537e+04  1.535296800000e+01  6.170956024994e-02
 5.445308528774e+04  1.591609600000e+01  6.716022257254e-02
 5.445309079670e+04  1.588629200000e+01  6.683035614000e-02
 5.445309627683e+04  1.587310800000e+01  6.668493843453e-02
 5.445310172618e+04  1.587262900000e+01  6.673412666772e-02
 5.426138816314e+04  1.588333600000e+01  6.876626427672e-02
 5.426139635625e+04  1.587797100000e+01  6.861543139718e-02
 5.426140452623e+04  1.588648400000e+01  6.861480438992e-02
 5.426141269515e+04  1.590239400000e+01  6.861720954606e-02
 5.426940055294e+04  1.579399700000e+01  6.707247031143e-02
 5.426940808236e+04  1.582890000000e+01  6.737064238340e-02
 5.426941564154e+04  1.586332000000e+01  6.778240151379e-02
 5.426942317756e+04  1.583779900000e+01  6.745565220045e-02
 5.423944820523e+04  1.574803900000e+01  6.892755013154e-02
 5.423945470313e+04  1.575718400000e+01  6.881434829559e-02
 5.423946120796e+04  1.571219400000e+01  6.810472050795e-02
 5.423946775227e+04  1.577319600000e+01  6.877074032838e-02
 5.442009201804e+04  1.584669500000e+01  6.756537459545e-02
 5.442009799161e+04  1.585458500000e+01  6.777647525617e-02
 5.442010398485e+04  1.587026800000e+01  6.815529589744e-02
 5.442010995933e+04  1.588263300000e+01  6.825772868577e-02
 5.438010229964e+04  1.566823600000e+01  6.778419011259e-02
 5.438010693390e+04  1.568137300000e+01  6.716985321423e-02
 5.438011153807e+04  1.560505100000e+01  6.413961375012e-02
 5.438011614767e+04  1.560118200000e+01  6.461981571091e-02
 5.439122923525e+04  1.549375200000e+01  6.284351220235e-02
 5.439123597425e+04  1.550480400000e+01  6.295695782519e-02
 5.439124272887e+04  1.552118600000e+01  6.309803638000e-02
 5.439124948001e+04  1.551430500000e+01  6.312048403659e-02
 5.440410390023e+04  1.601607800000e+01  6.841048655152e-02
 5.440411032567e+04  1.598936800000e+01  6.804249095558e-02
 5.440411676140e+04  1.604867500000e+01  6.889588146490e-02
 5.440412460867e+04  1.599708500000e+01  6.811875819288e-02
 5.434631023661e+04  1.526257800000e+01  6.108713868055e-02
 5.434631639838e+04  1.526229800000e+01  6.107550937647e-02
 5.434632253317e+04  1.529043400000e+01  6.128043557272e-02
 5.434632865234e+04  1.529678900000e+01  6.134343983621e-02
 5.435321505350e+04  1.534030400000e+01  6.222861768221e-02
 5.435322366191e+04  1.537390600000e+01  6.244076193237e-02
 5.435323224752e+04  1.542796800000e+01  6.293140096261e-02
 5.435324082249e+04  1.544199400000e+01  6.306807031725e-02
 5.479011488297e+04  1.528398800000e+01  6.091310373754e-02
 5.479012267851e+04  1.525858900000e+01  6.070584633199e-02
 5.479013045840e+04  1.524308900000e+01  6.062105651354e-02
 5.479013832373e+04  1.530940800000e+01  6.110468272859e-02
 5.474021668046e+04  1.597455800000e+01  6.885495900303e-02
 5.474022896509e+04  1.593434800000e+01  6.824613764089e-02
 5.474024116432e+04  1.596632400000e+01  6.864392578501e-02
 5.474025328784e+04  1.586045800000e+01  6.735371877133e-02
 5.476714844304e+04  1.540989200000e+01  6.182028139916e-02
 5.476715749882e+04  1.543617200000e+01  6.199923780935e-02
 5.476716664753e+04  1.547971200000e+01  6.240689118861e-02
 5.476717573745e+04  1.548234300000e+01  6.239657147887e-02
 5.471629413138e+04  1.576553500000e+01  6.535625111021e-02
 5.471630058703e+04  1.572739700000e+01  6.497439808417e-02
 5.471630706432e+04  1.577916500000e+01  6.572839061398e-02
 5.471631356811e+04  1.578025600000e+01  6.607894028176e-02
 5.472928900568e+04  1.565963900000e+01  6.460666180114e-02
 5.472929603589e+04  1.562225700000e+01  6.423836675671e-02
 5.472930307003e+04  1.563989100000e+01  6.442028042372e-02
 5.472931009863e+04  1.571850000000e+01  6.531041186051e-02
 5.505832223394e+04  1.589518900000e+01  6.446161451995e-02
 5.505832947585e+04  1.586155700000e+01  6.416272958704e-02
 5.505833672315e+04  1.571056300000e+01  6.281082751894e-02
 5.505834395765e+04  1.556407500000e+01  6.153676750189e-02
 5.507020947631e+04  1.531235800000e+01  6.202879955018e-02
 5.507021681302e+04  1.528074800000e+01  6.175622241310e-02
 5.507022410060e+04  1.529813500000e+01  6.187113223868e-02
 5.507023142929e+04  1.527769900000e+01  6.166616444283e-02
 5.504232522914e+04  1.554266900000e+01  6.955874918054e-02
 5.504233102272e+04  1.557738100000e+01  6.901340644657e-02
 5.504233688171e+04  1.560765400000e+01  7.021171024986e-02
 5.504234273132e+04  1.554032900000e+01  6.931144852970e-02
 5.498143923861e+04  1.575474200000e+01  6.654053556799e-02
 5.498144280545e+04  1.573174000000e+01  6.627878592042e-02
 5.498144640100e+04  1.576826900000e+01  6.665937453481e-02
 5.498145004884e+04  1.576827400000e+01  6.657040323731e-02
 5.514310005634e+04  1.539533100000e+01  6.261418928632e-02
 5.514310731759e+04  1.540043500000e+01  6.264298243289e-02
 5.514311466692e+04  1.542814100000e+01  6.288279288916e-02
 5.514312193236e+04  1.542890700000e+01  6.287737736047e-02
 5.511813195230e+04  1.535393300000e+01  6.209123218267e-02
 5.511813984426e+04  1.531388000000e+01  6.175769306046e-02
 5.511814786771e+04  1.528415600000e+01  6.157710247572e-02
 5.511815576556e+04  1.527193400000e+01  6.145193289476e-02
 5.512617327132e+04  1.590994800000e+01  6.771037123504e-02
 5.512617922671e+04  1.590304800000e+01  6.770468564007e-02
 5.512618525016e+04  1.575509600000e+01  6.604853127456e-02
 5.512619119909e+04  1.566285500000e+01  6.508161819432e-02
 5.508520366766e+04  1.542149400000e+01  6.337803512483e-02
 5.508521048042e+04  1.539652100000e+01  6.298207704101e-02
 5.508521709949e+04  1.546900500000e+01  6.443410616832e-02
 5.508522390785e+04  1.546309400000e+01  6.364997837829e-02
 5.509522250063e+04  1.558838500000e+01  6.453755496225e-02
 5.509522912503e+04  1.554165100000e+01  6.413771895101e-02
 5.509523580895e+04  1.561577400000e+01  6.485292337312e-02
 5.509524252539e+04  1.558702900000e+01  6.492216055932e-02
 5.510126331685e+04  1.594678300000e+01  6.846090139524e-02
 5.510127053874e+04  1.589289500000e+01  6.782221697660e-02
 5.510127799851e+04  1.587578900000e+01  6.760555061564e-02
 5.510128532251e+04  1.575056400000e+01  6.623016225601e-02
 5.553909954706e+04  1.566286300000e+01  6.592052637723e-02
 5.553911104186e+04  1.562321900000e+01  6.511889448085e-02
 5.553911670583e+04  1.567906500000e+01  6.541182141045e-02
 5.554509010790e+04  1.582041900000e+01  7.336725418417e-02
 5.554510102785e+04  1.561758100000e+01  7.044237328029e-02
 5.554510648642e+04  1.554481400000e+01  6.953183176859e-02
 5.538233858316e+04  1.580647200000e+01  6.725735775840e-02
 5.538234499987e+04  1.577747800000e+01  6.685527798941e-02
 5.538235142740e+04  1.576773600000e+01  6.670088998885e-02
 5.538235780481e+04  1.582120600000e+01  6.718045311645e-02
 5.535642534505e+04  1.599375600000e+01  6.901999736662e-02
 5.535643001365e+04  1.601456100000e+01  6.919031687128e-02
 5.535643462372e+04  1.603554400000e+01  6.937313891466e-02
 5.535643930147e+04  1.598484200000e+01  6.871136956075e-02
 5.536242080084e+04  1.582203100000e+01  6.694132279396e-02
 5.536242655646e+04  1.584039300000e+01  6.710252419584e-02
 5.536243233399e+04  1.582695100000e+01  6.689298738060e-02
 5.536243816759e+04  1.584287500000e+01  6.706441900087e-02
 5.536742536828e+04  1.586097900000e+01  6.768263742130e-02
 5.536743233358e+04  1.581497100000e+01  6.710596666235e-02
 5.536743920823e+04  1.583456500000e+01  6.731095549987e-02
 5.536744618010e+04  1.586360600000e+01  6.768784192905e-02
 5.533544314067e+04  1.548217900000e+01  6.375528944217e-02
 5.533545008231e+04  1.547188100000e+01  6.342284424824e-02
 5.533545700256e+04  1.546989400000e+01  6.339472532715e-02
 5.550112823718e+04  1.563212500000e+01  6.475831529964e-02
 5.550114383549e+04  1.565055500000e+01  6.498106833936e-02
 5.550115168006e+04  1.562141300000e+01  6.470229097200e-02
 5.551010257493e+04  1.589823400000e+01  6.765731862335e-02
 5.551011627947e+04  1.592528100000e+01  6.800376282609e-02
 5.551012312634e+04  1.586770600000e+01  6.730945236797e-02
 5.553010244433e+04  1.601616000000e+01  7.560348787169e-02
 5.553011246672e+04  1.599206400000e+01  7.526149902065e-02
 5.553011743341e+04  1.606223100000e+01  7.647877754783e-02
 5.548022039602e+04  1.584364400000e+01  6.707649923875e-02
 5.548023406927e+04  1.581633300000e+01  6.686035546789e-02
 5.548024092045e+04  1.589395800000e+01  6.773493016350e-02
 5.545122142420e+04  1.546820100000e+01  6.287661092776e-02
 5.545122930434e+04  1.546477700000e+01  6.545364841668e-02
 5.545123333258e+04  1.553280800000e+01  6.567004478467e-02
 5.364821590762e+04  1.583104700000e+01  6.915181640240e-02
 5.364822183638e+04  1.585193500000e+01  6.933173419809e-02
 5.364822776365e+04  1.577622700000e+01  6.820967494854e-02
 5.364823368697e+04  1.584020500000e+01  6.902065631906e-02
 5.582219419615e+04  1.547707500000e+01  6.282725774637e-02
 5.582220109477e+04  1.548547800000e+01  6.289753173682e-02
 5.582220802486e+04  1.551489500000e+01  6.314027940272e-02
 5.582221482351e+04  1.552395400000e+01  6.325629121228e-02
 5.583118386638e+04  1.588251000000e+01  6.740639532039e-02
 5.583118610433e+04  1.587159100000e+01  6.757150589423e-02
 5.583118835111e+04  1.584905500000e+01  6.852413523662e-02
 5.583119063005e+04  1.591493500000e+01  6.953288276377e-02
 5.585019348074e+04  1.537758500000e+01  7.072615957024e-02
 5.585020145750e+04  1.545103800000e+01  7.178947330721e-02
 5.585020944745e+04  1.551918800000e+01  7.284137331608e-02
 5.585021745307e+04  1.542609400000e+01  7.143957474373e-02
 5.609242316669e+04  1.563869500000e+01  6.478176121253e-02
 5.616336929241e+04  1.554148600000e+01  6.980649411478e-02
 5.616337514653e+04  1.558113400000e+01  7.035297731627e-02
 5.616338099256e+04  1.555942700000e+01  7.016063832551e-02
 5.616338693767e+04  1.563345300000e+01  7.124657325770e-02
 5.618321827532e+04  1.541409300000e+01  6.044091055828e-02
 5.618322436953e+04  1.542214300000e+01  6.048508889956e-02
 5.618323045992e+04  1.544523900000e+01  6.062539670459e-02
 5.618323658940e+04  1.544211200000e+01  6.061592919914e-02
 5.620817209323e+04  1.555950400000e+01  6.448258961204e-02
 5.620817652586e+04  1.552994300000e+01  6.420268480739e-02
 5.620818111455e+04  1.557613400000e+01  6.463594962001e-02
 5.620818563630e+04  1.558829100000e+01  6.474144472645e-02
 5.621617217259e+04  1.531329200000e+01  6.213747090711e-02
 5.621617718326e+04  1.533538900000e+01  6.224583175740e-02
 5.621618230064e+04  1.529513500000e+01  6.189783628556e-02
 5.621618744939e+04  1.531928500000e+01  6.207060092558e-02
