# time mag mag_err
 5.356124188750e+04  1.475768800000e+01  5.847941963564e-02
 5.356124755722e+04  1.477701600000e+01  5.865355493923e-02
 5.356125319617e+04  1.460393000000e+01  5.766052933604e-02
 5.356125882353e+04  1.479278100000e+01  5.879193065849e-02
 5.352639938887e+04  1.433708200000e+01  5.616434176469e-02
 5.352640909282e+04  1.435277900000e+01  5.625686705405e-02
 5.352641884007e+04  1.438434500000e+01  5.641668803857e-02
 5.352642862111e+04  1.441100200000e+01  5.657267319544e-02
 5.353431906175e+04  1.502670500000e+01  6.005330968769e-02
 5.353432759492e+04  1.505864400000e+01  6.027401252386e-02
 5.353433600911e+04  1.503311700000e+01  6.009463891117e-02
 5.353434434471e+04  1.483908300000e+01  5.880922022454e-02
 5.368805986544e+04  1.490413800000e+01  5.965658853421e-02
 5.368806525101e+04  1.485777200000e+01  5.941188492022e-02
 5.368807065557e+04  1.490134300000e+01  5.973277856572e-02
 5.368807603928e+04  1.493140900000e+01  5.999955943665e-02
 5.369406369390e+04  1.457721300000e+01  5.778060355886e-02
 5.369406697705e+04  1.453125900000e+01  5.754246106242e-02
 5.369407019167e+04  1.449905600000e+01  5.740294183588e-02
 5.369407349369e+04  1.449147000000e+01  5.738614400992e-02
 5.364413535097e+04  1.488972700000e+01  6.002659997616e-02
 5.364414190685e+04  1.486429900000e+01  5.986683294686e-02
 5.364414844317e+04  1.490902300000e+01  6.018959868270e-02
 5.364415498609e+04  1.492487900000e+01  6.032838850372e-02
 5.365614057286e+04  1.460701200000e+01  5.857232909614e-02
 5.365614544625e+04  1.476425400000e+01  5.963216755348e-02
 5.365615033133e+04  1.459987900000e+01  5.856874329176e-02
 5.365615519986e+04  1.478151400000e+01  5.981722088968e-02
 5.367307576990e+04  1.492126300000e+01  5.977781315544e-02
 5.367308065880e+04  1.490167700000e+01  5.966134167765e-02
 5.367308554804e+04  1.491387000000e+01  5.975480147176e-02
 5.367309044042e+04  1.491892900000e+01  5.984980425330e-02
 5.362714985984e+04  1.452712400000e+01  5.883873626692e-02
 5.362715685637e+04  1.466183800000e+01  5.975868923916e-02
 5.362716384005e+04  1.455290300000e+01  5.900644327480e-02
 5.362717090834e+04  1.470976200000e+01  6.011106551630e-02
 5.383344939236e+04  1.505561700000e+01  6.072635779215e-02
 5.383345585332e+04  1.509776300000e+01  6.106532001544e-02
 5.383346251442e+04  1.510845000000e+01  6.114879752193e-02
 5.383346911995e+04  1.506455300000e+01  6.090943082705e-02
 5.385145782902e+04  1.471014100000e+01  5.842285714844e-02
 5.385146214694e+04  1.461837900000e+01  5.788299243476e-02
 5.385146639171e+04  1.444296400000e+01  5.694611595794e-02
 5.385147071890e+04  1.452856400000e+01  5.738638312364e-02
 5.390032069686e+04  1.457536900000e+01  8.306504767825e-02
 5.390032171554e+04  1.470708000000e+01  8.629634528932e-02
 5.390032272439e+04  1.465751800000e+01  8.512219330490e-02
 5.390032372259e+04  1.465329900000e+01  8.479774291387e-02
 5.379647452177e+04  1.496218300000e+01  5.984397720625e-02
 5.379648095207e+04  1.489692400000e+01  5.942046930493e-02
 5.379648742890e+04  1.460476400000e+01  5.761441314604e-02
 5.379649390110e+04  1.468468900000e+01  5.807629430158e-02
 5.388636896887e+04  1.451056800000e+01  5.737773628421e-02
 5.388637808899e+04  1.470005300000e+01  5.846019539311e-02
 5.388638719442e+04  1.471369400000e+01  5.855887970113e-02
 5.388639628793e+04  1.454110600000e+01  5.757178563526e-02
 5.405506017882e+04  1.502017800000e+01  6.632310394292e-02
 5.405506305662e+04  1.498500900000e+01  6.596719712311e-02
 5.405506595272e+04  1.500441100000e+01  6.623848533620e-02
 5.405506884719e+04  1.495600900000e+01  6.572675672134e-02
 5.403709092421e+04  1.497919800000e+01  5.926477383107e-02
 5.403709571657e+04  1.497564800000e+01  5.925669183721e-02
 5.403710055247e+04  1.497536200000e+01  5.929854635820e-02
 5.403710540387e+04  1.497313200000e+01  5.930664282149e-02
 5.399516365512e+04  1.466193100000e+01  5.718863339779e-02
 5.399517328059e+04  1.472129000000e+01  5.755195791083e-02
 5.399518287875e+04  1.473375700000e+01  5.763639124315e-02
 5.399519249208e+04  1.474405300000e+01  5.772509716868e-02
 5.399611755405e+04  1.444634700000e+01  5.609451349927e-02
 5.399612308569e+04  1.440532900000e+01  5.591333362001e-02
 5.399612855622e+04  1.436447400000e+01  5.574637904064e-02
 5.399613403693e+04  1.433584800000e+01  5.564074256871e-02
 5.400711285110e+04  1.453761000000e+01  5.963460136746e-02
 5.400711454378e+04  1.452273700000e+01  5.987471032090e-02
 5.400711622639e+04  1.451017000000e+01  5.986324770888e-02
 5.400711790899e+04  1.450424000000e+01  6.031946944382e-02
 5.429526421770e+04  1.451310200000e+01  5.743557034694e-02
 5.429526847949e+04  1.435555500000e+01  5.658195432312e-02
 5.429527276616e+04  1.444309400000e+01  5.726080324001e-02
 5.429527704148e+04  1.437777300000e+01  5.688308363453e-02
 5.425838801835e+04  1.458396200000e+01  5.716233205069e-02
 5.425839456764e+04  1.449694000000e+01  5.672000512979e-02
 5.425840115801e+04  1.450064000000e+01  5.673371008738e-02
 5.425840768056e+04  1.467874700000e+01  5.771040696393e-02
 5.427035888972e+04  1.474747100000e+01  5.853721170348e-02
 5.427036639218e+04  1.466132600000e+01  5.803670429930e-02
 5.427037392762e+04  1.456362700000e+01  5.747550399328e-02
 5.427038144616e+04  1.450969700000e+01  5.720403253392e-02
 5.417747093788e+04  1.471974600000e+01  5.782711265427e-02
 5.417748026323e+04  1.475273000000e+01  5.802110606235e-02
 5.417748959137e+04  1.475756500000e+01  5.803151914190e-02
 5.417749987544e+04  1.481477800000e+01  5.834958957963e-02
 5.423528860071e+04  1.467501200000e+01  5.817748429387e-02
 5.423529348382e+04  1.465641400000e+01  5.869770802655e-02
 5.423529837804e+04  1.472105000000e+01  5.998046354038e-02
 5.423530327528e+04  1.468983900000e+01  5.821401767084e-02
 5.440807470351e+04  1.464090300000e+01  6.043315553854e-02
 5.440807891760e+04  1.464030300000e+01  6.045628920409e-02
 5.440808312858e+04  1.464760600000e+01  6.054229622366e-02
 5.440808732891e+04  1.459487600000e+01  6.018609699627e-02
 5.441906547667e+04  1.469253200000e+01  5.791585973195e-02
 5.441907090159e+04  1.464198900000e+01  5.764850384872e-02
 5.441907628472e+04  1.445288600000e+01  5.667433457787e-02
 5.441908170259e+04  1.442778900000e+01  5.659979367997e-02
 5.438510848256e+04  1.458945200000e+01  5.705746672414e-02
 5.438511282211e+04  1.461110900000e+01  5.718097279190e-02
 5.438511715589e+04  1.464994300000e+01  5.742093414236e-02
 5.438512144696e+04  1.464169100000e+01  5.737391063545e-02
 5.435818594536e+04  1.488025400000e+01  5.935674442191e-02
 5.435819131588e+04  1.494432300000e+01  5.983543635693e-02
 5.435819670307e+04  1.492386000000e+01  5.973584916255e-02
 5.435820206826e+04  1.495346700000e+01  6.002907836465e-02
 5.456835261523e+04  1.476612900000e+01  5.817015402409e-02
 5.456836243204e+04  1.457540200000e+01  5.707931293604e-02
 5.456837224527e+04  1.457474400000e+01  5.679866206545e-02
 5.456838203568e+04  1.444330100000e+01  5.639959704048e-02
 5.458428439924e+04  1.482854200000e+01  5.880531745332e-02
 5.458429202449e+04  1.484919900000e+01  5.890981496596e-02
 5.458429962869e+04  1.484415400000e+01  5.882949231552e-02
 5.458430744263e+04  1.484874800000e+01  5.881927510962e-02
 5.462634721985e+04  1.453617900000e+01  5.705596079388e-02
 5.462635450435e+04  1.451746900000e+01  5.696718873312e-02
 5.462636177683e+04  1.454402900000e+01  5.712181781097e-02
 5.462636902707e+04  1.454323100000e+01  5.710911495446e-02
 5.464135879640e+04  1.448819800000e+01  5.716540461953e-02
 5.464136482459e+04  1.443482800000e+01  5.687337395742e-02
 5.464137088797e+04  1.449599700000e+01  5.722731401718e-02
 5.464137691339e+04  1.437162100000e+01  5.658423187625e-02
 5.453140215749e+04  1.431536400000e+01  5.615421926837e-02
 5.453141203565e+04  1.425572700000e+01  5.581134678369e-02
 5.453142186252e+04  1.440559700000e+01  5.646568483189e-02
 5.453143166903e+04  1.440352700000e+01  5.642036603275e-02
 5.459240398946e+04  1.483386700000e+01  5.877088368153e-02
 5.459835977441e+04  1.497791800000e+01  5.989070725761e-02
 5.459836717432e+04  1.503484300000e+01  6.105012257533e-02
 5.459837235941e+04  1.505287200000e+01  6.134422008009e-02
 5.459837796988e+04  1.505764200000e+01  6.037235064917e-02
 5.473116283613e+04  1.466708800000e+01  5.735517372906e-02
 5.473116876640e+04  1.466913000000e+01  5.740562440640e-02
 5.473117469980e+04  1.469367500000e+01  5.756677673799e-02
 5.473118062822e+04  1.473106600000e+01  5.781457893523e-02
 5.494237413564e+04  1.473182300000e+01  5.789587154279e-02
 5.494237962098e+04  1.475951400000e+01  5.804736881164e-02
 5.494238506027e+04  1.474236300000e+01  5.792968964249e-02
 5.494239055765e+04  1.472827500000e+01  5.785028171083e-02
 5.506323502398e+04  1.457722700000e+01  6.023922962851e-02
 5.506324090959e+04  1.464101300000e+01  6.077148371977e-02
 5.506324670132e+04  1.465282300000e+01  6.085679227742e-02
 5.506325252385e+04  1.466095700000e+01  6.100372988795e-02
 5.503417449009e+04  1.435287100000e+01  5.915899698810e-02
 5.503417845235e+04  1.437669500000e+01  5.924262400848e-02
 5.503418236377e+04  1.434986700000e+01  5.912009471626e-02
 5.503418621953e+04  1.436220400000e+01  5.931613769380e-02
 5.504320354807e+04  1.488786600000e+01  6.235634856296e-02
 5.504320952565e+04  1.487980500000e+01  6.226035281786e-02
 5.504321547212e+04  1.487185700000e+01  6.223171101232e-02
 5.504322129286e+04  1.491818000000e+01  6.261853966593e-02
 5.499636673330e+04  1.490173800000e+01  5.901867253961e-02
 5.499637502456e+04  1.488581800000e+01  5.893113645394e-02
 5.499638575506e+04  1.490562300000e+01  5.908795128833e-02
 5.499639137235e+04  1.491423900000e+01  5.916297509452e-02
 5.489250308428e+04  1.443277600000e+01  5.733231328499e-02
 5.489251079925e+04  1.447377800000e+01  5.754055869075e-02
 5.489251850009e+04  1.437343800000e+01  5.697610004219e-02
 5.489252648059e+04  1.452105500000e+01  5.778226644142e-02
 5.491942703370e+04  1.494918300000e+01  6.308539520753e-02
 5.492045733024e+04  1.484440100000e+01  5.856899905743e-02
 5.492046516873e+04  1.481116800000e+01  5.836573617461e-02
 5.492047314494e+04  1.483025900000e+01  5.847497035073e-02
 5.492048116203e+04  1.484002700000e+01  5.851643863914e-02
 5.495532920531e+04  1.497318500000e+01  6.322957616885e-02
 5.495533502900e+04  1.496534800000e+01  6.296441758065e-02
 5.495534086517e+04  1.494487600000e+01  6.274861743578e-02
 5.495534678065e+04  1.495198900000e+01  6.282064454501e-02
 5.509516926466e+04  1.483234800000e+01  6.090911971044e-02
 5.509517416201e+04  1.481250100000e+01  6.076362647409e-02
 5.509517901690e+04  1.481394700000e+01  6.082140104945e-02
 5.509518394538e+04  1.479022400000e+01  6.066857552577e-02
 5.510213103903e+04  1.484869600000e+01  5.907659381339e-02
 5.510213594692e+04  1.481201300000e+01  5.883681978092e-02
 5.510214079497e+04  1.482614700000e+01  5.894575383981e-02
 5.510214569752e+04  1.479959500000e+01  5.850481554042e-02
 5.529943327874e+04  1.479951600000e+01  5.840452417371e-02
 5.529944022844e+04  1.481764000000e+01  5.855200749977e-02
 5.529944723515e+04  1.482402300000e+01  5.860639575948e-02
 5.529945423853e+04  1.482747500000e+01  5.865729365294e-02
 5.535035770372e+04  1.479924100000e+01  5.896641595722e-02
 5.535036353896e+04  1.483208200000e+01  5.936040282305e-02
 5.535036935200e+04  1.485493900000e+01  5.981424156099e-02
 5.535037516758e+04  1.485509100000e+01  5.975273748238e-02
 5.535735374284e+04  1.485788100000e+01  5.877953256323e-02
 5.535735887986e+04  1.488663400000e+01  5.895711904735e-02
 5.535736405801e+04  1.488465000000e+01  5.894153762577e-02
 5.535736922038e+04  1.488430700000e+01  5.895681690871e-02
 5.536432366911e+04  1.489201100000e+01  5.896554776401e-02
 5.536432880953e+04  1.485951400000e+01  5.876501949308e-02
 5.536433405948e+04  1.487785300000e+01  5.888367525012e-02
 5.536433925001e+04  1.489719200000e+01  5.900825774715e-02
 5.536830283483e+04  1.483730900000e+01  5.878792907744e-02
 5.536830976259e+04  1.475677500000e+01  5.831052599010e-02
 5.536831664659e+04  1.485761100000e+01  5.895992039689e-02
 5.536832357841e+04  1.487137500000e+01  5.905822160003e-02
 5.527350695037e+04  1.485411000000e+01  5.874042590370e-02
 5.527351155384e+04  1.492036700000e+01  5.913644889461e-02
 5.527351611553e+04  1.490848000000e+01  5.904500991067e-02
 5.527352078556e+04  1.492936400000e+01  5.916708362723e-02
 5.528043511000e+04  1.488365300000e+01  5.908161458861e-02
 5.528044192701e+04  1.491758300000e+01  5.927804622853e-02
 5.528044887295e+04  1.490676000000e+01  5.922619464371e-02
 5.528045575247e+04  1.489561900000e+01  5.913701754695e-02
 5.532442153047e+04  1.491628000000e+01  6.636388772218e-02
 5.532442311065e+04  1.494517900000e+01  6.797554086407e-02
 5.532442470505e+04  1.495911800000e+01  6.950814549702e-02
 5.532442629390e+04  1.489852400000e+01  6.958622221608e-02
 5.533038653189e+04  1.463433100000e+01  5.752690086556e-02
 5.533039224328e+04  1.442665200000e+01  5.645844287172e-02
 5.533039793906e+04  1.454206300000e+01  5.703505677026e-02
 5.533040366052e+04  1.450235100000e+01  5.681820309695e-02
 5.533935879563e+04  1.482470100000e+01  5.850051771122e-02
 5.533936395942e+04  1.483719100000e+01  5.866307732069e-02
 5.533936917613e+04  1.478208500000e+01  5.823104260669e-02
 5.533937431969e+04  1.481951100000e+01  5.844405803483e-02
 5.547810171624e+04  1.458020500000e+01  5.732231451478e-02
 5.547811082915e+04  1.448160300000e+01  5.683732241387e-02
 5.547811539839e+04  1.458122000000e+01  5.737360623438e-02
 5.548811279468e+04  1.487085400000e+01  5.943504866456e-02
 5.548812309138e+04  1.487610300000e+01  5.953249987097e-02
 5.548812826803e+04  1.484413800000e+01  5.935721020863e-02
 5.545014514250e+04  1.471580200000e+01  5.766916794531e-02
 5.545015545855e+04  1.446031200000e+01  5.636774610825e-02
 5.545016060455e+04  1.444857400000e+01  5.633042445680e-02
 5.567742628874e+04  1.488116800000e+01  5.951567912465e-02
 5.567743514834e+04  1.492741900000e+01  5.993618404064e-02
 5.567744406537e+04  1.490422800000e+01  5.971678491126e-02
 5.567745190097e+04  1.493994400000e+01  6.006240383618e-02
 5.571338454030e+04  1.503426700000e+01  6.124742712199e-02
 5.571339065729e+04  1.514237000000e+01  7.098924788440e-02
 5.571339711470e+04  1.487188000000e+01  6.585092142812e-02
 5.571340232803e+04  1.494619000000e+01  7.005702380957e-02
 5.568942487341e+04  1.482216200000e+01  5.906109171368e-02
 5.568943029142e+04  1.483422500000e+01  5.914940575617e-02
 5.568943569123e+04  1.480350000000e+01  5.896040388042e-02
 5.568944104395e+04  1.481635400000e+01  5.904492792210e-02
 5.459240548536e+04  1.488561500000e+01  6.245392496892e-02
 5.459241108066e+04  1.487194700000e+01  6.232654731198e-02
 5.459241672887e+04  1.487908200000e+01  6.232115312991e-02
 5.459242236051e+04  1.491466400000e+01  6.205510079669e-02
 5.586407844315e+04  1.468315400000e+01  5.787498528316e-02
 5.586408353990e+04  1.455639300000e+01  5.719662545444e-02
 5.586408871156e+04  1.471474200000e+01  5.809393519425e-02
 5.586409389434e+04  1.469391400000e+01  5.799635035342e-02
 5.585511636374e+04  1.497860100000e+01  5.953049195807e-02
 5.585512376816e+04  1.495268100000e+01  5.939921928722e-02
 5.585513126633e+04  1.501819200000e+01  5.988305169625e-02
 5.585513864490e+04  1.499054900000e+01  5.980128845165e-02
 5.600846319554e+04  1.508846400000e+01  6.080130595904e-02
 5.600846998459e+04  1.507033200000e+01  6.073286468915e-02
 5.600847678736e+04  1.504488400000e+01  6.051352035410e-02
 5.600848359845e+04  1.506547900000e+01  6.101837172042e-02
 5.604143417963e+04  1.499491700000e+01  6.000094495202e-02
 5.604143937162e+04  1.506028400000e+01  6.046672050159e-02
 5.604144459110e+04  1.506398000000e+01  6.046303278093e-02
 5.604144963170e+04  1.506285400000e+01  6.045668574838e-02
 5.604730272154e+04  1.446723600000e+01  5.706976841064e-02
 5.604730836267e+04  1.433403300000e+01  5.639952851453e-02
 5.604731396598e+04  1.426035500000e+01  5.603087271821e-02
 5.604731977333e+04  1.423317100000e+01  5.589090014007e-02
 5.606442217740e+04  1.482686300000e+01  5.843109463565e-02
 5.606442836737e+04  1.485489200000e+01  5.864072113147e-02
 5.606443458319e+04  1.479846400000e+01  5.831172414055e-02
 5.606444081547e+04  1.482372100000e+01  5.853171812558e-02
 5.607039361525e+04  1.500602900000e+01  5.754136387369e-02
 5.607040178332e+04  1.495454500000e+01  5.725509839370e-02
 5.607040994458e+04  1.486257200000e+01  5.678690537635e-02
 5.607041808737e+04  1.478901200000e+01  5.643898313377e-02
 5.607731130078e+04  1.496863300000e+01  6.096896679491e-02
 5.607731741552e+04  1.497217000000e+01  6.100909263883e-02
 5.607732365191e+04  1.497301900000e+01  6.101264952820e-02
 5.607732993220e+04  1.496932600000e+01  6.098157960413e-02
 5.608743297762e+04  1.470121400000e+01  5.773124200290e-02
 5.608743637454e+04  1.472783000000e+01  5.789801727904e-02
 5.608743974242e+04  1.470160100000e+01  5.775501288196e-02
 5.608744313877e+04  1.471662300000e+01  5.786310640132e-02
 5.615114385102e+04  1.480799200000e+01  6.433404045063e-02
 5.615114903985e+04  1.498557200000e+01  7.992996182172e-02
 5.615115427947e+04  1.474183900000e+01  6.751958610207e-02
 5.615115944398e+04  1.479620100000e+01  6.346759542056e-02
 5.617612458432e+04  1.480575700000e+01  5.974085791661e-02
 5.617613132688e+04  1.485744200000e+01  5.988622726299e-02
 5.617613810274e+04  1.485893400000e+01  6.027918985065e-02
 5.617614483722e+04  1.487935500000e+01  6.044641731804e-02
 5.618719751087e+04  1.491583400000e+01  5.769622580411e-02
 5.618720223961e+04  1.497237000000e+01  5.802112216099e-02
 5.618720704888e+04  1.493831500000e+01  5.783337280618e-02
 5.618721180480e+04  1.495131200000e+01  5.792269101025e-02
 5.619609939154e+04  1.449544100000e+01  5.723980983576e-02
 5.619610621182e+04  1.449403300000e+01  5.726567125530e-02
 5.619611309167e+04  1.447386200000e+01  5.723302294899e-02
 5.619611993022e+04  1.451148400000e+01  5.757995863765e-02
 5.620815545412e+04  1.451434100000e+01  5.742431549449e-02
 5.620815884049e+04  1.452796200000e+01  5.750744727955e-02
 5.620816224749e+04  1.437857100000e+01  5.673954056301e-02
 5.620816562450e+04  1.448941900000e+01  5.734008663261e-02
 5.621510692780e+04  1.435966700000e+01  5.645203565721e-02
 5.621511194275e+04  1.446351800000e+01  5.698201924580e-02
 5.621511728522e+04  1.442939600000e+01  5.683456321914e-02
 5.621512297045e+04  1.439035800000e+01  5.666652829631e-02
 5.622110697344e+04  1.471876200000e+01  5.681017124555e-02
 5.622111225889e+04  1.472115300000e+01  5.683692809884e-02
 5.622111763374e+04  1.471289100000e+01  5.683549779067e-02
 5.622112309652e+04  1.478267400000e+01  5.724124789467e-02
