# time mag mag_err
 5.346433176520e+04  1.554774900000e+01  6.302297042834e-02
 5.346433982127e+04  1.559188000000e+01  6.339802913026e-02
 5.346434795536e+04  1.558772900000e+01  6.340118728382e-02
 5.346435601595e+04  1.560763300000e+01  6.360553309833e-02
 5.370652863851e+04  1.517382200000e+01  1.109587519985e-01
 5.370653304845e+04  1.510446800000e+01  1.016992575045e-01
 5.370653760179e+04  1.534319800000e+01  6.377984223069e-02
 5.370951932471e+04  1.514106200000e+01  6.034146750263e-02
 5.370952851936e+04  1.519907500000e+01  6.073508504769e-02
 5.370953772203e+04  1.518974900000e+01  6.058766651979e-02
 5.370954692410e+04  1.521231900000e+01  6.069833355840e-02
 5.373249169578e+04  1.551210600000e+01  6.340553164948e-02
 5.373250029123e+04  1.551972800000e+01  6.339324643678e-02
 5.373250897777e+04  1.553811700000e+01  6.369620565634e-02
 5.373251769314e+04  1.557818400000e+01  6.402240750569e-02
 5.349819009797e+04  1.493030000000e+01  5.873289022999e-02
 5.349819658615e+04  1.492715900000e+01  5.872784257771e-02
 5.349820304260e+04  1.495030700000e+01  5.886502170792e-02
 5.349820945473e+04  1.496382300000e+01  5.893722551822e-02
 5.352122988100e+04  1.549077900000e+01  6.339285174342e-02
 5.352123847089e+04  1.545667400000e+01  6.420820480662e-02
 5.352124708694e+04  1.548808600000e+01  6.367927527599e-02
 5.352125570612e+04  1.553055700000e+01  6.386203203457e-02
 5.384530103003e+04  1.474254700000e+01  5.830515629723e-02
 5.384530796916e+04  1.476410300000e+01  5.845909275531e-02
 5.384531492355e+04  1.478182700000e+01  5.855386605368e-02
 5.384532191233e+04  1.481930200000e+01  5.880896756036e-02
 5.409351447980e+04  1.535342700000e+01  6.118201795049e-02
 5.409351890294e+04  1.536317600000e+01  6.124935854510e-02
 5.409352331566e+04  1.538773300000e+01  6.114674117632e-02
 5.409352776947e+04  1.537798200000e+01  6.134788757104e-02
 5.377347297927e+04  1.548099300000e+01  6.314637313516e-02
 5.377347949962e+04  1.549908400000e+01  6.335438496539e-02
 5.377348603096e+04  1.544441200000e+01  6.280583574125e-02
 5.377349255686e+04  1.549210800000e+01  6.334259575575e-02
 5.378649749234e+04  1.470210300000e+01  5.746922883257e-02
 5.378650293624e+04  1.469494000000e+01  5.744225740207e-02
 5.378650834981e+04  1.469466000000e+01  5.745002540935e-02
 5.378651367473e+04  1.470211900000e+01  5.752983292405e-02
 5.374350753836e+04  1.552457100000e+01  6.382331256625e-02
 5.374351181612e+04  1.552828100000e+01  6.374895781114e-02
 5.374351606726e+04  1.553921800000e+01  6.385702542228e-02
 5.374352033436e+04  1.554113100000e+01  6.382151353457e-02
 5.375849312512e+04  1.516182000000e+01  6.044616290774e-02
 5.375850154475e+04  1.515790600000e+01  6.041021932324e-02
 5.375850989192e+04  1.518711300000e+01  6.062624779086e-02
 5.375851827590e+04  1.520413900000e+01  6.077668836263e-02
 5.376547489537e+04  1.548288300000e+01  6.329131037166e-02
 5.376548088560e+04  1.551443100000e+01  6.369035020172e-02
 5.376548693174e+04  1.549719800000e+01  6.354839738861e-02
 5.376549302718e+04  1.549894600000e+01  6.343851931403e-02
 5.390324630032e+04  1.543661500000e+01  1.049937353852e-01
 5.390324729285e+04  1.548364400000e+01  1.068835026475e-01
 5.390324826779e+04  1.543204900000e+01  1.056885884132e-01
 5.390324925348e+04  1.543624700000e+01  1.053909660682e-01
 5.386331270373e+04  1.543249400000e+01  1.004181822412e-01
 5.386331376199e+04  1.548249000000e+01  1.022672158657e-01
 5.386331468241e+04  1.536531900000e+01  9.823601702304e-02
 5.386331551544e+04  1.536812700000e+01  9.864774825008e-02
 5.387423215337e+04  1.518139600000e+01  6.169188275264e-02
 5.387423859096e+04  1.519708800000e+01  6.186579946707e-02
 5.387424502311e+04  1.518704300000e+01  6.178567700312e-02
 5.387425146000e+04  1.523509400000e+01  6.223963159966e-02
 5.388620801641e+04  1.559138100000e+01  6.499786945507e-02
 5.388621708631e+04  1.558292900000e+01  6.496805174541e-02
 5.388622620378e+04  1.557728200000e+01  6.495278245551e-02
 5.388623528873e+04  1.555719900000e+01  6.479848955855e-02
 5.406252993742e+04  1.557982600000e+01  7.235710762825e-02
 5.406253223348e+04  1.556248400000e+01  7.204217711791e-02
 5.406253454703e+04  1.548902400000e+01  7.088589879543e-02
 5.406253684691e+04  1.555153100000e+01  7.170284739439e-02
 5.419730122501e+04  1.509369400000e+01  5.963389240374e-02
 5.419730881741e+04  1.500418700000e+01  5.900636125228e-02
 5.419731643780e+04  1.489724700000e+01  5.833845456501e-02
 5.419732399953e+04  1.476930800000e+01  5.760244356095e-02
 5.420530226671e+04  1.464362300000e+01  5.701942648979e-02
 5.420530831956e+04  1.464890100000e+01  5.704860943510e-02
 5.420531435806e+04  1.466562600000e+01  5.712853235861e-02
 5.420532034260e+04  1.470457200000e+01  5.734082060542e-02
 5.443950241406e+04  1.537652000000e+01  6.177699679239e-02
 5.443950899750e+04  1.537873100000e+01  6.174593939871e-02
 5.443951552525e+04  1.537795400000e+01  6.172115979714e-02
 5.443952203102e+04  1.541172100000e+01  6.194284803057e-02
 5.445450126267e+04  1.465222100000e+01  5.686772777075e-02
 5.445450782932e+04  1.464898000000e+01  5.679881818449e-02
 5.445451437825e+04  1.464990400000e+01  5.678757095232e-02
 5.445452101944e+04  1.468781000000e+01  5.697158862345e-02
 5.412448882928e+04  1.465414700000e+01  5.680042156217e-02
 5.412449370105e+04  1.465974500000e+01  5.682596292144e-02
 5.412449862757e+04  1.467848400000e+01  5.692266703503e-02
 5.412450354448e+04  1.471363700000e+01  5.709636209318e-02
 5.426120280265e+04  1.519220900000e+01  6.080008886733e-02
 5.426120816056e+04  1.519791300000e+01  6.086794763486e-02
 5.426121348652e+04  1.517834300000e+01  6.072333250429e-02
 5.426121881086e+04  1.521073800000e+01  6.099080711331e-02
 5.422924675581e+04  1.488263000000e+01  5.862740801860e-02
 5.422925732833e+04  1.491464600000e+01  5.882878927091e-02
 5.422926658227e+04  1.495690500000e+01  5.909190363154e-02
 5.422927584163e+04  1.498017000000e+01  5.924551562795e-02
 5.424123788462e+04  1.546090900000e+01  6.326916422082e-02
 5.424124708531e+04  1.547860300000e+01  6.348939723761e-02
 5.424125630696e+04  1.545287200000e+01  6.326892290436e-02
 5.424126566622e+04  1.545844000000e+01  6.328119452337e-02
 5.458027935456e+04  1.535223800000e+01  6.154516193941e-02
 5.458028581529e+04  1.531554900000e+01  6.123405757435e-02
 5.458029227881e+04  1.536297000000e+01  6.165807659343e-02
 5.458029873272e+04  1.533507600000e+01  6.145297302184e-02
 5.483047053576e+04  1.472286900000e+01  5.702854007642e-02
 5.483047580999e+04  1.473434300000e+01  5.709536260982e-02
 5.483048105145e+04  1.473826500000e+01  5.711440605877e-02
 5.483048620853e+04  1.474789900000e+01  5.714951183346e-02
 5.450247858038e+04  1.526651600000e+01  6.047797208774e-02
 5.450248886087e+04  1.528631500000e+01  6.063873630271e-02
 5.450249915339e+04  1.530016800000e+01  6.075662637244e-02
 5.450250943978e+04  1.534344100000e+01  6.111329939320e-02
 5.448048329991e+04  1.535908300000e+01  6.046110529848e-02
 5.448048986562e+04  1.541526500000e+01  6.083934098705e-02
 5.448049638875e+04  1.536087800000e+01  6.044466597363e-02
 5.448050292194e+04  1.537615000000e+01  6.052951080894e-02
 5.448347496291e+04  1.520386500000e+01  6.006534352357e-02
 5.448348158732e+04  1.520805300000e+01  6.009262213785e-02
 5.448348826472e+04  1.522763300000e+01  6.020298880419e-02
 5.448349488358e+04  1.524079200000e+01  6.030118958172e-02
 5.449549271889e+04  1.504536500000e+01  5.892014247415e-02
 5.449549939885e+04  1.495800800000e+01  5.836769861798e-02
 5.449550603703e+04  1.486516500000e+01  5.781790691971e-02
 5.449551270403e+04  1.478944800000e+01  5.742333550167e-02
 5.462419389639e+04  1.493286500000e+01  5.696484453325e-02
 5.462420389828e+04  1.497639100000e+01  5.717240624078e-02
 5.462421390074e+04  1.500247100000e+01  5.739338803694e-02
 5.462422386848e+04  1.503278700000e+01  5.752808971040e-02
 5.459022151623e+04  1.550375400000e+01  6.344706791032e-02
 5.459022687494e+04  1.549198800000e+01  6.391715923954e-02
 5.459023220484e+04  1.546974600000e+01  6.284754933029e-02
 5.459023753300e+04  1.549037100000e+01  6.302334002802e-02
 5.493824066206e+04  1.476853300000e+01  5.762757491043e-02
 5.493824555872e+04  1.479701500000e+01  5.776335060970e-02
 5.493825034868e+04  1.479736800000e+01  5.777188522334e-02
 5.493825515238e+04  1.481948600000e+01  5.789052763351e-02
 5.518052670458e+04  1.545680200000e+01  6.215107084978e-02
 5.518053309485e+04  1.550105000000e+01  6.251678460563e-02
 5.518053945791e+04  1.548715500000e+01  6.238366848206e-02
 5.518054589296e+04  1.552797400000e+01  6.272085994067e-02
 5.488143816324e+04  1.518229000000e+01  5.985941667970e-02
 5.488144633020e+04  1.518779700000e+01  5.990568130578e-02
 5.488145455816e+04  1.520469700000e+01  5.978543675627e-02
 5.488146271979e+04  1.521842900000e+01  6.014565919123e-02
 5.499615961801e+04  1.549231000000e+01  6.741876918385e-02
 5.499616480900e+04  1.550079100000e+01  6.751558550189e-02
 5.499617014946e+04  1.550413800000e+01  6.750913534010e-02
 5.499617538374e+04  1.545070300000e+01  6.696020619345e-02
 5.500621504238e+04  1.479590000000e+01  5.860170897483e-02
 5.500622097299e+04  1.482878900000e+01  5.885868534065e-02
 5.500622700153e+04  1.482070800000e+01  5.891830652037e-02
 5.500623309251e+04  1.489456700000e+01  5.951793364147e-02
 5.490740871620e+04  1.541825900000e+01  6.180556579100e-02
 5.490741352131e+04  1.541548200000e+01  6.175791354967e-02
 5.490741830522e+04  1.542843000000e+01  6.189134580480e-02
 5.490742301993e+04  1.538298800000e+01  6.154583284283e-02
 5.492135304469e+04  1.540036000000e+01  6.673224455395e-02
 5.492136241485e+04  1.540992200000e+01  6.209569730032e-02
 5.492137178431e+04  1.541974300000e+01  6.217881267777e-02
 5.492138120366e+04  1.541762500000e+01  6.219299605259e-02
 5.496628429919e+04  1.554675700000e+01  6.366388679950e-02
 5.496629269292e+04  1.557088300000e+01  6.395810151657e-02
 5.496630114275e+04  1.556274700000e+01  6.390239223641e-02
 5.496630953868e+04  1.552914000000e+01  6.365147091076e-02
 5.497821652446e+04  1.535028300000e+01  7.874385196050e-02
 5.497822440657e+04  1.526295300000e+01  6.129157658286e-02
 5.497823218163e+04  1.529295200000e+01  7.689958704775e-02
 5.497922433117e+04  1.473549900000e+01  5.769561692938e-02
 5.497923159648e+04  1.466834700000e+01  5.740242120454e-02
 5.497923893689e+04  1.464335800000e+01  5.728282870055e-02
 5.497924631668e+04  1.465179200000e+01  5.733926122839e-02
 5.515954460839e+04  1.556461600000e+01  9.842006854972e-02
 5.515954590833e+04  1.545222700000e+01  9.442278008180e-02
 5.515954721870e+04  1.542417200000e+01  9.253963522943e-02
 5.515954845800e+04  1.553896500000e+01  9.449217015129e-02
 5.516151900015e+04  1.550893300000e+01  6.346215838325e-02
 5.516152257894e+04  1.537983400000e+01  6.409706937393e-02
 5.516152617483e+04  1.550507700000e+01  6.363343353343e-02
 5.516152984399e+04  1.548867300000e+01  6.321368217405e-02
 5.529026164057e+04  1.491443500000e+01  5.860030733432e-02
 5.529026792502e+04  1.485287900000e+01  5.819786633735e-02
 5.529027428252e+04  1.481107800000e+01  5.795848758111e-02
 5.529028069674e+04  1.477166100000e+01  5.770342572652e-02
 5.530132385705e+04  1.470894100000e+01  5.735850420371e-02
 5.530133075068e+04  1.470372100000e+01  5.733554348319e-02
 5.530133777872e+04  1.476151800000e+01  5.766561507865e-02
 5.530134476877e+04  1.477499000000e+01  5.773683989047e-02
 5.524045258295e+04  1.543266900000e+01  6.312914818521e-02
 5.524046012693e+04  1.547069200000e+01  6.354359318084e-02
 5.524046771736e+04  1.547261400000e+01  6.348664270813e-02
 5.524047529247e+04  1.543407000000e+01  6.306988929890e-02
 5.535116087117e+04  1.533009700000e+01  6.144718593221e-02
 5.536415718645e+04  1.548531300000e+01  6.738617450391e-02
 5.536416210093e+04  1.552053000000e+01  6.788537726075e-02
 5.536416708588e+04  1.548173700000e+01  6.735843558299e-02
 5.536417210130e+04  1.549010500000e+01  6.751367738829e-02
 5.526737326259e+04  1.544446800000e+01  6.240722338454e-02
 5.526738088297e+04  1.544125700000e+01  6.240224739948e-02
 5.526738857938e+04  1.545430800000e+01  6.255035541979e-02
 5.526739623208e+04  1.548239900000e+01  6.278143273910e-02
 5.532926604630e+04  1.550178400000e+01  6.291952860217e-02
 5.533218777737e+04  1.532674600000e+01  6.147138346109e-02
 5.533219410571e+04  1.539653700000e+01  6.204399041684e-02
 5.533220045639e+04  1.538498700000e+01  6.199854557054e-02
 5.533220682661e+04  1.539569500000e+01  6.206374137376e-02
 5.560341638351e+04  1.527641400000e+01  5.901887701429e-02
 5.560342542881e+04  1.530306500000e+01  5.915350180452e-02
 5.560343446409e+04  1.529860500000e+01  5.916011821150e-02
 5.560344349905e+04  1.534471600000e+01  5.945527486210e-02
 5.556349906243e+04  1.508301100000e+01  5.980538892718e-02
 5.556350659049e+04  1.507677300000e+01  5.972343589179e-02
 5.556351415618e+04  1.507793200000e+01  5.974667249553e-02
 5.556352171837e+04  1.510830600000e+01  5.994955907682e-02
 5.558949557979e+04  1.544040700000e+01  6.684862388872e-02
 5.558950030730e+04  1.540869800000e+01  6.649667774854e-02
 5.558950500221e+04  1.543764500000e+01  6.687294071093e-02
 5.558950965545e+04  1.543295000000e+01  6.682612815172e-02
 5.535119760844e+04  1.535669500000e+01  6.171098156136e-02
 5.535120548079e+04  1.539012200000e+01  6.200844384745e-02
 5.535121293889e+04  1.540929900000e+01  6.218315160850e-02
 5.535122046625e+04  1.540556000000e+01  6.220401844418e-02
 5.592945535219e+04  1.555467500000e+01  6.353177588140e-02
 5.592946394639e+04  1.553187600000e+01  6.327863145525e-02
 5.592947257703e+04  1.545892800000e+01  6.259274426679e-02
 5.592948127344e+04  1.536683200000e+01  6.174608630063e-02
 5.595847501622e+04  1.514997400000e+01  6.000479555142e-02
 5.595848010850e+04  1.511214000000e+01  5.974059169280e-02
 5.595848517600e+04  1.515373200000e+01  6.004980679362e-02
 5.595849031366e+04  1.515511700000e+01  6.005395866772e-02
 5.599935982618e+04  1.471456000000e+01  5.741668474019e-02
 5.599936510579e+04  1.474197500000e+01  5.756434427055e-02
 5.599937041716e+04  1.477082700000e+01  5.769713959345e-02
 5.599937573802e+04  1.476129900000e+01  5.764207080179e-02
 5.600732072863e+04  1.481754300000e+01  5.635937834683e-02
 5.600733278520e+04  1.485898700000e+01  5.657024868104e-02
 5.600734488939e+04  1.488994700000e+01  5.670414297287e-02
 5.600735687736e+04  1.491881100000e+01  5.684517383564e-02
 5.601036724355e+04  1.482221000000e+01  5.641105559380e-02
 5.601037545824e+04  1.481737800000e+01  5.640759489362e-02
 5.601038372115e+04  1.483312600000e+01  5.650314426833e-02
 5.601039194726e+04  1.484052600000e+01  5.652630109371e-02
 5.601931369924e+04  1.548765900000e+01  5.938411450163e-02
 5.601932546513e+04  1.548998100000e+01  5.947236284706e-02
 5.601933733507e+04  1.554194000000e+01  5.984481989510e-02
 5.601934914620e+04  1.556250400000e+01  5.998971970032e-02
 5.602827557084e+04  1.509608800000e+01  6.068530282737e-02
 5.602828263653e+04  1.512103100000e+01  6.091974042600e-02
 5.602829046179e+04  1.513479200000e+01  6.044212453695e-02
 5.602829632040e+04  1.514997900000e+01  6.040621112349e-02
 5.603321492882e+04  1.526586900000e+01  6.135761159001e-02
 5.603322002736e+04  1.524187400000e+01  6.116023920997e-02
 5.603322508178e+04  1.527878200000e+01  6.141789883820e-02
 5.603323014153e+04  1.526885900000e+01  6.134965395090e-02
 5.603824022690e+04  1.536042200000e+01  6.218458520505e-02
 5.603824808887e+04  1.540410800000e+01  6.255286773753e-02
 5.603825596400e+04  1.539644700000e+01  6.251559962257e-02
 5.603826385638e+04  1.541185500000e+01  6.263040235278e-02
 5.604626706938e+04  1.550999300000e+01  6.371240470449e-02
 5.604627289522e+04  1.549275300000e+01  6.350173289099e-02
 5.604627870488e+04  1.552124800000e+01  6.382686152165e-02
 5.604628438093e+04  1.551958900000e+01  6.383645744037e-02
 5.606226046701e+04  1.550323500000e+01  6.272999428874e-02
 5.606226807493e+04  1.551259000000e+01  6.284988284595e-02
 5.606227544742e+04  1.556187400000e+01  6.331777308181e-02
 5.606228435236e+04  1.551892200000e+01  6.294005929223e-02
 5.606828173351e+04  1.539983500000e+01  6.211292609398e-02
 5.606828965219e+04  1.546868300000e+01  6.276646131988e-02
 5.606829760110e+04  1.541983500000e+01  6.240432018134e-02
 5.606830562240e+04  1.546290500000e+01  6.287156209106e-02
 5.607518341802e+04  1.557748200000e+01  6.552373306449e-02
 5.607519087524e+04  1.554506000000e+01  6.516088652458e-02
 5.607519834306e+04  1.554609300000e+01  6.519926840925e-02
 5.607520575835e+04  1.552181300000e+01  6.502430313213e-02
 5.609218580552e+04  1.541946000000e+01  6.221590352756e-02
 5.609219258111e+04  1.540940200000e+01  6.211977015985e-02
 5.609219952117e+04  1.538663100000e+01  6.194898245427e-02
 5.609220624882e+04  1.541163300000e+01  6.218936711598e-02
 5.609818600098e+04  1.535221800000e+01  6.159043957719e-02
 5.609819286612e+04  1.535468800000e+01  6.164870478736e-02
 5.609819980986e+04  1.533616300000e+01  6.152813998096e-02
 5.609820664781e+04  1.537558000000e+01  6.190373072739e-02
