# time mag mag_err
 5.346636833152e+04  1.481066000000e+01  5.781239161094e-02
 5.346637745501e+04  1.479411900000e+01  5.767137066484e-02
 5.346638655338e+04  1.476785600000e+01  5.754856230741e-02
 5.346639567339e+04  1.475796500000e+01  5.747555827626e-02
 5.348033868780e+04  1.525957500000e+01  6.111505061300e-02
 5.348034741242e+04  1.525247000000e+01  6.101595500072e-02
 5.348035614978e+04  1.523559000000e+01  6.081550745771e-02
 5.348036489836e+04  1.518780600000e+01  6.046893473899e-02
 5.355425576117e+04  1.474573100000e+01  5.829841175882e-02
 5.355426238591e+04  1.475304600000e+01  5.837653211980e-02
 5.355426896866e+04  1.477349500000e+01  5.852429697850e-02
 5.355427547939e+04  1.476491300000e+01  5.851468860605e-02
 5.356025780674e+04  1.480274200000e+01  5.837853476091e-02
 5.356026538686e+04  1.476295500000e+01  5.817165555180e-02
 5.356027298168e+04  1.476244200000e+01  5.821587056883e-02
 5.356028046642e+04  1.476134000000e+01  5.826445998361e-02
 5.352829775122e+04  1.512523700000e+01  6.031114430701e-02
 5.352830593692e+04  1.519082000000e+01  6.081990445910e-02
 5.352831406580e+04  1.520087200000e+01  6.091687251372e-02
 5.352832225150e+04  1.518814300000e+01  6.081059631838e-02
 5.353725836115e+04  1.496143300000e+01  5.951471351882e-02
 5.353726640750e+04  1.493728500000e+01  5.940369841834e-02
 5.353727439991e+04  1.498806900000e+01  5.974020444350e-02
 5.353728242762e+04  1.502272800000e+01  6.002090068302e-02
 5.349934060102e+04  1.534551700000e+01  6.182746758011e-02
 5.349934539177e+04  1.533866600000e+01  6.177493057205e-02
 5.349935019606e+04  1.533441000000e+01  6.172927236401e-02
 5.349935499468e+04  1.534568600000e+01  6.183492518387e-02
 5.350920013216e+04  1.515641500000e+01  6.057252411465e-02
 5.350920869104e+04  1.516493000000e+01  6.059008353238e-02
 5.350921724610e+04  1.515904000000e+01  6.055043428974e-02
 5.350922578020e+04  1.516422800000e+01  6.056420281442e-02
 5.352036674734e+04  1.531831800000e+01  6.317270979265e-02
 5.352037423116e+04  1.530543100000e+01  6.283871569908e-02
 5.352038176023e+04  1.533228100000e+01  6.330304667759e-02
 5.352038928907e+04  1.530602700000e+01  6.536035404034e-02
 5.383140573800e+04  1.492134200000e+01  5.919504164671e-02
 5.383141233103e+04  1.489359400000e+01  5.902751493086e-02
 5.383141891828e+04  1.494327000000e+01  5.937800718201e-02
 5.383142546582e+04  1.500245000000e+01  5.978186767859e-02
 5.384539021907e+04  1.475020300000e+01  5.837827348798e-02
 5.384539831959e+04  1.475217000000e+01  5.838678277723e-02
 5.384540640495e+04  1.481526600000e+01  5.886143913540e-02
 5.384541448706e+04  1.480759800000e+01  5.883427809158e-02
 5.374549583214e+04  1.481210500000e+01  5.867528852743e-02
 5.374550177306e+04  1.478651800000e+01  5.847336357354e-02
 5.374550772104e+04  1.476209000000e+01  5.828679411034e-02
 5.374551368928e+04  1.478330300000e+01  5.837120881228e-02
 5.393922425061e+04  1.483273300000e+01  6.035267159587e-02
 5.393922742126e+04  1.481788900000e+01  6.031364302274e-02
 5.393923097248e+04  1.481830000000e+01  6.046700429175e-02
 5.393923780209e+04  1.479286300000e+01  6.055763193574e-02
 5.389131415749e+04  1.526732900000e+01  1.007020614672e-01
 5.390530182454e+04  1.520268200000e+01  9.487434338614e-02
 5.390530287400e+04  1.513714200000e+01  9.287404256933e-02
 5.390530392198e+04  1.515298900000e+01  9.335864156872e-02
 5.390530497735e+04  1.519046900000e+01  9.448489521806e-02
 5.390725295731e+04  1.504638700000e+01  6.063853057546e-02
 5.390726381561e+04  1.506285100000e+01  6.084035283721e-02
 5.390727469983e+04  1.505686200000e+01  6.085817756226e-02
 5.390728559053e+04  1.514488600000e+01  6.162323386036e-02
 5.381842275565e+04  1.510537600000e+01  6.074313682950e-02
 5.381842988008e+04  1.514094100000e+01  6.073049481497e-02
 5.381843709398e+04  1.512733900000e+01  6.057615277415e-02
 5.381844420869e+04  1.515076200000e+01  6.073793760666e-02
 5.385735042147e+04  1.512491200000e+01  6.093795061436e-02
 5.385735839293e+04  1.508120400000e+01  6.054264202481e-02
 5.385736634483e+04  1.503172600000e+01  6.061206502913e-02
 5.385737434152e+04  1.496508500000e+01  5.973004878693e-02
 5.387635340179e+04  1.534567000000e+01  6.328656510131e-02
 5.387636108192e+04  1.533044300000e+01  6.317270979265e-02
 5.387636876356e+04  1.534411000000e+01  6.334738732969e-02
 5.387637641012e+04  1.530863500000e+01  6.317997752158e-02
 5.399610002390e+04  1.505532400000e+01  6.258430096619e-02
 5.399610416728e+04  1.507293300000e+01  6.284736966620e-02
 5.399610827813e+04  1.505509100000e+01  6.277053226158e-02
 5.399611241873e+04  1.507752100000e+01  6.299642847891e-02
 5.419742895810e+04  1.516760700000e+01  6.036701301164e-02
 5.419743433834e+04  1.516365800000e+01  6.033161321705e-02
 5.419743972368e+04  1.517626100000e+01  6.041106059241e-02
 5.419744510439e+04  1.515859000000e+01  6.027188855267e-02
 5.420743416773e+04  1.509041100000e+01  6.004405203215e-02
 5.420744088485e+04  1.509876200000e+01  6.014377909492e-02
 5.420744759848e+04  1.512795600000e+01  6.034752278427e-02
 5.420745429789e+04  1.513748400000e+01  6.046388353776e-02
 5.421342720255e+04  1.497733300000e+01  5.956429142750e-02
 5.421343501589e+04  1.500447000000e+01  5.980686314412e-02
 5.421344285263e+04  1.498619100000e+01  5.986180479666e-02
 5.421345065719e+04  1.506840500000e+01  6.031694022389e-02
 5.426030787644e+04  1.535787300000e+01  6.211048986032e-02
 5.426031386377e+04  1.535050200000e+01  6.203728054716e-02
 5.426031983802e+04  1.535995400000e+01  6.213849750900e-02
 5.426032582061e+04  1.535398400000e+01  6.215269474689e-02
 5.426926685961e+04  1.524065500000e+01  6.129920769142e-02
 5.426927542728e+04  1.525910800000e+01  6.145800327902e-02
 5.426928400976e+04  1.517848800000e+01  6.085168563279e-02
 5.426929257407e+04  1.525486300000e+01  6.144555860220e-02
 5.417145359757e+04  1.530924700000e+01  6.123984000214e-02
 5.417145902343e+04  1.532683400000e+01  6.138265346271e-02
 5.417146473007e+04  1.532230600000e+01  6.132298219987e-02
 5.417147015650e+04  1.534005700000e+01  6.147646718200e-02
 5.417247280728e+04  1.531580700000e+01  6.124969169117e-02
 5.417248147369e+04  1.534666400000e+01  6.148989561592e-02
 5.417249017470e+04  1.533522500000e+01  6.140184195064e-02
 5.417249888439e+04  1.535120200000e+01  6.156401207430e-02
 5.418537765130e+04  1.514596200000e+01  6.035164657188e-02
 5.418538689307e+04  1.517106700000e+01  6.051495358292e-02
 5.418539609689e+04  1.534269100000e+01  6.188448658524e-02
 5.418540534017e+04  1.519953300000e+01  6.073559573378e-02
 5.423043456234e+04  1.482376800000e+01  5.851806321100e-02
 5.423044103049e+04  1.483691300000e+01  5.862401245092e-02
 5.423044749133e+04  1.483270400000e+01  5.864282568031e-02
 5.423045405832e+04  1.488255300000e+01  5.901080796032e-02
 5.423632058410e+04  1.521385600000e+01  6.138802554854e-02
 5.423632720191e+04  1.518600800000e+01  6.118497716512e-02
 5.423633389054e+04  1.514179500000e+01  6.087770588475e-02
 5.423634061623e+04  1.506270000000e+01  6.028382709244e-02
 5.424237624100e+04  1.500188500000e+01  5.984115310781e-02
 5.424238375191e+04  1.497286600000e+01  5.968542392086e-02
 5.424239124846e+04  1.487915400000e+01  5.914322845860e-02
 5.424239878552e+04  1.485890400000e+01  5.901513657115e-02
 5.435610734061e+04  1.523351600000e+01  6.089830549684e-02
 5.435611162219e+04  1.524917300000e+01  6.104996251384e-02
 5.435611589288e+04  1.520677400000e+01  6.073292446375e-02
 5.435612018580e+04  1.553668300000e+01  6.351947839142e-02
 5.456350360946e+04  1.535316100000e+01  6.622909368405e-02
 5.456350538281e+04  1.534001700000e+01  6.602395712625e-02
 5.456350716219e+04  1.536986000000e+01  6.624850058206e-02
 5.456350893206e+04  1.530281300000e+01  6.539813992118e-02
 5.456937518877e+04  1.512668700000e+01  5.987910369168e-02
 5.456938164927e+04  1.512766300000e+01  5.992850096980e-02
 5.456938806707e+04  1.515958900000e+01  6.011988045521e-02
 5.456939456057e+04  1.516760500000e+01  6.020838302582e-02
 5.458442682704e+04  1.512645300000e+01  6.013639805370e-02
 5.458443339044e+04  1.512048500000e+01  6.011532593786e-02
 5.458443992745e+04  1.515282400000e+01  6.033340580755e-02
 5.458444648090e+04  1.515854800000e+01  6.040049924918e-02
 5.449849949220e+04  1.485230900000e+01  5.800907878281e-02
 5.449850572051e+04  1.485836200000e+01  5.804154677528e-02
 5.449851192765e+04  1.488310200000e+01  5.817358650409e-02
 5.449851810956e+04  1.488734000000e+01  5.820208940164e-02
 5.450950502631e+04  1.474876500000e+01  5.745083698370e-02
 5.450951221301e+04  1.476626900000e+01  5.755060764966e-02
 5.450951932633e+04  1.478221400000e+01  5.762181857708e-02
 5.450952642830e+04  1.478587300000e+01  5.764324262690e-02
 5.447552000537e+04  1.517085000000e+01  6.022519517062e-02
 5.447552604097e+04  1.518591700000e+01  6.032392711023e-02
 5.447553209498e+04  1.516832900000e+01  6.015493905261e-02
 5.447553813602e+04  1.517336600000e+01  6.017824759021e-02
 5.464824414046e+04  1.520341700000e+01  6.162305467786e-02
 5.464825160264e+04  1.519130800000e+01  6.159478571208e-02
 5.464825909803e+04  1.523004000000e+01  6.202322975423e-02
 5.464826655998e+04  1.524328000000e+01  6.219734633682e-02
 5.462325579730e+04  1.535050500000e+01  5.936284350085e-02
 5.462326366182e+04  1.535540700000e+01  5.939431991801e-02
 5.462327151788e+04  1.534646600000e+01  5.933309613621e-02
 5.462327936920e+04  1.535929100000e+01  5.939848050551e-02
 5.452944532674e+04  1.530874700000e+01  6.116102486953e-02
 5.452945622277e+04  1.527040400000e+01  6.081828546157e-02
 5.452946713407e+04  1.520681800000e+01  6.030892077855e-02
 5.452947812385e+04  1.515661800000e+01  5.996121892015e-02
 5.455632059220e+04  1.513999900000e+01  6.047652112878e-02
 5.455633587965e+04  1.515081400000e+01  6.048440510955e-02
 5.455634495128e+04  1.518141900000e+01  6.072866591447e-02
 5.455635401736e+04  1.518020500000e+01  6.063676559236e-02
 5.459136899308e+04  1.487327700000e+01  5.833277001676e-02
 5.459137674855e+04  1.486948500000e+01  5.832912201660e-02
 5.459138449536e+04  1.492030700000e+01  5.864049706147e-02
 5.459139227942e+04  1.493757300000e+01  5.877562001972e-02
 5.459928534694e+04  1.493290200000e+01  5.911295549238e-02
 5.459929187134e+04  1.489739100000e+01  5.887989785169e-02
 5.459929837236e+04  1.485461000000e+01  5.855867874766e-02
 5.459930488692e+04  1.482802600000e+01  5.840878726371e-02
 5.472909409737e+04  1.528621700000e+01  6.113213964781e-02
 5.472909849424e+04  1.525100500000e+01  6.105069908951e-02
 5.472910283705e+04  1.521287300000e+01  6.080888874034e-02
 5.472910714074e+04  1.524001600000e+01  6.111291059842e-02
 5.492437055046e+04  1.530439900000e+01  6.136493396101e-02
 5.492437778753e+04  1.528817200000e+01  6.121463268040e-02
 5.492438513258e+04  1.529425100000e+01  6.125525887568e-02
 5.492439229302e+04  1.533554800000e+01  6.159385926105e-02
 5.494032909177e+04  1.513156900000e+01  5.997048698795e-02
 5.494033578309e+04  1.517618200000e+01  6.027044635916e-02
 5.494034228203e+04  1.516721200000e+01  6.019939685461e-02
 5.494034898284e+04  1.517935300000e+01  6.027150789324e-02
 5.494739648844e+04  1.521046800000e+01  6.069752893873e-02
 5.494740371368e+04  1.524267600000e+01  6.094904127573e-02
 5.494741100226e+04  1.524949000000e+01  6.103286571415e-02
 5.494741803630e+04  1.524200600000e+01  6.098309494092e-02
 5.504118118310e+04  1.496638900000e+01  6.269795577168e-02
 5.504118706558e+04  1.499357300000e+01  6.297555772815e-02
 5.504119287678e+04  1.503055400000e+01  6.335511952385e-02
 5.504119872281e+04  1.509467000000e+01  6.399191255950e-02
 5.499332980350e+04  1.492088000000e+01  6.047330916168e-02
 5.499333522462e+04  1.489177200000e+01  6.026071411014e-02
 5.499334062882e+04  1.485375900000e+01  6.001307236852e-02
 5.499334604705e+04  1.481741100000e+01  5.978648868909e-02
 5.499923164547e+04  1.533898200000e+01  6.166399686186e-02
 5.499924006882e+04  1.532625400000e+01  6.152170487727e-02
 5.499924840442e+04  1.531448800000e+01  6.140294034951e-02
 5.499925685532e+04  1.532589300000e+01  6.149499700691e-02
 5.491235733971e+04  1.531220000000e+01  6.151892934327e-02
 5.491236281209e+04  1.533398900000e+01  6.153437120264e-02
 5.491236824618e+04  1.532995500000e+01  6.147326308972e-02
 5.491237366498e+04  1.538103900000e+01  6.643861375640e-02
 5.496632227428e+04  1.482165900000e+01  5.816097804237e-02
 5.496632904384e+04  1.484518200000e+01  5.831020110970e-02
 5.496633592127e+04  1.486631100000e+01  5.842670019124e-02
 5.496634284454e+04  1.489403900000e+01  5.862493987340e-02
 5.498135631794e+04  1.475391800000e+01  5.789938176794e-02
 5.498137826841e+04  1.480759200000e+01  5.826684515534e-02
 5.529537861433e+04  1.534407100000e+01  6.166901994054e-02
 5.529538574484e+04  1.533972000000e+01  6.163144718519e-02
 5.529539299242e+04  1.534046700000e+01  6.162660378145e-02
 5.529540022421e+04  1.536534200000e+01  6.177670125952e-02
 5.535724053815e+04  1.506355400000e+01  5.978186767859e-02
 5.535724676068e+04  1.498524700000e+01  5.925742838562e-02
 5.535725292953e+04  1.475037700000e+01  5.940869791340e-02
 5.535726202274e+04  1.483473700000e+01  5.905555977025e-02
 5.536426050818e+04  1.510931100000e+01  6.003147990014e-02
 5.536426562038e+04  1.509004300000e+01  5.988988131167e-02
 5.536427078233e+04  1.504165900000e+01  5.955669294073e-02
 5.536427588828e+04  1.499525700000e+01  5.925264607073e-02
 5.536822349635e+04  1.533491200000e+01  6.182564192664e-02
 5.536823140322e+04  1.531113300000e+01  6.164377362335e-02
 5.536823936542e+04  1.527908300000e+01  6.139981676863e-02
 5.536824732531e+04  1.524224200000e+01  6.112251586347e-02
 5.527545978493e+04  1.480659800000e+01  5.790644352714e-02
 5.527546618223e+04  1.477163400000e+01  5.770322197046e-02
 5.527547258862e+04  1.477747200000e+01  5.776169640525e-02
 5.527547895399e+04  1.476459600000e+01  5.765477663228e-02
 5.532235029683e+04  1.516092500000e+01  6.027556490312e-02
 5.532235663814e+04  1.517534500000e+01  6.038775696020e-02
 5.532236295814e+04  1.517486200000e+01  6.039557713849e-02
 5.532236933705e+04  1.520738900000e+01  6.062275672128e-02
 5.532933376229e+04  1.506670900000e+01  5.969279431245e-02
 5.532934005983e+04  1.508696400000e+01  5.989699657216e-02
 5.532934647613e+04  1.510127400000e+01  5.977368896633e-02
 5.532935287634e+04  1.510010100000e+01  5.985827310840e-02
 5.533435453247e+04  1.507672600000e+01  6.018561635525e-02
 5.533436085512e+04  1.506207100000e+01  6.028797704121e-02
 5.533437391030e+04  1.507119800000e+01  6.194555231983e-02
 5.533438021595e+04  1.504603200000e+01  6.332941561550e-02
 5.534731813627e+04  1.480879000000e+01  5.953067675174e-02
 5.534732375463e+04  1.481469400000e+01  5.955887586832e-02
 5.534732936660e+04  1.484922200000e+01  5.981549701261e-02
 5.534733497546e+04  1.484233400000e+01  5.978052387063e-02
 5.567536556457e+04  1.529827900000e+01  6.440846117368e-02
 5.567537315094e+04  1.532583600000e+01  6.469705608760e-02
 5.567538075870e+04  1.534490300000e+01  6.492266376630e-02
 5.567538842670e+04  1.535132200000e+01  6.500315967052e-02
 5.559752135437e+04  1.528038300000e+01  6.151296203367e-02
 5.559753060541e+04  1.531646300000e+01  6.176696804910e-02
 5.559753989006e+04  1.527171000000e+01  6.354237989835e-02
 5.559754904110e+04  1.528763600000e+01  6.283258129275e-02
 5.571320715233e+04  1.470983000000e+01  6.165490313240e-02
 5.571321227760e+04  1.474120500000e+01  5.939962195493e-02
 5.571321741374e+04  1.472866400000e+01  5.980153389425e-02
 5.565044375534e+04  1.475943900000e+01  5.840052784805e-02
 5.565045128491e+04  1.474458000000e+01  5.815376118561e-02
 5.565045881539e+04  1.475109200000e+01  5.818857309690e-02
 5.565046636797e+04  1.475766400000e+01  5.822018032482e-02
 5.568435508999e+04  1.530048300000e+01  5.953922371904e-02
 5.568436479255e+04  1.530109900000e+01  5.954658269163e-02
 5.568437457604e+04  1.532731600000e+01  5.973894552697e-02
 5.568438424667e+04  1.535426400000e+01  5.991501172401e-02
 5.570131855022e+04  1.511523000000e+01  6.060653804783e-02
 5.570132733562e+04  1.516059200000e+01  6.094308561722e-02
 5.570133614222e+04  1.518948300000e+01  6.118178811954e-02
 5.570134494234e+04  1.517633100000e+01  6.117889622791e-02
 5.570539178111e+04  1.523348800000e+01  6.209146770019e-02
 5.570539921784e+04  1.527141300000e+01  6.244113774784e-02
 5.570540680216e+04  1.527029100000e+01  6.250866583912e-02
 5.570541435880e+04  1.524499200000e+01  6.229983511725e-02
 5.592852818233e+04  1.485723200000e+01  6.092604220135e-02
 5.592853204898e+04  1.484827200000e+01  6.090684952141e-02
 5.592853592476e+04  1.481993300000e+01  6.066460976436e-02
 5.592853975619e+04  1.479922900000e+01  6.047686271960e-02
 5.600340533106e+04  1.484002000000e+01  5.839032810476e-02
 5.600341391127e+04  1.486262100000e+01  5.851023564378e-02
 5.600342250616e+04  1.489779700000e+01  5.871321180171e-02
 5.600343114723e+04  1.492925500000e+01  5.891806646532e-02
 5.601439116255e+04  1.476970100000e+01  5.635583059011e-02
 5.601439938969e+04  1.477242400000e+01  5.639581663389e-02
 5.601440760125e+04  1.477481000000e+01  5.638719523211e-02
 5.601441584552e+04  1.478783900000e+01  5.644851825205e-02
 5.603544686564e+04  1.480211100000e+01  5.824994592894e-02
 5.603545288187e+04  1.478731000000e+01  5.815977695115e-02
 5.603545896247e+04  1.476512900000e+01  5.802932609092e-02
 5.603546511012e+04  1.476606900000e+01  5.805715101631e-02
 5.604239339763e+04  1.525446500000e+01  6.143801578976e-02
 5.604239849482e+04  1.523001100000e+01  6.129977940421e-02
 5.604240363917e+04  1.519693900000e+01  6.113917409569e-02
 5.604240877170e+04  1.518139100000e+01  6.096717172458e-02
 5.606037126538e+04  1.533381200000e+01  6.158474488093e-02
 5.606037965156e+04  1.536552300000e+01  6.214913209021e-02
 5.606038809587e+04  1.537010500000e+01  6.264752862614e-02
 5.606039667807e+04  1.535123700000e+01  6.173055256436e-02
 5.607227453319e+04  1.512888900000e+01  6.006141538893e-02
 5.607228092459e+04  1.513919700000e+01  6.014176744332e-02
 5.607228741252e+04  1.514696800000e+01  6.023768884001e-02
 5.607229385228e+04  1.515831800000e+01  6.024425989459e-02
 5.608826940154e+04  1.494588300000e+01  5.868736869228e-02
 5.608827446416e+04  1.498995700000e+01  5.897812174421e-02
 5.608827974716e+04  1.496299800000e+01  5.879901545985e-02
 5.608828487045e+04  1.500872500000e+01  5.910006966900e-02
 5.609531532505e+04  1.503068500000e+01  5.985998881774e-02
 5.609532335360e+04  1.503989300000e+01  5.996124425611e-02
 5.609533149116e+04  1.504639600000e+01  6.002010189328e-02
 5.609533976962e+04  1.508201000000e+01  6.028633837667e-02
