# time mag mag_err
 5.347029084058e+04  1.507831800000e+01  6.091687251372e-02
 5.347029890615e+04  1.508107000000e+01  6.099545949987e-02
 5.347030691047e+04  1.509155600000e+01  6.105870968432e-02
 5.347031491551e+04  1.510519200000e+01  6.110772618558e-02
 5.349026397148e+04  1.513151600000e+01  6.004304226980e-02
 5.349027214644e+04  1.513937900000e+01  6.012913454193e-02
 5.349028025088e+04  1.517299300000e+01  6.035718816322e-02
 5.349028843139e+04  1.514979900000e+01  6.022277044794e-02
 5.373346663527e+04  1.527200800000e+01  6.129544125837e-02
 5.373347320631e+04  1.523033500000e+01  6.339171786806e-02
 5.373348231324e+04  1.521319900000e+01  6.423208433829e-02
 5.373349634438e+04  1.516777600000e+01  6.859996955965e-02
 5.355817895660e+04  1.521149700000e+01  5.660171845443e-02
 5.350028446417e+04  1.522121000000e+01  6.083088297606e-02
 5.350029088242e+04  1.520127300000e+01  6.070071737099e-02
 5.350029733922e+04  1.524769200000e+01  6.106972091374e-02
 5.350030377867e+04  1.523909600000e+01  6.103592908866e-02
 5.350622208766e+04  1.545400300000e+01  6.481643879422e-02
 5.350622975101e+04  1.544543900000e+01  6.507291177203e-02
 5.350623740208e+04  1.545246000000e+01  6.469480435919e-02
 5.350624512712e+04  1.545279500000e+01  6.466827772078e-02
 5.383237261443e+04  1.547762100000e+01  6.562015653206e-02
 5.383238217961e+04  1.550811300000e+01  6.596793228047e-02
 5.383239173506e+04  1.546075300000e+01  6.548448769827e-02
 5.383240124954e+04  1.542862200000e+01  6.519953142093e-02
 5.385116212659e+04  1.508860700000e+01  6.049335783966e-02
 5.385116890019e+04  1.506970300000e+01  6.035195162135e-02
 5.385117572182e+04  1.505763800000e+01  6.024878085985e-02
 5.385118255144e+04  1.505952200000e+01  6.025398463612e-02
 5.376734259803e+04  1.526911100000e+01  6.117351159011e-02
 5.376735083664e+04  1.528319400000e+01  6.150374426233e-02
 5.376735910453e+04  1.530206700000e+01  6.160777552611e-02
 5.376736742485e+04  1.529318200000e+01  6.153588648150e-02
 5.379340816916e+04  1.518470600000e+01  6.068007686415e-02
 5.379341575969e+04  1.518886800000e+01  6.072755649657e-02
 5.379342329954e+04  1.522327700000e+01  6.099185130931e-02
 5.379343090362e+04  1.519354200000e+01  6.075309951233e-02
 5.373951203655e+04  1.538474600000e+01  6.197776829657e-02
 5.373952131769e+04  1.540978400000e+01  6.220237911388e-02
 5.373953058991e+04  1.541651800000e+01  6.226528230610e-02
 5.373953982705e+04  1.540579200000e+01  6.217936991309e-02
 5.390227725469e+04  1.511790000000e+01  9.457724002361e-02
 5.390227822348e+04  1.509319500000e+01  9.411447610456e-02
 5.390227922307e+04  1.506069200000e+01  9.318838510326e-02
 5.390228020147e+04  1.506839100000e+01  9.335712152009e-02
 5.380037366399e+04  1.532416200000e+01  6.179978036180e-02
 5.380038105903e+04  1.530533600000e+01  6.165108204753e-02
 5.380038808450e+04  1.531191600000e+01  6.178919009172e-02
 5.380039514909e+04  1.533797800000e+01  6.200647823289e-02
 5.381934014745e+04  1.533326400000e+01  6.245032830722e-02
 5.381934733115e+04  1.529870000000e+01  6.218267408619e-02
 5.381935451252e+04  1.526000400000e+01  6.180716193932e-02
 5.381936172052e+04  1.519914700000e+01  6.146463742212e-02
 5.385921542822e+04  1.517192900000e+01  6.130617647103e-02
 5.385922241686e+04  1.515855700000e+01  6.122489937710e-02
 5.385922937196e+04  1.516105600000e+01  6.122291063903e-02
 5.385923629267e+04  1.510139700000e+01  6.077690066233e-02
 5.387922397884e+04  1.509271300000e+01  6.040520276951e-02
 5.387923094736e+04  1.510694900000e+01  6.051326230715e-02
 5.387923790499e+04  1.510947900000e+01  6.054177700546e-02
 5.387924497132e+04  1.512826100000e+01  6.070217757316e-02
 5.420425254715e+04  1.524322400000e+01  6.080818813998e-02
 5.420426008028e+04  1.526738700000e+01  6.095767409502e-02
 5.420426762231e+04  1.528948200000e+01  6.116796947534e-02
 5.420427516865e+04  1.527752000000e+01  6.107805212387e-02
 5.445245942560e+04  1.510391700000e+01  5.959643366884e-02
 5.445246626426e+04  1.510540400000e+01  5.955441865522e-02
 5.445247306587e+04  1.512479000000e+01  5.966745730929e-02
 5.445247992836e+04  1.512318300000e+01  5.963479016683e-02
 5.425720132730e+04  1.529023200000e+01  6.290224076912e-02
 5.425720803829e+04  1.526631700000e+01  6.417701020165e-02
 5.425721475367e+04  1.532274600000e+01  6.322018771625e-02
 5.425722148745e+04  1.534479000000e+01  6.281452870198e-02
 5.427618821710e+04  1.533897800000e+01  6.212949997528e-02
 5.427619473038e+04  1.530299600000e+01  6.187876410871e-02
 5.427620123997e+04  1.529897000000e+01  6.189062913961e-02
 5.427620775927e+04  1.523451400000e+01  6.138354262707e-02
 5.417131873520e+04  1.530755800000e+01  6.107078187880e-02
 5.417132207737e+04  1.532049200000e+01  6.115798200300e-02
 5.417132543113e+04  1.531767400000e+01  6.111969099146e-02
 5.417132876833e+04  1.530139700000e+01  6.097946433833e-02
 5.418528282169e+04  1.544788500000e+01  6.254265586752e-02
 5.418529322464e+04  1.543687900000e+01  6.240813581127e-02
 5.418530363014e+04  1.538116500000e+01  6.194574282495e-02
 5.418531406781e+04  1.530361000000e+01  6.129318891222e-02
 5.423027044978e+04  1.511361100000e+01  6.009194155618e-02
 5.423027687544e+04  1.511488700000e+01  6.010707170023e-02
 5.423028332426e+04  1.513579000000e+01  6.029880716274e-02
 5.423028975225e+04  1.512219900000e+01  6.020983276251e-02
 5.423625778479e+04  1.542455400000e+01  6.298129648642e-02
 5.423626422262e+04  1.545032200000e+01  6.329048721787e-02
 5.423627063046e+04  1.546414700000e+01  6.348569124376e-02
 5.423627704490e+04  1.545629800000e+01  6.345991486066e-02
 5.424318642770e+04  1.539954300000e+01  6.257022786430e-02
 5.424319285649e+04  1.539283900000e+01  6.250372490257e-02
 5.424319930912e+04  1.533758400000e+01  6.202218563652e-02
 5.424320573907e+04  1.531975700000e+01  6.157589480247e-02
 5.455739727109e+04  1.544059600000e+01  6.263010041979e-02
 5.455740592927e+04  1.542624100000e+01  6.221742640652e-02
 5.455741474198e+04  1.542665500000e+01  6.229889917642e-02
 5.455742338338e+04  1.545372600000e+01  6.256092209529e-02
 5.456429269064e+04  1.545669900000e+01  6.244752725815e-02
 5.456429914106e+04  1.545375000000e+01  6.239383957256e-02
 5.456430561801e+04  1.544814300000e+01  6.238565115896e-02
 5.456431207759e+04  1.546887600000e+01  6.254746112849e-02
 5.457117322321e+04  1.546596800000e+01  6.245191682372e-02
 5.457118022008e+04  1.542700800000e+01  6.207825029375e-02
 5.457118723536e+04  1.537198100000e+01  6.162592233943e-02
 5.457119424983e+04  1.537674800000e+01  6.164179515925e-02
 5.458524842170e+04  1.534118700000e+01  6.146661847420e-02
 5.458525631399e+04  1.533700500000e+01  6.144334299108e-02
 5.458526422851e+04  1.534157600000e+01  6.147806963783e-02
 5.458527210506e+04  1.533355800000e+01  6.140558538860e-02
 5.480650654540e+04  1.518493900000e+01  6.003874468915e-02
 5.480651350397e+04  1.517531200000e+01  5.996877934335e-02
 5.480652047747e+04  1.516222500000e+01  5.985139260842e-02
 5.480652749390e+04  1.515388000000e+01  5.973768744144e-02
 5.449744576074e+04  1.530211900000e+01  6.105963924956e-02
 5.449745431476e+04  1.526709600000e+01  6.148165945477e-02
 5.449746182972e+04  1.529664600000e+01  6.080669501336e-02
 5.449746775883e+04  1.529716000000e+01  6.077917208154e-02
 5.450638397678e+04  1.541533200000e+01  6.176615728139e-02
 5.450639049100e+04  1.541847200000e+01  6.178763693648e-02
 5.450639700856e+04  1.543331500000e+01  6.190985789905e-02
 5.450640347856e+04  1.544446900000e+01  6.200016168536e-02
 5.451433519582e+04  1.537395000000e+01  6.186373556871e-02
 5.451434173145e+04  1.540479500000e+01  6.211504929229e-02
 5.451434828443e+04  1.536108700000e+01  6.169529736772e-02
 5.451435477747e+04  1.534931100000e+01  6.163220086916e-02
 5.448039629743e+04  1.510751100000e+01  5.960126254163e-02
 5.448040288352e+04  1.509090000000e+01  5.944503675436e-02
 5.448040947390e+04  1.509927200000e+01  5.946596983365e-02
 5.448041604714e+04  1.508146000000e+01  5.932728190527e-02
 5.462525064569e+04  1.540321000000e+01  6.241336613045e-02
 5.462525782233e+04  1.542178000000e+01  6.265767356360e-02
 5.462526496030e+04  1.540389200000e+01  6.255256912737e-02
 5.462527222003e+04  1.543420300000e+01  6.284992756229e-02
 5.464122177465e+04  1.529957300000e+01  6.207305805748e-02
 5.464122824662e+04  1.528548800000e+01  6.203054125108e-02
 5.464123476373e+04  1.530697300000e+01  6.228204471129e-02
 5.464124126648e+04  1.530013400000e+01  6.245091302454e-02
 5.452732212208e+04  1.529832200000e+01  6.089064372678e-02
 5.452732995348e+04  1.530842200000e+01  6.093685544984e-02
 5.452733781314e+04  1.529570900000e+01  6.083805266470e-02
 5.452734567279e+04  1.531474500000e+01  6.096566127287e-02
 5.453633359589e+04  1.539159100000e+01  5.934401991811e-02
 5.453634017318e+04  1.535657400000e+01  5.909290287577e-02
 5.453634671992e+04  1.534278800000e+01  5.907485194197e-02
 5.453635331041e+04  1.529250200000e+01  5.867643499683e-02
 5.459231455399e+04  1.546047400000e+01  6.315185787064e-02
 5.459324331949e+04  1.521408300000e+01  6.084821215532e-02
 5.459324976831e+04  1.524007700000e+01  6.107152092121e-02
 5.459325623299e+04  1.524612200000e+01  6.109692094306e-02
 5.459326269557e+04  1.525297200000e+01  6.121681660910e-02
 5.478851528156e+04  1.510560500000e+01  6.145082392912e-02
 5.478852143059e+04  1.464047900000e+01  5.821642165769e-02
 5.478852757060e+04  1.505525100000e+01  6.098571719651e-02
 5.478853376847e+04  1.507929700000e+01  6.114514195570e-02
 5.494530834917e+04  1.516517500000e+01  6.017888795227e-02
 5.494531622087e+04  1.514015500000e+01  5.998652130248e-02
 5.494532400218e+04  1.512599300000e+01  5.987570845807e-02
 5.494534418551e+04  1.506201100000e+01  6.023487937018e-02
 5.488341728804e+04  1.536295800000e+01  6.295023759317e-02
 5.488342095212e+04  1.534024000000e+01  6.616272039171e-02
 5.488342460983e+04  1.538688400000e+01  6.543545812525e-02
 5.488638962067e+04  1.518716700000e+01  6.047362165644e-02
 5.488639440691e+04  1.523826400000e+01  6.056284175880e-02
 5.488639921351e+04  1.523667300000e+01  6.070542851868e-02
 5.488640400912e+04  1.523965500000e+01  6.082075951186e-02
 5.486042620940e+04  1.536850500000e+01  6.113757792963e-02
 5.486043215472e+04  1.536834600000e+01  6.115000621871e-02
 5.486043818836e+04  1.539038000000e+01  6.129214743450e-02
 5.486044420775e+04  1.537134700000e+01  6.113884820223e-02
 5.500422184833e+04  1.539637500000e+01  6.233788286237e-02
 5.500422899567e+04  1.535973900000e+01  6.200459008530e-02
 5.500423635498e+04  1.540277500000e+01  6.247400144025e-02
 5.500424364204e+04  1.538633400000e+01  6.238065346918e-02
 5.489337796355e+04  1.537439000000e+01  6.124686065075e-02
 5.489338536311e+04  1.538152500000e+01  6.100661660946e-02
 5.489339275236e+04  1.538839900000e+01  6.134877068409e-02
 5.489340012391e+04  1.538659700000e+01  6.134116607862e-02
 5.491827572459e+04  1.535951300000e+01  6.150045341312e-02
 5.491828123655e+04  1.535572700000e+01  6.143787736303e-02
 5.491828662793e+04  1.535323100000e+01  6.142334316123e-02
 5.491829205980e+04  1.536298600000e+01  6.151148909508e-02
 5.496825502087e+04  1.544783200000e+01  6.345617753456e-02
 5.496826235539e+04  1.545992200000e+01  6.363215086304e-02
 5.496826954869e+04  1.542558600000e+01  6.341250085090e-02
 5.496827685697e+04  1.541850800000e+01  6.333990852407e-02
 5.516053101902e+04  1.545909200000e+01  6.679445138449e-02
 5.516053350125e+04  1.544081600000e+01  6.676628215691e-02
 5.516053597198e+04  1.541621900000e+01  6.646932310095e-02
 5.516053838737e+04  1.545585300000e+01  6.688512893595e-02
 5.529627972043e+04  1.545824100000e+01  6.250672276017e-02
 5.529628542203e+04  1.540267600000e+01  6.205587861704e-02
 5.529629115507e+04  1.539285900000e+01  6.194692395973e-02
 5.529629684502e+04  1.532650000000e+01  6.142772301304e-02
 5.530332159632e+04  1.518194300000e+01  6.087767509364e-02
 5.530332680736e+04  1.518196800000e+01  6.095484714163e-02
 5.530333203319e+04  1.515145300000e+01  6.075337080869e-02
 5.530333717199e+04  1.518056900000e+01  6.096298699738e-02
 5.524243127667e+04  1.528301200000e+01  6.109730849287e-02
 5.524244003855e+04  1.524945000000e+01  6.085374591374e-02
 5.524244882375e+04  1.527498900000e+01  6.109507954704e-02
 5.524245760139e+04  1.529500600000e+01  6.123861013706e-02
 5.535821476532e+04  1.528111200000e+01  6.132223887678e-02
 5.535822156998e+04  1.528724300000e+01  6.143697869412e-02
 5.535822844718e+04  1.528988500000e+01  6.151562946630e-02
 5.535823526211e+04  1.531526100000e+01  6.174938945159e-02
 5.526042734241e+04  1.521411100000e+01  6.061121646211e-02
 5.526043260956e+04  1.524636200000e+01  6.086603494051e-02
 5.526043790382e+04  1.521712500000e+01  6.066600067398e-02
 5.526044309123e+04  1.524372900000e+01  6.085054834588e-02
 5.527235959087e+04  1.533282000000e+01  6.124559591320e-02
 5.527236610213e+04  1.535694500000e+01  6.145536625041e-02
 5.527237246378e+04  1.534066600000e+01  6.142913840801e-02
 5.527237885093e+04  1.532673200000e+01  6.125993038610e-02
 5.532828585806e+04  1.522783600000e+01  6.080846253454e-02
 5.532829279106e+04  1.527743000000e+01  6.129947711112e-02
 5.532829974049e+04  1.527401600000e+01  6.123937438424e-02
 5.532830672707e+04  1.525248000000e+01  6.109837535707e-02
 5.565728316897e+04  1.539014300000e+01  6.254091254462e-02
 5.565728875407e+04  1.533943700000e+01  6.210950769532e-02
 5.565729440670e+04  1.532372400000e+01  6.194963031867e-02
 5.565730013811e+04  1.528880000000e+01  6.199439101266e-02
 5.566430756769e+04  1.510747300000e+01  5.838228161564e-02
 5.566431406108e+04  1.514652300000e+01  5.867641591086e-02
 5.566432045747e+04  1.515652700000e+01  5.891579287519e-02
 5.566432692458e+04  1.516730500000e+01  5.874755503448e-02
 5.567414864515e+04  1.519063900000e+01  6.581371746556e-02
 5.567415652333e+04  1.507609500000e+01  6.696096540299e-02
 5.567416440961e+04  1.515946000000e+01  7.512611576336e-02
 5.567417232890e+04  1.512945900000e+01  6.464596280920e-02
 5.559847011047e+04  1.527541300000e+01  6.128305100444e-02
 5.559847703523e+04  1.531079900000e+01  6.176207081632e-02
 5.559848394513e+04  1.530439000000e+01  6.142730925233e-02
 5.559849084213e+04  1.533800100000e+01  6.170686459157e-02
 5.561546710434e+04  1.537844000000e+01  6.459287637637e-02
 5.561547463668e+04  1.540104000000e+01  6.485572870433e-02
 5.561548231035e+04  1.539464400000e+01  6.481885667975e-02
 5.561548995809e+04  1.541969700000e+01  6.507819824770e-02
 5.557646861447e+04  1.506232800000e+01  6.288848542863e-02
 5.557647675977e+04  1.506779900000e+01  6.231172705574e-02
 5.557648498612e+04  1.506999100000e+01  6.226932645024e-02
 5.557649320086e+04  1.507294600000e+01  6.228691295766e-02
 5.562829723917e+04  1.523117700000e+01  6.256881791348e-02
 5.562830463341e+04  1.524859800000e+01  6.231009645275e-02
 5.562831219745e+04  1.526993400000e+01  6.694814597051e-02
 5.562832041663e+04  1.531965500000e+01  6.764076327525e-02
 5.563434168582e+04  1.504855900000e+01  6.105486298537e-02
 5.563435094823e+04  1.504089200000e+01  6.095148856432e-02
 5.563436019964e+04  1.504938200000e+01  6.073931992024e-02
 5.563436941737e+04  1.504317800000e+01  6.045654416103e-02
 5.564638883292e+04  1.528620200000e+01  6.172167118992e-02
 5.564639568441e+04  1.529733700000e+01  6.181685865858e-02
 5.564640266950e+04  1.530778800000e+01  6.192915647582e-02
 5.564640962358e+04  1.531934100000e+01  6.198563194498e-02
 5.355818120810e+04  1.522084400000e+01  6.148197341897e-02
 5.355818655686e+04  1.524582600000e+01  6.170653742199e-02
 5.355819190169e+04  1.524056200000e+01  6.171663361451e-02
 5.355819727742e+04  1.523678300000e+01  6.170996091127e-02
 5.593545496860e+04  1.540305000000e+01  6.426543173597e-02
 5.593546145279e+04  1.544599400000e+01  6.465145847521e-02
 5.593546786155e+04  1.541513700000e+01  6.431968522416e-02
 5.593547431814e+04  1.547895500000e+01  6.498698243080e-02
 5.597744383046e+04  1.525158100000e+01  6.074921417140e-02
 5.597745209247e+04  1.524034900000e+01  6.065846095964e-02
 5.597746035123e+04  1.525448900000e+01  6.077917208154e-02
 5.597746865730e+04  1.528863200000e+01  6.103672718583e-02
 5.598343901778e+04  1.530074300000e+01  6.124236755685e-02
 5.598344465266e+04  1.525828500000e+01  6.091721516287e-02
 5.598345027203e+04  1.521964900000e+01  6.066739140806e-02
 5.598345595089e+04  1.520866600000e+01  6.056492705906e-02
 5.599028042409e+04  1.532754900000e+01  6.171791072955e-02
 5.599028490593e+04  1.528158200000e+01  6.132274585615e-02
 5.599028944365e+04  1.527001200000e+01  6.121893551905e-02
 5.599029399177e+04  1.524837000000e+01  6.102397303331e-02
 5.600829482626e+04  1.544794900000e+01  6.006430260145e-02
 5.600830389404e+04  1.543466300000e+01  6.001901995097e-02
 5.600831299225e+04  1.541120900000e+01  5.982232283549e-02
 5.600832212696e+04  1.537128600000e+01  5.968932303612e-02
 5.601436315038e+04  1.538971000000e+01  5.985601159266e-02
 5.601436989165e+04  1.539745100000e+01  5.989983113668e-02
 5.601437665527e+04  1.541174000000e+01  5.998076987818e-02
 5.601438348998e+04  1.539787200000e+01  5.992887975645e-02
 5.603422243260e+04  1.534847800000e+01  6.208974514131e-02
 5.603422803971e+04  1.535803300000e+01  6.210585530336e-02
 5.603423366627e+04  1.538216500000e+01  6.231038225097e-02
 5.603423935464e+04  1.537375900000e+01  6.226297879878e-02
 5.604124243624e+04  1.547143700000e+01  6.332468808917e-02
 5.604124802517e+04  1.547583100000e+01  6.351741471938e-02
 5.604125367623e+04  1.548603400000e+01  6.338216651244e-02
 5.604125928137e+04  1.549732600000e+01  6.368682852645e-02
 5.606328776690e+04  1.516868700000e+01  6.022075081699e-02
 5.606329501322e+04  1.518234400000e+01  6.034771624203e-02
 5.606330170441e+04  1.519482000000e+01  6.047743153692e-02
 5.606330844064e+04  1.520283600000e+01  6.055115644204e-02
 5.606925058836e+04  1.546172500000e+01  6.249482498156e-02
 5.606925731068e+04  1.547850500000e+01  6.265368317661e-02
 5.606926405380e+04  1.545592500000e+01  6.250951093970e-02
 5.606927080492e+04  1.546463300000e+01  6.260670202650e-02
