# time mag mag_err
 5.346626372748e+04  1.540730500000e+01  6.212232902037e-02
 5.346627128780e+04  1.537568600000e+01  6.182948024155e-02
 5.346627879038e+04  1.536630900000e+01  6.174216221092e-02
 5.346628633774e+04  1.539290800000e+01  6.201345788743e-02
 5.370548052505e+04  1.618895300000e+01  7.330402654852e-02
 5.370548717850e+04  1.620114200000e+01  7.315809075388e-02
 5.370549393358e+04  1.621556100000e+01  7.289258597760e-02
 5.370550065463e+04  1.620177000000e+01  7.262436339070e-02
 5.373045031453e+04  1.591329600000e+01  7.015787235691e-02
 5.373045522322e+04  1.595538400000e+01  6.903440546126e-02
 5.373046015124e+04  1.592461400000e+01  7.701241318367e-02
 5.373147905201e+04  1.562099900000e+01  6.464946562170e-02
 5.373148712290e+04  1.566810200000e+01  6.512629729305e-02
 5.373149519079e+04  1.566522200000e+01  6.508052170335e-02
 5.373150326757e+04  1.569088100000e+01  6.565653611413e-02
 5.352919135780e+04  1.535854300000e+01  6.243246218195e-02
 5.352919704523e+04  1.538411700000e+01  6.266779353837e-02
 5.352920258104e+04  1.535445800000e+01  6.242746341906e-02
 5.352920806014e+04  1.542975200000e+01  6.314179001653e-02
 5.349915948287e+04  1.627173700000e+01  7.270853392709e-02
 5.349916489102e+04  1.616517400000e+01  7.110902516027e-02
 5.349917038943e+04  1.622955200000e+01  7.204619847805e-02
 5.349917585105e+04  1.624508300000e+01  7.226373324590e-02
 5.352023903334e+04  1.554697100000e+01  6.523708027115e-02
 5.352024544998e+04  1.555876500000e+01  6.552566257787e-02
 5.352025186292e+04  1.561701000000e+01  6.580559693307e-02
 5.382725369263e+04  1.629397800000e+01  7.405390426070e-02
 5.382726220683e+04  1.624556300000e+01  7.325537685204e-02
 5.382727072659e+04  1.624649800000e+01  7.322581255093e-02
 5.382727924321e+04  1.621277700000e+01  7.276271961956e-02
 5.383325910581e+04  1.594110400000e+01  6.951572261427e-02
 5.383327042571e+04  1.598919900000e+01  6.995426692131e-02
 5.383327951285e+04  1.598504200000e+01  6.992778749496e-02
 5.383330646279e+04  1.607101200000e+01  7.115305075662e-02
 5.384326270101e+04  1.559431200000e+01  6.569919031542e-02
 5.384327075627e+04  1.562704400000e+01  6.605210184764e-02
 5.384327887936e+04  1.573733500000e+01  6.729090044189e-02
 5.384328695025e+04  1.575308000000e+01  6.749325947197e-02
 5.385219455025e+04  1.537025200000e+01  6.306406183143e-02
 5.385220232461e+04  1.538873100000e+01  6.319878398830e-02
 5.385221013101e+04  1.542622000000e+01  6.355680117284e-02
 5.385221793950e+04  1.545699900000e+01  6.382951087767e-02
 5.408949829586e+04  1.607786400000e+01  6.877447208035e-02
 5.408950473645e+04  1.614236800000e+01  6.959504679338e-02
 5.408951116987e+04  1.611287000000e+01  6.918897061733e-02
 5.408951762737e+04  1.613163800000e+01  6.941878441541e-02
 5.378937343241e+04  1.578127000000e+01  1.057577079271e-01
 5.378937917818e+04  1.620896600000e+01  1.761068889372e-01
 5.374444471355e+04  1.580404300000e+01  6.758103435939e-02
 5.374445020942e+04  1.581369800000e+01  6.765898525766e-02
 5.374445569130e+04  1.578238300000e+01  6.723052672269e-02
 5.374446122317e+04  1.584832100000e+01  6.801994946196e-02
 5.376345119809e+04  1.544431500000e+01  6.300804538193e-02
 5.376345888968e+04  1.546978000000e+01  6.323394011421e-02
 5.376346662572e+04  1.548591600000e+01  6.339452792816e-02
 5.376347422088e+04  1.553194900000e+01  6.382596038174e-02
 5.390521432331e+04  1.609319400000e+01  1.352621200166e-01
 5.390521529350e+04  1.602572800000e+01  1.317054052133e-01
 5.390521625755e+04  1.603698600000e+01  1.324149086954e-01
 5.390521721396e+04  1.607406100000e+01  1.342944970275e-01
 5.379733840519e+04  1.602792800000e+01  7.090406691610e-02
 5.379734624528e+04  1.597996000000e+01  7.021740341394e-02
 5.379735370282e+04  1.604833200000e+01  7.020665277542e-02
 5.379736132588e+04  1.603634800000e+01  7.061968532779e-02
 5.381727437598e+04  1.622406100000e+01  7.529832995511e-02
 5.381728244883e+04  1.626144800000e+01  7.491435299507e-02
 5.381729054056e+04  1.630191000000e+01  7.552438024294e-02
 5.381729863656e+04  1.632121400000e+01  7.591875452080e-02
 5.385823606181e+04  1.610168800000e+01  7.220329696973e-02
 5.385824466316e+04  1.614525900000e+01  7.291050508603e-02
 5.385825325490e+04  1.616895000000e+01  7.328889772892e-02
 5.385826185185e+04  1.618991300000e+01  7.348953755279e-02
 5.387624867448e+04  1.622145800000e+01  7.454730242892e-02
 5.387625502272e+04  1.622835200000e+01  7.471579713254e-02
 5.387626139306e+04  1.630257000000e+01  7.605272257141e-02
 5.387626777832e+04  1.632357800000e+01  7.640121589081e-02
 5.405651160354e+04  1.621596700000e+01  7.099049085434e-02
 5.405651775685e+04  1.624685000000e+01  7.136577114339e-02
 5.405652373227e+04  1.618216800000e+01  7.038762068178e-02
 5.405653001163e+04  1.618000600000e+01  7.027555892869e-02
 5.420526529774e+04  1.613194600000e+01  7.043341820780e-02
 5.420527190698e+04  1.620983500000e+01  7.154208285817e-02
 5.420527851345e+04  1.620378900000e+01  7.146745906045e-02
 5.420528512778e+04  1.620299000000e+01  7.143464655792e-02
 5.421428779470e+04  1.622988100000e+01  7.203212966873e-02
 5.421429431273e+04  1.621979900000e+01  7.183082042435e-02
 5.421430081861e+04  1.619824000000e+01  7.154047068887e-02
 5.421430729961e+04  1.625490100000e+01  7.236782361843e-02
 5.445044401878e+04  1.558551800000e+01  6.385745175557e-02
 5.445045072248e+04  1.544176600000e+01  6.249798688655e-02
 5.445045741054e+04  1.538071200000e+01  6.193341200252e-02
 5.445046409653e+04  1.537123300000e+01  6.184377652892e-02
 5.411535279712e+04  1.617218600000e+01  7.051813508741e-02
 5.411536236669e+04  1.618217500000e+01  7.050073477231e-02
 5.411537193973e+04  1.616661800000e+01  7.019212884666e-02
 5.411538152007e+04  1.619255500000e+01  7.044795800887e-02
 5.412732978826e+04  1.616449300000e+01  7.306690373884e-02
 5.412733843105e+04  1.623643500000e+01  7.410368793693e-02
 5.412734708391e+04  1.623233900000e+01  7.392299999697e-02
 5.412735571838e+04  1.626906100000e+01  7.445883138986e-02
 5.416843318372e+04  1.570789800000e+01  6.501254160081e-02
 5.416843628735e+04  1.586161500000e+01  6.672136897246e-02
 5.416843940081e+04  1.559370600000e+01  6.394296597382e-02
 5.416844246439e+04  1.552406900000e+01  6.328337126999e-02
 5.417437696713e+04  1.620278000000e+01  7.081792291857e-02
 5.417438647652e+04  1.621553200000e+01  7.104407618415e-02
 5.417439596044e+04  1.622345200000e+01  7.120760706266e-02
 5.417440545443e+04  1.621712400000e+01  7.109770168099e-02
 5.417932165584e+04  1.599626300000e+01  6.842701778967e-02
 5.417932937324e+04  1.604000300000e+01  6.899355617245e-02
 5.417933623920e+04  1.603596600000e+01  6.892668002055e-02
 5.417934312890e+04  1.605084700000e+01  6.913697920157e-02
 5.423320629530e+04  1.591626000000e+01  7.351485586523e-02
 5.423321488219e+04  1.588041600000e+01  6.844041112620e-02
 5.423322345414e+04  1.591734200000e+01  6.890552023753e-02
 5.423323204936e+04  1.593724100000e+01  6.961555572809e-02
 5.442448653569e+04  1.621210800000e+01  7.167038287711e-02
 5.442449486110e+04  1.622784200000e+01  7.166993719050e-02
 5.442450305271e+04  1.617173700000e+01  7.080587642258e-02
 5.442451131470e+04  1.623497300000e+01  7.158543855850e-02
 5.456235775167e+04  1.582676200000e+01  6.732361789507e-02
 5.456236290285e+04  1.583215400000e+01  6.739985797254e-02
 5.456236803956e+04  1.583968500000e+01  6.759094133624e-02
 5.456237319259e+04  1.583688100000e+01  6.768180194285e-02
 5.482253290470e+04  1.598661100000e+01  7.080344238792e-02
 5.482253895500e+04  1.600292300000e+01  7.099698079377e-02
 5.482254500576e+04  1.598699000000e+01  7.069698277479e-02
 5.482255118837e+04  1.602384000000e+01  7.130912375495e-02
 5.447643091363e+04  1.585036500000e+01  6.632581048479e-02
 5.447644025889e+04  1.586342700000e+01  6.646553655269e-02
 5.447644880851e+04  1.591359400000e+01  6.696045925492e-02
 5.447645722918e+04  1.587504200000e+01  6.654252820171e-02
 5.449639001999e+04  1.622747800000e+01  7.095975529080e-02
 5.449639439139e+04  1.616630300000e+01  7.006286546936e-02
 5.449639871464e+04  1.621314300000e+01  7.072347880271e-02
 5.449640309459e+04  1.615620300000e+01  6.990322098575e-02
 5.452832235122e+04  1.625857300000e+01  7.158602840160e-02
 5.452832829295e+04  1.624439600000e+01  7.136274986628e-02
 5.452833427669e+04  1.625379200000e+01  7.143609600108e-02
 5.452834025176e+04  1.623573600000e+01  7.117725789783e-02
 5.453540845833e+04  1.587523800000e+01  6.355852412400e-02
 5.453541688907e+04  1.589071800000e+01  6.372645764360e-02
 5.453542527213e+04  1.589942900000e+01  6.385878293898e-02
 5.453543371120e+04  1.591988900000e+01  6.406637003739e-02
 5.455422748291e+04  1.622933400000e+01  7.174755968330e-02
 5.455423458118e+04  1.623631200000e+01  7.172480297481e-02
 5.455424160803e+04  1.620198300000e+01  7.128142888954e-02
 5.455424873280e+04  1.617085600000e+01  7.079925206145e-02
 5.458715175929e+04  1.596298000000e+01  6.795944586439e-02
 5.458715717194e+04  1.598995000000e+01  6.831080589946e-02
 5.458716255578e+04  1.605168600000e+01  6.911605145038e-02
 5.458716793231e+04  1.598179300000e+01  6.817516154403e-02
 5.493931565354e+04  1.590197900000e+01  6.737296171934e-02
 5.493932147247e+04  1.588033700000e+01  6.712147746991e-02
 5.493932732428e+04  1.591050300000e+01  6.744790124372e-02
 5.493933304089e+04  1.586145000000e+01  6.700210622939e-02
 5.494826361017e+04  1.575167300000e+01  6.591315468101e-02
 5.494827091516e+04  1.572829900000e+01  6.568364901431e-02
 5.494827825120e+04  1.581229300000e+01  6.663422269490e-02
 5.494828561328e+04  1.581296000000e+01  6.666391234755e-02
 5.518349181644e+04  1.625719100000e+01  7.165107676745e-02
 5.518349703105e+04  1.621400000000e+01  7.123408627981e-02
 5.518350224451e+04  1.608349800000e+01  6.916623342894e-02
 5.518350750415e+04  1.601292400000e+01  6.827124009993e-02
 5.486732915463e+04  1.560269400000e+01  6.636707697295e-02
 5.486733674286e+04  1.557495000000e+01  6.596359568317e-02
 5.486734438294e+04  1.565491800000e+01  6.685053616327e-02
 5.486735174800e+04  1.569519100000e+01  6.730405824626e-02
 5.487747107214e+04  1.567560900000e+01  6.792141354059e-02
 5.487747646627e+04  1.570785900000e+01  6.767288947568e-02
 5.487748188934e+04  1.576553100000e+01  7.269726778177e-02
 5.487750701802e+04  1.587754200000e+01  7.090693842589e-02
 5.488637317841e+04  1.533292200000e+01  6.384325318002e-02
 5.488637799347e+04  1.531274500000e+01  6.365785628291e-02
 5.488638284453e+04  1.537435400000e+01  6.345114753068e-02
 5.488638771884e+04  1.532138900000e+01  6.325908545089e-02
 5.485641712029e+04  1.619817400000e+01  7.012725750071e-02
 5.485642633984e+04  1.621956000000e+01  7.040247255776e-02
 5.485643555315e+04  1.625208000000e+01  7.084111234688e-02
 5.485644479631e+04  1.619366100000e+01  6.998501544372e-02
 5.489333175847e+04  1.602071000000e+01  6.805875792177e-02
 5.489334197322e+04  1.606007200000e+01  6.850915700801e-02
 5.489335227454e+04  1.610708600000e+01  6.937726848141e-02
 5.489336261348e+04  1.609621300000e+01  6.980987362580e-02
 5.490541755284e+04  1.630291500000e+01  7.234752162990e-02
 5.490542316759e+04  1.625655400000e+01  7.169554128925e-02
 5.490542875630e+04  1.614183400000e+01  7.014556322632e-02
 5.490543437995e+04  1.609551800000e+01  6.957470550347e-02
 5.491226065625e+04  1.555295500000e+01  6.396687510928e-02
 5.491226608523e+04  1.554302200000e+01  6.340010096671e-02
 5.491227156203e+04  1.558911300000e+01  6.380924568291e-02
 5.491227698069e+04  1.562510000000e+01  6.418267526547e-02
 5.491928335942e+04  1.627127500000e+01  7.192062565558e-02
 5.491928873422e+04  1.624786200000e+01  7.159575613040e-02
 5.491929423429e+04  1.623589200000e+01  7.138795048789e-02
 5.491929971766e+04  1.623028700000e+01  7.132414787544e-02
 5.496820450404e+04  1.624772700000e+01  7.360860302825e-02
 5.496821185830e+04  1.622274000000e+01  7.322651028629e-02
 5.496821927125e+04  1.618297700000e+01  7.267345666326e-02
 5.496822660922e+04  1.613735600000e+01  7.203166650017e-02
 5.515849884867e+04  1.605889600000e+01  6.597646547800e-02
 5.515850675742e+04  1.610121600000e+01  6.641304387381e-02
 5.515851474198e+04  1.609412100000e+01  6.630842919364e-02
 5.515852265431e+04  1.615555900000e+01  6.695767440990e-02
 5.529020886595e+04  1.623976600000e+01  7.223244186758e-02
 5.529021580390e+04  1.624500600000e+01  7.226452476646e-02
 5.529022273598e+04  1.621168400000e+01  7.175460771841e-02
 5.529022965799e+04  1.614170900000e+01  7.077333907971e-02
 5.529921131829e+04  1.609939900000e+01  9.393788446668e-02
 5.529921536235e+04  1.611875800000e+01  9.441955972460e-02
 5.529921943439e+04  1.610223600000e+01  9.404095571254e-02
 5.529922356179e+04  1.601047800000e+01  9.135645574238e-02
 5.553648531058e+04  1.593420500000e+01  7.711982777799e-02
 5.524643888287e+04  1.557756900000e+01  6.446325753460e-02
 5.524644792290e+04  1.546423300000e+01  6.327935663164e-02
 5.524645701303e+04  1.538985600000e+01  6.238883445580e-02
 5.524646615358e+04  1.541053500000e+01  6.252313525673e-02
 5.535321436201e+04  1.544531400000e+01  6.301746718677e-02
 5.535322183138e+04  1.547347900000e+01  6.336095044971e-02
 5.535322930965e+04  1.550238600000e+01  6.367824129125e-02
 5.535323672103e+04  1.551712300000e+01  6.387526053282e-02
 5.537016330775e+04  1.579313300000e+01  7.243913721826e-02
 5.537016875516e+04  1.582149800000e+01  7.292506712992e-02
 5.537017416631e+04  1.588416200000e+01  7.396876879472e-02
 5.537017963833e+04  1.585184400000e+01  7.348326253352e-02
 5.526031580784e+04  1.628659500000e+01  7.267940358738e-02
 5.526032161044e+04  1.622795500000e+01  7.174486224695e-02
 5.526032740683e+04  1.626170400000e+01  7.228401649549e-02
 5.526033311139e+04  1.624444200000e+01  7.199312337062e-02
 5.526750213448e+04  1.622881500000e+01  8.135823848664e-02
 5.526750493971e+04  1.624080700000e+01  8.157859295106e-02
 5.526750778199e+04  1.629350400000e+01  8.290553733940e-02
 5.526751059050e+04  1.610432200000e+01  7.905824040629e-02
 5.532524799098e+04  1.588867200000e+01  6.743224217839e-02
 5.532525544536e+04  1.591709200000e+01  6.788947886543e-02
 5.532526297251e+04  1.596215700000e+01  6.845679914311e-02
 5.532527042878e+04  1.595672500000e+01  6.838037019762e-02
 5.533619541626e+04  1.622581700000e+01  7.185565594588e-02
 5.533620400973e+04  1.613635700000e+01  7.064741336323e-02
 5.533621196639e+04  1.624928100000e+01  7.233411666132e-02
 5.533621996299e+04  1.616762400000e+01  7.114981893383e-02
 5.552853306189e+04  1.574574200000e+01  7.171882363654e-02
 5.552853680814e+04  1.567024500000e+01  7.075193617563e-02
 5.552853866309e+04  1.572429200000e+01  7.140931809111e-02
 5.565630043764e+04  1.622779300000e+01  6.825692892679e-02
 5.565630664792e+04  1.620925300000e+01  6.805154629543e-02
 5.565631287266e+04  1.620013500000e+01  6.797930469439e-02
 5.565631911487e+04  1.623009200000e+01  6.832581937158e-02
 5.566421366556e+04  1.620943100000e+01  7.295561711664e-02
 5.566422022042e+04  1.619523800000e+01  7.271981147755e-02
 5.566422695212e+04  1.631478300000e+01  7.461489670696e-02
 5.566423364171e+04  1.614709800000e+01  7.197959225642e-02
 5.567412114998e+04  1.588600900000e+01  7.460370130732e-02
 5.567412851199e+04  1.593273700000e+01  7.454909023197e-02
 5.567413585398e+04  1.606759000000e+01  8.416440716211e-02
 5.567414322472e+04  1.608611600000e+01  8.220640252808e-02
 5.568131007968e+04  1.560989400000e+01  6.537112840787e-02
 5.568131919554e+04  1.570451900000e+01  6.641445391884e-02
 5.568132787541e+04  1.566654700000e+01  6.607035574078e-02
 5.568133661058e+04  1.573136700000e+01  6.690252821453e-02
 5.560246944025e+04  1.624886600000e+01  6.832975430753e-02
 5.560247854001e+04  1.618996300000e+01  6.761926554457e-02
 5.560248758852e+04  1.617777300000e+01  6.746612053092e-02
 5.560249665762e+04  1.618905900000e+01  6.767697318723e-02
 5.561747525530e+04  1.617350300000e+01  7.162293190600e-02
 5.561748336505e+04  1.620254500000e+01  7.196194025972e-02
 5.561749145861e+04  1.612303500000e+01  7.086599587124e-02
 5.561749956295e+04  1.622613000000e+01  7.252642576230e-02
 5.557744672578e+04  1.580311300000e+01  7.157366105902e-02
 5.557745401271e+04  1.584142700000e+01  7.223559799904e-02
 5.557746135935e+04  1.583798600000e+01  7.220581348382e-02
 5.557746879630e+04  1.587239000000e+01  7.288481863647e-02
 5.559139716963e+04  1.546804200000e+01  6.320613274652e-02
 5.559140233759e+04  1.548559500000e+01  6.337444687515e-02
 5.559140756032e+04  1.550953200000e+01  6.356339084445e-02
 5.559141280132e+04  1.554538100000e+01  6.391221546988e-02
 5.562439207485e+04  1.617679400000e+01  6.799224880238e-02
 5.562440313214e+04  1.619010600000e+01  6.816349302624e-02
 5.562441424233e+04  1.624033800000e+01  6.876669085805e-02
 5.562442533469e+04  1.623163500000e+01  6.873648812557e-02
 5.564427822459e+04  1.572096500000e+01  6.651849377879e-02
 5.564428483339e+04  1.577668300000e+01  6.716837807311e-02
 5.564429144922e+04  1.582690500000e+01  6.778701447901e-02
 5.564429815074e+04  1.583773800000e+01  6.790275333942e-02
 5.570514105604e+04  1.625626000000e+01  7.407230785863e-02
 5.570515016589e+04  1.621749800000e+01  7.367669967183e-02
 5.570515939960e+04  1.628477400000e+01  7.464594829656e-02
 5.570516854220e+04  1.622400200000e+01  7.361186964145e-02
 5.373047380272e+04  1.618402800000e+01  8.206389906087e-02
 5.373047874522e+04  1.585019300000e+01  7.288532461980e-02
 5.373048371236e+04  1.596647400000e+01  8.125309051038e-02
 5.373048864895e+04  1.588993100000e+01  7.805603888659e-02
 5.416848072185e+04  1.547608100000e+01  6.304647482053e-02
 5.416848265771e+04  1.545976500000e+01  6.286476105909e-02
 5.416848454669e+04  1.544365200000e+01  6.280187242552e-02
 5.416848647444e+04  1.547336700000e+01  6.303886105672e-02
 5.529923004473e+04  1.578365500000e+01  6.596330150626e-02
 5.529923691729e+04  1.565090700000e+01  6.458163094139e-02
 5.529924392462e+04  1.556426600000e+01  6.372776049157e-02
 5.529925089942e+04  1.546497700000e+01  6.280374284979e-02
 5.556343545752e+04  1.592311800000e+01  6.819646678908e-02
 5.556344290884e+04  1.586777900000e+01  6.748945400906e-02
 5.556345049757e+04  1.591213800000e+01  6.793512598243e-02
 5.556345811067e+04  1.596546400000e+01  6.861888387591e-02
 5.373050692127e+04  1.589555800000e+01  7.158381884260e-02
 5.373051190300e+04  1.601313500000e+01  6.912951454582e-02
 5.373051691529e+04  1.607778000000e+01  7.002663751043e-02
 5.373052191808e+04  1.602455500000e+01  7.653634694287e-02
 5.589249328623e+04  1.543491600000e+01  6.273870405620e-02
 5.589249853649e+04  1.547076100000e+01  6.303065555915e-02
 5.589250377568e+04  1.548916300000e+01  6.318283030211e-02
 5.589250900198e+04  1.555044500000e+01  6.372614418786e-02
 5.593547713459e+04  1.629182900000e+01  7.652276046579e-02
 5.593548367661e+04  1.629428700000e+01  7.648874832595e-02
 5.593549030833e+04  1.617455400000e+01  7.451515260434e-02
 5.593549694813e+04  1.633765900000e+01  7.732006151022e-02
 5.595937227457e+04  1.562618700000e+01  6.437875014582e-02
 5.595937888208e+04  1.564371600000e+01  6.450510906721e-02
 5.595938559492e+04  1.565729800000e+01  6.459694945408e-02
 5.595939228995e+04  1.566956200000e+01  6.476827370176e-02
 5.597544273072e+04  1.625067600000e+01  7.259155315588e-02
 5.597545012091e+04  1.626639700000e+01  7.282861262077e-02
 5.597545751144e+04  1.622336400000e+01  7.224459900237e-02
 5.597546492668e+04  1.621858400000e+01  7.220974782714e-02
 5.598234519986e+04  1.537970600000e+01  6.228342376644e-02
 5.598235022998e+04  1.540969700000e+01  6.250972223491e-02
 5.598235534922e+04  1.539059200000e+01  6.234509745553e-02
 5.598236043571e+04  1.539994700000e+01  6.242359215949e-02
 5.598825991832e+04  1.620835800000e+01  7.195534870998e-02
 5.598826511882e+04  1.622250000000e+01  7.215935437186e-02
 5.598827029720e+04  1.617769500000e+01  7.149367695852e-02
 5.598827548245e+04  1.626605400000e+01  7.271964455953e-02
 5.599933709925e+04  1.589352300000e+01  6.754062154421e-02
 5.599934213213e+04  1.583523500000e+01  6.686102232092e-02
 5.599934719583e+04  1.588746700000e+01  6.752586291243e-02
 5.599935223196e+04  1.589500500000e+01  6.759351177405e-02
 5.600737513648e+04  1.620020900000e+01  6.755961244260e-02
 5.600738551339e+04  1.621415800000e+01  6.778277831628e-02
 5.600739581828e+04  1.619303800000e+01  6.753068886457e-02
 5.600740619398e+04  1.623262200000e+01  6.805076623388e-02
 5.601626464227e+04  1.603360800000e+01  6.949685051703e-02
 5.601627156927e+04  1.605628900000e+01  6.981144301068e-02
 5.601627842078e+04  1.606664000000e+01  7.009575065738e-02
 5.601628533490e+04  1.610687500000e+01  7.054817633753e-02
 5.602919919255e+04  1.606407800000e+01  7.008427643473e-02
 5.602920426351e+04  1.608469300000e+01  7.036893006274e-02
 5.602920939284e+04  1.604899400000e+01  6.990224488446e-02
 5.602921443453e+04  1.611616900000e+01  7.081521455058e-02
 5.603522114267e+04  1.562845300000e+01  6.499525766322e-02
 5.603522674376e+04  1.569398300000e+01  6.569996940885e-02
 5.603523232012e+04  1.571693500000e+01  6.591497852566e-02
 5.603523794944e+04  1.572296200000e+01  6.597322712384e-02
 5.609021179493e+04  1.541100200000e+01  6.025865082236e-02
 5.609021855036e+04  1.541091100000e+01  6.026359342978e-02
 5.609022533117e+04  1.543066300000e+01  6.042142064748e-02
 5.609023211207e+04  1.549221100000e+01  6.102760474654e-02
