# time mag mag_err
 5.346443829179e+04  1.639511600000e+01  7.332500007884e-02
 5.346444641037e+04  1.645394600000e+01  7.426183774402e-02
 5.346445468323e+04  1.646199900000e+01  7.437403347383e-02
 5.346446282796e+04  1.648159200000e+01  7.475464485000e-02
 5.355626080531e+04  1.625923400000e+01  7.306638835481e-02
 5.355626903270e+04  1.625453800000e+01  7.310790305413e-02
 5.355627733657e+04  1.628719000000e+01  7.371000453062e-02
 5.355628552112e+04  1.634447400000e+01  7.466784023083e-02
 5.356329716644e+04  1.649920800000e+01  7.999847872511e-02
 5.356330364037e+04  1.646474800000e+01  7.937840967202e-02
 5.356331008063e+04  1.657301800000e+01  8.200598057873e-02
 5.356331650560e+04  1.657515300000e+01  8.213739643879e-02
 5.353722690484e+04  1.634982500000e+01  7.819682281232e-02
 5.353723409189e+04  1.639159500000e+01  7.905410970803e-02
 5.353724120091e+04  1.635705900000e+01  7.828403169378e-02
 5.353724831655e+04  1.632825600000e+01  7.779902237084e-02
 5.349440382046e+04  1.550921600000e+01  6.366899479786e-02
 5.349441342684e+04  1.558264400000e+01  6.428610755173e-02
 5.349442306703e+04  1.559544800000e+01  6.441416450478e-02
 5.349443264644e+04  1.566120000000e+01  6.507897306245e-02
 5.350919322939e+04  1.599923900000e+01  6.914233077927e-02
 5.350920176373e+04  1.602496100000e+01  6.937313891466e-02
 5.350921032087e+04  1.603787000000e+01  6.950767897946e-02
 5.350921888345e+04  1.611734400000e+01  7.052049370657e-02
 5.352133324111e+04  1.557762000000e+01  6.404942854613e-02
 5.352134293951e+04  1.567158400000e+01  6.501777995025e-02
 5.352135270840e+04  1.573533900000e+01  6.574559912852e-02
 5.352136247810e+04  1.564400600000e+01  6.483189021239e-02
 5.363909020551e+04  1.638189100000e+01  7.643993009788e-02
 5.363909448582e+04  1.628406000000e+01  7.508045907364e-02
 5.363909876138e+04  1.636375800000e+01  7.654374290818e-02
 5.363910304723e+04  1.637634700000e+01  7.689934059700e-02
 5.384630292095e+04  1.556250300000e+01  6.478873185039e-02
 5.384631291912e+04  1.567872000000e+01  6.596205318776e-02
 5.384632261694e+04  1.571687400000e+01  6.633912630334e-02
 5.384633258619e+04  1.575460000000e+01  6.669331678970e-02
 5.397615371222e+04  1.611306400000e+01  7.566264708756e-02
 5.397615751427e+04  1.617298900000e+01  7.687499197240e-02
 5.397616130207e+04  1.622725600000e+01  7.799748101858e-02
 5.397616508536e+04  1.612891500000e+01  7.627490742620e-02
 5.376851711315e+04  1.568733300000e+01  6.542132028481e-02
 5.376852193828e+04  1.548720200000e+01  6.344413383020e-02
 5.376852673574e+04  1.575210200000e+01  6.606975909154e-02
 5.376853160716e+04  1.578338000000e+01  6.635518472178e-02
 5.374552262236e+04  1.578782600000e+01  6.712441041022e-02
 5.374552914109e+04  1.582481100000e+01  6.741697459233e-02
 5.374553570507e+04  1.583226000000e+01  6.743161360884e-02
 5.374554222414e+04  1.585540900000e+01  6.765361588330e-02
 5.390430159354e+04  1.633067700000e+01  1.423790759491e-01
 5.390430264661e+04  1.639603400000e+01  1.465439354823e-01
 5.390430370904e+04  1.634151500000e+01  1.433770468314e-01
 5.390430475968e+04  1.633167100000e+01  1.425794139241e-01
 5.385632201963e+04  1.635870800000e+01  7.485689249680e-02
 5.385633193205e+04  1.638069400000e+01  7.512255000246e-02
 5.385634187686e+04  1.641490600000e+01  7.565272843759e-02
 5.385635180687e+04  1.637907100000e+01  7.512779659196e-02
 5.386342027354e+04  1.549314400000e+01  1.021866900257e-01
 5.386342108260e+04  1.545527400000e+01  1.008960405083e-01
 5.386342194087e+04  1.545306200000e+01  1.007949498736e-01
 5.386342286962e+04  1.547061500000e+01  1.012598943168e-01
 5.387832723263e+04  1.629510200000e+01  7.380336076784e-02
 5.387833210405e+04  1.635305100000e+01  7.471600027691e-02
 5.387833702791e+04  1.639665200000e+01  7.550110599486e-02
 5.387834194771e+04  1.633673100000e+01  7.452962712920e-02
 5.388226610083e+04  1.640658800000e+01  7.572966661847e-02
 5.388227328453e+04  1.635783200000e+01  7.435216044273e-02
 5.388228045096e+04  1.631587200000e+01  7.414127952592e-02
 5.388228766058e+04  1.637610000000e+01  7.512842594339e-02
 5.398911869765e+04  1.648656900000e+01  9.139386717306e-02
 5.398912124407e+04  1.646176100000e+01  9.067297200449e-02
 5.398912382325e+04  1.650851700000e+01  9.214088205768e-02
 5.398912638970e+04  1.649715100000e+01  9.187433690715e-02
 5.399411089096e+04  1.549758900000e+01  6.252788147372e-02
 5.399411567290e+04  1.558856600000e+01  6.335972502806e-02
 5.399412044977e+04  1.564222900000e+01  6.391157023947e-02
 5.399412523252e+04  1.565000100000e+01  6.406647976554e-02
 5.420641787566e+04  1.648520500000e+01  7.640239424691e-02
 5.420642387862e+04  1.645368900000e+01  7.590229120198e-02
 5.420642987289e+04  1.652392000000e+01  7.718879735529e-02
 5.420643583824e+04  1.645332600000e+01  7.602124301437e-02
 5.421334441451e+04  1.544643400000e+01  6.324916863219e-02
 5.421335380977e+04  1.547560400000e+01  6.347104047093e-02
 5.421336320434e+04  1.555237500000e+01  6.421265801268e-02
 5.421337260689e+04  1.555887300000e+01  6.434693075177e-02
 5.425621963243e+04  1.650239100000e+01  9.858087104464e-02
 5.425622607013e+04  1.638508100000e+01  8.912255315802e-02
 5.425623254753e+04  1.626553000000e+01  9.188133686763e-02
 5.425623896626e+04  1.641151400000e+01  9.295713777364e-02
 5.426334143891e+04  1.586008600000e+01  6.858537053586e-02
 5.426334738503e+04  1.591595700000e+01  6.935103829683e-02
 5.426335336230e+04  1.591195200000e+01  6.939610298346e-02
 5.426335929442e+04  1.590919300000e+01  6.941014221479e-02
 5.426922759341e+04  1.595040400000e+01  6.829451381454e-02
 5.426923611433e+04  1.599588200000e+01  6.891582202490e-02
 5.426924460965e+04  1.601651700000e+01  6.916824682008e-02
 5.426925314260e+04  1.599567400000e+01  6.890411173880e-02
 5.417545829810e+04  1.640290600000e+01  7.372779977515e-02
 5.417546545749e+04  1.640952300000e+01  7.388563694213e-02
 5.417547255124e+04  1.639063900000e+01  7.354168137854e-02
 5.417547962949e+04  1.637508200000e+01  7.323105443844e-02
 5.422941031765e+04  1.650733300000e+01  7.661172260021e-02
 5.422941909344e+04  1.648752800000e+01  7.642102840584e-02
 5.422942787999e+04  1.652688700000e+01  7.721407141130e-02
 5.422943662926e+04  1.644428500000e+01  7.585798306077e-02
 5.423931527189e+04  1.562829200000e+01  6.590018284891e-02
 5.423932610078e+04  1.570723300000e+01  6.688721804241e-02
 5.423933698500e+04  1.568940900000e+01  6.673158932383e-02
 5.423934784966e+04  1.582574100000e+01  6.837620796703e-02
 5.424630732699e+04  1.611795300000e+01  7.083052730905e-02
 5.424631712377e+04  1.620602800000e+01  7.230354952149e-02
 5.424632695389e+04  1.617890700000e+01  7.205347358429e-02
 5.424633672451e+04  1.626593200000e+01  7.339439802503e-02
 5.456740018766e+04  1.627892500000e+01  7.188724824294e-02
 5.456740453314e+04  1.629812500000e+01  7.214558587902e-02
 5.456740886934e+04  1.632116900000e+01  7.251114550912e-02
 5.456741319850e+04  1.633262600000e+01  7.270836720191e-02
 5.457245749481e+04  1.639526200000e+01  7.397516143720e-02
 5.457246391250e+04  1.635993600000e+01  7.313036961949e-02
 5.457247034245e+04  1.629364000000e+01  7.586853825460e-02
 5.457247676765e+04  1.646058700000e+01  7.626815190857e-02
 5.449852450397e+04  1.638815900000e+01  7.309996619278e-02
 5.449853123000e+04  1.638870000000e+01  7.392056761925e-02
 5.449853789561e+04  1.634842700000e+01  7.234496760260e-02
 5.449854461053e+04  1.639342500000e+01  7.299991270524e-02
 5.450650227086e+04  1.544461400000e+01  6.223508720157e-02
 5.450650965873e+04  1.547755700000e+01  6.246183799799e-02
 5.450651787684e+04  1.554596000000e+01  6.269240838457e-02
 5.450652610086e+04  1.557756500000e+01  6.334357323424e-02
 5.464819586469e+04  1.637628900000e+01  7.515027932678e-02
 5.464820084005e+04  1.637930300000e+01  7.530025030807e-02
 5.464820582420e+04  1.637428700000e+01  7.526511314755e-02
 5.464821085941e+04  1.638966400000e+01  7.552786386072e-02
 5.452949631978e+04  1.542379500000e+01  6.196345153872e-02
 5.452950517242e+04  1.538285300000e+01  6.162330595511e-02
 5.452951409959e+04  1.546896400000e+01  6.235310215305e-02
 5.452952282862e+04  1.556378700000e+01  6.317498850822e-02
 5.455542700425e+04  1.545753700000e+01  6.243087842595e-02
 5.455543409348e+04  1.542683100000e+01  6.220006225622e-02
 5.455544115542e+04  1.542294200000e+01  6.175563441316e-02
 5.455544826016e+04  1.547054600000e+01  6.256950198702e-02
 5.460031192266e+04  1.640625900000e+01  7.435099074962e-02
 5.460031845784e+04  1.645571100000e+01  7.509426261140e-02
 5.460032496233e+04  1.643747800000e+01  7.485054863131e-02
 5.460033144586e+04  1.644013000000e+01  7.486999780943e-02
 5.460140018824e+04  1.629551900000e+01  7.319424385950e-02
 5.460140476035e+04  1.624720800000e+01  7.248973096017e-02
 5.460140931462e+04  1.601795500000e+01  6.933538523030e-02
 5.460141384240e+04  1.587969800000e+01  6.758461082181e-02
 5.493739870036e+04  1.628960000000e+01  7.283851703346e-02
 5.493740351322e+04  1.635920100000e+01  7.387873932946e-02
 5.493740839148e+04  1.629718300000e+01  7.286509238231e-02
 5.493741305919e+04  1.632344500000e+01  7.344408669490e-02
 5.494541053602e+04  1.647614800000e+01  7.810451075169e-02
 5.506218810985e+04  1.628142000000e+01  8.133530929165e-02
 5.506219400552e+04  1.623503500000e+01  8.061883542463e-02
 5.506219973410e+04  1.624900000000e+01  8.103113300691e-02
 5.506220557721e+04  1.633945800000e+01  8.317348246599e-02
 5.486351451911e+04  1.637224600000e+01  7.687941591583e-02
 5.486351942676e+04  1.636422300000e+01  7.655615880173e-02
 5.486352413544e+04  1.637011200000e+01  7.658989568691e-02
 5.486352893105e+04  1.641872900000e+01  7.747738009141e-02
 5.485651572009e+04  1.588522000000e+01  6.630511240674e-02
 5.485652345959e+04  1.589238200000e+01  6.640662724269e-02
 5.485653130189e+04  1.595663000000e+01  6.720841501642e-02
 5.485653909626e+04  1.601505700000e+01  6.917082025966e-02
 5.504020393534e+04  1.634274100000e+01  7.384190890349e-02
 5.504020937602e+04  1.637906800000e+01  7.449100574398e-02
 5.504021474250e+04  1.636511200000e+01  7.425971129930e-02
 5.504022016339e+04  1.634726000000e+01  7.406869977458e-02
 5.498331353992e+04  1.605633600000e+01  6.905358295317e-02
 5.498332104700e+04  1.609846800000e+01  6.957341422064e-02
 5.498332848304e+04  1.611868400000e+01  6.988468921104e-02
 5.498333603527e+04  1.615001200000e+01  7.032538666036e-02
 5.500130842259e+04  1.558559200000e+01  6.450404682456e-02
 5.500131328188e+04  1.553103000000e+01  6.404827537333e-02
 5.500131808686e+04  1.557224700000e+01  6.447135964869e-02
 5.500132287992e+04  1.564138600000e+01  6.523648549336e-02
 5.491143646001e+04  1.624058200000e+01  7.101897488542e-02
 5.491144258219e+04  1.629230300000e+01  7.170299745015e-02
 5.491144856582e+04  1.625829800000e+01  7.123451142466e-02
 5.491145456936e+04  1.629208600000e+01  7.155998875116e-02
 5.496637631097e+04  1.645138100000e+01  7.522924141665e-02
 5.496638237528e+04  1.638442300000e+01  7.419167824885e-02
 5.496638851970e+04  1.639465200000e+01  7.437559717831e-02
 5.496639460588e+04  1.636538900000e+01  7.391420706027e-02
 5.529540642428e+04  1.578534600000e+01  6.569509047785e-02
 5.529541377861e+04  1.559016100000e+01  6.367240219584e-02
 5.529542122432e+04  1.544962300000e+01  6.239561972605e-02
 5.529542870400e+04  1.537781200000e+01  6.183100862925e-02
 5.534833273395e+04  1.573486800000e+01  6.573286569042e-02
 5.534833912905e+04  1.574008000000e+01  6.588244069087e-02
 5.534834549928e+04  1.573986800000e+01  6.585591106884e-02
 5.534835191060e+04  1.578259100000e+01  6.641233972018e-02
 5.535627329478e+04  1.611447400000e+01  6.997491760639e-02
 5.535628071459e+04  1.612138700000e+01  7.057330973081e-02
 5.535628814056e+04  1.617326700000e+01  7.093831744515e-02
 5.535629563516e+04  1.620905400000e+01  7.237534803557e-02
 5.536326644522e+04  1.633275600000e+01  7.324627014737e-02
 5.536327097947e+04  1.630850200000e+01  7.302076661622e-02
 5.536327558331e+04  1.637868400000e+01  7.410235435008e-02
 5.536328009638e+04  1.640816900000e+01  7.460529964379e-02
 5.536815118024e+04  1.629113600000e+01  7.272877575863e-02
 5.536815623420e+04  1.635654400000e+01  7.387128806901e-02
 5.536816134476e+04  1.638508400000e+01  7.431963325107e-02
 5.536816650427e+04  1.642565000000e+01  7.493433184532e-02
 5.527150626479e+04  1.568952600000e+01  6.471008992726e-02
 5.527151102640e+04  1.575868800000e+01  6.544355987349e-02
 5.527151580186e+04  1.579049400000e+01  6.580645899318e-02
 5.527152060442e+04  1.573100100000e+01  6.518679943969e-02
 5.532042996146e+04  1.564541100000e+01  6.718141007817e-02
 5.532043569855e+04  1.566712500000e+01  6.749470925201e-02
 5.532044146284e+04  1.568559300000e+01  6.770813362902e-02
 5.532044722019e+04  1.572598300000e+01  6.822420038514e-02
 5.545412555601e+04  1.594175900000e+01  6.810893886149e-02
 5.545413585272e+04  1.595154700000e+01  6.840549375049e-02
 5.545414101420e+04  1.599814800000e+01  6.915606032888e-02
 5.565645343316e+04  1.643007100000e+01  7.548568872235e-02
 5.565645868251e+04  1.640411900000e+01  7.504144830004e-02
 5.565646394667e+04  1.644300000000e+01  7.571193181003e-02
 5.565646914476e+04  1.645673700000e+01  7.594293108885e-02
 5.567541701128e+04  1.618397400000e+01  7.628213381042e-02
 5.567542416616e+04  1.630023900000e+01  7.834623495341e-02
 5.567543129676e+04  1.638577600000e+01  8.034864815540e-02
 5.567543843440e+04  1.632479600000e+01  7.914026038923e-02
 5.560352639186e+04  1.639493500000e+01  7.458333840737e-02
 5.560353162176e+04  1.643171100000e+01  7.516438270845e-02
 5.560353688845e+04  1.642438500000e+01  7.505311688575e-02
 5.560354210132e+04  1.637528500000e+01  7.420532547977e-02
 5.571522540236e+04  1.650318300000e+01  7.773933245947e-02
 5.571523181543e+04  1.645045100000e+01  7.673847035938e-02
 5.571523816992e+04  1.644867600000e+01  7.670695355056e-02
 5.571524456587e+04  1.646974900000e+01  7.705476002829e-02
 5.562846305524e+04  1.640547400000e+01  8.068240598225e-02
 5.562846937907e+04  1.633421900000e+01  7.996068502202e-02
 5.562847568598e+04  1.639177900000e+01  8.088964102250e-02
 5.562848198296e+04  1.638425700000e+01  9.141908144907e-02
 5.565044780022e+04  1.625751900000e+01  7.495827201253e-02
 5.565045533834e+04  1.626924600000e+01  7.408541771718e-02
 5.565046291063e+04  1.631151000000e+01  7.385026789659e-02
 5.565047041912e+04  1.632251100000e+01  7.413287090621e-02
 5.570539406790e+04  1.635786400000e+01  7.575965911407e-02
 5.570540154249e+04  1.649475900000e+01  7.826465875010e-02
 5.570540913887e+04  1.637032700000e+01  7.611388387607e-02
 5.570541660266e+04  1.644423900000e+01  7.752847438818e-02
 5.494545096936e+04  1.648246700000e+01  7.495434615965e-02
 5.598745745213e+04  1.544733400000e+01  6.357191786767e-02
 5.598746256243e+04  1.543418100000e+01  6.343176757111e-02
 5.598746765377e+04  1.545924500000e+01  6.365090501180e-02
 5.598747283267e+04  1.548439100000e+01  6.376765795537e-02
 5.603439828928e+04  1.640639600000e+01  7.491805710690e-02
 5.603440438958e+04  1.628476800000e+01  7.297246073673e-02
 5.603441050741e+04  1.605605100000e+01  6.969594377241e-02
 5.603441669753e+04  1.584824500000e+01  6.718558494867e-02
 5.605936942669e+04  1.601257500000e+01  6.788070539218e-02
 5.605937623404e+04  1.584309900000e+01  6.591227997564e-02
 5.605938309087e+04  1.571210500000e+01  6.451728615401e-02
 5.605938987106e+04  1.551743200000e+01  6.270587164988e-02
 5.606635389613e+04  1.588626600000e+01  6.643005401604e-02
 5.606636060043e+04  1.592651900000e+01  6.692803263325e-02
 5.606636744233e+04  1.597072200000e+01  6.743925830954e-02
 5.606637432022e+04  1.600553600000e+01  6.788900180179e-02
 5.608734372937e+04  1.566798100000e+01  6.430421819958e-02
 5.608734884596e+04  1.574683900000e+01  6.512766156923e-02
 5.608735399704e+04  1.573379400000e+01  6.495246603571e-02
 5.608735909131e+04  1.576147600000e+01  6.534657453141e-02
 5.615219026793e+04  1.644713900000e+01  7.890426691282e-02
 5.615219540869e+04  1.646158800000e+01  7.943273210443e-02
 5.615220059476e+04  1.639312200000e+01  7.841183949419e-02
 5.615220569998e+04  1.638467400000e+01  7.827655503727e-02
 5.616714198101e+04  1.579217300000e+01  6.349912259882e-02
 5.616714820485e+04  1.584640400000e+01  6.408214235613e-02
 5.616715441616e+04  1.584827500000e+01  6.410798280654e-02
 5.616716062124e+04  1.593730700000e+01  6.508503990894e-02
