# time mag mag_err
 5.347032488718e+04  1.598229300000e+01  7.040208505240e-02
 5.347033305461e+04  1.601184700000e+01  7.078453147701e-02
 5.347034122793e+04  1.600616100000e+01  7.071651361526e-02
 5.347034934130e+04  1.599461700000e+01  7.059534418186e-02
 5.347927858115e+04  1.565866700000e+01  6.494860718822e-02
 5.347928672241e+04  1.565027100000e+01  6.477535256498e-02
 5.347929489677e+04  1.569397000000e+01  6.514073602647e-02
 5.347930307681e+04  1.569355300000e+01  6.512012792098e-02
 5.355821621274e+04  1.588011500000e+01  6.799785818751e-02
 5.355822156091e+04  1.590997000000e+01  6.833409445210e-02
 5.355822691836e+04  1.591903900000e+01  6.851194414281e-02
 5.355823227153e+04  1.592298200000e+01  6.858182965583e-02
 5.353728652227e+04  1.591648300000e+01  6.873808051333e-02
 5.353729456735e+04  1.587621800000e+01  6.832350011084e-02
 5.353730261543e+04  1.587076300000e+01  6.844133146215e-02
 5.353731070194e+04  1.584475300000e+01  6.829099834845e-02
 5.355120065346e+04  1.591078000000e+01  6.804073985499e-02
 5.355120866890e+04  1.588026000000e+01  6.776426044268e-02
 5.355121676479e+04  1.588463800000e+01  6.779898258970e-02
 5.355122480455e+04  1.587123900000e+01  6.766537843445e-02
 5.350628866979e+04  1.556717500000e+01  6.589152447256e-02
 5.350629738771e+04  1.544307400000e+01  6.461663063542e-02
 5.350630613084e+04  1.540369800000e+01  6.421401056514e-02
 5.350631489656e+04  1.535440000000e+01  6.376099918905e-02
 5.385133517176e+04  1.582368400000e+01  6.753159962981e-02
 5.385134497769e+04  1.587184600000e+01  6.810766344077e-02
 5.385135467609e+04  1.587959900000e+01  6.819686409794e-02
 5.385136448606e+04  1.587311100000e+01  6.815944306796e-02
 5.377043855627e+04  1.592701600000e+01  6.803821128215e-02
 5.377044720439e+04  1.593591400000e+01  6.838321401866e-02
 5.377045586222e+04  1.591350900000e+01  6.845915748025e-02
 5.377046467551e+04  1.593814700000e+01  6.808649926132e-02
 5.379348509462e+04  1.582698500000e+01  6.676874886267e-02
 5.379349231940e+04  1.586649600000e+01  6.725235231291e-02
 5.379349954395e+04  1.588259200000e+01  6.746097489115e-02
 5.379350681538e+04  1.585321700000e+01  6.711268388185e-02
 5.390034575343e+04  1.542342800000e+01  1.108237428368e-01
 5.390034671516e+04  1.548806000000e+01  1.132210067951e-01
 5.390034770596e+04  1.538237400000e+01  1.096108244077e-01
 5.390034868112e+04  1.536647700000e+01  1.088510634497e-01
 5.380336939082e+04  1.592335200000e+01  7.428177874420e-02
 5.380337635853e+04  1.595264600000e+01  7.479302560604e-02
 5.380338333422e+04  1.588727000000e+01  7.378783356052e-02
 5.380339041443e+04  1.596862100000e+01  7.447618914648e-02
 5.381747762741e+04  1.588865800000e+01  7.944033788405e-02
 5.381748361463e+04  1.585489700000e+01  7.891884844925e-02
 5.381748968426e+04  1.572394800000e+01  7.646289139922e-02
 5.381749572588e+04  1.561882300000e+01  7.470207322542e-02
 5.386031453345e+04  1.550278700000e+01  6.428884591120e-02
 5.386032100459e+04  1.546481300000e+01  6.385042832304e-02
 5.386032749358e+04  1.534382600000e+01  6.267758302275e-02
 5.386033398395e+04  1.529521900000e+01  6.219243819593e-02
 5.387837716161e+04  1.561248700000e+01  6.532538932123e-02
 5.387838206405e+04  1.560220200000e+01  6.527696831750e-02
 5.387838701917e+04  1.562444000000e+01  6.556826981462e-02
 5.387839192693e+04  1.562844300000e+01  6.563485376304e-02
 5.425718321322e+04  1.530305800000e+01  6.527510729645e-02
 5.425718773497e+04  1.527937700000e+01  6.250292272389e-02
 5.425719228844e+04  1.528042000000e+01  6.230418958161e-02
 5.425719682292e+04  1.528556200000e+01  6.223995381869e-02
 5.426822249807e+04  1.547772500000e+01  6.522421083076e-02
 5.426823107998e+04  1.546499400000e+01  6.527955955416e-02
 5.426823963537e+04  1.551781300000e+01  6.549031551848e-02
 5.426824819622e+04  1.554661700000e+01  6.491529791747e-02
 5.417634299221e+04  1.567747900000e+01  6.463046717127e-02
 5.417635053704e+04  1.569017800000e+01  6.474230277154e-02
 5.417635811727e+04  1.571330700000e+01  6.505681896788e-02
 5.417636567043e+04  1.566076600000e+01  6.661696692139e-02
 5.418640672214e+04  1.593610900000e+01  8.460938701119e-02
 5.418640815706e+04  1.594876000000e+01  9.062015304499e-02
 5.418640959475e+04  1.588747400000e+01  9.402281738521e-02
 5.418641103799e+04  1.593697200000e+01  8.529528392551e-02
 5.423029409157e+04  1.583903700000e+01  6.674616849355e-02
 5.423030059630e+04  1.587369800000e+01  6.718019245662e-02
 5.423030708956e+04  1.589666000000e+01  6.747651234666e-02
 5.423031356315e+04  1.588412600000e+01  6.727485883594e-02
 5.423629109606e+04  1.596249300000e+01  6.897298749628e-02
 5.423629809213e+04  1.589660400000e+01  6.811944619795e-02
 5.423630506887e+04  1.576793000000e+01  6.667080599789e-02
 5.423631206713e+04  1.570644000000e+01  6.598014692156e-02
 5.455928008369e+04  1.565268100000e+01  6.466446195145e-02
 5.455928833770e+04  1.564619100000e+01  6.460786193340e-02
 5.455929652259e+04  1.564109900000e+01  6.447388549686e-02
 5.455930472821e+04  1.567895900000e+01  6.481123557669e-02
 5.456438835164e+04  1.543585600000e+01  6.237005354292e-02
 5.456439529087e+04  1.545764100000e+01  6.253921291446e-02
 5.456440220476e+04  1.546597500000e+01  6.259772195316e-02
 5.456440914168e+04  1.547549300000e+01  6.268520885112e-02
 5.457125369178e+04  1.563481500000e+01  6.429552796021e-02
 5.457126130258e+04  1.559585100000e+01  6.388717896333e-02
 5.457126887333e+04  1.556563100000e+01  6.357471195880e-02
 5.457127648678e+04  1.548545800000e+01  6.280619246253e-02
 5.458330456093e+04  1.593971800000e+01  6.790810721500e-02
 5.458331193664e+04  1.597639400000e+01  6.840590066082e-02
 5.458331928573e+04  1.598058600000e+01  6.845823409136e-02
 5.458332657764e+04  1.597937500000e+01  6.844092274401e-02
 5.450441408924e+04  1.579197100000e+01  6.390942205889e-02
 5.450442196741e+04  1.579636400000e+01  6.388306121037e-02
 5.450442985681e+04  1.579740900000e+01  6.386517665503e-02
 5.450443773023e+04  1.582322300000e+01  6.408727918737e-02
 5.451442377429e+04  1.588984500000e+01  6.748927267579e-02
 5.451443033168e+04  1.587507800000e+01  6.758745420062e-02
 5.451443686615e+04  1.590793700000e+01  6.760315928882e-02
 5.451444342192e+04  1.588881500000e+01  6.716803052427e-02
 5.464127279444e+04  1.555492500000e+01  6.439115190018e-02
 5.464127931850e+04  1.549968500000e+01  6.409607268993e-02
 5.464128583919e+04  1.546092400000e+01  6.355969019253e-02
 5.464129235352e+04  1.538325800000e+01  6.296739524611e-02
 5.452747307762e+04  1.563836100000e+01  6.381030223134e-02
 5.452747956139e+04  1.569196700000e+01  6.397446767082e-02
 5.452748605569e+04  1.567487100000e+01  6.422371939989e-02
 5.452749252558e+04  1.570902100000e+01  6.460708252519e-02
 5.458927740852e+04  1.544155600000e+01  6.226896298652e-02
 5.458928574203e+04  1.546242200000e+01  6.241876785659e-02
 5.458929404140e+04  1.548984100000e+01  6.268477281127e-02
 5.458930238024e+04  1.553801500000e+01  6.311032992952e-02
 5.459620756470e+04  1.539457100000e+01  6.258785638139e-02
 5.459621457801e+04  1.540206600000e+01  6.275881309573e-02
 5.459622156586e+04  1.542409800000e+01  6.306573935862e-02
 5.459622852859e+04  1.543258100000e+01  6.328520947217e-02
 5.459919520797e+04  1.560460200000e+01  6.469784645793e-02
 5.459920176154e+04  1.563750500000e+01  6.491139823271e-02
 5.459920826209e+04  1.561297200000e+01  6.465236484348e-02
 5.459921479286e+04  1.565171700000e+01  6.499665861944e-02
 5.471511343157e+04  1.594188100000e+01  6.749579721025e-02
 5.471511826365e+04  1.593369100000e+01  6.796117885058e-02
 5.471512309699e+04  1.593951000000e+01  6.811306168005e-02
 5.471512848453e+04  1.594901100000e+01  6.833126811118e-02
 5.492326430646e+04  1.584202200000e+01  6.637563931178e-02
 5.492326966020e+04  1.589024500000e+01  6.683906916814e-02
 5.492327506524e+04  1.587872400000e+01  6.668526315739e-02
 5.492328053912e+04  1.585154700000e+01  6.635223351252e-02
 5.495034531302e+04  1.568779300000e+01  6.488980041169e-02
 5.495035195096e+04  1.568684400000e+01  6.483711117797e-02
 5.495035857723e+04  1.569952500000e+01  6.498316659977e-02
 5.495036509830e+04  1.571262600000e+01  6.505804089790e-02
 5.504515177582e+04  1.541072200000e+01  6.744465920996e-02
 5.504515649344e+04  1.548627200000e+01  6.835188487950e-02
 5.504516134623e+04  1.546790700000e+01  6.819071385600e-02
 5.504516618050e+04  1.541669000000e+01  6.770748104097e-02
 5.506213887547e+04  1.583087400000e+01  7.308996569664e-02
 5.506214504488e+04  1.589586500000e+01  7.421379315902e-02
 5.506215126025e+04  1.585769200000e+01  7.361876968501e-02
 5.506215764670e+04  1.588853400000e+01  7.422419271572e-02
 5.507212971613e+04  1.598890800000e+01  7.693954373396e-02
 5.507213601265e+04  1.598605000000e+01  7.692497592395e-02
 5.507214241910e+04  1.589914400000e+01  7.569245695614e-02
 5.507214875161e+04  1.591318700000e+01  7.610309291209e-02
 5.488442374330e+04  1.575659700000e+01  6.741401462084e-02
 5.488442975263e+04  1.578922500000e+01  7.887951790726e-02
 5.488443586613e+04  1.574316600000e+01  1.190845459198e-01
 5.488444203449e+04  1.579900000000e+01  1.200556315235e-01
 5.488842065940e+04  1.560399800000e+01  6.355477503851e-02
 5.488842900704e+04  1.563148000000e+01  6.357140999090e-02
 5.488843755110e+04  1.564692500000e+01  6.370077046467e-02
 5.488844613162e+04  1.565096900000e+01  6.375377108849e-02
 5.486139365311e+04  1.587423000000e+01  6.656480369131e-02
 5.486140538251e+04  1.592363300000e+01  6.702506111026e-02
 5.486141701179e+04  1.592382800000e+01  6.696206355156e-02
 5.486142867661e+04  1.591624800000e+01  6.680601425276e-02
 5.501718877962e+04  1.597077800000e+01  6.871285159945e-02
 5.501719489010e+04  1.598270200000e+01  6.840162366727e-02
 5.501720097204e+04  1.602833800000e+01  6.893363711707e-02
 5.501720707604e+04  1.596290400000e+01  6.819041658780e-02
 5.499916917365e+04  1.596572600000e+01  6.782041956552e-02
 5.499917461546e+04  1.595034200000e+01  6.757773518261e-02
 5.499918002501e+04  1.598100900000e+01  6.796156442939e-02
 5.499918543674e+04  1.599471700000e+01  6.811050970606e-02
 5.490936676920e+04  1.584346700000e+01  6.587141064796e-02
 5.490938058367e+04  1.585300900000e+01  6.596117160675e-02
 5.490939438111e+04  1.585347800000e+01  6.591563551205e-02
 5.490940808399e+04  1.584641900000e+01  6.587525446999e-02
 5.491539411352e+04  1.591321300000e+01  9.111488995331e-02
 5.491539809289e+04  1.599897100000e+01  7.418322860771e-02
 5.491540204992e+04  1.589477000000e+01  7.915690841037e-02
 5.491540597523e+04  1.612152600000e+01  8.163902933987e-02
 5.496435991796e+04  1.589058000000e+01  7.008440058304e-02
 5.496436528666e+04  1.587278200000e+01  6.981663783114e-02
 5.496437069132e+04  1.586901200000e+01  6.983417531388e-02
 5.496437587215e+04  1.585042100000e+01  6.961048315534e-02
 5.498133082894e+04  1.604988500000e+01  6.950150631444e-02
 5.498134899044e+04  1.604672900000e+01  6.956085915182e-02
 5.529043507304e+04  1.554184600000e+01  6.602758978796e-02
 5.529044071405e+04  1.555629000000e+01  6.616839171096e-02
 5.529044639604e+04  1.555800900000e+01  6.627056913880e-02
 5.529045198170e+04  1.560345100000e+01  6.678191869581e-02
 5.529931993749e+04  1.586676000000e+01  6.654842993470e-02
 5.529932691304e+04  1.587548900000e+01  6.674157837010e-02
 5.529933391124e+04  1.587801600000e+01  6.677508324159e-02
 5.529934088207e+04  1.585727600000e+01  6.652024207251e-02
 5.532831371216e+04  1.596123700000e+01  6.805193540350e-02
 5.532832122492e+04  1.597074300000e+01  6.821653649800e-02
 5.532832871132e+04  1.595422500000e+01  6.798152482796e-02
 5.532833627201e+04  1.593867400000e+01  6.778597820645e-02
 5.533917070167e+04  1.580917200000e+01  6.621088196514e-02
 5.533917526312e+04  1.584400700000e+01  6.663777611571e-02
 5.533917980080e+04  1.581942700000e+01  6.631908454078e-02
 5.533918438784e+04  1.584767300000e+01  6.664949753849e-02
 5.565735581984e+04  1.583885200000e+01  6.850843442535e-02
 5.565736092843e+04  1.584401500000e+01  6.730768354778e-02
 5.565736609860e+04  1.584430400000e+01  6.730609127322e-02
 5.565737120788e+04  1.588333100000e+01  7.270803537778e-02
 5.567726526030e+04  1.603120000000e+01  7.019654661310e-02
 5.567727380057e+04  1.602428000000e+01  7.001562631215e-02
 5.567728243933e+04  1.593822800000e+01  6.894114431994e-02
 5.567729112402e+04  1.593964500000e+01  6.895388806697e-02
 5.562142199061e+04  1.575256600000e+01  6.380708053744e-02
 5.562142840196e+04  1.576467800000e+01  6.388562847457e-02
 5.562143482485e+04  1.575315100000e+01  6.379141828503e-02
 5.562144128561e+04  1.579362100000e+01  6.419891447162e-02
 5.563627921470e+04  1.539089000000e+01  6.803062951088e-02
 5.563628514210e+04  1.539406100000e+01  6.799195894996e-02
 5.563629116832e+04  1.535560400000e+01  6.745375906117e-02
 5.563629721969e+04  1.541164200000e+01  6.811306168005e-02
 5.564730353495e+04  1.546283000000e+01  6.380903418920e-02
 5.564731100315e+04  1.546711600000e+01  6.381548238042e-02
 5.564731849451e+04  1.547848700000e+01  6.388461209395e-02
 5.564732605729e+04  1.549740000000e+01  6.405124187536e-02
 5.569335571568e+04  1.592423900000e+01  7.169017566457e-02
 5.569336424480e+04  1.599855800000e+01  7.264509022024e-02
 5.569337258818e+04  1.595857700000e+01  7.209957387806e-02
 5.569338153135e+04  1.599342400000e+01  7.235886547405e-02
 5.570830763721e+04  1.589511600000e+01  6.822728747724e-02
 5.570831689775e+04  1.587464000000e+01  6.801868747800e-02
 5.570832622069e+04  1.591320300000e+01  6.851535150779e-02
 5.570833553924e+04  1.590518200000e+01  6.849255908909e-02
 5.593952687818e+04  1.561841400000e+01  6.401246253163e-02
 5.593953365968e+04  1.559455800000e+01  6.376089376428e-02
 5.593954045990e+04  1.557847200000e+01  6.359910129840e-02
 5.593954723826e+04  1.565200300000e+01  6.430507648348e-02
 5.598143443095e+04  1.597126700000e+01  6.801820244550e-02
 5.598144179010e+04  1.597131100000e+01  6.802402482036e-02
 5.598144923205e+04  1.596241300000e+01  6.786661278799e-02
 5.598145657814e+04  1.594423200000e+01  6.765620743235e-02
 5.601236536164e+04  1.553697100000e+01  6.533356008887e-02
 5.601236870775e+04  1.552395500000e+01  6.425123195341e-02
 5.601237207367e+04  1.555504700000e+01  6.465956012316e-02
 5.601237552259e+04  1.555342700000e+01  6.461098403062e-02
 5.601835014869e+04  1.585000000000e+01  6.687385799799e-02
 5.601835814770e+04  1.584458000000e+01  6.676644593518e-02
 5.601836615359e+04  1.587527400000e+01  6.711190815277e-02
 5.601837413708e+04  1.588871400000e+01  6.727538678608e-02
 5.603632469260e+04  1.591793700000e+01  6.870333158059e-02
 5.603632981774e+04  1.594676900000e+01  6.945112737521e-02
 5.603633488083e+04  1.593207300000e+01  6.834510772647e-02
 5.603633998803e+04  1.589846800000e+01  6.788423277530e-02
 5.604225863399e+04  1.602536700000e+01  6.949941111571e-02
 5.604226372003e+04  1.599367700000e+01  6.901219911245e-02
 5.604226880756e+04  1.603590300000e+01  6.957141805259e-02
 5.604227392990e+04  1.600569800000e+01  6.918796079751e-02
 5.606334551597e+04  1.565788700000e+01  6.441556213719e-02
 5.606335226029e+04  1.566881300000e+01  6.459371487718e-02
 5.606335906575e+04  1.567289600000e+01  6.465435977532e-02
 5.606336580370e+04  1.568836200000e+01  6.480783032730e-02
 5.607018944117e+04  1.540094000000e+01  6.131096311127e-02
 5.607019560929e+04  1.539560800000e+01  6.185796078273e-02
 5.607020172300e+04  1.547202600000e+01  6.323888403631e-02
 5.607020790236e+04  1.550045900000e+01  6.334787644545e-02
 5.608821957648e+04  1.564141400000e+01  6.410005930218e-02
 5.608822486402e+04  1.567020100000e+01  6.439869741060e-02
 5.608822991463e+04  1.568915300000e+01  6.458324439864e-02
 5.608823496014e+04  1.567738000000e+01  6.450729523702e-02
 5.609523331725e+04  1.580540300000e+01  6.659356689511e-02
 5.609524010024e+04  1.580296800000e+01  6.655090327377e-02
 5.609524694734e+04  1.583945700000e+01  6.696924345569e-02
 5.609525382306e+04  1.579629700000e+01  6.650872805214e-02
