# time mag mag_err
 5.346931961172e+04  1.510336100000e+01  6.030376539952e-02
 5.346932773285e+04  1.515691800000e+01  6.072003966433e-02
 5.346933584355e+04  1.510094400000e+01  6.032679043210e-02
 5.346934393968e+04  1.522956000000e+01  6.109944244980e-02
 5.373151907380e+04  1.602265300000e+01  6.947012946396e-02
 5.373152494169e+04  1.599428700000e+01  6.902813386728e-02
 5.373153086895e+04  1.602578300000e+01  6.941786238174e-02
 5.373153671183e+04  1.600922300000e+01  6.926106485397e-02
 5.355716049125e+04  1.591700700000e+01  6.131221071040e-02
 5.355716764207e+04  1.594917000000e+01  6.163859509635e-02
 5.355717482935e+04  1.588943600000e+01  6.115588866988e-02
 5.355718202148e+04  1.596684000000e+01  6.179840936342e-02
 5.355815932807e+04  1.586593200000e+01  6.081303607540e-02
 5.355816479594e+04  1.587893700000e+01  6.095073537584e-02
 5.355817028394e+04  1.591338600000e+01  6.124366528060e-02
 5.355817575690e+04  1.588785100000e+01  6.107190712563e-02
 5.352419532453e+04  1.579923800000e+01  6.695708362066e-02
 5.352420179036e+04  1.581797200000e+01  6.712147746991e-02
 5.352420822690e+04  1.582744000000e+01  6.723621818159e-02
 5.352421469991e+04  1.584648900000e+01  6.751404033665e-02
 5.350725390517e+04  1.612361700000e+01  7.154560311633e-02
 5.350726298109e+04  1.581376600000e+01  6.754855935812e-02
 5.350726938674e+04  1.573335500000e+01  6.668217450943e-02
 5.350727588174e+04  1.550832600000e+01  6.422106442902e-02
 5.382732273646e+04  1.603699400000e+01  7.079681850333e-02
 5.382733312355e+04  1.602444000000e+01  7.016755648017e-02
 5.382734333216e+04  1.603228600000e+01  7.028371687383e-02
 5.382735353567e+04  1.607325900000e+01  7.085646934693e-02
 5.383333467381e+04  1.606125400000e+01  7.420301713985e-02
 5.383335410451e+04  1.606800600000e+01  7.428119592623e-02
 5.383339716591e+04  1.604147800000e+01  7.408313783766e-02
 5.383341500558e+04  1.601634400000e+01  7.376385098821e-02
 5.385023187280e+04  1.505095600000e+01  6.012356934426e-02
 5.385023898878e+04  1.505759800000e+01  6.038552501633e-02
 5.385024598670e+04  1.498669800000e+01  5.989511634193e-02
 5.385025308878e+04  1.510595700000e+01  6.075222570065e-02
 5.376737545823e+04  1.588714700000e+01  6.804521672584e-02
 5.376738428795e+04  1.588745500000e+01  6.800860555565e-02
 5.376739314823e+04  1.591661900000e+01  6.831453177534e-02
 5.376740198513e+04  1.593135500000e+01  6.849637077447e-02
 5.379039441789e+04  1.613322200000e+01  7.126334403320e-02
 5.379040315155e+04  1.611826800000e+01  7.103685857201e-02
 5.379041188741e+04  1.611583100000e+01  7.098607382922e-02
 5.379042067279e+04  1.608524700000e+01  7.056093203576e-02
 5.373647338209e+04  1.588881500000e+01  6.776811035458e-02
 5.373647984167e+04  1.592838800000e+01  6.820878103580e-02
 5.373648629500e+04  1.591894500000e+01  6.806256199580e-02
 5.373649274000e+04  1.591961400000e+01  6.804015655757e-02
 5.376352002038e+04  1.601264900000e+01  6.933367319223e-02
 5.376352675544e+04  1.602734300000e+01  6.952494020746e-02
 5.388723083858e+04  1.511184500000e+01  6.138470592320e-02
 5.390523594661e+04  1.603202600000e+01  1.301406864968e-01
 5.390523698022e+04  1.606272700000e+01  1.318996614550e-01
 5.390523803549e+04  1.613380100000e+01  1.360290698482e-01
 5.390523909572e+04  1.600153700000e+01  1.290557423841e-01
 5.380044837720e+04  1.602699000000e+01  7.380409963006e-02
 5.380047707503e+04  1.603192100000e+01  7.758344732558e-02
 5.380048235782e+04  1.605423400000e+01  7.745437022023e-02
 5.380048773020e+04  1.600975900000e+01  7.240277210207e-02
 5.381931188054e+04  1.560294400000e+01  6.628063050830e-02
 5.381931847450e+04  1.541458900000e+01  6.384824748432e-02
 5.381932509022e+04  1.514232600000e+01  6.108646155693e-02
 5.381933167470e+04  1.506189000000e+01  6.092217255467e-02
 5.385826558352e+04  1.608817900000e+01  7.210626656547e-02
 5.385827369388e+04  1.611765000000e+01  7.254173017687e-02
 5.385828176986e+04  1.614178100000e+01  7.286795641337e-02
 5.385828988855e+04  1.616497200000e+01  7.326589452911e-02
 5.387830591478e+04  1.585264500000e+01  6.859381450186e-02
 5.387831185212e+04  1.592905500000e+01  6.963173840050e-02
 5.387831777266e+04  1.589134300000e+01  6.916276603418e-02
 5.387832372898e+04  1.591404400000e+01  6.956285283046e-02
 5.420434482060e+04  1.516793900000e+01  6.066395923192e-02
 5.420435154640e+04  1.522090300000e+01  6.106188495478e-02
 5.420435827590e+04  1.526495600000e+01  6.139162168385e-02
 5.420436497427e+04  1.530828100000e+01  6.177681226255e-02
 5.444050495154e+04  1.562031700000e+01  6.441567814611e-02
 5.444050933370e+04  1.564559400000e+01  6.470820031893e-02
 5.444051370197e+04  1.566940500000e+01  6.443790342934e-02
 5.444051809235e+04  1.568357800000e+01  6.496868610362e-02
 5.411741958983e+04  1.589947600000e+01  6.725665523395e-02
 5.411742613321e+04  1.593822500000e+01  6.771671343567e-02
 5.411743273608e+04  1.596200700000e+01  6.799611704377e-02
 5.411743925029e+04  1.594210100000e+01  6.775553417615e-02
 5.425822264797e+04  1.585076800000e+01  6.730971755345e-02
 5.425822960399e+04  1.586940300000e+01  6.748990691954e-02
 5.425823658953e+04  1.590803400000e+01  6.795453766733e-02
 5.425824354149e+04  1.587678000000e+01  6.765380115836e-02
 5.427621645750e+04  1.602854300000e+01  7.045328727980e-02
 5.427622405730e+04  1.589724100000e+01  6.878023237446e-02
 5.427623161543e+04  1.559039200000e+01  6.529526860826e-02
 5.427623919718e+04  1.539058600000e+01  6.337778931122e-02
 5.417529167616e+04  1.602473500000e+01  6.917540962672e-02
 5.417529811190e+04  1.599304100000e+01  6.867641876006e-02
 5.417530457472e+04  1.604205800000e+01  6.935641522241e-02
 5.417531102237e+04  1.603010500000e+01  6.922471415492e-02
 5.423124203547e+04  1.542231300000e+01  6.306140590622e-02
 5.423124850038e+04  1.547986900000e+01  6.363743661953e-02
 5.423125494074e+04  1.546449300000e+01  6.345866882451e-02
 5.423126135148e+04  1.547734400000e+01  6.361053992694e-02
 5.424316175957e+04  1.600413900000e+01  6.986935825368e-02
 5.424316815596e+04  1.604907000000e+01  7.045237705172e-02
 5.424317456669e+04  1.593559500000e+01  6.887706818836e-02
 5.424318100926e+04  1.601583500000e+01  7.003047714394e-02
 5.456333574694e+04  1.599609100000e+01  6.901011296356e-02
 5.456334075843e+04  1.600279500000e+01  6.902538429594e-02
 5.456334577742e+04  1.603758100000e+01  6.944268333357e-02
 5.456335079747e+04  1.605092100000e+01  6.962830988351e-02
 5.456933150801e+04  1.600879400000e+01  6.871983964189e-02
 5.456933696939e+04  1.608083300000e+01  6.964510898703e-02
 5.456934247221e+04  1.603180300000e+01  6.913140808831e-02
 5.456934795513e+04  1.603849800000e+01  6.918527036760e-02
 5.458531229132e+04  1.539000500000e+01  6.245622648904e-02
 5.458531901561e+04  1.539936400000e+01  6.254605774702e-02
 5.458532571549e+04  1.546102300000e+01  6.309920825331e-02
 5.458533237495e+04  1.549037800000e+01  6.335188834037e-02
 5.480651081656e+04  1.601141300000e+01  6.876850147409e-02
 5.480651778716e+04  1.605246900000e+01  6.925450575101e-02
 5.480652479955e+04  1.603182400000e+01  6.887922838639e-02
 5.480653181922e+04  1.610789800000e+01  6.981494598351e-02
 5.449749929847e+04  1.604840500000e+01  6.878557019700e-02
 5.449750585297e+04  1.601503200000e+01  6.838026904134e-02
 5.449751233293e+04  1.599393900000e+01  6.814907971350e-02
 5.449751881229e+04  1.600910300000e+01  6.837082943463e-02
 5.450640834662e+04  1.579251000000e+01  6.594906312326e-02
 5.450641693547e+04  1.581571500000e+01  6.619370294353e-02
 5.450642544262e+04  1.584125000000e+01  6.646285520301e-02
 5.450643394373e+04  1.584489300000e+01  6.647974698340e-02
 5.451439376898e+04  1.534908400000e+01  6.213727347639e-02
 5.451440034627e+04  1.542214400000e+01  6.287025526334e-02
 5.451440692566e+04  1.539262600000e+01  6.280449954181e-02
 5.451441349242e+04  1.548229600000e+01  6.378515375308e-02
 5.448045801554e+04  1.534856900000e+01  6.165591237221e-02
 5.448046513384e+04  1.542516200000e+01  6.229016086401e-02
 5.448047230492e+04  1.544946900000e+01  6.243575566563e-02
 5.448047942922e+04  1.543023500000e+01  6.218546204036e-02
 5.452834430903e+04  1.601890200000e+01  6.857568741317e-02
 5.452835176507e+04  1.601948100000e+01  6.821454714284e-02
 5.452835904656e+04  1.607884800000e+01  6.933629935325e-02
 5.452836633755e+04  1.604518100000e+01  6.886174695884e-02
 5.453635697147e+04  1.594955800000e+01  6.453565510739e-02
 5.453636367736e+04  1.599187200000e+01  6.480900551770e-02
 5.453637041415e+04  1.599165200000e+01  6.481055341699e-02
 5.453637713787e+04  1.591640100000e+01  6.408357799657e-02
 5.455643004903e+04  1.534591400000e+01  6.213364157450e-02
 5.455643719372e+04  1.540507200000e+01  6.271634154640e-02
 5.455644435669e+04  1.542143000000e+01  6.285477826712e-02
 5.455645154767e+04  1.546430000000e+01  6.329082592705e-02
 5.459224103575e+04  1.596862500000e+01  6.887955225358e-02
 5.459224746951e+04  1.604451300000e+01  6.982534066612e-02
 5.459225388986e+04  1.606023800000e+01  7.004398804916e-02
 5.459226032560e+04  1.609220100000e+01  7.049655301471e-02
 5.494426223823e+04  1.605987500000e+01  6.979660372028e-02
 5.494426955595e+04  1.602034000000e+01  6.963682369884e-02
 5.494427672264e+04  1.600248500000e+01  6.898731453335e-02
 5.494428399790e+04  1.600429800000e+01  6.894734990362e-02
 5.486735392416e+04  1.606052900000e+01  7.268304032321e-02
 5.486736243985e+04  1.586377700000e+01  6.982352664931e-02
 5.486737114017e+04  1.551308300000e+01  6.555413017520e-02
 5.486737984315e+04  1.531435600000e+01  6.353758051538e-02
 5.488935174667e+04  1.579131000000e+01  6.574602606856e-02
 5.488935954741e+04  1.580784900000e+01  6.554119400400e-02
 5.488936743808e+04  1.581013000000e+01  6.590382422013e-02
 5.488937537100e+04  1.583134500000e+01  6.615425954345e-02
 5.483349621388e+04  1.524547300000e+01  6.078156591216e-02
 5.483350484104e+04  1.530181600000e+01  6.120587289472e-02
 5.483351338962e+04  1.533182800000e+01  6.111200268352e-02
 5.483352201840e+04  1.533777600000e+01  6.144067836009e-02
 5.485645805530e+04  1.589300400000e+01  6.656792243453e-02
 5.485646590824e+04  1.589236000000e+01  6.655537364090e-02
 5.485647376500e+04  1.587412700000e+01  6.753032423286e-02
 5.485648148008e+04  1.589816300000e+01  6.800172920635e-02
 5.504214806671e+04  1.524138700000e+01  6.660682540553e-02
 5.504215430591e+04  1.517178700000e+01  6.594349251472e-02
 5.504216057999e+04  1.505843700000e+01  6.487164839399e-02
 5.504216693622e+04  1.507437200000e+01  6.523001602466e-02
 5.500425109706e+04  1.552653500000e+01  6.417863656019e-02
 5.500425830263e+04  1.554012300000e+01  6.439951076668e-02
 5.500426558021e+04  1.550041900000e+01  6.404377308198e-02
 5.500427287365e+04  1.558920300000e+01  6.498749062988e-02
 5.491228548960e+04  1.604948300000e+01  6.920839684046e-02
 5.491229087146e+04  1.602685500000e+01  6.887966091579e-02
 5.491229634976e+04  1.603716400000e+01  6.897659493867e-02
 5.491230183256e+04  1.606371900000e+01  6.923474592179e-02
 5.491931199064e+04  1.599334400000e+01  6.865432223095e-02
 5.491932008516e+04  1.600668300000e+01  6.974588547553e-02
 5.491932606139e+04  1.608236100000e+01  6.949022021687e-02
 5.491933201123e+04  1.600669100000e+01  6.852196464847e-02
 5.496529791538e+04  1.574731700000e+01  6.626573589726e-02
 5.496530451250e+04  1.571078900000e+01  6.586155619492e-02
 5.496531121897e+04  1.577184600000e+01  6.662913847755e-02
 5.496531784473e+04  1.574859100000e+01  6.638132710448e-02
 5.529039987340e+04  1.525198000000e+01  6.148615962721e-02
 5.529040798293e+04  1.532321900000e+01  6.207500932398e-02
 5.529041607257e+04  1.536407600000e+01  6.250520259907e-02
 5.529042423823e+04  1.542301200000e+01  6.306825701680e-02
 5.529925562339e+04  1.602756600000e+01  6.909395603770e-02
 5.529926245644e+04  1.601586500000e+01  6.896206809938e-02
 5.529926939868e+04  1.600931900000e+01  6.886401156662e-02
 5.529927637848e+04  1.605182800000e+01  6.940726345628e-02
 5.524239605806e+04  1.572163500000e+01  6.591643794551e-02
 5.524240304162e+04  1.575586300000e+01  6.622596639233e-02
 5.524241003793e+04  1.571604400000e+01  6.581738609326e-02
 5.524241702256e+04  1.576811400000e+01  6.632944675161e-02
 5.520847706890e+04  1.581841300000e+01  6.647003286739e-02
 5.520848541258e+04  1.578537800000e+01  6.615493934195e-02
 5.520849377571e+04  1.585799600000e+01  6.693644145077e-02
 5.520850213042e+04  1.584124300000e+01  6.670724775540e-02
 5.535916000609e+04  1.596996700000e+01  6.992533987493e-02
 5.535916685344e+04  1.598079000000e+01  7.016919223828e-02
 5.535917364266e+04  1.605678800000e+01  7.125566616469e-02
 5.535918050338e+04  1.610315500000e+01  7.197928618474e-02
 5.537021375397e+04  1.595737400000e+01  6.884753144027e-02
 5.537021835490e+04  1.601434300000e+01  6.966823212536e-02
 5.537022298383e+04  1.592621900000e+01  6.858578769045e-02
 5.537022755675e+04  1.600846300000e+01  6.964061048705e-02
 5.527238264105e+04  1.602628000000e+01  6.902230500532e-02
 5.527239010515e+04  1.600109800000e+01  6.902989364431e-02
 5.527239759002e+04  1.604798400000e+01  6.962783784937e-02
 5.527240513287e+04  1.599020100000e+01  6.844307149598e-02
 5.532326561054e+04  1.554684200000e+01  6.382966925445e-02
 5.532327246480e+04  1.536903200000e+01  6.225316781495e-02
 5.532327939582e+04  1.521847300000e+01  6.100629929122e-02
 5.532328634740e+04  1.510331700000e+01  6.018094302756e-02
 5.533725837715e+04  1.599148000000e+01  6.916701556682e-02
 5.533726642227e+04  1.602871600000e+01  6.972589842859e-02
 5.533727451696e+04  1.603995700000e+01  6.985332582063e-02
 5.533728250372e+04  1.603536700000e+01  6.988883143232e-02
 5.565633021185e+04  1.594200300000e+01  6.528202059860e-02
 5.565633643243e+04  1.594808400000e+01  6.536109396348e-02
 5.565634263911e+04  1.597960900000e+01  6.569205135508e-02
 5.565634884233e+04  1.587188300000e+01  6.457356740509e-02
 5.566428063758e+04  1.545319800000e+01  6.120227411031e-02
 5.566428679833e+04  1.551054500000e+01  6.165364132940e-02
 5.566429302852e+04  1.553504300000e+01  6.187327389838e-02
 5.566429926078e+04  1.553486400000e+01  6.183854635328e-02
 5.567715164157e+04  1.605998100000e+01  7.205177107551e-02
 5.567715963713e+04  1.606645300000e+01  7.205192528610e-02
 5.567716772583e+04  1.611140100000e+01  7.257633280601e-02
 5.567717581987e+04  1.603200200000e+01  7.133761808128e-02
 5.556655024493e+04  1.563191800000e+01  8.422070016202e-02
 5.556655161514e+04  1.561895300000e+01  8.438782892140e-02
 5.556655299118e+04  1.552094900000e+01  8.212505785385e-02
 5.556655435560e+04  1.561524400000e+01  8.333486490622e-02
 5.557647338958e+04  1.597380100000e+01  7.427267501946e-02
 5.557648161675e+04  1.611470600000e+01  7.650158000077e-02
 5.557648982060e+04  1.611168800000e+01  7.599826055791e-02
 5.557649800689e+04  1.613466000000e+01  7.674308372672e-02
 5.562830175223e+04  1.539406100000e+01  6.563807710103e-02
 5.562830922821e+04  1.547035000000e+01  6.642895583873e-02
 5.562831752944e+04  1.557790000000e+01  7.625884031327e-02
 5.562832505275e+04  1.553943200000e+01  6.898928478439e-02
 5.563430806428e+04  1.506709700000e+01  6.253849106031e-02
 5.563431670583e+04  1.507661700000e+01  6.558153450396e-02
 5.563432533649e+04  1.507211000000e+01  6.220289896221e-02
 5.563433405778e+04  1.510180000000e+01  6.189387295016e-02
 5.564443912922e+04  1.510964900000e+01  6.115343680814e-02
 5.564444623491e+04  1.507669600000e+01  6.086924327051e-02
 5.564445326144e+04  1.504901800000e+01  6.071396853754e-02
 5.564446029907e+04  1.511209000000e+01  6.121946522415e-02
 5.564929483728e+04  1.608490500000e+01  6.266097221886e-02
 5.564930764072e+04  1.601708600000e+01  6.202698059055e-02
 5.564932061789e+04  1.604013900000e+01  6.214576951037e-02
 5.564933358429e+04  1.606045400000e+01  6.235680056415e-02
 5.570727833179e+04  1.510914900000e+01  6.096717172458e-02
 5.570728786647e+04  1.518564500000e+01  6.158065568025e-02
 5.570729753117e+04  1.523910400000e+01  6.205183502833e-02
 5.570730715678e+04  1.531313400000e+01  6.271419327957e-02
 5.388726333777e+04  1.528912700000e+01  6.297822015885e-02
 5.388727303361e+04  1.533863700000e+01  6.348388945043e-02
 5.388728279058e+04  1.541590300000e+01  6.427168982266e-02
 5.388729253944e+04  1.545415800000e+01  6.479101525685e-02
 5.597833615926e+04  1.541191700000e+01  6.663188229887e-02
 5.597833953535e+04  1.553286700000e+01  6.776238295416e-02
 5.597834294999e+04  1.545912600000e+01  6.728111234563e-02
 5.597834632367e+04  1.547148800000e+01  6.727890969154e-02
 5.598349172844e+04  1.578072200000e+01  6.644521652919e-02
 5.598349633017e+04  1.578201300000e+01  6.649746990222e-02
 5.598350101288e+04  1.571152000000e+01  6.573478566117e-02
 5.598350570432e+04  1.581231500000e+01  6.682215014071e-02
 5.599947800962e+04  1.612580600000e+01  7.109085982746e-02
 5.599948370436e+04  1.615365200000e+01  7.142320338687e-02
 5.599948943358e+04  1.609973200000e+01  7.065765130856e-02
 5.599949508029e+04  1.608142600000e+01  7.047072411170e-02
 5.600833576788e+04  1.583844100000e+01  6.371890664310e-02
 5.600834466851e+04  1.582188800000e+01  6.367457227542e-02
 5.600835352913e+04  1.583191600000e+01  6.369926570319e-02
 5.600836235148e+04  1.589484200000e+01  6.433760515717e-02
 5.601436653130e+04  1.569803200000e+01  6.267375187881e-02
 5.601437330108e+04  1.566808200000e+01  6.243588027836e-02
 5.601438005763e+04  1.569105400000e+01  6.269354352501e-02
 5.601438690631e+04  1.573557200000e+01  6.307689000792e-02
 5.603027027273e+04  1.603092100000e+01  7.451198346035e-02
 5.603027367605e+04  1.603459100000e+01  7.766941540628e-02
 5.603027705133e+04  1.602933100000e+01  7.634902027112e-02
 5.603028043924e+04  1.606356600000e+01  8.299441636434e-02
 5.603535598249e+04  1.601058600000e+01  6.974516700149e-02
 5.603536062878e+04  1.602719000000e+01  7.010174286514e-02
 5.603536534443e+04  1.600813500000e+01  6.982703456803e-02
 5.603537002927e+04  1.602699300000e+01  7.013439888304e-02
 5.604126932586e+04  1.581783500000e+01  6.765167302036e-02
 5.604127504521e+04  1.580110200000e+01  6.750142006929e-02
 5.604128066956e+04  1.587383500000e+01  6.838900696240e-02
 5.604128628130e+04  1.590469700000e+01  6.853665632810e-02
 5.606229878323e+04  1.605899400000e+01  6.951234075797e-02
 5.606230607019e+04  1.606393000000e+01  6.961201624343e-02
 5.606231331559e+04  1.602918200000e+01  6.924388563191e-02
 5.606232078020e+04  1.589028800000e+01  6.757104811128e-02
 5.606925280988e+04  1.595636200000e+01  6.833813410593e-02
 5.606925953163e+04  1.602184100000e+01  6.912940362263e-02
 5.606926631535e+04  1.598756200000e+01  6.873542670716e-02
 5.606927310021e+04  1.599218600000e+01  6.884893022774e-02
 5.608923743624e+04  1.520405000000e+01  6.093904602292e-02
 5.608924362197e+04  1.525231800000e+01  6.132761490855e-02
 5.608924977840e+04  1.528846300000e+01  6.162197971255e-02
 5.608925592766e+04  1.533960400000e+01  6.206167707602e-02
