# time mag mag_err
 5.527251538862e+04  1.557804100000e+01  6.306038171245e-02
 5.355724612619e+04  1.566489400000e+01  6.490234846724e-02
 5.355725251898e+04  1.563003800000e+01  6.456128279563e-02
 5.355725894361e+04  1.560139100000e+01  6.427032366785e-02
 5.355726546512e+04  1.555155200000e+01  6.380069479661e-02
 5.349733107135e+04  1.494364300000e+01  5.869574394079e-02
 5.349733763835e+04  1.498133700000e+01  5.876730692165e-02
 5.349734419550e+04  1.500248300000e+01  5.905685903268e-02
 5.349735074652e+04  1.502568100000e+01  5.904404303241e-02
 5.350635520157e+04  1.506426900000e+01  6.095443869284e-02
 5.350636288494e+04  1.491314100000e+01  5.982508539604e-02
 5.350637059053e+04  1.475990700000e+01  5.880494906138e-02
 5.350637831500e+04  1.467698700000e+01  5.829585364896e-02
 5.363612376285e+04  1.380129600000e+01  5.419286028175e-02
 5.363612861470e+04  1.467854000000e+01  5.816515945769e-02
 5.363613347027e+04  1.468959300000e+01  5.822630198717e-02
 5.363613830187e+04  1.471398100000e+01  5.837261690946e-02
 5.384343119654e+04  1.555314000000e+01  6.419284054706e-02
 5.384343950679e+04  1.554669400000e+01  6.415646697329e-02
 5.384344770836e+04  1.559104000000e+01  6.459443418104e-02
 5.384345590912e+04  1.558697000000e+01  6.455175740086e-02
 5.385037561595e+04  1.556031400000e+01  6.438906418821e-02
 5.385038385872e+04  1.558306100000e+01  6.703426282878e-02
 5.385039202405e+04  1.554302100000e+01  6.647532248768e-02
 5.385040010177e+04  1.556420300000e+01  6.441497984780e-02
 5.392532408701e+04  1.550845100000e+01  1.045414326954e-01
 5.392532554738e+04  1.546195100000e+01  1.030325618519e-01
 5.392532704897e+04  1.537979100000e+01  1.002134074783e-01
 5.392532854337e+04  1.546073300000e+01  1.030940619358e-01
 5.394021458308e+04  1.521355200000e+01  6.242779685455e-02
 5.394022100933e+04  1.520647200000e+01  6.429152970110e-02
 5.394022743742e+04  1.520814800000e+01  6.329800016255e-02
 5.394023389619e+04  1.525730900000e+01  6.347683612098e-02
 5.390026972222e+04  1.545449900000e+01  1.045650834402e-01
 5.390027078604e+04  1.547272900000e+01  1.051024970935e-01
 5.390027187742e+04  1.543698900000e+01  1.036578525665e-01
 5.390027295896e+04  1.540118300000e+01  1.029932915384e-01
 5.379747454344e+04  1.466606500000e+01  5.742755211749e-02
 5.379748266132e+04  1.466983300000e+01  5.900982833254e-02
 5.379749091844e+04  1.470018900000e+01  5.798592554973e-02
 5.379749935416e+04  1.475887600000e+01  5.785025156451e-02
 5.381945439492e+04  1.465049000000e+01  5.747922538966e-02
 5.381946371922e+04  1.467246600000e+01  5.828388723364e-02
 5.381947289178e+04  1.471778900000e+01  5.856792038216e-02
 5.385938591296e+04  1.551896900000e+01  6.401251691950e-02
 5.385939407714e+04  1.551815500000e+01  6.401109765437e-02
 5.385940224005e+04  1.553134600000e+01  6.415680314899e-02
 5.385941034265e+04  1.557567800000e+01  6.460312365354e-02
 5.386636102104e+04  1.542357300000e+01  9.923085704420e-02
 5.386636180789e+04  1.542226500000e+01  9.918564877743e-02
 5.386636258791e+04  1.551796500000e+01  1.022695911565e-01
 5.386636343575e+04  1.547214800000e+01  1.007639410970e-01
 5.387937141927e+04  1.553162900000e+01  6.382622522648e-02
 5.387938001287e+04  1.552859400000e+01  6.382866316529e-02
 5.387938863020e+04  1.558174700000e+01  6.435355865879e-02
 5.387939722796e+04  1.560010600000e+01  6.456807736114e-02
 5.388540138013e+04  1.468787500000e+01  5.784937388490e-02
 5.388540857123e+04  1.473209600000e+01  5.814444511531e-02
 5.388541576464e+04  1.476235700000e+01  5.835514280800e-02
 5.388542298641e+04  1.483905400000e+01  5.885966862445e-02
 5.400912411303e+04  1.552322500000e+01  6.313650366011e-02
 5.400912625644e+04  1.555694600000e+01  6.364154573113e-02
 5.400912839774e+04  1.556677900000e+01  6.358753024065e-02
 5.400913053870e+04  1.554639500000e+01  6.443556638476e-02
 5.399214344035e+04  1.496474200000e+01  6.174685670645e-02
 5.399214719562e+04  1.500569900000e+01  6.213999803990e-02
 5.399215091769e+04  1.501990000000e+01  6.225437805478e-02
 5.399215465699e+04  1.501265100000e+01  6.222460360197e-02
 5.420137612289e+04  1.544470700000e+01  6.251433063177e-02
 5.420138537799e+04  1.547990100000e+01  6.278476027921e-02
 5.420139466653e+04  1.550978000000e+01  6.308109449683e-02
 5.420140393574e+04  1.552963500000e+01  6.324565799615e-02
 5.425726274101e+04  1.553707300000e+01  6.383735909477e-02
 5.425727237425e+04  1.554184200000e+01  6.466331151363e-02
 5.425728203884e+04  1.559033100000e+01  6.542437633226e-02
 5.425729167116e+04  1.552812000000e+01  6.364946386692e-02
 5.426727049146e+04  1.537698200000e+01  6.300071253673e-02
 5.426727815677e+04  1.542548700000e+01  6.898786183726e-02
 5.426929707650e+04  1.500263900000e+01  5.923402410244e-02
 5.426930564532e+04  1.505629400000e+01  5.960614399714e-02
 5.426931421948e+04  1.508470400000e+01  5.982382724067e-02
 5.426932282025e+04  1.511127900000e+01  6.002611010487e-02
 5.417143146406e+04  1.557918500000e+01  6.317218776996e-02
 5.417143684292e+04  1.555278900000e+01  6.293017109473e-02
 5.417144221610e+04  1.555338900000e+01  6.297555772815e-02
 5.417144758733e+04  1.558309500000e+01  6.321047924308e-02
 5.418541980663e+04  1.556886100000e+01  6.342358734655e-02
 5.418542916543e+04  1.555383900000e+01  6.327660181465e-02
 5.418543852793e+04  1.557005000000e+01  6.341541837691e-02
 5.418544795595e+04  1.557768200000e+01  6.348909589922e-02
 5.423133239309e+04  1.526819800000e+01  6.098887809472e-02
 5.423133885094e+04  1.531036200000e+01  6.130934445611e-02
 5.423134530253e+04  1.531297800000e+01  6.135152318606e-02
 5.423135174451e+04  1.534705600000e+01  6.159606881773e-02
 5.424139816123e+04  1.491411400000e+01  5.874688555667e-02
 5.424140680147e+04  1.495301100000e+01  5.905017846140e-02
 5.424141545514e+04  1.497952300000e+01  5.926907037052e-02
 5.424142411020e+04  1.502648100000e+01  5.964752449799e-02
 5.438208576681e+04  1.546779800000e+01  7.122572312383e-02
 5.438208829899e+04  1.549978900000e+01  7.175085825922e-02
 5.438209084205e+04  1.546210600000e+01  7.121821774887e-02
 5.438209337840e+04  1.544521100000e+01  7.100029769363e-02
 5.439109546078e+04  1.528810400000e+01  6.121228435112e-02
 5.439109990683e+04  1.529126300000e+01  6.131791444868e-02
 5.439110435334e+04  1.528834200000e+01  6.136991223992e-02
 5.439110879987e+04  1.531145500000e+01  6.161854145678e-02
 5.434715177360e+04  1.527277800000e+01  5.880852069450e-02
 5.434716169619e+04  1.528301300000e+01  5.892591531265e-02
 5.434717158766e+04  1.532428700000e+01  5.922108285229e-02
 5.434718146894e+04  1.536546800000e+01  5.962506352009e-02
 5.435415052747e+04  1.535915700000e+01  6.217253006374e-02
 5.435415482281e+04  1.535869800000e+01  6.212473136143e-02
 5.435415909641e+04  1.535392700000e+01  6.218076286270e-02
 5.435416336525e+04  1.538301000000e+01  6.246204748657e-02
 5.455932961509e+04  1.506975700000e+01  5.954878362913e-02
 5.455933875397e+04  1.512238200000e+01  5.987543404574e-02
 5.455934790281e+04  1.514129300000e+01  5.994659199783e-02
 5.455935708810e+04  1.516714800000e+01  6.011948539326e-02
 5.456531591108e+04  1.531014900000e+01  6.175515630787e-02
 5.456532247402e+04  1.529049000000e+01  6.155251008114e-02
 5.456532905119e+04  1.534836000000e+01  6.190902565474e-02
 5.456533561969e+04  1.536533500000e+01  6.196957159367e-02
 5.457144648008e+04  1.550922400000e+01  6.227462944539e-02
 5.457145295250e+04  1.551606900000e+01  6.238110747093e-02
 5.457145939542e+04  1.552161200000e+01  6.243708990101e-02
 5.457146589910e+04  1.553274000000e+01  6.255261154760e-02
 5.458238157023e+04  1.505619600000e+01  5.938614466001e-02
 5.458238809579e+04  1.508457600000e+01  5.959952761653e-02
 5.458239461116e+04  1.509900000000e+01  5.974526641607e-02
 5.458240113752e+04  1.509879400000e+01  5.973645380624e-02
 5.450550497578e+04  1.553305200000e+01  6.260691703324e-02
 5.450551247591e+04  1.552560700000e+01  6.250258473893e-02
 5.450552000199e+04  1.549801600000e+01  6.224261009797e-02
 5.450552753431e+04  1.551376400000e+01  6.238032367633e-02
 5.451551351853e+04  1.542423900000e+01  6.196563070477e-02
 5.451551783889e+04  1.544505700000e+01  6.230651131074e-02
 5.451552218956e+04  1.543349200000e+01  6.198728241190e-02
 5.451552652485e+04  1.545052600000e+01  6.257535674531e-02
 5.462534530990e+04  1.527503900000e+01  6.100906039428e-02
 5.462535301734e+04  1.528089000000e+01  6.106178906551e-02
 5.462536074874e+04  1.529826800000e+01  6.125555853605e-02
 5.462536845884e+04  1.533094500000e+01  6.152061575666e-02
 5.464036344532e+04  1.531682900000e+01  6.181373573807e-02
 5.464036995420e+04  1.535401800000e+01  6.234407205506e-02
 5.464037647154e+04  1.533898200000e+01  6.232924599367e-02
 5.464038299340e+04  1.538356100000e+01  6.285545225381e-02
 5.452750293559e+04  1.549850300000e+01  6.231413324054e-02
 5.452750945756e+04  1.547085900000e+01  6.209507056862e-02
 5.452751597883e+04  1.555131500000e+01  6.280507887129e-02
 5.452752245578e+04  1.561127800000e+01  6.304141327494e-02
 5.453747199868e+04  1.535773500000e+01  6.178408735005e-02
 5.453747740045e+04  1.540356600000e+01  6.700125741251e-02
 5.453748281819e+04  1.545094700000e+01  6.702846788518e-02
 5.453748823942e+04  1.539751600000e+01  6.236173565143e-02
 5.458931522694e+04  1.490924600000e+01  5.823916412700e-02
 5.458932336774e+04  1.495768500000e+01  5.853968018788e-02
 5.458933150484e+04  1.498743700000e+01  5.871761426239e-02
 5.458933964506e+04  1.502414800000e+01  5.890547634847e-02
 5.460036629910e+04  1.555174700000e+01  6.322559909110e-02
 5.460037392008e+04  1.553524900000e+01  6.311582760026e-02
 5.460038155206e+04  1.554210200000e+01  6.320856821539e-02
 5.460038915625e+04  1.553513500000e+01  6.315517023631e-02
 5.460139847392e+04  1.554707600000e+01  6.349400726812e-02
 5.460140305458e+04  1.550466700000e+01  6.310577511945e-02
 5.460140761153e+04  1.550897400000e+01  6.317494119953e-02
 5.460141213351e+04  1.551063700000e+01  6.318563708181e-02
 5.473708509918e+04  1.545731700000e+01  6.574581329089e-02
 5.473708993935e+04  1.556968800000e+01  6.772091347485e-02
 5.473709472083e+04  1.553020300000e+01  6.750895353741e-02
 5.473709959284e+04  1.550780000000e+01  6.728640134808e-02
 5.494442234194e+04  1.551663400000e+01  6.285702519920e-02
 5.494443083856e+04  1.552585900000e+01  6.296826611071e-02
 5.494443932141e+04  1.553714200000e+01  6.308301070395e-02
 5.494444790031e+04  1.558453200000e+01  6.351419429908e-02
 5.504521550337e+04  1.555058300000e+01  6.879198020706e-02
 5.504522043985e+04  1.564436100000e+01  6.998932899210e-02
 5.504522537852e+04  1.557898000000e+01  6.926468622399e-02
 5.504523025443e+04  1.557123700000e+01  6.921491970630e-02
 5.505819815226e+04  1.558741100000e+01  6.150241344724e-02
 5.505820534802e+04  1.555610700000e+01  6.133936886684e-02
 5.505821257091e+04  1.554459500000e+01  6.136128875381e-02
 5.505821981905e+04  1.557745200000e+01  6.150461980603e-02
 5.487752916356e+04  1.556803800000e+01  6.814493799146e-02
 5.488845975370e+04  1.499104700000e+01  5.845759875185e-02
 5.488846752284e+04  1.501638400000e+01  5.865245298148e-02
 5.488847532311e+04  1.492982100000e+01  5.807788704288e-02
 5.488848326552e+04  1.507434500000e+01  5.894270182694e-02
 5.499729893169e+04  1.505931200000e+01  5.929184036304e-02
 5.499730504000e+04  1.505246700000e+01  5.923471380489e-02
 5.499731115639e+04  1.510399100000e+01  5.958039126873e-02
 5.499731725856e+04  1.508043200000e+01  5.940910191098e-02
 5.491844356638e+04  1.480033200000e+01  5.764297084081e-02
 5.491844895878e+04  1.484364000000e+01  5.790071619956e-02
 5.491845436970e+04  1.486788700000e+01  5.802364308993e-02
 5.491845990946e+04  1.491235600000e+01  5.828653899781e-02
 5.495432977931e+04  1.469612900000e+01  6.203359966710e-02
 5.495435152602e+04  1.479116900000e+01  5.883130768104e-02
 5.495525750360e+04  1.558080100000e+01  6.837346771186e-02
 5.495526343400e+04  1.556190000000e+01  6.839968883114e-02
 5.495526920316e+04  1.550779300000e+01  6.759773734590e-02
 5.495527511725e+04  1.555626700000e+01  6.807965259085e-02
 5.496539850825e+04  1.555769800000e+01  6.356607987980e-02
 5.496540474109e+04  1.557181100000e+01  6.370663601755e-02
 5.496541101596e+04  1.552864100000e+01  6.334279142959e-02
 5.496541710564e+04  1.556672900000e+01  6.371302818177e-02
 5.498033362662e+04  1.548775800000e+01  6.290890495373e-02
 5.498034104238e+04  1.552278900000e+01  6.324912071983e-02
 5.498034848583e+04  1.549553600000e+01  6.297890882632e-02
 5.498035591308e+04  1.552980200000e+01  6.333536801306e-02
 5.511908212804e+04  1.525008800000e+01  6.105143514915e-02
 5.511908762469e+04  1.527506600000e+01  6.136053914155e-02
 5.511909313133e+04  1.527310400000e+01  6.140057217954e-02
 5.511909863647e+04  1.532034500000e+01  6.185181866938e-02
 5.509810513733e+04  1.512993900000e+01  6.398968090463e-02
 5.509810956671e+04  1.511153100000e+01  6.383231982963e-02
 5.509811375789e+04  1.511945000000e+01  6.398843046802e-02
 5.509811814831e+04  1.512509400000e+01  6.410155426524e-02
 5.529344243455e+04  1.557587400000e+01  6.323067925933e-02
 5.529344879866e+04  1.558267500000e+01  6.327577977365e-02
 5.529345512699e+04  1.561335600000e+01  6.353228040867e-02
 5.529346151633e+04  1.558226200000e+01  6.324181354757e-02
 5.520253783854e+04  1.468532400000e+01  5.967560828580e-02
 5.520254249169e+04  1.465906300000e+01  5.959198450154e-02
 5.538120669795e+04  1.528262200000e+01  6.116954270518e-02
 5.538121405818e+04  1.529344200000e+01  6.126945362385e-02
 5.538122151168e+04  1.533036500000e+01  6.161345994545e-02
 5.538122892918e+04  1.534107400000e+01  6.168901472487e-02
 5.535130506965e+04  1.551891400000e+01  6.284404997020e-02
 5.535131245544e+04  1.555997700000e+01  6.331942810262e-02
 5.535131991554e+04  1.557275700000e+01  6.370429925444e-02
 5.535132739707e+04  1.550573800000e+01  6.284898509189e-02
 5.535928065218e+04  1.542389700000e+01  6.231507178744e-02
 5.535928814059e+04  1.542486800000e+01  6.232237850584e-02
 5.535929556240e+04  1.546656400000e+01  6.266566369251e-02
 5.535930303686e+04  1.550309700000e+01  6.285850901049e-02
 5.536527558851e+04  1.556662200000e+01  6.326646223080e-02
 5.536528069987e+04  1.558255300000e+01  6.343003143024e-02
 5.536528582181e+04  1.560421400000e+01  6.361146051118e-02
 5.536529101882e+04  1.556573800000e+01  6.329853351429e-02
 5.527249454456e+04  1.555083400000e+01  6.280280799522e-02
 5.527250149610e+04  1.557539100000e+01  6.305084340946e-02
 5.527250844922e+04  1.557790200000e+01  6.305595956824e-02
 5.532334571963e+04  1.538474800000e+01  6.164032093351e-02
 5.532335326596e+04  1.538737200000e+01  6.163482243563e-02
 5.532336074179e+04  1.543481200000e+01  6.204806678937e-02
 5.532336821767e+04  1.541925500000e+01  6.191527288446e-02
 5.533233494506e+04  1.502810100000e+01  5.907311161042e-02
 5.533234191300e+04  1.503813300000e+01  5.915449446525e-02
 5.533234888142e+04  1.509137900000e+01  5.952332128589e-02
 5.533235583299e+04  1.511061500000e+01  5.966350596959e-02
 5.534023992965e+04  1.558515000000e+01  6.364632649902e-02
 5.534024680441e+04  1.559978100000e+01  6.370907820916e-02
 5.534025365141e+04  1.551856400000e+01  6.301714400166e-02
 5.534026053682e+04  1.539971500000e+01  6.191235615320e-02
 5.545514459889e+04  1.515535600000e+01  6.004770645178e-02
 5.545516041595e+04  1.519006500000e+01  6.045849799924e-02
 5.545516789667e+04  1.522493700000e+01  6.075309951233e-02
 5.567544988659e+04  1.499210700000e+01  6.144351604066e-02
 5.567545605507e+04  1.499532600000e+01  6.147030493939e-02
 5.567546216060e+04  1.514706200000e+01  6.277434050363e-02
 5.567546826971e+04  1.518552100000e+01  6.321071816544e-02
 5.571326761296e+04  1.562021100000e+01  7.014418313869e-02
 5.571327268025e+04  1.558506500000e+01  6.771923336730e-02
 5.571327777611e+04  1.555481400000e+01  6.683342542678e-02
 5.571328293124e+04  1.551060300000e+01  6.501694987224e-02
 5.565041073267e+04  1.548396100000e+01  6.337086175964e-02
 5.565041868228e+04  1.548702900000e+01  6.370019992832e-02
 5.565042665456e+04  1.552106000000e+01  6.364838373707e-02
 5.565043473948e+04  1.557273300000e+01  6.421502627260e-02
 5.568743164262e+04  1.550499500000e+01  6.403094574064e-02
 5.568743845866e+04  1.555381300000e+01  6.444497913979e-02
 5.568744534801e+04  1.556229500000e+01  6.453624853405e-02
 5.568745213458e+04  1.554664200000e+01  6.437880781407e-02
 5.570637828781e+04  1.561863400000e+01  6.473709641427e-02
 5.570638765774e+04  1.557752700000e+01  6.434514551238e-02
 5.570639691807e+04  1.540207100000e+01  6.272775329520e-02
 5.570640623832e+04  1.510475800000e+01  6.036826339823e-02
 5.495436369956e+04  1.482814600000e+01  5.865656461998e-02
 5.495438570858e+04  1.501536700000e+01  6.630734878933e-02
 5.583013400053e+04  1.553213500000e+01  6.324565799615e-02
 5.583014136082e+04  1.555331600000e+01  6.353485396295e-02
 5.583014879591e+04  1.549601100000e+01  6.309494395416e-02
 5.583015623656e+04  1.548781800000e+01  6.315914774686e-02
 5.598844511858e+04  1.478064800000e+01  5.777572256995e-02
 5.598845228641e+04  1.479330200000e+01  5.783439730050e-02
 5.598845940374e+04  1.485449600000e+01  5.817710472622e-02
 5.598846662354e+04  1.490044300000e+01  5.842664714366e-02
 5.601245132360e+04  1.561224700000e+01  6.479694452708e-02
 5.601245633125e+04  1.566057100000e+01  6.524421915839e-02
 5.601246142440e+04  1.566015600000e+01  6.524091340945e-02
 5.601246649329e+04  1.566145800000e+01  6.518542297690e-02
 5.601942200139e+04  1.565301600000e+01  6.438286175303e-02
 5.601942884285e+04  1.570601000000e+01  6.488698041335e-02
 5.601943568035e+04  1.568903800000e+01  6.470923733225e-02
 5.601944249428e+04  1.566825800000e+01  6.452095641657e-02
 5.603539544043e+04  1.560767300000e+01  6.409468927272e-02
 5.603539827736e+04  1.559286000000e+01  6.394879998147e-02
 5.603540111500e+04  1.554445500000e+01  6.347473736454e-02
 5.603540398690e+04  1.558726300000e+01  6.390818782463e-02
 5.604634019973e+04  1.479829100000e+01  5.652609684916e-02
 5.604635049728e+04  1.485238800000e+01  5.679522414940e-02
 5.604636076126e+04  1.490293900000e+01  5.704464584553e-02
 5.604637104028e+04  1.495131900000e+01  5.731360607124e-02
 5.608741314213e+04  1.549104600000e+01  6.264107913073e-02
 5.608741829480e+04  1.548947100000e+01  6.267005414452e-02
 5.608742346624e+04  1.555787000000e+01  6.330736879417e-02
 5.608742856744e+04  1.556783400000e+01  6.347258861376e-02
 5.609325211203e+04  1.556821800000e+01  6.344110220648e-02
 5.609326049728e+04  1.556601200000e+01  6.351173077306e-02
 5.609326886759e+04  1.556862400000e+01  6.352854771758e-02
 5.609327733082e+04  1.557236900000e+01  6.355300273288e-02
 5.609921568674e+04  1.558366000000e+01  6.465284876462e-02
 5.609922421807e+04  1.557386300000e+01  6.392856818131e-02
 5.609923269627e+04  1.557434300000e+01  6.384027846572e-02
 5.609924113983e+04  1.556209800000e+01  6.369667251493e-02
 5.618711253266e+04  1.554966900000e+01  5.936004801813e-02
 5.618711804387e+04  1.551674400000e+01  5.914746510121e-02
 5.618712357480e+04  1.555602600000e+01  5.943601909086e-02
 5.618712913867e+04  1.553569500000e+01  5.930524073384e-02
 5.619512775028e+04  1.559840200000e+01  6.186989226272e-02
 5.619513192711e+04  1.563269300000e+01  6.214442490896e-02
 5.619513606218e+04  1.557853900000e+01  6.175387009026e-02
 5.619514022778e+04  1.558000400000e+01  6.182255161485e-02
