# time mag mag_err
 5.346932280263e+04  1.556071200000e+01  6.398859299976e-02
 5.346933093150e+04  1.560997900000e+01  6.458378269754e-02
 5.346933904487e+04  1.557622800000e+01  6.431790767495e-02
 5.373346610005e+04  1.538426800000e+01  6.251420341829e-02
 5.373347266507e+04  1.539107100000e+01  6.618444744765e-02
 5.373348178475e+04  1.543175900000e+01  6.728490224708e-02
 5.373349579238e+04  1.542488700000e+01  7.431652091194e-02
 5.350621924181e+04  1.563191100000e+01  6.718558494867e-02
 5.350622688050e+04  1.563949700000e+01  6.733257325930e-02
 5.350623455275e+04  1.565482300000e+01  6.739609904004e-02
 5.350624225962e+04  1.558598300000e+01  6.651507834048e-02
 5.383237308552e+04  1.525962900000e+01  6.377542788105e-02
 5.383238265336e+04  1.529075100000e+01  6.411297521862e-02
 5.383239220916e+04  1.528490800000e+01  6.417247068457e-02
 5.383240172410e+04  1.527775600000e+01  6.403560248205e-02
 5.385116159796e+04  1.525903000000e+01  6.212063579220e-02
 5.385116836508e+04  1.526457900000e+01  6.215915262186e-02
 5.385117519124e+04  1.525817000000e+01  6.209084069548e-02
 5.385118202340e+04  1.528725500000e+01  6.232335916309e-02
 5.376734207127e+04  1.527696100000e+01  6.174296856597e-02
 5.376735030304e+04  1.529118100000e+01  6.186231051183e-02
 5.376735857256e+04  1.531149400000e+01  6.194970702510e-02
 5.376736688384e+04  1.529600100000e+01  6.183037508495e-02
 5.379039121288e+04  1.515233200000e+01  6.072530916983e-02
 5.379039991123e+04  1.518176700000e+01  6.092651049583e-02
 5.379040866410e+04  1.519356400000e+01  6.104567466342e-02
 5.379041745990e+04  1.522600200000e+01  6.127028985286e-02
 5.373950777569e+04  1.555435000000e+01  6.385149202394e-02
 5.373951702985e+04  1.554580700000e+01  6.370554561836e-02
 5.373952630589e+04  1.555429100000e+01  6.382331256625e-02
 5.373953557453e+04  1.555068700000e+01  6.378925843720e-02
 5.388722765242e+04  1.513892100000e+01  6.152564259178e-02
 5.388723737582e+04  1.515962100000e+01  6.174432518340e-02
 5.390227651032e+04  1.532592100000e+01  1.030276473837e-01
 5.390227749301e+04  1.528520600000e+01  1.016553804591e-01
 5.390227846991e+04  1.530987800000e+01  1.025129908666e-01
 5.390227946660e+04  1.527687800000e+01  1.013075153607e-01
 5.380042519664e+04  1.509610200000e+01  6.370809086459e-02
 5.380043096071e+04  1.508023400000e+01  6.097186463887e-02
 5.380043669259e+04  1.510550000000e+01  6.254044526039e-02
 5.380044252147e+04  1.508599800000e+01  6.131872508077e-02
 5.381927691329e+04  1.514915400000e+01  6.258927114287e-02
 5.381928508788e+04  1.517707500000e+01  6.188893250972e-02
 5.381929324361e+04  1.516392700000e+01  6.150752726853e-02
 5.381930142644e+04  1.519673100000e+01  6.162932974343e-02
 5.385921865348e+04  1.532904100000e+01  6.294982715206e-02
 5.385922563844e+04  1.534439100000e+01  6.312990200007e-02
 5.385923255765e+04  1.535897000000e+01  6.319282602376e-02
 5.385923948439e+04  1.538347600000e+01  6.343360405351e-02
 5.387823667373e+04  1.553550600000e+01  6.455503015718e-02
 5.387824415407e+04  1.554028700000e+01  6.463462300155e-02
 5.387825163674e+04  1.552815100000e+01  6.455556492867e-02
 5.387825910331e+04  1.554748700000e+01  6.477461402114e-02
 5.388526338750e+04  1.538078900000e+01  6.357715090641e-02
 5.420425417663e+04  1.563931100000e+01  6.457965845086e-02
 5.420426169332e+04  1.562579900000e+01  6.440584422283e-02
 5.420426923605e+04  1.561680100000e+01  6.435378954475e-02
 5.420427677637e+04  1.563021000000e+01  6.450581848093e-02
 5.445246118113e+04  1.536170400000e+01  6.175324575659e-02
 5.445246797476e+04  1.534575400000e+01  6.162897096415e-02
 5.445247476907e+04  1.537199600000e+01  6.180627102292e-02
 5.445248163921e+04  1.539752800000e+01  6.200848224873e-02
 5.412844445457e+04  1.537492300000e+01  6.176321165784e-02
 5.412844930968e+04  1.532257400000e+01  6.145203716873e-02
 5.412845421825e+04  1.530588700000e+01  6.121711463811e-02
 5.412845911549e+04  1.527309200000e+01  6.095324604444e-02
 5.427618714458e+04  1.542978400000e+01  6.327669808885e-02
 5.427619366042e+04  1.544678300000e+01  6.347768657182e-02
 5.427620015889e+04  1.539448600000e+01  6.302690440056e-02
 5.427620668410e+04  1.542277900000e+01  6.333580655760e-02
 5.416844643507e+04  1.530886600000e+01  6.135587633347e-02
 5.416845507902e+04  1.535654000000e+01  6.178637957788e-02
 5.416846378466e+04  1.533360200000e+01  6.162155006848e-02
 5.416847248810e+04  1.534562800000e+01  6.169224588842e-02
 5.417441775609e+04  1.556828700000e+01  6.340627258266e-02
 5.417442436683e+04  1.553252700000e+01  6.317603402890e-02
 5.417443097190e+04  1.556040900000e+01  6.343127147908e-02
 5.417443763543e+04  1.556711000000e+01  6.350831220290e-02
 5.423123989370e+04  1.522635200000e+01  6.119531535123e-02
 5.423124633557e+04  1.525958100000e+01  6.148033502215e-02
 5.423125278705e+04  1.525994200000e+01  6.148232213946e-02
 5.423125921422e+04  1.529028700000e+01  6.173293090916e-02
 5.424316493971e+04  1.552854500000e+01  6.409391447784e-02
 5.424317135426e+04  1.550592100000e+01  6.388546759742e-02
 5.424317777530e+04  1.549852300000e+01  6.383571445275e-02
 5.424318419900e+04  1.555408700000e+01  6.404421255173e-02
 5.456333634165e+04  1.557464000000e+01  6.393573547844e-02
 5.456334136655e+04  1.557698200000e+01  6.392652131567e-02
 5.456334640859e+04  1.562154600000e+01  6.431040090233e-02
 5.456335140050e+04  1.557232200000e+01  6.395463846933e-02
 5.456932825785e+04  1.516573700000e+01  6.029992975395e-02
 5.456933375674e+04  1.513447700000e+01  6.006875461569e-02
 5.456933922807e+04  1.517137900000e+01  6.037079287030e-02
 5.456934472788e+04  1.518347100000e+01  6.042521658140e-02
 5.458527987663e+04  1.518850800000e+01  6.060125122034e-02
 5.458528660914e+04  1.518789100000e+01  6.064394678644e-02
 5.458529334361e+04  1.519592400000e+01  6.070390733213e-02
 5.458530005494e+04  1.521337100000e+01  6.081294432419e-02
 5.480647863325e+04  1.529573800000e+01  6.127176142949e-02
 5.480648593604e+04  1.530630700000e+01  6.129446627869e-02
 5.480649311557e+04  1.531487800000e+01  6.132460521402e-02
 5.480650028618e+04  1.531042900000e+01  6.127755387865e-02
 5.449741573066e+04  1.555258800000e+01  6.610138419976e-02
 5.449742112156e+04  1.552565600000e+01  6.587438381084e-02
 5.449742659081e+04  1.552729400000e+01  6.484015877496e-02
 5.449743202869e+04  1.554378400000e+01  6.687185657094e-02
 5.450433144334e+04  1.515444900000e+01  5.815994144400e-02
 5.450433943367e+04  1.516423300000e+01  5.817860837272e-02
 5.450434739877e+04  1.518144200000e+01  5.825868163050e-02
 5.450435534604e+04  1.522229600000e+01  5.849093100622e-02
 5.451433790069e+04  1.517731500000e+01  6.060642160261e-02
 5.451434441410e+04  1.516111600000e+01  6.045091232231e-02
 5.451435098271e+04  1.512123800000e+01  6.010460335498e-02
 5.451435748975e+04  1.511350000000e+01  6.014512947954e-02
 5.452834591905e+04  1.539349200000e+01  6.183574660069e-02
 5.452835337962e+04  1.541579700000e+01  6.204270960692e-02
 5.452836066366e+04  1.540281800000e+01  6.194890650283e-02
 5.452836795800e+04  1.541133700000e+01  6.200239498248e-02
 5.453630804601e+04  1.540357100000e+01  5.970824479792e-02
 5.453631465987e+04  1.539694700000e+01  5.963935429418e-02
 5.453632128799e+04  1.537350700000e+01  5.948017912350e-02
 5.453632789294e+04  1.541954200000e+01  5.978189201993e-02
 5.455533247247e+04  1.551761900000e+01  6.313442786098e-02
 5.455533963196e+04  1.551414000000e+01  6.309396047087e-02
 5.455534676947e+04  1.554391300000e+01  6.338649694905e-02
 5.455535390513e+04  1.554779700000e+01  6.336095044971e-02
 5.459224424470e+04  1.559982700000e+01  6.448888907164e-02
 5.459225067569e+04  1.559913600000e+01  6.442272798719e-02
 5.459225709454e+04  1.558751600000e+01  6.430730879286e-02
 5.459226354728e+04  1.562869000000e+01  6.475671862340e-02
 5.478851857837e+04  1.538240500000e+01  6.417196625463e-02
 5.478852465575e+04  1.542139500000e+01  6.449814485343e-02
 5.478853084507e+04  1.545189600000e+01  6.477375169103e-02
 5.478853707756e+04  1.541426600000e+01  6.434203632961e-02
 5.494531018294e+04  1.541959500000e+01  6.250043283289e-02
 5.494531804561e+04  1.545077800000e+01  6.274927894567e-02
 5.494532582877e+04  1.542981000000e+01  6.284328800130e-02
 5.494534593433e+04  1.558100600000e+01  7.964652866609e-02
 5.488341789005e+04  1.559755400000e+01  6.598515665544e-02
 5.488342156731e+04  1.557226200000e+01  7.006162228501e-02
 5.488342521934e+04  1.559047800000e+01  6.996053024725e-02
 5.488434031508e+04  1.509734900000e+01  5.996569766111e-02
 5.488639023112e+04  1.558043400000e+01  6.460258373068e-02
 5.488639501075e+04  1.560111600000e+01  6.376519309539e-02
 5.488639981377e+04  1.562317000000e+01  6.427237245554e-02
 5.488640461852e+04  1.563638700000e+01  6.426435120235e-02
 5.483349011242e+04  1.553186300000e+01  6.285253221988e-02
 5.483349870185e+04  1.550586000000e+01  6.267088065615e-02
 5.483350727844e+04  1.551511400000e+01  6.271169584433e-02
 5.483351587898e+04  1.554010800000e+01  6.291907420446e-02
 5.486047311752e+04  1.523510600000e+01  6.034921067550e-02
 5.486047799288e+04  1.523840500000e+01  6.037719241305e-02
 5.486048288282e+04  1.520858100000e+01  6.018828895860e-02
 5.486048778365e+04  1.521970400000e+01  5.998099989442e-02
 5.489334076818e+04  1.545839100000e+01  6.222468432487e-02
 5.489335113432e+04  1.547718400000e+01  6.257022786430e-02
 5.489336138889e+04  1.548007900000e+01  6.243613114117e-02
 5.489337164831e+04  1.548414100000e+01  6.300712252115e-02
 5.490626222400e+04  1.534066200000e+01  6.139343810674e-02
 5.490626760241e+04  1.536396100000e+01  6.156720176953e-02
 5.490627300858e+04  1.538431300000e+01  6.172280327944e-02
 5.490627831822e+04  1.539213100000e+01  6.176737312030e-02
 5.491728749262e+04  1.556061700000e+01  6.371479640354e-02
 5.491729221161e+04  1.555798000000e+01  6.367281577282e-02
 5.491729710745e+04  1.557551400000e+01  6.377626821815e-02
 5.491730190284e+04  1.556293200000e+01  6.362405029892e-02
 5.496823307565e+04  1.513230000000e+01  6.099226225159e-02
 5.496823859572e+04  1.516701800000e+01  6.124306608985e-02
 5.496824410561e+04  1.516845600000e+01  6.129191252449e-02
 5.496824959397e+04  1.519399900000e+01  6.142579129336e-02
 5.529524342796e+04  1.552106000000e+01  6.332006133562e-02
 5.529524963210e+04  1.552596500000e+01  6.335992127009e-02
 5.529525582957e+04  1.553576800000e+01  6.343350421950e-02
 5.529526205583e+04  1.549394400000e+01  6.299914647497e-02
 5.530329217003e+04  1.561134600000e+01  6.478823765943e-02
 5.530330082185e+04  1.559299500000e+01  6.477541511621e-02
 5.530330958703e+04  1.561085500000e+01  6.499551145584e-02
 5.530331831745e+04  1.562013600000e+01  6.515533748467e-02
 5.554251132163e+04  1.561134100000e+01  6.545337659957e-02
 5.554252879318e+04  1.560941600000e+01  6.748592187830e-02
 5.554253741787e+04  1.563700900000e+01  6.748347847014e-02
 5.524235890734e+04  1.545504100000e+01  6.300172710377e-02
 5.524236701339e+04  1.545340100000e+01  6.296895358745e-02
 5.524237505568e+04  1.548008500000e+01  6.321750819777e-02
 5.524238312057e+04  1.546660100000e+01  6.310216279063e-02
 5.535720995463e+04  1.538975800000e+01  6.307717002970e-02
 5.535721619591e+04  1.540975700000e+01  6.288288372064e-02
 5.535722252352e+04  1.539705300000e+01  6.265056146670e-02
 5.535722887557e+04  1.540282900000e+01  6.275276434659e-02
 5.536921803324e+04  1.505866800000e+01  6.005943964580e-02
 5.536922365060e+04  1.506480300000e+01  6.012209353513e-02
 5.536922941200e+04  1.506588000000e+01  6.017630099848e-02
 5.536923514862e+04  1.501743600000e+01  5.987064550297e-02
 5.526042443921e+04  1.546650500000e+01  6.293249410312e-02
 5.526042966475e+04  1.543536100000e+01  6.268957110664e-02
 5.526043493664e+04  1.546332800000e+01  6.299721108689e-02
 5.526044022685e+04  1.545000500000e+01  6.288812352084e-02
 5.527235844058e+04  1.521271100000e+01  6.058830676684e-02
 5.527236494767e+04  1.520617300000e+01  6.053932697197e-02
 5.527237130632e+04  1.517912500000e+01  6.040293462749e-02
 5.527237769775e+04  1.514704200000e+01  6.019331733966e-02
 5.532426133477e+04  1.559654500000e+01  6.420696463792e-02
 5.532426962730e+04  1.562340600000e+01  6.454052352832e-02
 5.532427798226e+04  1.562704500000e+01  6.454147352830e-02
 5.532428630919e+04  1.559437700000e+01  6.424522114867e-02
 5.533415776472e+04  1.545235500000e+01  6.296638760602e-02
 5.533416399999e+04  1.546042300000e+01  6.323811602071e-02
 5.533417027346e+04  1.547126300000e+01  6.337488928929e-02
 5.533417847042e+04  1.549793500000e+01  6.355123095143e-02
 5.565728089337e+04  1.556913200000e+01  6.451645875753e-02
 5.565728650766e+04  1.554377100000e+01  6.428314094760e-02
 5.565729211179e+04  1.555392900000e+01  6.442162134371e-02
 5.565729785560e+04  1.557695500000e+01  6.836667218110e-02
 5.566430346250e+04  1.542533500000e+01  6.077911114152e-02
 5.566430987683e+04  1.544249500000e+01  6.090545038874e-02
 5.566431631397e+04  1.542746700000e+01  6.084934949801e-02
 5.566432279902e+04  1.546113200000e+01  6.134354125448e-02
 5.567415145061e+04  1.505115000000e+01  6.852103400008e-02
 5.567415933806e+04  1.513754000000e+01  7.510242564676e-02
 5.567416723733e+04  1.507417000000e+01  7.083961932174e-02
 5.567417519385e+04  1.504118300000e+01  6.181667272734e-02
 5.559846895764e+04  1.531408500000e+01  6.216069916592e-02
 5.559847586909e+04  1.527646500000e+01  6.148295016872e-02
 5.559848282447e+04  1.530416300000e+01  6.180004026928e-02
 5.559848968429e+04  1.532404400000e+01  6.186782676949e-02
 5.561544029369e+04  1.558015000000e+01  6.714428465712e-02
 5.561544742704e+04  1.556875000000e+01  6.704561031135e-02
 5.561545466250e+04  1.557543000000e+01  6.715736186846e-02
 5.561546181866e+04  1.564417000000e+01  6.798171811857e-02
 5.557647147038e+04  1.563389100000e+01  6.918538204047e-02
 5.557647969003e+04  1.562888200000e+01  6.864245733169e-02
 5.557648786995e+04  1.564936300000e+01  6.868770091307e-02
 5.557649607819e+04  1.565816900000e+01  6.892287808586e-02
 5.562230606916e+04  1.528055700000e+01  5.946217459487e-02
 5.562231854896e+04  1.531282100000e+01  5.963937786143e-02
 5.562233110275e+04  1.530481600000e+01  5.960626140259e-02
 5.562234363096e+04  1.533120700000e+01  5.974570286830e-02
 5.563142936167e+04  1.561829500000e+01  6.223416228976e-02
 5.563143697270e+04  1.557589300000e+01  6.190512929284e-02
 5.563144468850e+04  1.552209200000e+01  6.127879327062e-02
 5.563145239226e+04  1.541815800000e+01  6.053584156752e-02
 5.564636140140e+04  1.554591700000e+01  6.434865910077e-02
 5.564636895042e+04  1.553976400000e+01  6.434802554259e-02
 5.564637652431e+04  1.556812100000e+01  6.454123572480e-02
 5.564638406194e+04  1.552905500000e+01  6.421051523433e-02
 5.570728466002e+04  1.562340300000e+01  6.547989672751e-02
 5.570729428598e+04  1.559168900000e+01  6.520222500562e-02
 5.570730393706e+04  1.553159100000e+01  6.465762500409e-02
 5.570731357517e+04  1.548090000000e+01  6.420888056491e-02
 5.388726015161e+04  1.520298400000e+01  6.216597638021e-02
 5.388726985950e+04  1.521113400000e+01  6.208743626190e-02
 5.589345228529e+04  1.555236300000e+01  6.437030343676e-02
 5.589345810282e+04  1.555669600000e+01  6.435430766211e-02
 5.589346399279e+04  1.552234700000e+01  6.398609175839e-02
 5.589346984778e+04  1.553315400000e+01  6.394064445998e-02
 5.593548199204e+04  1.552876600000e+01  6.578358246701e-02
 5.593548863635e+04  1.550662300000e+01  6.551677493746e-02
 5.593549526911e+04  1.550103000000e+01  6.549539215606e-02
 5.593550185788e+04  1.550088100000e+01  6.550748522114e-02
 5.595934222874e+04  1.554255800000e+01  6.364694319509e-02
 5.595934886978e+04  1.548937900000e+01  6.310572837042e-02
 5.595935548541e+04  1.554121800000e+01  6.357237519163e-02
 5.595936207625e+04  1.552775400000e+01  6.345896765503e-02
 5.597639004090e+04  1.531694500000e+01  6.406075391123e-02
 5.597639621110e+04  1.533609400000e+01  6.858974767095e-02
 5.597640246153e+04  1.530905700000e+01  6.181132057258e-02
 5.597640871853e+04  1.535678100000e+01  6.474972115789e-02
 5.598343618581e+04  1.514589900000e+01  6.037413067126e-02
 5.598344181711e+04  1.514128300000e+01  6.034826964012e-02
 5.598344745454e+04  1.515075000000e+01  6.041712207008e-02
 5.598345314913e+04  1.514353000000e+01  6.038284819444e-02
 5.599027985763e+04  1.548239000000e+01  6.331358959550e-02
 5.599028434212e+04  1.547990000000e+01  6.329000284104e-02
 5.599028890010e+04  1.548391400000e+01  6.333287846212e-02
 5.599029341303e+04  1.546950700000e+01  6.322325192695e-02
 5.600829208619e+04  1.542694500000e+01  6.015886896337e-02
 5.600830117300e+04  1.542114300000e+01  6.017376858844e-02
 5.600831024622e+04  1.543047300000e+01  6.020752357429e-02
 5.600831936223e+04  1.543477800000e+01  6.023798597871e-02
 5.601428131922e+04  1.553551300000e+01  6.122841460598e-02
 5.601428950403e+04  1.554755200000e+01  6.135247532620e-02
 5.601429767462e+04  1.555397500000e+01  6.136732026349e-02
 5.601430585036e+04  1.555946700000e+01  6.143500906074e-02
 5.603025579676e+04  1.563325000000e+01  6.743170315024e-02
 5.603025915515e+04  1.564476600000e+01  6.607408686134e-02
 5.603026258057e+04  1.561903600000e+01  6.623397883324e-02
 5.603026596986e+04  1.564312300000e+01  6.668054934826e-02
 5.603541872601e+04  1.529616300000e+01  6.228610128229e-02
 5.603542402361e+04  1.528906200000e+01  6.224780612170e-02
 5.603542925941e+04  1.527164300000e+01  6.214118332924e-02
 5.603543448270e+04  1.525827800000e+01  6.208375984165e-02
 5.604126596434e+04  1.513499100000e+01  6.090619666440e-02
 5.604127160639e+04  1.511174900000e+01  6.072731708313e-02
 5.604127732831e+04  1.513866000000e+01  6.090330570577e-02
 5.604128294317e+04  1.511000100000e+01  6.070703995049e-02
 5.606922360311e+04  1.558282100000e+01  6.385617388392e-02
 5.606923041976e+04  1.557760300000e+01  6.382908648900e-02
 5.606923714174e+04  1.557989500000e+01  6.390990554340e-02
 5.606924392559e+04  1.561778400000e+01  6.425651096644e-02
 5.608920967193e+04  1.541893900000e+01  5.997278145371e-02
 5.608921712960e+04  1.540668000000e+01  5.988177712086e-02
 5.608922459500e+04  1.544101600000e+01  6.017121104031e-02
 5.608923210762e+04  1.544310900000e+01  6.021348744691e-02
