# time mag mag_err
 5.347017119678e+04  1.555200300000e+01  6.649153087292e-02
 5.347017849031e+04  1.556018800000e+01  6.668193087058e-02
 5.347018578883e+04  1.556587100000e+01  6.663486842651e-02
 5.347019308352e+04  1.556206900000e+01  6.657384495285e-02
 5.348123859782e+04  1.550848600000e+01  6.462908170709e-02
 5.348124673434e+04  1.557810200000e+01  6.545590065153e-02
 5.348125485581e+04  1.563519100000e+01  6.610880599221e-02
 5.348126303446e+04  1.551899900000e+01  6.502084902642e-02
 5.370939983553e+04  1.589189700000e+01  6.851111848515e-02
 5.370940638355e+04  1.590068700000e+01  6.821017193402e-02
 5.370941295054e+04  1.592811300000e+01  6.896741721752e-02
 5.370941948478e+04  1.594304800000e+01  6.909440001065e-02
 5.372641766013e+04  1.603939500000e+01  7.055290766106e-02
 5.372642805635e+04  1.603241800000e+01  7.047280927871e-02
 5.372643847227e+04  1.600720800000e+01  7.016239928065e-02
 5.372644877162e+04  1.605129700000e+01  7.142595467611e-02
 5.373227363007e+04  1.609178000000e+01  7.322336659707e-02
 5.373228009370e+04  1.605787200000e+01  7.279995920534e-02
 5.373228655711e+04  1.603240700000e+01  7.892118395461e-02
 5.367544356380e+04  1.554111600000e+01  6.496488087251e-02
 5.367545055396e+04  1.560016100000e+01  6.555302271476e-02
 5.367545776311e+04  1.559176500000e+01  6.514021591088e-02
 5.367546478060e+04  1.562230700000e+01  6.572583453421e-02
 5.368547153183e+04  1.581805200000e+01  7.726427770522e-02
 5.368547683186e+04  1.584618800000e+01  7.142190013307e-02
 5.368548211373e+04  1.586446300000e+01  6.894517167261e-02
 5.368548738887e+04  1.585105600000e+01  7.124146332905e-02
 5.368645295394e+04  1.529548100000e+01  5.915424112043e-02
 5.368646150633e+04  1.531828800000e+01  5.927798079123e-02
 5.368647005814e+04  1.537982700000e+01  5.969083062908e-02
 5.368647863681e+04  1.539548700000e+01  5.978450780385e-02
 5.370247396130e+04  1.601134700000e+01  7.035567762354e-02
 5.370248271671e+04  1.604671000000e+01  7.088576153004e-02
 5.370249150373e+04  1.605064100000e+01  7.091706679877e-02
 5.370250036389e+04  1.603734900000e+01  7.070125994232e-02
 5.382817640495e+04  1.536533100000e+01  6.476753596282e-02
 5.382818489819e+04  1.544767200000e+01  6.499831501841e-02
 5.382818817984e+04  1.540296400000e+01  6.480455010732e-02
 5.382819136380e+04  1.544011800000e+01  6.580897354033e-02
 5.384915917698e+04  1.527759200000e+01  6.294649296122e-02
 5.384916568031e+04  1.532100000000e+01  6.335139889231e-02
 5.384917216293e+04  1.535709500000e+01  6.371620037915e-02
 5.384917881975e+04  1.538941700000e+01  6.404141441208e-02
 5.408240312284e+04  1.534867800000e+01  6.249592074046e-02
 5.408240853932e+04  1.539257500000e+01  6.285886816837e-02
 5.408241396933e+04  1.540249600000e+01  6.294822849681e-02
 5.408241940142e+04  1.540828700000e+01  6.299398778324e-02
 5.409434347716e+04  1.600952400000e+01  6.911282746936e-02
 5.409435392595e+04  1.600575900000e+01  6.930940022087e-02
 5.409436438306e+04  1.601286800000e+01  6.942120650143e-02
 5.409437488926e+04  1.598709800000e+01  6.930371248804e-02
 5.377022384154e+04  1.599978100000e+01  7.336282583479e-02
 5.377023155257e+04  1.599408900000e+01  7.111364186731e-02
 5.377023928420e+04  1.598972700000e+01  7.047828215968e-02
 5.377024699709e+04  1.601121700000e+01  7.038271886201e-02
 5.379219852116e+04  1.586619900000e+01  8.390697590098e-02
 5.379220439390e+04  1.589338800000e+01  7.795321206221e-02
 5.379221027324e+04  1.587687200000e+01  8.393587211772e-02
 5.379221619102e+04  1.595711000000e+01  8.323044435119e-02
 5.379428636225e+04  1.496748100000e+01  6.077202839096e-02
 5.379429228649e+04  1.498975300000e+01  6.027556490312e-02
 5.379429821642e+04  1.500773300000e+01  6.037724842594e-02
 5.379430413326e+04  1.506960800000e+01  6.096578727964e-02
 5.374036238706e+04  1.600567300000e+01  7.003344964581e-02
 5.374037055795e+04  1.598565000000e+01  6.975703777180e-02
 5.374037866540e+04  1.604245800000e+01  7.052271987602e-02
 5.374038682380e+04  1.604874600000e+01  7.060935913791e-02
 5.375629336168e+04  1.609267100000e+01  7.433870926829e-02
 5.375727111481e+04  1.599084000000e+01  7.105950538841e-02
 5.375727811354e+04  1.603810500000e+01  7.112232280688e-02
 5.375728514039e+04  1.605985000000e+01  7.159723100458e-02
 5.375729217385e+04  1.605331400000e+01  7.138204071540e-02
 5.376226601034e+04  1.534021800000e+01  6.325653201010e-02
 5.376227306080e+04  1.535129100000e+01  6.319430377693e-02
 5.376228011926e+04  1.536558700000e+01  6.338128062926e-02
 5.376228716394e+04  1.542389100000e+01  6.416614254417e-02
 5.381817165718e+04  1.505761300000e+01  6.123093643386e-02
 5.381818229660e+04  1.492230800000e+01  5.999809771417e-02
 5.381819280360e+04  1.493446100000e+01  6.075288884179e-02
 5.381820327390e+04  1.496070600000e+01  6.052166640824e-02
 5.405442874753e+04  1.538755200000e+01  6.231074847674e-02
 5.405443535573e+04  1.541929400000e+01  6.254452598016e-02
 5.405444194992e+04  1.545598600000e+01  6.286318597993e-02
 5.405444851773e+04  1.548631400000e+01  6.310948417241e-02
 5.406041441961e+04  1.578541900000e+01  6.638928237793e-02
 5.406042099956e+04  1.585844200000e+01  6.675790141665e-02
 5.406042766112e+04  1.584648500000e+01  6.706159482752e-02
 5.406043430080e+04  1.586300600000e+01  6.725463552095e-02
 5.403645455287e+04  1.567245900000e+01  6.894495473286e-02
 5.403646113225e+04  1.574980700000e+01  6.909506493077e-02
 5.403646766521e+04  1.574944100000e+01  6.614543180125e-02
 5.403647419053e+04  1.573934000000e+01  6.729054717015e-02
 5.444036869383e+04  1.577677400000e+01  6.641273116298e-02
 5.444037473800e+04  1.564121000000e+01  6.494607786565e-02
 5.444038076689e+04  1.549949200000e+01  6.354217754435e-02
 5.444038677066e+04  1.543465900000e+01  6.295092291638e-02
 5.444941387323e+04  1.587257900000e+01  6.729178283122e-02
 5.444942108042e+04  1.588399100000e+01  6.741823111264e-02
 5.444942827418e+04  1.585246700000e+01  6.701442501355e-02
 5.444943548634e+04  1.587731900000e+01  6.731281409730e-02
 5.446532820461e+04  1.599927000000e+01  6.894168855632e-02
 5.446533486270e+04  1.598129800000e+01  6.871105231103e-02
 5.446535413380e+04  1.594206100000e+01  6.822270687540e-02
 5.446536075588e+04  1.596357600000e+01  6.843703446931e-02
 5.414022439681e+04  1.562427200000e+01  6.495670683316e-02
 5.414023087212e+04  1.563966800000e+01  6.512434845059e-02
 5.414023796831e+04  1.563457600000e+01  6.650555500535e-02
 5.414024445937e+04  1.567454500000e+01  6.543641100346e-02
 5.411033035205e+04  1.523928600000e+01  6.268324693751e-02
 5.411033806933e+04  1.519685100000e+01  6.173985268291e-02
 5.411034578707e+04  1.520860900000e+01  6.188286693114e-02
 5.411035353225e+04  1.521749500000e+01  6.149922868521e-02
 5.411727368095e+04  1.602757700000e+01  6.950709643818e-02
 5.411728063905e+04  1.598061500000e+01  6.887890453096e-02
 5.411728759228e+04  1.592326500000e+01  6.814099570155e-02
 5.411729453152e+04  1.580752400000e+01  6.674584024566e-02
 5.412825192104e+04  1.595598000000e+01  6.860174430289e-02
 5.412825748208e+04  1.597163000000e+01  6.934635124541e-02
 5.412826302426e+04  1.599902900000e+01  6.914857847460e-02
 5.412826855751e+04  1.594008300000e+01  6.841374943195e-02
 5.425614931829e+04  1.540547000000e+01  8.301353495170e-02
 5.425615147557e+04  1.541136800000e+01  8.090532562871e-02
 5.425615364801e+04  1.541082700000e+01  7.872488007873e-02
 5.425615583042e+04  1.543023300000e+01  7.853874928515e-02
 5.417416601127e+04  1.584141300000e+01  6.731874549189e-02
 5.417417136061e+04  1.588002500000e+01  6.773240509521e-02
 5.417417673646e+04  1.588468400000e+01  6.777666351069e-02
 5.417418211878e+04  1.590868300000e+01  6.810658462009e-02
 5.418512238293e+04  1.555552600000e+01  6.466676344430e-02
 5.418513209661e+04  1.559620100000e+01  6.508529717670e-02
 5.418514181606e+04  1.566962300000e+01  6.546539358568e-02
 5.418515153611e+04  1.567873900000e+01  6.593609720561e-02
 5.423617173538e+04  1.593604900000e+01  7.045497722429e-02
 5.423617824855e+04  1.592489300000e+01  7.050295725415e-02
 5.423618473881e+04  1.593799500000e+01  7.082456108121e-02
 5.423619123022e+04  1.590745600000e+01  7.051564796327e-02
 5.440847264390e+04  1.554746100000e+01  6.412541841583e-02
 5.440847923300e+04  1.556302000000e+01  6.425821467795e-02
 5.440848584142e+04  1.558143700000e+01  6.441760057098e-02
 5.440849241896e+04  1.562508100000e+01  6.482878462413e-02
 5.438445130241e+04  1.529127600000e+01  6.204577572366e-02
 5.438445861515e+04  1.532119800000e+01  6.223018413248e-02
 5.438446598450e+04  1.533886400000e+01  6.236194137619e-02
 5.438447324250e+04  1.535377000000e+01  6.244815412592e-02
 5.439444065409e+04  1.550174400000e+01  6.412019356102e-02
 5.439445025434e+04  1.552776300000e+01  6.424578798076e-02
 5.439445985667e+04  1.552069600000e+01  6.408203127224e-02
 5.439446943770e+04  1.555284700000e+01  6.429821348474e-02
 5.455722535837e+04  1.569124800000e+01  6.584542885399e-02
 5.455723180152e+04  1.573867200000e+01  6.639521517346e-02
 5.455723823622e+04  1.569484000000e+01  6.594649735651e-02
 5.455724469359e+04  1.575281300000e+01  6.657841011810e-02
 5.457323629211e+04  1.598036300000e+01  6.980818429318e-02
 5.457324461093e+04  1.607998400000e+01  7.918311377319e-02
 5.457325287789e+04  1.598731000000e+01  7.012638052741e-02
 5.457326114589e+04  1.595630500000e+01  6.968772853940e-02
 5.458215175117e+04  1.514700200000e+01  6.127089163136e-02
 5.458215821203e+04  1.518741300000e+01  6.159902889857e-02
 5.458216466986e+04  1.523684000000e+01  6.202752236001e-02
 5.458217122957e+04  1.524497800000e+01  6.209107619589e-02
 5.483039037193e+04  1.595640300000e+01  6.818466806013e-02
 5.483039643531e+04  1.596480800000e+01  6.827053874543e-02
 5.483040248075e+04  1.597100400000e+01  6.834086222914e-02
 5.483040860676e+04  1.599182900000e+01  6.859037273340e-02
 5.449943089395e+04  1.557071200000e+01  6.158855223753e-02
 5.449943549777e+04  1.556209300000e+01  6.155144964770e-02
 5.449944006189e+04  1.561302300000e+01  6.200301099479e-02
 5.449944461720e+04  1.559339900000e+01  6.185039608575e-02
 5.452318007850e+04  1.561545200000e+01  6.473048683074e-02
 5.452318731277e+04  1.542709900000e+01  6.294845684889e-02
 5.452319449611e+04  1.528953300000e+01  6.174810464585e-02
 5.452320168860e+04  1.515996700000e+01  6.071211612845e-02
 5.447632653645e+04  1.598682400000e+01  6.884462638292e-02
 5.447633549072e+04  1.601273500000e+01  6.919738691022e-02
 5.447634440921e+04  1.601214900000e+01  6.915661893064e-02
 5.447635330954e+04  1.601801800000e+01  6.923858064582e-02
 5.449534346344e+04  1.555285900000e+01  6.407916103782e-02
 5.449535097145e+04  1.555690700000e+01  6.405602345445e-02
 5.449535848316e+04  1.559153300000e+01  6.444053363234e-02
 5.449536605160e+04  1.560765800000e+01  6.458994423765e-02
 5.453012686549e+04  1.602434700000e+01  7.120280176893e-02
 5.453013293014e+04  1.607156300000e+01  7.124671608840e-02
 5.453013896435e+04  1.603486600000e+01  7.104310518757e-02
 5.453014500030e+04  1.615071000000e+01  9.290071032361e-02
 5.453815385110e+04  1.607210900000e+01  7.043510561934e-02
 5.453816110587e+04  1.597127900000e+01  6.944673089724e-02
 5.453817000029e+04  1.589225400000e+01  7.503499585392e-02
 5.453817726488e+04  1.594090500000e+01  8.467951239926e-02
 5.454832936704e+04  1.524057400000e+01  6.203565320198e-02
 5.454833551515e+04  1.515317400000e+01  6.136490001234e-02
 5.454834164045e+04  1.529298900000e+01  6.254920566945e-02
 5.454834777339e+04  1.530190700000e+01  6.263895938219e-02
 5.479150830377e+04  1.522089200000e+01  6.504686107127e-02
 5.479151363818e+04  1.525358800000e+01  6.535551171842e-02
 5.479151904968e+04  1.529450700000e+01  6.576006861196e-02
 5.479152457148e+04  1.531790800000e+01  6.604042921950e-02
 5.480032311546e+04  1.555927200000e+01  6.426190763911e-02
 5.480033112536e+04  1.559537000000e+01  6.457822440005e-02
 5.480033908814e+04  1.561269700000e+01  6.469881999476e-02
 5.480034710184e+04  1.562006000000e+01  6.468811678083e-02
 5.476745893626e+04  1.600045400000e+01  6.898206248274e-02
 5.476746757593e+04  1.609083400000e+01  7.014230088480e-02
 5.476747606953e+04  1.605196000000e+01  6.959540088834e-02
 5.476748451948e+04  1.608752000000e+01  7.004274757094e-02
 5.494015183993e+04  1.520756100000e+01  6.121000296743e-02
 5.494015786466e+04  1.516513700000e+01  6.086094931147e-02
 5.494016396138e+04  1.516459000000e+01  6.088423249603e-02
 5.494017002582e+04  1.514514200000e+01  6.075581198175e-02
 5.518135093919e+04  1.592940800000e+01  6.858828802202e-02
 5.518135616458e+04  1.592567800000e+01  6.868643465860e-02
 5.518136124921e+04  1.596133700000e+01  6.864067361636e-02
 5.518136646119e+04  1.597789400000e+01  6.887674441844e-02
 5.486621766395e+04  1.554143300000e+01  6.392033227683e-02
 5.486622742612e+04  1.559577300000e+01  6.440753080536e-02
 5.486623727372e+04  1.559972600000e+01  6.445575170567e-02
 5.486624695127e+04  1.567266000000e+01  6.517311149689e-02
 5.488722944495e+04  1.559528600000e+01  6.761125492041e-02
 5.488723467867e+04  1.562398600000e+01  6.475303493178e-02
 5.488723947034e+04  1.563553000000e+01  6.518902927154e-02
 5.488724437845e+04  1.565340900000e+01  6.799795550660e-02
 5.488811633409e+04  1.598244600000e+01  6.899158382820e-02
 5.488812114265e+04  1.593086600000e+01  6.829119938611e-02
 5.485137502742e+04  1.598163200000e+01  6.501637449639e-02
 5.485138146361e+04  1.594973100000e+01  6.472987521767e-02
 5.485138802447e+04  1.595759300000e+01  6.479929360280e-02
 5.485139447676e+04  1.595035000000e+01  6.474377379860e-02
 5.485920984440e+04  1.552939600000e+01  6.368833019652e-02
 5.485921590650e+04  1.555963800000e+01  6.407833320784e-02
 5.485922206631e+04  1.557675000000e+01  6.403675329733e-02
 5.485922825654e+04  1.558865800000e+01  6.415847993346e-02
 5.498315630561e+04  1.603708900000e+01  7.807453272061e-02
 5.498316074207e+04  1.599502600000e+01  7.740848578215e-02
 5.498316513963e+04  1.595807200000e+01  7.681446807705e-02
 5.498316952943e+04  1.596501000000e+01  7.705326253942e-02
 5.489317930390e+04  1.585831000000e+01  7.023222328467e-02
 5.489318346302e+04  1.584453600000e+01  7.003382234009e-02
 5.489318767955e+04  1.590130300000e+01  7.075180225558e-02
 5.489319188404e+04  1.590348600000e+01  7.079236089549e-02
 5.490822403198e+04  1.558510600000e+01  6.665605329700e-02
 5.490822775277e+04  1.562421400000e+01  6.729566605611e-02
 5.490823134890e+04  1.560106600000e+01  6.562393171342e-02
 5.490823502130e+04  1.561798300000e+01  6.522500285355e-02
 5.491416086019e+04  1.583063000000e+01  6.697643033795e-02
 5.491416895840e+04  1.586373500000e+01  6.730980566349e-02
 5.491417706830e+04  1.587450700000e+01  6.747461312043e-02
 5.491418526767e+04  1.588168100000e+01  6.760214838579e-02
 5.496519091250e+04  1.591399900000e+01  6.963209287545e-02
 5.496519693919e+04  1.582159700000e+01  6.851814079398e-02
 5.496520302873e+04  1.574134900000e+01  6.760325176716e-02
 5.496520904585e+04  1.559325900000e+01  6.601033442206e-02
 5.515347460148e+04  1.590089000000e+01  6.847743383863e-02
 5.515348183735e+04  1.592491900000e+01  6.877948619305e-02
 5.515348925068e+04  1.591956200000e+01  6.866325879641e-02
 5.515349655395e+04  1.595653300000e+01  6.916131288927e-02
 5.509649662429e+04  1.541686600000e+01  6.679172866948e-02
 5.509650039350e+04  1.545083100000e+01  6.706450510533e-02
 5.509650404911e+04  1.541874700000e+01  6.662962223479e-02
 5.509650783773e+04  1.547823700000e+01  6.712924499040e-02
 5.530316011620e+04  1.586274200000e+01  6.865138078774e-02
 5.530316580236e+04  1.591724100000e+01  6.940565245703e-02
 5.530317151678e+04  1.589896600000e+01  6.920997134953e-02
 5.530317721336e+04  1.592790000000e+01  6.966182203050e-02
 5.553838586623e+04  1.604038200000e+01  7.051355267183e-02
 5.553839627972e+04  1.607264600000e+01  7.089736850189e-02
 5.553840147814e+04  1.611484200000e+01  7.151280400277e-02
 5.523623389865e+04  1.600613900000e+01  6.956238328379e-02
 5.524217419688e+04  1.594691600000e+01  6.932033219845e-02
 5.524218157575e+04  1.591772600000e+01  6.887156268547e-02
 5.524218904057e+04  1.579547900000e+01  6.730405824626e-02
 5.524219648145e+04  1.569588300000e+01  6.621293721189e-02
 5.520245546002e+04  1.592409600000e+01  6.813597156502e-02
 5.520246153485e+04  1.592389800000e+01  6.841283226585e-02
 5.520246765459e+04  1.594004200000e+01  6.871189868180e-02
 5.520247383675e+04  1.595560500000e+01  6.853220385540e-02
 5.520833704685e+04  1.606727800000e+01  7.043212119875e-02
 5.520834577550e+04  1.598605600000e+01  6.927113940636e-02
 5.520835453921e+04  1.592913800000e+01  6.855604379094e-02
 5.520836326753e+04  1.585279300000e+01  6.761318756629e-02
 5.526026166825e+04  1.594742000000e+01  6.914199640828e-02
 5.526026672405e+04  1.585893000000e+01  6.811885702390e-02
 5.526027186958e+04  1.575379100000e+01  6.686577010590e-02
 5.526027705375e+04  1.564406600000e+01  6.561512392221e-02
 5.526912322225e+04  1.538113900000e+01  6.295183680788e-02
 5.526913003891e+04  1.541091300000e+01  6.324623544434e-02
 5.526913685234e+04  1.542786800000e+01  6.338403575747e-02
 5.526914364887e+04  1.546417000000e+01  6.370554561836e-02
 5.527621405405e+04  1.560652100000e+01  6.514953201793e-02
 5.527622213943e+04  1.564425100000e+01  6.563947914463e-02
 5.527623029906e+04  1.564253600000e+01  6.556604912105e-02
 5.527623842064e+04  1.568746300000e+01  6.603946372320e-02
 5.533716211699e+04  1.594076400000e+01  6.956836680882e-02
 5.533716778868e+04  1.601384300000e+01  7.061557901439e-02
 5.533717355390e+04  1.596734300000e+01  7.006846200674e-02
 5.533717927676e+04  1.601759300000e+01  7.086613283551e-02
 5.550146462060e+04  1.602106300000e+01  7.036082192682e-02
 5.550147943073e+04  1.601794500000e+01  7.023691531892e-02
 5.550148696860e+04  1.598414500000e+01  6.979961780185e-02
 5.550749030919e+04  1.607474800000e+01  7.096870298839e-02
 5.550750418810e+04  1.605691700000e+01  7.068803437092e-02
 5.550751113260e+04  1.608552100000e+01  7.105783591778e-02
 5.568122260907e+04  1.598724100000e+01  7.123096685093e-02
 5.568123003597e+04  1.600669300000e+01  7.158102024626e-02
 5.568123755926e+04  1.605387100000e+01  7.242737606496e-02
 5.568124506382e+04  1.601082000000e+01  7.179790977448e-02
 5.559726432814e+04  1.601341500000e+01  5.966614785990e-02
 5.559727353544e+04  1.604657500000e+01  5.988075274390e-02
 5.559728276005e+04  1.606625000000e+01  6.002252486969e-02
 5.559729194963e+04  1.608501500000e+01  6.015334688685e-02
 5.556431244208e+04  1.573553700000e+01  6.680915654366e-02
 5.556432045094e+04  1.573375600000e+01  6.701510510114e-02
 5.556432851631e+04  1.573859100000e+01  6.676858422855e-02
 5.556433653727e+04  1.576993200000e+01  6.806275729796e-02
 5.557137579913e+04  1.589238100000e+01  6.960623779926e-02
 5.557138156366e+04  1.589612100000e+01  6.955277245167e-02
 5.557138730341e+04  1.587453400000e+01  7.101675982060e-02
 5.557139305845e+04  1.589709800000e+01  7.021752947604e-02
 5.558738720159e+04  1.608849900000e+01  7.137757500476e-02
 5.558739510233e+04  1.608308100000e+01  7.134421833925e-02
 5.558740302047e+04  1.606216800000e+01  7.104254921566e-02
 5.558741094427e+04  1.594745300000e+01  6.949894508087e-02
 5.562219599705e+04  1.605544300000e+01  6.737206978386e-02
 5.562220429992e+04  1.606649700000e+01  6.731874549189e-02
 5.562221256693e+04  1.604182000000e+01  6.697516155707e-02
 5.562222086506e+04  1.605072400000e+01  6.707478460634e-02
 5.565022722707e+04  1.606380700000e+01  7.205378357622e-02
 5.565023520237e+04  1.604551500000e+01  7.177427887981e-02
 5.565024326403e+04  1.599060400000e+01  7.099877808491e-02
 5.565025125032e+04  1.602811300000e+01  7.155484836154e-02
 5.373230411932e+04  1.603308100000e+01  7.082808658168e-02
 5.373231058110e+04  1.598641700000e+01  7.008078760674e-02
 5.373231702321e+04  1.600845100000e+01  7.071356773353e-02
 5.373232349980e+04  1.600950000000e+01  7.083283356400e-02
 5.375645427304e+04  1.540482100000e+01  6.372390467045e-02
 5.375646107627e+04  1.541879100000e+01  6.389322794569e-02
 5.561616951932e+04  1.563370200000e+01  6.605567423907e-02
 5.561617458786e+04  1.564375200000e+01  6.618217321435e-02
 5.561617968501e+04  1.567070300000e+01  7.012650528038e-02
 5.561618554421e+04  1.566234900000e+01  6.638545939185e-02
 5.586147650457e+04  1.601179600000e+01  6.998304353151e-02
 5.586148573166e+04  1.586282000000e+01  6.791614587545e-02
 5.586149503308e+04  1.575677000000e+01  6.665532502657e-02
 5.586150420554e+04  1.563294000000e+01  6.528800880082e-02
 5.583748131418e+04  1.598811600000e+01  6.616551782173e-02
 5.583748812944e+04  1.592792600000e+01  6.537841138563e-02
 5.583749502786e+04  1.590961500000e+01  6.511980337603e-02
 5.583750182683e+04  1.592079500000e+01  6.511279657137e-02
 5.588841690951e+04  1.548309300000e+01  6.383730623517e-02
 5.588842616483e+04  1.546215300000e+01  6.363215086304e-02
 5.588843534405e+04  1.551714500000e+01  6.411330797217e-02
 5.588844455373e+04  1.551722600000e+01  6.413281865513e-02
 5.591930686176e+04  1.541914200000e+01  6.371807319257e-02
 5.591931592801e+04  1.542849000000e+01  6.382331256625e-02
 5.591932505084e+04  1.545349900000e+01  6.409435751475e-02
 5.591933419300e+04  1.549672000000e+01  6.452930935039e-02
 5.592636088301e+04  1.550588500000e+01  6.905711484277e-02
 5.592636584786e+04  1.554401100000e+01  6.955898385096e-02
 5.592637079150e+04  1.554468200000e+01  6.951339046898e-02
 5.592637575976e+04  1.554977900000e+01  6.959504679338e-02
 5.594037354622e+04  1.556807400000e+01  6.442028042372e-02
 5.594037981344e+04  1.556956100000e+01  6.445909353492e-02
 5.594038610377e+04  1.559397500000e+01  6.472315128506e-02
 5.594039244866e+04  1.560968600000e+01  6.486908638140e-02
 5.596738590036e+04  1.587035000000e+01  6.825752849372e-02
 5.596739457557e+04  1.590937900000e+01  6.877809822520e-02
 5.596740332498e+04  1.593479600000e+01  6.912751053718e-02
 5.596741196981e+04  1.591150800000e+01  6.884677802180e-02
 5.597519133949e+04  1.592739600000e+01  6.964937267812e-02
 5.597519915889e+04  1.587430700000e+01  6.890183706270e-02
 5.597520705975e+04  1.572191800000e+01  6.694107038720e-02
 5.597521496316e+04  1.562563000000e+01  6.589392443037e-02
 5.598018889238e+04  1.585872300000e+01  6.812868875003e-02
 5.598019620294e+04  1.587253100000e+01  6.827494744736e-02
 5.598020355824e+04  1.587541300000e+01  6.828517634023e-02
 5.598021084618e+04  1.588605000000e+01  6.844051304707e-02
 5.598618644781e+04  1.594708300000e+01  6.974396889844e-02
 5.598619146075e+04  1.590311200000e+01  6.923203921356e-02
 5.598619655071e+04  1.592520400000e+01  6.949522114120e-02
 5.598620167950e+04  1.596832700000e+01  7.009188199911e-02
 5.601114049744e+04  1.593052800000e+01  6.914958351444e-02
 5.601114554781e+04  1.591434700000e+01  6.892450727056e-02
 5.601115061701e+04  1.596379100000e+01  6.960741665974e-02
 5.601115568706e+04  1.594473800000e+01  6.931748412606e-02
 5.604214083064e+04  1.595931100000e+01  6.987896690571e-02
 5.604214648311e+04  1.594616600000e+01  6.985563092950e-02
 5.604215215262e+04  1.596707900000e+01  7.033795186232e-02
 5.604215777579e+04  1.594993000000e+01  6.982485759946e-02
 5.606417224071e+04  1.590411000000e+01  6.523608943358e-02
 5.606417827909e+04  1.588914900000e+01  6.514347207303e-02
 5.606418443078e+04  1.591065900000e+01  6.547072543542e-02
 5.606419060242e+04  1.593200800000e+01  6.581889681507e-02
 5.622543215097e+04  1.501192100000e+01  6.249887237798e-02
 5.622543828524e+04  1.506477100000e+01  6.294548898010e-02
 5.622544443231e+04  1.506652400000e+01  6.289603775654e-02
 5.622545052615e+04  1.511225700000e+01  6.331529189597e-02
