# time mag mag_err
 5.371437637942e+04  1.575323600000e+01  6.453541867900e-02
 5.371438342178e+04  1.564167000000e+01  6.340449469112e-02
 5.371439048856e+04  1.557913800000e+01  6.282918109302e-02
 5.371439760166e+04  1.553486600000e+01  6.241619131471e-02
 5.353118252314e+04  1.553563300000e+01  6.520912883222e-02
 5.353118981053e+04  1.558787000000e+01  6.587329581717e-02
 5.353119712560e+04  1.556382700000e+01  6.564172246317e-02
 5.353120440304e+04  1.557087500000e+01  6.579519054904e-02
 5.385427420796e+04  1.537447800000e+01  6.218426702751e-02
 5.385428243638e+04  1.537150400000e+01  6.224559022440e-02
 5.385429067024e+04  1.541147300000e+01  6.260566994135e-02
 5.385429892331e+04  1.541691000000e+01  6.276517841220e-02
 5.409629589080e+04  1.590056500000e+01  6.557423905626e-02
 5.409630796790e+04  1.596933500000e+01  6.619780406714e-02
 5.409631863314e+04  1.596061800000e+01  6.601336742944e-02
 5.409632925437e+04  1.598045400000e+01  6.621925832047e-02
 5.376930774888e+04  1.563241800000e+01  6.781758298075e-02
 5.376931818273e+04  1.563248100000e+01  6.889458242623e-02
 5.376932882412e+04  1.566323300000e+01  6.646167270856e-02
 5.376933962431e+04  1.567002500000e+01  6.979660372028e-02
 5.379321858009e+04  1.606397900000e+01  6.844829286948e-02
 5.379322420653e+04  1.599455900000e+01  6.828497545507e-02
 5.379322978713e+04  1.607030900000e+01  9.867976683269e-02
 5.379323541265e+04  1.634351700000e+01  1.161103614656e-01
 5.374526786605e+04  1.587457000000e+01  6.634812038634e-02
 5.374527752835e+04  1.589538500000e+01  6.654547846483e-02
 5.374528720904e+04  1.590053700000e+01  6.653249123502e-02
 5.374529690002e+04  1.586286200000e+01  6.608559073660e-02
 5.390116363461e+04  1.591124000000e+01  1.190475704741e-01
 5.390116462933e+04  1.592261800000e+01  1.193540246986e-01
 5.390116562267e+04  1.599357000000e+01  1.229625654430e-01
 5.390116662388e+04  1.596765600000e+01  1.217889235538e-01
 5.382316439446e+04  1.542623200000e+01  6.182776597360e-02
 5.382317309373e+04  1.544778600000e+01  6.200825109347e-02
 5.382318204116e+04  1.546389300000e+01  6.213328630206e-02
 5.382319176687e+04  1.548356400000e+01  6.229796419023e-02
 5.386029739926e+04  1.593163800000e+01  6.812947562712e-02
 5.386320471744e+04  1.556431700000e+01  6.357522011521e-02
 5.386321122540e+04  1.552292200000e+01  6.316312704834e-02
 5.386321781034e+04  1.553431800000e+01  6.330717429271e-02
 5.386322442317e+04  1.546761500000e+01  6.270714117086e-02
 5.388415988863e+04  1.559184900000e+01  6.397457683979e-02
 5.388416634613e+04  1.559748200000e+01  6.401295417476e-02
 5.388417282852e+04  1.562662800000e+01  6.428975896294e-02
 5.388417933880e+04  1.562557200000e+01  6.433248896086e-02
 5.405144043250e+04  1.562500900000e+01  6.422185517686e-02
 5.405144627515e+04  1.556922300000e+01  6.364848621565e-02
 5.405145212949e+04  1.557582700000e+01  6.366909762709e-02
 5.405145796392e+04  1.551893500000e+01  6.316293820127e-02
 5.420211809718e+04  1.584701900000e+01  7.411264435997e-02
 5.420212247078e+04  1.593412300000e+01  7.963972398730e-02
 5.420212681706e+04  1.587570300000e+01  9.397872884437e-02
 5.420821895491e+04  1.577078000000e+01  6.416144269890e-02
 5.420822718321e+04  1.580170000000e+01  6.448070604330e-02
 5.420823537134e+04  1.580321100000e+01  6.450534552989e-02
 5.420824361272e+04  1.581328700000e+01  6.465786597654e-02
 5.413828213610e+04  1.572065600000e+01  6.667372731546e-02
 5.413828647868e+04  1.577281000000e+01  6.660272504202e-02
 5.413829083051e+04  1.575114300000e+01  6.498399243013e-02
 5.413829518258e+04  1.577762800000e+01  6.584275647616e-02
 5.415717607133e+04  1.594569900000e+01  6.812750810235e-02
 5.415718532329e+04  1.594201200000e+01  6.803840597857e-02
 5.415719532147e+04  1.592677800000e+01  6.783528151090e-02
 5.415720549652e+04  1.592674400000e+01  6.775675322659e-02
 5.426115757552e+04  1.559214700000e+01  6.323518835599e-02
 5.426116245782e+04  1.557418100000e+01  6.312316623414e-02
 5.426116737010e+04  1.556038600000e+01  6.304545326695e-02
 5.426117226062e+04  1.555879100000e+01  6.303223110305e-02
 5.426216211921e+04  1.573028700000e+01  5.887243293938e-02
 5.426217013940e+04  1.572474300000e+01  5.881133776205e-02
 5.426217817383e+04  1.573529200000e+01  5.893979233600e-02
 5.426218620061e+04  1.575568900000e+01  5.908416904380e-02
 5.427415783441e+04  1.596103900000e+01  6.747452307162e-02
 5.427416383853e+04  1.593498600000e+01  6.737465616386e-02
 5.427416983466e+04  1.593333000000e+01  6.745745596498e-02
 5.427417581448e+04  1.589723000000e+01  6.714428465712e-02
 5.417219504509e+04  1.574610100000e+01  6.340158156873e-02
 5.417219954593e+04  1.576280200000e+01  6.393244710527e-02
 5.417220410990e+04  1.576149400000e+01  6.393557433565e-02
 5.417220862898e+04  1.573535500000e+01  6.366827201899e-02
 5.417834190642e+04  1.565608900000e+01  6.293313104953e-02
 5.417834847794e+04  1.565020700000e+01  6.287494275060e-02
 5.417835502398e+04  1.563494700000e+01  6.277535981287e-02
 5.417836175372e+04  1.565578200000e+01  6.295979398336e-02
 5.424615623372e+04  1.564745000000e+01  6.365661971441e-02
 5.424616435264e+04  1.564748300000e+01  6.377479693480e-02
 5.424617252689e+04  1.565494500000e+01  6.388119022926e-02
 5.424618063538e+04  1.567663200000e+01  6.411758332033e-02
 5.438949012196e+04  1.571860700000e+01  6.837945586694e-02
 5.438949319850e+04  1.570911200000e+01  6.827264299303e-02
 5.438949632725e+04  1.573588100000e+01  6.858953898845e-02
 5.438949941628e+04  1.570809900000e+01  6.823635827577e-02
 5.480537970835e+04  1.566098400000e+01  6.290047486999e-02
 5.480538736671e+04  1.566053600000e+01  6.287922779371e-02
 5.480539519037e+04  1.565720300000e+01  6.282006362799e-02
 5.480540314840e+04  1.567618000000e+01  6.298819055777e-02
 5.447833856648e+04  1.594119800000e+01  6.565105696779e-02
 5.447834520593e+04  1.596287200000e+01  6.669372375921e-02
 5.447835182953e+04  1.596898700000e+01  6.791375266009e-02
 5.447835843784e+04  1.604659100000e+01  6.977794008014e-02
 5.463219109067e+04  1.537283400000e+01  6.402344689802e-02
 5.463219586036e+04  1.537916300000e+01  6.423412178700e-02
 5.463220062159e+04  1.538032800000e+01  6.428844684164e-02
 5.463220541303e+04  1.541786300000e+01  6.472541290826e-02
 5.478949313991e+04  1.568829100000e+01  6.306876978784e-02
 5.478949916023e+04  1.571611400000e+01  6.330974887761e-02
 5.478950525544e+04  1.569977600000e+01  6.317024102936e-02
 5.478951130713e+04  1.571912100000e+01  6.330498872431e-02
 5.494524724154e+04  1.571344000000e+01  6.374608188545e-02
 5.494525384662e+04  1.571942300000e+01  6.381046114256e-02
 5.494526057601e+04  1.571808600000e+01  6.383279726221e-02
 5.494526731293e+04  1.573382700000e+01  6.397256865327e-02
 5.518333776291e+04  1.575123700000e+01  6.394750294020e-02
 5.518334236209e+04  1.573140600000e+01  6.376393441454e-02
 5.518334704175e+04  1.574259800000e+01  6.388135099412e-02
 5.518335169615e+04  1.572684500000e+01  6.369035020172e-02
 5.487537564988e+04  1.575273600000e+01  6.588207758647e-02
 5.487538056355e+04  1.573764100000e+01  6.572519531646e-02
 5.487538541727e+04  1.575303000000e+01  6.588948810487e-02
 5.487539029946e+04  1.574296200000e+01  6.577285243543e-02
 5.488424953696e+04  1.560831300000e+01  6.242172009964e-02
 5.488425511767e+04  1.559182400000e+01  6.222456363260e-02
 5.488426069631e+04  1.566979800000e+01  6.287864087717e-02
 5.488426621279e+04  1.562226600000e+01  6.241394776343e-02
 5.485050049088e+04  1.581869200000e+01  6.695438405859e-02
 5.485050537978e+04  1.578380800000e+01  6.689181616462e-02
 5.485051017723e+04  1.580103600000e+01  6.676151490861e-02
 5.485051503708e+04  1.582501500000e+01  6.703929494135e-02
 5.486127110130e+04  1.534597600000e+01  5.986573708506e-02
 5.486127672542e+04  1.535532100000e+01  6.019778923784e-02
 5.486128232396e+04  1.535609800000e+01  6.018636421472e-02
 5.486128791764e+04  1.535538600000e+01  6.015995808821e-02
 5.489216523252e+04  1.593173700000e+01  6.536701891056e-02
 5.489217632093e+04  1.589251700000e+01  6.491548718604e-02
 5.489218738850e+04  1.590397700000e+01  6.498596366592e-02
 5.489219838545e+04  1.592275700000e+01  6.514366673007e-02
 5.491129681834e+04  1.567516500000e+01  6.302056454199e-02
 5.491130170227e+04  1.569041700000e+01  6.317318456760e-02
 5.491130659036e+04  1.568700600000e+01  6.334679987109e-02
 5.491131150507e+04  1.568835000000e+01  6.315389183183e-02
 5.492021024826e+04  1.559968300000e+01  6.254431336029e-02
 5.492021766263e+04  1.561255100000e+01  6.266006067737e-02
 5.492022512876e+04  1.561205700000e+01  6.265945278297e-02
 5.492023248123e+04  1.563402000000e+01  6.282940473949e-02
 5.514347950679e+04  1.597595000000e+01  6.997073378079e-02
 5.514348389637e+04  1.595406500000e+01  6.962890082886e-02
 5.514348826937e+04  1.602654200000e+01  7.063546213536e-02
 5.514349261811e+04  1.600711500000e+01  7.032628384622e-02
 5.515546094681e+04  1.547194000000e+01  6.150949068261e-02
 5.515546663447e+04  1.545803600000e+01  6.139302711280e-02
 5.515547222100e+04  1.547006200000e+01  6.149394833481e-02
 5.515547793609e+04  1.549238900000e+01  6.164510473189e-02
 5.529825257476e+04  1.574877800000e+01  6.425327452233e-02
 5.529825828001e+04  1.573887700000e+01  6.417135026995e-02
 5.529826397322e+04  1.577774800000e+01  6.457720943954e-02
 5.529826963912e+04  1.577043000000e+01  6.452818287808e-02
 5.524425266543e+04  1.575815600000e+01  6.405574852642e-02
 5.524425956900e+04  1.576202900000e+01  6.413181622843e-02
 5.524426649171e+04  1.576265800000e+01  6.413087048538e-02
 5.524427343065e+04  1.576420400000e+01  6.414708646029e-02
 5.527230350861e+04  1.555170300000e+01  6.230907757223e-02
 5.527230826649e+04  1.554211200000e+01  6.197202173057e-02
 5.527231299853e+04  1.554655400000e+01  6.195497112288e-02
 5.527231769703e+04  1.553460100000e+01  6.186156040456e-02
 5.532720837642e+04  1.563876400000e+01  6.336703249002e-02
 5.532721481044e+04  1.566268000000e+01  6.363533198560e-02
 5.532722121380e+04  1.565445100000e+01  6.352572487148e-02
 5.532722751458e+04  1.564498300000e+01  6.348514077360e-02
 5.549746629157e+04  1.563500000000e+01  6.613232441697e-02
 5.549747758084e+04  1.565639600000e+01  6.628970506635e-02
 5.549748330920e+04  1.571374800000e+01  6.688721804241e-02
 5.560138825909e+04  1.574450800000e+01  6.481550917027e-02
 5.560139400961e+04  1.580089900000e+01  6.540504466894e-02
 5.560139983873e+04  1.577492100000e+01  6.511500171256e-02
 5.560140559747e+04  1.580853400000e+01  6.545262516328e-02
 5.560229574310e+04  1.594521500000e+01  6.324892813639e-02
 5.560230195544e+04  1.594906900000e+01  6.332127855035e-02
 5.560230820642e+04  1.595832100000e+01  6.337223626078e-02
 5.560231444598e+04  1.583476300000e+01  6.227268568126e-02
 5.557527065021e+04  1.587251100000e+01  7.042253001625e-02
 5.557527702229e+04  1.591594900000e+01  7.100831697932e-02
 5.557528340994e+04  1.583535000000e+01  6.983344820326e-02
 5.557528979233e+04  1.592660000000e+01  7.104727198958e-02
 5.562823234091e+04  1.556839900000e+01  6.305377338278e-02
 5.562823973191e+04  1.557115700000e+01  6.308918448495e-02
 5.562824721921e+04  1.560446800000e+01  6.341121450419e-02
 5.562825474472e+04  1.561718100000e+01  6.356618096468e-02
 5.569423414676e+04  1.585782800000e+01  6.891354409639e-02
 5.569424033470e+04  1.587723800000e+01  6.917182799806e-02
 5.569424655168e+04  1.582953000000e+01  6.861543139718e-02
 5.569425277006e+04  1.588040200000e+01  6.928156726625e-02
 5.586746439284e+04  1.600400200000e+01  6.357486380565e-02
 5.586747118440e+04  1.602238900000e+01  6.371307997165e-02
 5.586747802815e+04  1.593032200000e+01  6.283880583161e-02
 5.586748484715e+04  1.588083000000e+01  6.238127279135e-02
 5.592337771896e+04  1.588442400000e+01  6.239168831006e-02
 5.592338592056e+04  1.588465400000e+01  6.236227087318e-02
 5.592339421541e+04  1.587443400000e+01  6.227572262233e-02
 5.592340250516e+04  1.590404200000e+01  6.250026391374e-02
 5.595839612350e+04  1.564435300000e+01  6.301160031657e-02
 5.595840113903e+04  1.564712600000e+01  6.303232342244e-02
 5.595840624333e+04  1.566692800000e+01  6.319649597012e-02
 5.595841137016e+04  1.563738500000e+01  6.295064895547e-02
 5.598139750995e+04  1.582348000000e+01  6.484009681243e-02
 5.598140367369e+04  1.585047700000e+01  6.512512741157e-02
 5.598140994683e+04  1.586842000000e+01  6.536055642677e-02
 5.598141619054e+04  1.584053100000e+01  6.506344496198e-02
 5.598917590678e+04  1.592534800000e+01  6.637174606825e-02
 5.598918041605e+04  1.593370200000e+01  6.645718084990e-02
 5.598918497241e+04  1.595692600000e+01  6.672292186282e-02
 5.598918954317e+04  1.597617400000e+01  6.692904134945e-02
 5.601814553196e+04  1.584623500000e+01  6.529100490916e-02
 5.601815412464e+04  1.587029100000e+01  6.550136756141e-02
 5.601816276080e+04  1.586441500000e+01  6.544560379573e-02
 5.601817139661e+04  1.586658200000e+01  6.547353124723e-02
 5.604523899378e+04  1.591268400000e+01  6.614083404967e-02
 5.604524760051e+04  1.592857200000e+01  6.635277710503e-02
 5.604525616628e+04  1.596143300000e+01  6.678743996819e-02
 5.604526476759e+04  1.597085400000e+01  6.691803828499e-02
 5.606721776122e+04  1.580977300000e+01  6.460828273606e-02
 5.606722446469e+04  1.582542600000e+01  6.482431566155e-02
 5.606723119757e+04  1.581504100000e+01  6.474524396303e-02
 5.606723797372e+04  1.583534600000e+01  6.500666807273e-02
 5.608718013354e+04  1.567401900000e+01  6.334161843906e-02
 5.608718519247e+04  1.569991000000e+01  6.362210438335e-02
 5.608719030205e+04  1.570927600000e+01  6.374582050521e-02
 5.608719542719e+04  1.570518500000e+01  6.373146190382e-02
 5.609916343843e+04  1.587765000000e+01  6.648385683331e-02
 5.609916856846e+04  1.589549400000e+01  6.692433545888e-02
 5.609917375008e+04  1.587959700000e+01  6.682289605592e-02
 5.609917886547e+04  1.590024400000e+01  6.702966012681e-02
