# time mag mag_err
 5.371241387836e+04  1.569399800000e+01  6.546067946871e-02
 5.371242062476e+04  1.566178600000e+01  6.527636998343e-02
 5.371242734512e+04  1.570866800000e+01  6.577306604888e-02
 5.371243414534e+04  1.572001000000e+01  6.585236745422e-02
 5.373441264941e+04  1.598071300000e+01  6.847918173603e-02
 5.373442143677e+04  1.600198900000e+01  6.874966166554e-02
 5.373443033721e+04  1.601481200000e+01  6.888236210867e-02
 5.373443945664e+04  1.602048200000e+01  6.896829059109e-02
 5.408637969744e+04  1.585868200000e+01  6.943805993021e-02
 5.408638998800e+04  1.587540400000e+01  6.952377278053e-02
 5.408640145639e+04  1.587339700000e+01  6.977938378797e-02
 5.408641547387e+04  1.586999800000e+01  1.298513747880e-01
 5.377034013089e+04  1.595271800000e+01  6.920367620027e-02
 5.377034823083e+04  1.598261000000e+01  6.895410630912e-02
 5.377035630218e+04  1.598429100000e+01  6.882850714207e-02
 5.377036442041e+04  1.599993600000e+01  6.958257786717e-02
 5.378934817918e+04  1.609896300000e+01  7.718299259935e-02
 5.374146158824e+04  1.596470500000e+01  6.822420038514e-02
 5.374147133896e+04  1.599835000000e+01  6.866231169419e-02
 5.374148055632e+04  1.602795600000e+01  6.904123377001e-02
 5.374149022832e+04  1.602140300000e+01  6.896774458865e-02
 5.375748564250e+04  1.603125400000e+01  6.959269267391e-02
 5.375749231100e+04  1.601498800000e+01  6.937875974732e-02
 5.375749888888e+04  1.600584600000e+01  6.925642689278e-02
 5.375750549406e+04  1.603960000000e+01  6.977926395958e-02
 5.379630888542e+04  1.598644100000e+01  6.907889027472e-02
 5.379631657712e+04  1.598811500000e+01  6.908520057444e-02
 5.379632398733e+04  1.598338200000e+01  6.895999569307e-02
 5.379633141778e+04  1.618347500000e+01  7.170851767647e-02
 5.386028814150e+04  1.596897400000e+01  7.031642234038e-02
 5.406640432904e+04  1.589713500000e+01  6.513787271584e-02
 5.406641518339e+04  1.593751400000e+01  6.545467182471e-02
 5.406642618117e+04  1.596481700000e+01  6.568873221619e-02
 5.406643711146e+04  1.597176600000e+01  6.569678728428e-02
 5.420824995622e+04  1.584156400000e+01  6.665127777406e-02
 5.420826852855e+04  1.588025200000e+01  6.706424763041e-02
 5.420827739601e+04  1.587310400000e+01  6.705338499672e-02
 5.445237242811e+04  1.537223100000e+01  6.189802508963e-02
 5.445237924280e+04  1.539176300000e+01  6.201245485476e-02
 5.445238581627e+04  1.542764000000e+01  6.226556577256e-02
 5.445239241694e+04  1.542454100000e+01  6.223862577105e-02
 5.417127003880e+04  1.600873700000e+01  6.827284356715e-02
 5.417127519634e+04  1.597994900000e+01  6.795367139400e-02
 5.417128035586e+04  1.599207100000e+01  6.808424917422e-02
 5.417128549361e+04  1.600511000000e+01  6.771895262462e-02
 5.417722726708e+04  1.599570100000e+01  6.914333506185e-02
 5.417723383003e+04  1.600105000000e+01  6.915762494440e-02
 5.417724040999e+04  1.599877500000e+01  6.911093817121e-02
 5.417724722410e+04  1.598998800000e+01  6.890996531865e-02
 5.441748065990e+04  1.604592300000e+01  6.865894636910e-02
 5.441748735850e+04  1.603847400000e+01  6.855303459820e-02
 5.441749405964e+04  1.607752900000e+01  6.905877083557e-02
 5.441750076633e+04  1.603705200000e+01  6.848586762272e-02
 5.455918635647e+04  1.591795400000e+01  6.764408972184e-02
 5.455919180940e+04  1.593427700000e+01  6.780700297536e-02
 5.455919719797e+04  1.592993800000e+01  6.774869147123e-02
 5.455920256688e+04  1.593771900000e+01  6.784021035229e-02
 5.457222402510e+04  1.602160300000e+01  6.855428009998e-02
 5.457223429876e+04  1.602703400000e+01  6.861522307080e-02
 5.457223946002e+04  1.604689400000e+01  6.892961435967e-02
 5.480541357172e+04  1.603069600000e+01  6.811414234814e-02
 5.480542152733e+04  1.596903400000e+01  6.779907653011e-02
 5.480542955644e+04  1.595732300000e+01  6.760665448842e-02
 5.480543758426e+04  1.599324900000e+01  6.801316064688e-02
 5.450730949988e+04  1.581965600000e+01  7.180469387166e-02
 5.450731701009e+04  1.584426500000e+01  7.116683626457e-02
 5.450732447610e+04  1.583444100000e+01  6.981132273248e-02
 5.450733195622e+04  1.580830300000e+01  7.088535241284e-02
 5.448035436132e+04  1.597054500000e+01  6.759378796670e-02
 5.448036375958e+04  1.599418700000e+01  6.779106435406e-02
 5.448037312093e+04  1.598434100000e+01  6.772717129529e-02
 5.448038250728e+04  1.600409100000e+01  6.796483979351e-02
 5.453538979838e+04  1.546654000000e+01  6.264280999332e-02
 5.453539419999e+04  1.546838500000e+01  6.269852429930e-02
 5.453539864049e+04  1.547488700000e+01  6.276730206230e-02
 5.453540307381e+04  1.551214700000e+01  6.311404097521e-02
 5.454939456272e+04  1.609483500000e+01  7.340061781497e-02
 5.454940727713e+04  1.613735200000e+01  7.419532763879e-02
 5.454941360916e+04  1.611266800000e+01  7.384840975173e-02
 5.459428083718e+04  1.550900000000e+01  6.338585751779e-02
 5.459429597439e+04  1.555368800000e+01  6.386022052656e-02
 5.459430353216e+04  1.560331100000e+01  6.438570128215e-02
 5.478747712508e+04  1.566283000000e+01  6.704373189173e-02
 5.478748150133e+04  1.566070400000e+01  6.693257253343e-02
 5.478748581868e+04  1.569293700000e+01  6.731175210924e-02
 5.478749018835e+04  1.569346900000e+01  6.730326331344e-02
 5.478749449666e+04  1.572266900000e+01  6.760941441595e-02
 5.518340870198e+04  1.601235100000e+01  6.831473242550e-02
 5.518341331054e+04  1.599011000000e+01  6.804862432048e-02
 5.518341795073e+04  1.601332500000e+01  6.856227454119e-02
 5.518342262480e+04  1.601137300000e+01  6.852206761257e-02
 5.487539537344e+04  1.598707700000e+01  7.071932572522e-02
 5.487540062797e+04  1.597786500000e+01  7.055698509381e-02
 5.487540608310e+04  1.597027300000e+01  7.047398120832e-02
 5.487541154530e+04  1.601569500000e+01  7.113073134222e-02
 5.488626160157e+04  1.535148100000e+01  6.278515988828e-02
 5.489025083756e+04  1.604006400000e+01  6.894081694431e-02
 5.489026565693e+04  1.601701900000e+01  6.815756639824e-02
 5.486129175337e+04  1.603145500000e+01  6.828748443855e-02
 5.486130474082e+04  1.602616700000e+01  6.768561086531e-02
 5.486131764979e+04  1.603534300000e+01  6.819001960315e-02
 5.486133071965e+04  1.599892100000e+01  6.769490972517e-02
 5.491124443356e+04  1.591202000000e+01  6.709169031042e-02
 5.491125000861e+04  1.590152100000e+01  6.694831385258e-02
 5.491125572706e+04  1.589266700000e+01  6.685236607873e-02
 5.491126150953e+04  1.589582400000e+01  6.684463448176e-02
 5.514348225728e+04  1.585806300000e+01  7.077549508772e-02
 5.514348661628e+04  1.578453200000e+01  6.970083015794e-02
 5.514349096352e+04  1.576625500000e+01  6.937543249389e-02
 5.514349530829e+04  1.567281800000e+01  6.819239987652e-02
 5.516044384157e+04  1.599684900000e+01  6.860372848238e-02
 5.516045188782e+04  1.602481500000e+01  6.889220156642e-02
 5.516045996198e+04  1.601596800000e+01  6.875583041841e-02
 5.516046801747e+04  1.604020200000e+01  6.899903500768e-02
 5.529712177845e+04  1.608055200000e+01  6.983792889399e-02
 5.529712933255e+04  1.602538900000e+01  6.915014168006e-02
 5.529713700030e+04  1.592404000000e+01  6.786271359485e-02
 5.529714469443e+04  1.580853400000e+01  6.650357256056e-02
 5.524724730791e+04  1.550540200000e+01  6.963398442608e-02
 5.524725249564e+04  1.568409000000e+01  6.516650530774e-02
 5.524725772576e+04  1.564916200000e+01  6.520478870633e-02
 5.524726288861e+04  1.567133100000e+01  6.502167959550e-02
 5.521137977334e+04  1.569745100000e+01  6.484202520509e-02
 5.521138721656e+04  1.572354200000e+01  6.503236892069e-02
 5.521139471358e+04  1.572329800000e+01  6.503743148246e-02
 5.521140219631e+04  1.574418100000e+01  6.523252337690e-02
 5.527219679749e+04  1.599888600000e+01  6.845413320529e-02
 5.527220192125e+04  1.599305800000e+01  6.832713145797e-02
 5.527220709872e+04  1.601990800000e+01  6.844092274401e-02
 5.527221222149e+04  1.602232900000e+01  6.869139468271e-02
 5.552847536294e+04  1.609250400000e+01  7.731087289869e-02
 5.552848937442e+04  1.602971000000e+01  7.615323037785e-02
 5.552849632178e+04  1.607057000000e+01  7.684260776887e-02
 5.560232477615e+04  1.572195300000e+01  6.277013368174e-02
 5.560233171029e+04  1.574160500000e+01  6.289097173724e-02
 5.560233865833e+04  1.574619600000e+01  6.292976208629e-02
 5.560234556351e+04  1.577203300000e+01  6.315474407016e-02
 5.557630732343e+04  1.549472000000e+01  6.767520929393e-02
 5.557631416442e+04  1.550272200000e+01  6.763282119575e-02
 5.557632099716e+04  1.556980000000e+01  6.849874078607e-02
 5.557632785911e+04  1.559276200000e+01  6.863910025815e-02
 5.489031319899e+04  1.597135700000e+01  6.747398103391e-02
 5.489032195534e+04  1.583599100000e+01  6.595926177797e-02
 5.489033020863e+04  1.566373200000e+01  6.472828553313e-02
 5.489033812292e+04  1.562359500000e+01  6.598817948503e-02
 5.592438191067e+04  1.579571500000e+01  6.319134957396e-02
 5.592439010659e+04  1.581403400000e+01  6.337076297661e-02
 5.592439826609e+04  1.583378600000e+01  6.350992012074e-02
 5.592440639566e+04  1.582207400000e+01  6.339580969626e-02
 5.595841859019e+04  1.560649100000e+01  6.413537981661e-02
 5.595842455089e+04  1.563140400000e+01  6.440904286500e-02
 5.595843054668e+04  1.564722700000e+01  6.456658650361e-02
 5.595843665810e+04  1.560955000000e+01  6.420600744404e-02
 5.597622691194e+04  1.585003000000e+01  6.750750104351e-02
 5.597623535272e+04  1.586796100000e+01  6.764963760921e-02
 5.597624391169e+04  1.589253500000e+01  6.788432868592e-02
 5.597625240878e+04  1.588901900000e+01  6.777797958581e-02
 5.598339240559e+04  1.595858700000e+01  6.816556801242e-02
 5.598339810432e+04  1.596833100000e+01  6.831433014524e-02
 5.598340376502e+04  1.599910600000e+01  6.869952608137e-02
 5.598340948273e+04  1.597068000000e+01  6.839765308691e-02
 5.598919518188e+04  1.591062300000e+01  6.820172742815e-02
 5.598920545969e+04  1.591561100000e+01  6.815480235500e-02
 5.598921051991e+04  1.590674900000e+01  6.801529288160e-02
 5.600929403278e+04  1.596736800000e+01  6.833177277642e-02
 5.600930673637e+04  1.596527800000e+01  6.831352466293e-02
 5.600931305425e+04  1.599296000000e+01  6.863207612496e-02
 5.601817595494e+04  1.603331600000e+01  6.938748408838e-02
 5.601818393175e+04  1.603158300000e+01  6.934955195606e-02
 5.601819188866e+04  1.603908600000e+01  6.939518343807e-02
 5.601819979127e+04  1.605497100000e+01  6.961225239315e-02
 5.610017012247e+04  1.611438700000e+01  7.129041295720e-02
 5.610017533072e+04  1.611084900000e+01  7.139877190102e-02
