# time mag mag_err
 5.370945654021e+04  1.533998900000e+01  6.239417098350e-02
 5.370946362355e+04  1.533370400000e+01  6.231417387025e-02
 5.370947060457e+04  1.537672000000e+01  6.264809208252e-02
 5.370947757991e+04  1.539891600000e+01  6.279475462089e-02
 5.373040713321e+04  1.546088100000e+01  6.393562804980e-02
 5.373144316644e+04  1.526577300000e+01  6.160827591863e-02
 5.373144876799e+04  1.527362800000e+01  6.153218783730e-02
 5.352919025485e+04  1.501418700000e+01  5.989471542583e-02
 5.352919590848e+04  1.504154700000e+01  6.011516816873e-02
 5.352920149348e+04  1.508819700000e+01  6.050029744853e-02
 5.352920697119e+04  1.513817800000e+01  6.086535679179e-02
 5.352023148169e+04  1.525831800000e+01  6.261311293915e-02
 5.352023794382e+04  1.526600600000e+01  6.273447980159e-02
 5.352024436035e+04  1.532306800000e+01  6.345712332365e-02
 5.352025079064e+04  1.549543100000e+01  7.483726176307e-02
 5.409442833462e+04  1.485517100000e+01  5.823347377059e-02
 5.409443759527e+04  1.483824100000e+01  5.809749283224e-02
 5.409444686020e+04  1.486717900000e+01  5.823674571854e-02
 5.409445611865e+04  1.490906100000e+01  5.846480525273e-02
 5.378937183024e+04  1.569679200000e+01  1.035306334690e-01
 5.378937758192e+04  1.599599300000e+01  1.482862398024e-01
 5.374444364556e+04  1.525222800000e+01  6.206939219961e-02
 5.374444914225e+04  1.525995200000e+01  6.214928976260e-02
 5.374445461253e+04  1.523618100000e+01  6.191527288446e-02
 5.374446014603e+04  1.528953000000e+01  6.233227370676e-02
 5.376345004259e+04  1.530229900000e+01  6.189376019768e-02
 5.376345780780e+04  1.517103600000e+01  6.084188688866e-02
 5.376346554036e+04  1.511937900000e+01  6.045549621494e-02
 5.376347313309e+04  1.503115500000e+01  5.984060852423e-02
 5.390518956721e+04  1.561799300000e+01  1.125582245287e-01
 5.390519062988e+04  1.553485400000e+01  1.092640430631e-01
 5.390519165065e+04  1.554134100000e+01  1.095070874838e-01
 5.390519268705e+04  1.563234200000e+01  1.132228783352e-01
 5.405648766288e+04  1.561706800000e+01  6.415792095523e-02
 5.405649367105e+04  1.561425200000e+01  6.407441652592e-02
 5.405649963778e+04  1.563352700000e+01  6.420465551956e-02
 5.405650570660e+04  1.568976100000e+01  6.470923733225e-02
 5.419822974039e+04  1.558040200000e+01  6.488848450553e-02
 5.419823570343e+04  1.558701000000e+01  6.553767070871e-02
 5.419824167884e+04  1.559578700000e+01  6.612750897590e-02
 5.419824764140e+04  1.561564500000e+01  6.780813519667e-02
 5.420524368579e+04  1.522276900000e+01  6.101535084982e-02
 5.420524906788e+04  1.524200000000e+01  6.117810776148e-02
 5.420525443863e+04  1.525143700000e+01  6.125145799343e-02
 5.420525986564e+04  1.526009200000e+01  6.131983933396e-02
 5.421425819392e+04  1.517705800000e+01  6.069246809588e-02
 5.421426477515e+04  1.517440200000e+01  6.068064088563e-02
 5.421427130418e+04  1.522507700000e+01  6.108175573343e-02
 5.421427784119e+04  1.526221600000e+01  6.099818299678e-02
 5.444045060867e+04  1.555505900000e+01  6.364216294185e-02
 5.444045894253e+04  1.557408100000e+01  6.379299854494e-02
 5.444046734145e+04  1.553457400000e+01  6.337095958530e-02
 5.444047572508e+04  1.552769200000e+01  6.329145609120e-02
 5.413937238337e+04  1.553335600000e+01  6.526952862960e-02
 5.413937775100e+04  1.554851300000e+01  6.656040708896e-02
 5.413938311203e+04  1.554499700000e+01  6.546320624389e-02
 5.413938847097e+04  1.551140600000e+01  6.562764063028e-02
 5.411535118500e+04  1.491962100000e+01  5.858068550372e-02
 5.411536074682e+04  1.496574800000e+01  5.883111237578e-02
 5.411537031581e+04  1.500156400000e+01  5.904087634063e-02
 5.411537988550e+04  1.505237900000e+01  5.933391152067e-02
 5.412732782799e+04  1.526977100000e+01  6.254575950120e-02
 5.412733643513e+04  1.528552100000e+01  6.274826431773e-02
 5.412734510824e+04  1.531264000000e+01  6.281354764109e-02
 5.412735375288e+04  1.532332200000e+01  6.288161926503e-02
 5.416843208888e+04  1.492106400000e+01  5.876405896568e-02
 5.416843520593e+04  1.491662800000e+01  5.878522484161e-02
 5.416843831071e+04  1.495131500000e+01  5.902507756502e-02
 5.416844139536e+04  1.496024200000e+01  5.907079203379e-02
 5.417437803652e+04  1.554981800000e+01  6.347608634083e-02
 5.417438754278e+04  1.555598000000e+01  6.357349236035e-02
 5.417439704302e+04  1.554036900000e+01  6.348714343705e-02
 5.417440652670e+04  1.556743500000e+01  6.372546746319e-02
 5.418429613999e+04  1.506229500000e+01  6.282207353962e-02
 5.418430097090e+04  1.510228900000e+01  6.273012649293e-02
 5.418430579128e+04  1.522657000000e+01  6.688788651790e-02
 5.418431061594e+04  1.480671200000e+01  7.146600468786e-02
 5.423320735913e+04  1.556401700000e+01  6.646230319433e-02
 5.423321594683e+04  1.553205000000e+01  6.465103601944e-02
 5.423322451902e+04  1.557613300000e+01  6.512597244623e-02
 5.423323311203e+04  1.560254700000e+01  6.580961986481e-02
 5.442448544362e+04  1.544028400000e+01  6.277633429864e-02
 5.442449371972e+04  1.546656700000e+01  6.288947946930e-02
 5.442450194549e+04  1.548029300000e+01  6.292894237950e-02
 5.442451022297e+04  1.549202600000e+01  6.301788338201e-02
 5.456224761413e+04  1.542173900000e+01  6.332283657114e-02
 5.456225304646e+04  1.539517800000e+01  6.273074205642e-02
 5.456225852023e+04  1.545757200000e+01  6.285078074139e-02
 5.456226393358e+04  1.544536500000e+01  6.312293087184e-02
 5.458126364679e+04  1.493294400000e+01  5.943990431247e-02
 5.458127073302e+04  1.495708300000e+01  5.965680240799e-02
 5.458127782133e+04  1.499363400000e+01  5.988050290762e-02
 5.458128490062e+04  1.503564900000e+01  6.017099775880e-02
 5.452331097736e+04  1.544403500000e+01  6.259416026533e-02
 5.452331798049e+04  1.544576300000e+01  6.267841064018e-02
 5.452332502321e+04  1.548868900000e+01  6.295668357631e-02
 5.452333204728e+04  1.549398800000e+01  6.301238498746e-02
 5.447642970025e+04  1.544456500000e+01  6.240535686432e-02
 5.447643904286e+04  1.545692200000e+01  6.248812752495e-02
 5.447644770000e+04  1.549021300000e+01  6.274747117415e-02
 5.447645615910e+04  1.548985400000e+01  6.276553258649e-02
 5.448240160259e+04  1.485450100000e+01  5.885577606180e-02
 5.448240589481e+04  1.481219200000e+01  5.844099498417e-02
 5.448241017604e+04  1.485680700000e+01  6.061300177078e-02
 5.448241444050e+04  1.483169000000e+01  6.402547170502e-02
 5.449633589578e+04  1.558474500000e+01  6.550899769776e-02
 5.449634240073e+04  1.554895900000e+01  6.353021231446e-02
 5.449635056502e+04  1.550418700000e+01  6.808649926132e-02
 5.449635820858e+04  1.553578500000e+01  6.323624375913e-02
 5.452832342546e+04  1.532152100000e+01  6.142292975458e-02
 5.452832937390e+04  1.534810000000e+01  6.162241009194e-02
 5.452833534851e+04  1.535385600000e+01  6.167043026443e-02
 5.452834133110e+04  1.537349900000e+01  6.183074792038e-02
 5.453627767574e+04  1.542197500000e+01  5.993714503803e-02
 5.453628359109e+04  1.542519600000e+01  5.995395036889e-02
 5.453628950249e+04  1.544896200000e+01  6.011101314606e-02
 5.453629537604e+04  1.547784800000e+01  6.030442336316e-02
 5.454928613267e+04  1.548686800000e+01  6.551264460683e-02
 5.454929192417e+04  1.546450100000e+01  6.525977810515e-02
 5.454929772446e+04  1.547507900000e+01  6.539191821463e-02
 5.454930351039e+04  1.552562500000e+01  6.592739335513e-02
 5.459120064177e+04  1.553154000000e+01  6.357522011521e-02
 5.459120870953e+04  1.557288200000e+01  6.397441361669e-02
 5.459121675576e+04  1.555594400000e+01  6.386277822837e-02
 5.459122481288e+04  1.551304200000e+01  6.348704270103e-02
 5.493924313963e+04  1.513637500000e+01  6.025740247808e-02
 5.493924787748e+04  1.506611100000e+01  5.974136629264e-02
 5.493925278179e+04  1.500182900000e+01  5.932483916839e-02
 5.493925757868e+04  1.491807800000e+01  5.879369067780e-02
 5.486341011981e+04  1.555556700000e+01  6.063123928900e-02
 5.486341665486e+04  1.555575300000e+01  6.060864311034e-02
 5.486342318968e+04  1.553641100000e+01  6.048346498970e-02
 5.486342972924e+04  1.556347800000e+01  6.069312307771e-02
 5.487743770682e+04  1.550289500000e+01  6.342244854770e-02
 5.487744313370e+04  1.550279300000e+01  6.296281486094e-02
 5.487744859486e+04  1.552997700000e+01  6.319296931586e-02
 5.487745407881e+04  1.554836000000e+01  6.333219621088e-02
 5.485637941169e+04  1.520645100000e+01  6.028568349904e-02
 5.485638728419e+04  1.521038700000e+01  6.028158994040e-02
 5.485639520113e+04  1.524165200000e+01  6.049615510610e-02
 5.485640306993e+04  1.526596700000e+01  6.066073617920e-02
 5.500617353979e+04  1.551523900000e+01  6.979708637214e-02
 5.500617850172e+04  1.550395800000e+01  6.982086773119e-02
 5.500618336389e+04  1.546956400000e+01  6.949789716542e-02
 5.500618824844e+04  1.550079900000e+01  7.006659609274e-02
 5.490541623669e+04  1.492856600000e+01  5.875634480173e-02
 5.490542194183e+04  1.497434100000e+01  5.907352598594e-02
 5.490542753794e+04  1.497143100000e+01  5.907132994369e-02
 5.490543315118e+04  1.501305200000e+01  5.938511834870e-02
 5.491132893395e+04  1.550143700000e+01  6.047419008374e-02
 5.491133727613e+04  1.553316900000e+01  6.070689073201e-02
 5.491134566926e+04  1.554875200000e+01  6.083872762890e-02
 5.491135411413e+04  1.552242100000e+01  6.064491913218e-02
 5.491822838850e+04  1.555322000000e+01  6.366703331538e-02
 5.491823319464e+04  1.552793800000e+01  6.342740396358e-02
 5.491823807556e+04  1.552900400000e+01  6.343712839393e-02
 5.491824281481e+04  1.552492400000e+01  6.340064458205e-02
 5.496820329194e+04  1.523320200000e+01  6.191963135904e-02
 5.496821063567e+04  1.525523600000e+01  6.212772597508e-02
 5.496821804426e+04  1.525967400000e+01  6.219012479413e-02
 5.496822538602e+04  1.524939000000e+01  6.218151934077e-02
 5.516248838341e+04  1.525530000000e+01  6.159122280892e-02
 5.516249579573e+04  1.529365100000e+01  6.187756055024e-02
 5.516250334009e+04  1.529189800000e+01  6.181790028545e-02
 5.516251063274e+04  1.529596900000e+01  6.185148163036e-02
 5.529032082300e+04  1.553973800000e+01  6.379668741364e-02
 5.529032718860e+04  1.554734000000e+01  6.393810887523e-02
 5.529033358236e+04  1.557273100000e+01  6.414775563951e-02
 5.529033998973e+04  1.555015300000e+01  6.400258783820e-02
 5.529919578495e+04  1.533170100000e+01  6.181585499846e-02
 5.553150237324e+04  1.555025100000e+01  6.444960156032e-02
 5.553151280038e+04  1.556859900000e+01  6.438946966938e-02
 5.553151802020e+04  1.552729100000e+01  6.386528285725e-02
 5.535321325258e+04  1.491582400000e+01  5.911716231074e-02
 5.535322068758e+04  1.484986800000e+01  5.874090332174e-02
 5.535322819038e+04  1.482462500000e+01  5.864053489043e-02
 5.535323560326e+04  1.482878500000e+01  5.869298758672e-02
 5.536020493015e+04  1.534953000000e+01  6.282037588549e-02
 5.536020947290e+04  1.539422800000e+01  6.321296507303e-02
 5.536021402023e+04  1.538689500000e+01  6.322550271623e-02
 5.536021861560e+04  1.539722400000e+01  6.334934403579e-02
 5.537016422979e+04  1.487971700000e+01  6.216482518408e-02
 5.537016961885e+04  1.483013300000e+01  6.179981728403e-02
 5.537017509841e+04  1.484046300000e+01  6.193831816698e-02
 5.537018053769e+04  1.487195200000e+01  6.219159996093e-02
 5.526031696183e+04  1.549712200000e+01  6.330110527124e-02
 5.526032277508e+04  1.553043200000e+01  6.362087512938e-02
 5.526032856372e+04  1.553683400000e+01  6.368030943769e-02
 5.526033427654e+04  1.555288800000e+01  6.383051814128e-02
 5.526730321096e+04  1.565132000000e+01  6.494949169341e-02
 5.526731083357e+04  1.565802700000e+01  6.504320340821e-02
 5.526731848916e+04  1.565950400000e+01  6.501707718587e-02
 5.526732612200e+04  1.558227200000e+01  6.425310492951e-02
 5.532422268000e+04  1.553945200000e+01  6.381368462397e-02
 5.532423008069e+04  1.555675800000e+01  6.398815852893e-02
 5.532423761823e+04  1.553110700000e+01  6.373615734231e-02
 5.532424511273e+04  1.557199800000e+01  6.416586270543e-02
 5.565627599884e+04  1.556640700000e+01  6.169206431737e-02
 5.565628219528e+04  1.555787400000e+01  6.167194906684e-02
 5.565628841781e+04  1.554001800000e+01  6.149447264414e-02
 5.565629457230e+04  1.552718700000e+01  6.141280500053e-02
 5.566415726149e+04  1.556568400000e+01  6.503576397533e-02
 5.566416253756e+04  1.553804600000e+01  6.477375169103e-02
 5.566416778356e+04  1.555276600000e+01  6.487464865330e-02
 5.566417296843e+04  1.557105300000e+01  6.506434502174e-02
 5.568027834271e+04  1.509554900000e+01  6.064995950216e-02
 5.568028595991e+04  1.510685500000e+01  6.076407943054e-02
 5.568029352894e+04  1.511970100000e+01  6.087566625489e-02
 5.568030104343e+04  1.515094000000e+01  6.114700191874e-02
 5.560246804062e+04  1.536850300000e+01  6.008176947395e-02
 5.560247715047e+04  1.537461300000e+01  6.013576358566e-02
 5.560248618509e+04  1.541906700000e+01  6.046601110081e-02
 5.560249524400e+04  1.542010400000e+01  6.050344233401e-02
 5.561743802561e+04  1.565245600000e+01  6.517841319576e-02
 5.561744603898e+04  1.569632500000e+01  6.569120417425e-02
 5.561745418119e+04  1.565354700000e+01  6.526189905358e-02
 5.561746229527e+04  1.563801000000e+01  6.504660404087e-02
 5.556343659878e+04  1.520929300000e+01  6.116593723766e-02
 5.556344406851e+04  1.522250700000e+01  6.122185055872e-02
 5.556345164450e+04  1.526098700000e+01  6.152785823394e-02
 5.556345927405e+04  1.527286600000e+01  6.161796875200e-02
 5.557448183030e+04  1.554715600000e+01  6.432892602027e-02
 5.557448758788e+04  1.555878700000e+01  6.421835546716e-02
 5.557449341743e+04  1.558691100000e+01  6.437406266629e-02
 5.557449925534e+04  1.558801000000e+01  6.430221599180e-02
 5.562434049037e+04  1.497332100000e+01  5.775968837643e-02
 5.562435079976e+04  1.501549500000e+01  5.801752583013e-02
 5.562436113479e+04  1.503957300000e+01  5.816329840683e-02
 5.562437147272e+04  1.510840100000e+01  5.861197566743e-02
 5.564433060057e+04  1.554361500000e+01  6.476249418992e-02
 5.564433634995e+04  1.553488100000e+01  6.471307846813e-02
 5.564434214932e+04  1.556798600000e+01  6.510780636257e-02
 5.564434790830e+04  1.553117900000e+01  6.480739633435e-02
 5.373042552613e+04  1.586110500000e+01  1.252577509432e-01
 5.373045416413e+04  1.551466200000e+01  6.413443244485e-02
 5.373045908741e+04  1.569241500000e+01  6.867020418025e-02
 5.373145710382e+04  1.530446800000e+01  6.189044059839e-02
 5.373146264287e+04  1.529344700000e+01  6.179181704985e-02
 5.373146813898e+04  1.529197200000e+01  6.174678360289e-02
 5.373147366899e+04  1.535183900000e+01  6.222741314742e-02
 5.373047274168e+04  1.552258300000e+01  6.449708261759e-02
 5.373047766426e+04  1.553214400000e+01  6.863322847860e-02
 5.373048264390e+04  1.557185900000e+01  7.463271593224e-02
 5.373048756696e+04  1.564359000000e+01  6.967714241226e-02
 5.373050584992e+04  1.556805700000e+01  6.698430147359e-02
 5.373051083640e+04  1.557037700000e+01  6.433806577319e-02
 5.373051582380e+04  1.556811800000e+01  6.420499319861e-02
 5.373052083979e+04  1.552456800000e+01  7.047372034101e-02
 5.589247256109e+04  1.571642400000e+01  6.567779565670e-02
 5.589247782072e+04  1.566029000000e+01  6.500717903984e-02
 5.589248308656e+04  1.565700900000e+01  6.495271941714e-02
 5.589248834620e+04  1.566312000000e+01  6.499111874643e-02
 5.592451035181e+04  1.554707900000e+01  6.385271488532e-02
 5.592451668524e+04  1.555981300000e+01  6.394113040799e-02
 5.592452286487e+04  1.553064800000e+01  6.369822829451e-02
 5.592452914632e+04  1.554025900000e+01  6.378283895755e-02
 5.595937338897e+04  1.538315200000e+01  6.221418082485e-02
 5.595938006988e+04  1.537272600000e+01  6.207130252227e-02
 5.595938676155e+04  1.539734400000e+01  6.229548331883e-02
 5.595939346571e+04  1.538242700000e+01  6.217002650297e-02
 5.597538164525e+04  1.554912100000e+01  6.415736202708e-02
 5.597538895443e+04  1.556194900000e+01  6.428781930475e-02
 5.597539633407e+04  1.555404800000e+01  6.419098659449e-02
 5.597540357899e+04  1.554404700000e+01  6.409861876669e-02
 5.598234634216e+04  1.482174000000e+01  5.831878356934e-02
 5.598235138234e+04  1.483461300000e+01  5.839045027425e-02
 5.598235647856e+04  1.485499900000e+01  5.853826427067e-02
 5.598236154988e+04  1.487068200000e+01  5.860211457815e-02
 5.598825539263e+04  1.545771400000e+01  6.322535956051e-02
 5.598826049971e+04  1.548732600000e+01  6.348864587611e-02
 5.598826569755e+04  1.550956300000e+01  6.368703580569e-02
 5.598827087513e+04  1.551254200000e+01  6.367922377419e-02
 5.599928387576e+04  1.483615500000e+01  5.851474286432e-02
 5.599928892312e+04  1.485171500000e+01  5.859837207186e-02
 5.599929395135e+04  1.483826400000e+01  5.850911879566e-02
 5.599929897811e+04  1.487182800000e+01  5.868861215244e-02
 5.600724049235e+04  1.502660500000e+01  5.774513564844e-02
 5.600725071960e+04  1.503684500000e+01  5.784566927334e-02
 5.600726090411e+04  1.507504900000e+01  5.804248700637e-02
 5.600727110941e+04  1.510401100000e+01  5.820139096923e-02
 5.601626577994e+04  1.494064700000e+01  5.927213290888e-02
 5.601627266319e+04  1.498448500000e+01  5.954468401240e-02
 5.601627955405e+04  1.498397600000e+01  5.997344441662e-02
 5.601628647499e+04  1.504805800000e+01  6.008033310343e-02
 5.602820845384e+04  1.520731400000e+01  6.142268805510e-02
 5.602821354104e+04  1.524056200000e+01  6.169845927599e-02
 5.602821864801e+04  1.524419200000e+01  6.173897309586e-02
 5.602822371841e+04  1.525582600000e+01  6.179566771231e-02
 5.603519658549e+04  1.554777100000e+01  6.416849324770e-02
 5.603520222028e+04  1.555717100000e+01  6.424017837628e-02
 5.603520786523e+04  1.555369900000e+01  6.419835186410e-02
 5.603521348727e+04  1.556151400000e+01  6.425486426317e-02
