# time mag mag_err
 5.346938897837e+04  1.480600400000e+01  5.798631810536e-02
 5.346939716558e+04  1.476711500000e+01  5.779515107169e-02
 5.346940533972e+04  1.475247300000e+01  5.773805747709e-02
 5.346941351420e+04  1.473863800000e+01  5.768714534391e-02
 5.355721857632e+04  1.469499000000e+01  5.771788331789e-02
 5.355722506032e+04  1.472447200000e+01  5.787900990323e-02
 5.355723158194e+04  1.471710200000e+01  5.787052461590e-02
 5.355723812255e+04  1.475473500000e+01  5.807991572130e-02
 5.356717382365e+04  1.519609500000e+01  6.267153311681e-02
 5.356718138628e+04  1.529645500000e+01  6.566610252155e-02
 5.356718897417e+04  1.531914800000e+01  6.408092701302e-02
 5.356719654583e+04  1.526766300000e+01  6.290337349612e-02
 5.353728546758e+04  1.528826200000e+01  6.198743616163e-02
 5.353729350931e+04  1.531992300000e+01  6.230418958161e-02
 5.353730155751e+04  1.528475700000e+01  6.211280786455e-02
 5.353730964043e+04  1.527356400000e+01  6.213597030606e-02
 5.355017333455e+04  1.521716800000e+01  6.103238721343e-02
 5.355018302404e+04  1.520955300000e+01  6.097545823916e-02
 5.355019263736e+04  1.521522800000e+01  6.101888055575e-02
 5.355020226157e+04  1.526457800000e+01  6.140476080505e-02
 5.350628533005e+04  1.528260900000e+01  6.287147143941e-02
 5.350629406347e+04  1.522894200000e+01  6.239251574367e-02
 5.350630278960e+04  1.527728600000e+01  6.283356564123e-02
 5.350631155091e+04  1.527323200000e+01  6.280400985484e-02
 5.385122889067e+04  1.512039400000e+01  6.073388447379e-02
 5.385123580733e+04  1.511775600000e+01  6.069029689036e-02
 5.385124270050e+04  1.514243100000e+01  6.085996386124e-02
 5.385124962619e+04  1.513973100000e+01  6.083860484693e-02
 5.379348935433e+04  1.517164600000e+01  6.050842135008e-02
 5.379349660862e+04  1.515228400000e+01  6.039398433506e-02
 5.379350384718e+04  1.513018600000e+01  6.019168519200e-02
 5.379351113388e+04  1.507321300000e+01  6.008412087400e-02
 5.390034990097e+04  1.523574400000e+01  1.029945159014e-01
 5.390035089164e+04  1.518278600000e+01  1.017872846358e-01
 5.390035194494e+04  1.521610200000e+01  1.042283778388e-01
 5.390035292936e+04  1.531236500000e+01  1.075296703888e-01
 5.380336815557e+04  1.516823600000e+01  6.447071256876e-02
 5.380337511089e+04  1.512772000000e+01  6.395339512225e-02
 5.380338208358e+04  1.515038800000e+01  6.439358824427e-02
 5.380338915350e+04  1.515239300000e+01  6.455568467711e-02
 5.381937048530e+04  1.529931600000e+01  6.180808998613e-02
 5.381937943980e+04  1.535558200000e+01  6.259055729579e-02
 5.381938839730e+04  1.528194500000e+01  6.425458043062e-02
 5.381939725411e+04  1.533028100000e+01  6.288356103350e-02
 5.385931945757e+04  1.536358900000e+01  6.274570788282e-02
 5.385932587838e+04  1.535004800000e+01  6.261074570280e-02
 5.385933231100e+04  1.536598700000e+01  6.277921546275e-02
 5.385933873272e+04  1.530318500000e+01  6.224313380257e-02
 5.387835018700e+04  1.530710100000e+01  6.215138785804e-02
 5.387835724674e+04  1.528740900000e+01  6.200509121885e-02
 5.387836428736e+04  1.521832000000e+01  6.145335499629e-02
 5.387837134685e+04  1.523985400000e+01  6.162004589461e-02
 5.388526924196e+04  1.491455700000e+01  5.926729070566e-02
 5.388527906061e+04  1.486742000000e+01  5.898146379535e-02
 5.388528889039e+04  1.481529500000e+01  5.867590869561e-02
 5.388529872560e+04  1.480575800000e+01  5.861162466139e-02
 5.420439416900e+04  1.539985700000e+01  6.193938393299e-02
 5.420440180527e+04  1.530949200000e+01  6.121423593918e-02
 5.420440947567e+04  1.514019600000e+01  5.995608410231e-02
 5.420441710499e+04  1.494770600000e+01  5.868512643772e-02
 5.429017565296e+04  1.508238800000e+01  6.293531819911e-02
 5.429018047892e+04  1.513063900000e+01  6.151608537080e-02
 5.429018532475e+04  1.515925700000e+01  6.154032821800e-02
 5.429019015369e+04  1.515326800000e+01  6.156231143071e-02
 5.425725842402e+04  1.536792700000e+01  6.245739804878e-02
 5.425726808387e+04  1.532955200000e+01  6.236247661796e-02
 5.425727771282e+04  1.526126900000e+01  6.237632016267e-02
 5.425728737152e+04  1.519093700000e+01  6.083765443780e-02
 5.417140549229e+04  1.508250500000e+01  5.934793306656e-02
 5.417141142175e+04  1.509240800000e+01  5.943272423622e-02
 5.417141733478e+04  1.509473400000e+01  5.943947489960e-02
 5.417142325787e+04  1.511632600000e+01  5.960508749008e-02
 5.418532286535e+04  1.467648500000e+01  5.722437410086e-02
 5.418533221409e+04  1.467904700000e+01  5.722840401784e-02
 5.418534149880e+04  1.471992900000e+01  5.748027559478e-02
 5.418535081662e+04  1.474608100000e+01  5.759392293613e-02
 5.422828058104e+04  1.509287800000e+01  5.997773136711e-02
 5.422828919640e+04  1.512677800000e+01  6.040702376391e-02
 5.422829782265e+04  1.513893000000e+01  6.056333386622e-02
 5.422830644021e+04  1.516368200000e+01  6.054272876091e-02
 5.424233578852e+04  1.509072900000e+01  6.035006863659e-02
 5.424234335186e+04  1.511757400000e+01  6.056489820015e-02
 5.424235088834e+04  1.512540800000e+01  6.069282550617e-02
 5.424235847148e+04  1.515229600000e+01  6.091033329823e-02
 5.455927629797e+04  1.533579200000e+01  6.162595875528e-02
 5.455928458091e+04  1.535157900000e+01  6.172349749152e-02
 5.455929276870e+04  1.537108500000e+01  6.187267270792e-02
 5.455930095406e+04  1.536764600000e+01  6.177555748698e-02
 5.456444876517e+04  1.536133800000e+01  6.160181221849e-02
 5.456445491225e+04  1.537811600000e+01  6.174615939485e-02
 5.456446114403e+04  1.536407500000e+01  6.165728322337e-02
 5.456446726008e+04  1.538067500000e+01  6.180022561500e-02
 5.457022625979e+04  1.487697300000e+01  5.837547067835e-02
 5.457023419236e+04  1.464510800000e+01  5.708696336720e-02
 5.457024136529e+04  1.444224300000e+01  5.608110293392e-02
 5.457025218133e+04  1.434593600000e+01  5.560263997361e-02
 5.458231896145e+04  1.524232100000e+01  6.083250616820e-02
 5.458232651032e+04  1.528114400000e+01  6.116443039389e-02
 5.458233404947e+04  1.534427300000e+01  6.140355872178e-02
 5.458234157183e+04  1.535994900000e+01  6.179640851927e-02
 5.450346566730e+04  1.509243500000e+01  5.934061874931e-02
 5.450347335867e+04  1.511559500000e+01  5.945988114152e-02
 5.450348117525e+04  1.513303000000e+01  5.958111485764e-02
 5.450348896269e+04  1.513642800000e+01  5.954417443197e-02
 5.451444939385e+04  1.540340300000e+01  6.225591172585e-02
 5.451445536186e+04  1.536128900000e+01  6.153645017943e-02
 5.451446134897e+04  1.531504700000e+01  6.114592524864e-02
 5.451446732565e+04  1.527366400000e+01  6.079710804301e-02
 5.462531862963e+04  1.541096800000e+01  6.232936901928e-02
 5.462532585834e+04  1.540454400000e+01  6.232875551587e-02
 5.462533316311e+04  1.537331400000e+01  6.210314713480e-02
 5.462534043049e+04  1.531591300000e+01  6.169333544722e-02
 5.464130510948e+04  1.502742000000e+01  6.020167527133e-02
 5.464131159903e+04  1.502722400000e+01  6.029957353306e-02
 5.464131812273e+04  1.504643700000e+01  6.048058960660e-02
 5.464132466497e+04  1.506357500000e+01  6.077805102683e-02
 5.452840567469e+04  1.542190200000e+01  6.178220305606e-02
 5.452841223103e+04  1.540935700000e+01  6.167249170435e-02
 5.452841882963e+04  1.543658000000e+01  6.186951665860e-02
 5.452842540681e+04  1.542689100000e+01  6.177157460382e-02
 5.453941727458e+04  1.495559100000e+01  5.853217108866e-02
 5.453942554490e+04  1.498309500000e+01  5.873601694874e-02
 5.453943378652e+04  1.501086900000e+01  5.889830260985e-02
 5.453944203634e+04  1.501689400000e+01  5.893816762056e-02
 5.458837248944e+04  1.496469800000e+01  5.860097135896e-02
 5.458837741573e+04  1.498112000000e+01  5.873033659148e-02
 5.458838238646e+04  1.500022900000e+01  5.887314358704e-02
 5.458838734157e+04  1.499631500000e+01  5.885561871769e-02
 5.459329593947e+04  1.427964100000e+01  5.538482300226e-02
 5.459330185620e+04  1.428928700000e+01  5.542498406215e-02
 5.459330779353e+04  1.432011200000e+01  5.557439037248e-02
 5.459331371918e+04  1.434720400000e+01  5.568085130333e-02
 5.459919140928e+04  1.524233600000e+01  6.136139052863e-02
 5.459919802478e+04  1.522953400000e+01  6.108897777167e-02
 5.459920452534e+04  1.526867100000e+01  6.134890671453e-02
 5.459921103619e+04  1.523997000000e+01  6.109692094306e-02
 5.494435561547e+04  1.538684800000e+01  6.188546582612e-02
 5.494436449890e+04  1.538871300000e+01  6.192885232153e-02
 5.494437345341e+04  1.538326900000e+01  6.190762532470e-02
 5.494438229068e+04  1.537819800000e+01  6.183585812492e-02
 5.495034174094e+04  1.501323000000e+01  5.910225976915e-02
 5.495034828017e+04  1.501272400000e+01  5.912525270131e-02
 5.495035499766e+04  1.505186700000e+01  5.934817627262e-02
 5.495036154336e+04  1.504995100000e+01  5.933441873925e-02
 5.488442735691e+04  1.482734000000e+01  5.815494431986e-02
 5.488443342851e+04  1.479939700000e+01  7.160505290040e-02
 5.488443957291e+04  1.479368600000e+01  7.289714602691e-02
 5.488444573444e+04  1.484784000000e+01  8.882156485079e-02
 5.488842592494e+04  1.499464500000e+01  5.853258800239e-02
 5.488843449111e+04  1.502238400000e+01  5.869213849981e-02
 5.488844305611e+04  1.503289900000e+01  5.873655122236e-02
 5.488845138454e+04  1.505095600000e+01  5.886774054164e-02
 5.486153620186e+04  1.520872200000e+01  5.993428735193e-02
 5.486153922771e+04  1.520401300000e+01  5.988015306279e-02
 5.486154245519e+04  1.520391000000e+01  5.989947978071e-02
 5.486154547084e+04  1.519971900000e+01  5.985834788095e-02
 5.498322121530e+04  1.538736100000e+01  6.174359167830e-02
 5.498322785370e+04  1.535487900000e+01  6.148724148252e-02
 5.498323449927e+04  1.533101800000e+01  6.129527316763e-02
 5.498324123102e+04  1.537934800000e+01  6.167759511551e-02
 5.499824525608e+04  1.517530400000e+01  6.039921237072e-02
 5.499825301713e+04  1.521695600000e+01  6.043504354691e-02
 5.499826021888e+04  1.520869900000e+01  6.064875059721e-02
 5.499826742272e+04  1.519993600000e+01  6.057655946935e-02
 5.491231264376e+04  1.541843600000e+01  6.195146114690e-02
 5.491231751971e+04  1.534544300000e+01  6.204868807073e-02
 5.491232224413e+04  1.539045400000e+01  6.216970840235e-02
 5.491232703294e+04  1.539293200000e+01  6.182013241203e-02
 5.491935142060e+04  1.492256700000e+01  5.830823369847e-02
 5.491935682547e+04  1.493137200000e+01  5.835100736875e-02
 5.491936231128e+04  1.495023200000e+01  5.850769557510e-02
 5.491936770995e+04  1.495550900000e+01  5.846639110804e-02
 5.496438028395e+04  1.495377900000e+01  6.042167317541e-02
 5.496438709391e+04  1.497277600000e+01  6.059465816350e-02
 5.496439404079e+04  1.499029200000e+01  6.077160481829e-02
 5.496440101500e+04  1.500969000000e+01  6.093526019769e-02
 5.497417202677e+04  1.533113300000e+01  6.150458491802e-02
 5.497417747044e+04  1.532440600000e+01  6.152044009144e-02
 5.497418285057e+04  1.533972900000e+01  6.147531753255e-02
 5.497418817792e+04  1.532578600000e+01  6.135009597352e-02
 5.529243202251e+04  1.494105400000e+01  5.875613362203e-02
 5.529243767418e+04  1.491724800000e+01  5.859170742172e-02
 5.529244342206e+04  1.498677500000e+01  5.905541471684e-02
 5.529244926960e+04  1.499273900000e+01  5.909219468045e-02
 5.530142024231e+04  1.497059700000e+01  5.891724898022e-02
 5.530142912471e+04  1.499570500000e+01  5.911745513138e-02
 5.530143810411e+04  1.500732500000e+01  5.920632015697e-02
 5.530144709947e+04  1.503320600000e+01  5.940103268354e-02
 5.524447517747e+04  1.472900200000e+01  5.742560422085e-02
 5.524448209598e+04  1.466478100000e+01  5.707905803462e-02
 5.524448912087e+04  1.463602900000e+01  5.691108598059e-02
 5.524449611672e+04  1.462897700000e+01  5.685593270314e-02
 5.538117286219e+04  1.517853100000e+01  6.039580098240e-02
 5.538118077211e+04  1.514913200000e+01  6.025723976733e-02
 5.538118873569e+04  1.514270100000e+01  6.022683921209e-02
 5.538119668321e+04  1.512811400000e+01  6.016631274132e-02
 5.535726472242e+04  1.513532400000e+01  6.016697795080e-02
 5.535727098372e+04  1.511465300000e+01  5.997171025923e-02
 5.535727729431e+04  1.513314400000e+01  6.010226752622e-02
 5.535728362360e+04  1.512095300000e+01  6.003416743251e-02
 5.527445618240e+04  1.505836500000e+01  5.946769790524e-02
 5.527446368803e+04  1.506700700000e+01  5.957931773337e-02
 5.527447128427e+04  1.508443200000e+01  5.973851021343e-02
 5.527447886161e+04  1.509236500000e+01  5.984747242535e-02
 5.532528415565e+04  1.521368200000e+01  6.049173108942e-02
 5.532529152407e+04  1.520873300000e+01  6.047225748796e-02
 5.532529898512e+04  1.523924600000e+01  6.071659955037e-02
 5.532530650947e+04  1.522676000000e+01  6.065379499675e-02
 5.533227307126e+04  1.498440300000e+01  5.892899546417e-02
 5.533227993318e+04  1.497465900000e+01  5.886882458050e-02
 5.533228687775e+04  1.496604200000e+01  5.880407597046e-02
 5.533229378762e+04  1.492412100000e+01  5.854376701536e-02
 5.534021197367e+04  1.491997800000e+01  5.843045877084e-02
 5.534021826484e+04  1.490627700000e+01  5.832137445611e-02
 5.534022435821e+04  1.487266500000e+01  5.813498797246e-02
 5.534023007940e+04  1.491550500000e+01  5.852854884634e-02
 5.565737908887e+04  1.524595800000e+01  6.124123646411e-02
 5.565738536603e+04  1.522754300000e+01  6.110999370297e-02
 5.565739168661e+04  1.525148400000e+01  6.125162463306e-02
 5.565739798486e+04  1.526385500000e+01  6.137438385024e-02
 5.567429766883e+04  1.516313600000e+01  6.276628420072e-02
 5.567430449397e+04  1.528861600000e+01  6.298258311197e-02
 5.567431139083e+04  1.523922800000e+01  6.133475917366e-02
 5.567431819086e+04  1.524945300000e+01  6.147678014909e-02
 5.563146530575e+04  1.521306300000e+01  5.872822331089e-02
 5.563147155703e+04  1.522760000000e+01  5.883828686574e-02
 5.563147780085e+04  1.522459700000e+01  5.882728675056e-02
 5.563148407641e+04  1.523861400000e+01  5.891128839279e-02
 5.564733242045e+04  1.534278700000e+01  6.237112485310e-02
 5.564733880678e+04  1.534710000000e+01  6.241021080619e-02
 5.564734522066e+04  1.535677100000e+01  6.248068104496e-02
 5.564735165594e+04  1.538986100000e+01  6.274535494583e-02
 5.568337374925e+04  1.529374100000e+01  5.934207612228e-02
 5.568338426309e+04  1.526146100000e+01  5.916026613302e-02
 5.568339480021e+04  1.524180700000e+01  5.904250035312e-02
 5.568340534193e+04  1.521382000000e+01  5.888122224579e-02
 5.570633343709e+04  1.523561700000e+01  6.144604282443e-02
 5.570634260250e+04  1.524403200000e+01  6.156535887142e-02
 5.570635188435e+04  1.528122500000e+01  6.188765082427e-02
 5.570636116470e+04  1.527428200000e+01  6.185938540141e-02
 5.568337374925e+04  1.528023400000e+01  5.928723704216e-02
 5.568338426309e+04  1.525906300000e+01  5.916574869802e-02
 5.568339480021e+04  1.523815800000e+01  5.905347632103e-02
 5.568340534193e+04  1.521638100000e+01  5.893121620586e-02
 5.598143271038e+04  1.518015100000e+01  6.027864459700e-02
 5.598144009325e+04  1.520996700000e+01  6.048372141810e-02
 5.598144751885e+04  1.520402700000e+01  6.053774232905e-02
 5.598145485258e+04  1.522405700000e+01  6.179618641108e-02
 5.600937274367e+04  1.479379000000e+01  5.783496998958e-02
 5.600938053354e+04  1.481122000000e+01  5.795995264482e-02
 5.600938847966e+04  1.481304300000e+01  5.795462433241e-02
 5.600939642939e+04  1.484973500000e+01  5.815358092481e-02
 5.601834390877e+04  1.488347100000e+01  5.838601506239e-02
 5.601835186615e+04  1.488265000000e+01  5.840377005408e-02
 5.601835986838e+04  1.487731000000e+01  5.837865723851e-02
 5.601836786883e+04  1.490380400000e+01  5.853441898294e-02
 5.603634318866e+04  1.496090800000e+01  5.915436737844e-02
 5.603634824576e+04  1.495077400000e+01  5.909554727528e-02
 5.603635334648e+04  1.495037800000e+01  5.908986442270e-02
 5.603635845914e+04  1.492388600000e+01  5.892883526727e-02
 5.604223835633e+04  1.519300500000e+01  6.303751651983e-02
 5.604224397877e+04  1.523723200000e+01  6.250326072940e-02
 5.604224968690e+04  1.519442200000e+01  6.154279757819e-02
 5.604225544633e+04  1.521116400000e+01  6.112787825585e-02
 5.606133336994e+04  1.520080900000e+01  6.057452690631e-02
 5.606134128648e+04  1.520365300000e+01  6.055222576734e-02
 5.606134929547e+04  1.520679200000e+01  6.079112222058e-02
 5.606135724848e+04  1.524072400000e+01  6.099710591330e-02
 5.607123352733e+04  1.488775200000e+01  5.644487587426e-02
 5.607124103919e+04  1.489208200000e+01  5.646492369299e-02
 5.607124850507e+04  1.486679800000e+01  5.633479573303e-02
 5.607125610269e+04  1.484140700000e+01  5.627124146123e-02
 5.608926684435e+04  1.477456000000e+01  5.754929975469e-02
 5.608927361531e+04  1.477497200000e+01  5.759292243855e-02
 5.608928038012e+04  1.479800700000e+01  5.779604545514e-02
 5.608928717250e+04  1.482144100000e+01  5.828505981324e-02
