# time mag mag_err
 5.346629151554e+04  1.579738600000e+01  6.605813126792e-02
 5.346629957625e+04  1.566851100000e+01  6.470923733225e-02
 5.346630769182e+04  1.550602900000e+01  6.314023237494e-02
 5.346631579454e+04  1.539512000000e+01  6.211768429351e-02
 5.355418231145e+04  1.577173100000e+01  6.761208275235e-02
 5.355418886374e+04  1.576914400000e+01  6.762949963128e-02
 5.355419528559e+04  1.571549600000e+01  6.702667863419e-02
 5.355420171022e+04  1.571028500000e+01  6.705535102176e-02
 5.352822341939e+04  1.579133300000e+01  6.696628618009e-02
 5.352823087960e+04  1.579663300000e+01  6.709762126043e-02
 5.352823833876e+04  1.579546800000e+01  6.708507833338e-02
 5.352824590685e+04  1.578931000000e+01  6.703213174761e-02
 5.349828829441e+04  1.574035000000e+01  6.613842301118e-02
 5.349829535079e+04  1.575706200000e+01  6.623795040235e-02
 5.349830242683e+04  1.572431500000e+01  6.593565839623e-02
 5.349830945056e+04  1.575816800000e+01  6.636715446282e-02
 5.352028254581e+04  1.555964800000e+01  6.534422474968e-02
 5.352028900505e+04  1.556456700000e+01  6.542695860167e-02
 5.352029546601e+04  1.555944800000e+01  6.534523169849e-02
 5.352030185325e+04  1.566383200000e+01  6.683807270796e-02
 5.370452151485e+04  1.582452500000e+01  6.898556276430e-02
 5.370452687623e+04  1.581312300000e+01  6.853427408961e-02
 5.370453247674e+04  1.582073000000e+01  6.862348777401e-02
 5.370453803442e+04  1.580310400000e+01  6.913475030668e-02
 5.383241973760e+04  1.568246800000e+01  6.625944958802e-02
 5.383242342101e+04  1.564712600000e+01  6.588825294326e-02
 5.383242708983e+04  1.564213100000e+01  6.583525126149e-02
 5.383243079175e+04  1.561345100000e+01  6.554119400400e-02
 5.384330551425e+04  1.506967400000e+01  6.099615584975e-02
 5.384331482617e+04  1.507813100000e+01  6.109860138495e-02
 5.384332413334e+04  1.503934300000e+01  6.075816425451e-02
 5.384333345985e+04  1.506178000000e+01  6.064268073107e-02
 5.377248016902e+04  1.542441100000e+01  6.296130467088e-02
 5.377248837823e+04  1.544804200000e+01  6.317119021612e-02
 5.377249650281e+04  1.542005000000e+01  6.415523812030e-02
 5.377250460924e+04  1.554411700000e+01  6.533423030754e-02
 5.378845763471e+04  1.509037600000e+01  6.035993379078e-02
 5.378846634916e+04  1.513772500000e+01  6.073454510429e-02
 5.378847497493e+04  1.518537300000e+01  6.107914694288e-02
 5.378848363855e+04  1.518748600000e+01  6.111245662031e-02
 5.373650548624e+04  1.555129400000e+01  6.413504588121e-02
 5.373651248497e+04  1.560348100000e+01  6.463028603264e-02
 5.373651951448e+04  1.561690000000e+01  6.473140435868e-02
 5.373652652200e+04  1.560396600000e+01  6.458683235238e-02
 5.376247385620e+04  1.535205900000e+01  6.324133316869e-02
 5.376248037956e+04  1.538326100000e+01  6.420899393231e-02
 5.376248688104e+04  1.537674600000e+01  6.389172821183e-02
 5.376249333345e+04  1.540049500000e+01  6.292357361956e-02
 5.393915708569e+04  1.599617400000e+01  7.451673753623e-02
 5.393917587297e+04  1.572819800000e+01  7.076189119211e-02
 5.393918741314e+04  1.557505800000e+01  6.915840736398e-02
 5.393920365156e+04  1.530950200000e+01  6.655090327377e-02
 5.390427100719e+04  1.536170300000e+01  1.024626585313e-01
 5.390427204045e+04  1.527753000000e+01  9.963280365853e-02
 5.390427307951e+04  1.529682500000e+01  1.003020075128e-01
 5.390427413674e+04  1.521977100000e+01  9.787864476388e-02
 5.379842408255e+04  1.506281400000e+01  6.022352435408e-02
 5.379843070279e+04  1.507085200000e+01  6.029675414763e-02
 5.379843759237e+04  1.508092600000e+01  6.040691157277e-02
 5.379844435440e+04  1.507448800000e+01  6.683126812419e-02
 5.381741916397e+04  1.554476000000e+01  6.948138867635e-02
 5.381742632336e+04  1.554874400000e+01  6.956742712710e-02
 5.381743349847e+04  1.558826000000e+01  7.063347182286e-02
 5.381744067661e+04  1.558267800000e+01  7.015862729462e-02
 5.385727673620e+04  1.540107600000e+01  6.456193795497e-02
 5.385728419907e+04  1.542872500000e+01  6.443731908760e-02
 5.385729163903e+04  1.541275800000e+01  6.440102091469e-02
 5.385729908928e+04  1.549186200000e+01  6.538928199542e-02
 5.387327962788e+04  1.512909500000e+01  6.161070598497e-02
 5.387328709168e+04  1.517819500000e+01  6.210868220132e-02
 5.387329451022e+04  1.521077100000e+01  6.382304784789e-02
 5.387330194960e+04  1.527271300000e+01  6.478873185039e-02
 5.387928676078e+04  1.599016900000e+01  7.012913650101e-02
 5.388128872757e+04  1.583221600000e+01  6.477972781289e-02
 5.388129987650e+04  1.582422500000e+01  6.477442879713e-02
 5.388131107289e+04  1.585136300000e+01  6.508639572031e-02
 5.388132223363e+04  1.585123000000e+01  6.515710038413e-02
 5.420128600730e+04  1.584253200000e+01  6.775056563181e-02
 5.420129543984e+04  1.586176900000e+01  6.776059939593e-02
 5.420130489875e+04  1.588952600000e+01  6.803519648985e-02
 5.420131436022e+04  1.591638400000e+01  6.928474326109e-02
 5.420828954534e+04  1.568433800000e+01  6.524613749999e-02
 5.420830028337e+04  1.567839300000e+01  6.518018094021e-02
 5.420831107997e+04  1.573495100000e+01  6.576792161619e-02
 5.420832186731e+04  1.574584900000e+01  6.612465168459e-02
 5.421438667832e+04  1.566617300000e+01  6.533845474668e-02
 5.421439206331e+04  1.567212400000e+01  6.539773421289e-02
 5.421439749564e+04  1.571828800000e+01  6.595434438522e-02
 5.421440287774e+04  1.572461800000e+01  6.604176633573e-02
 5.444950354170e+04  1.583368100000e+01  6.634563789236e-02
 5.444951131627e+04  1.579009100000e+01  6.612502759709e-02
 5.444951914572e+04  1.571968300000e+01  6.526972829756e-02
 5.444952689089e+04  1.584391000000e+01  6.653965929494e-02
 5.415945895337e+04  1.553524400000e+01  6.497598562658e-02
 5.415946645142e+04  1.553780200000e+01  6.620388373675e-02
 5.412848309168e+04  1.572391900000e+01  6.517513988589e-02
 5.412848859635e+04  1.575998900000e+01  6.717228529080e-02
 5.412849412406e+04  1.571223500000e+01  6.565105696779e-02
 5.412849963417e+04  1.576575800000e+01  6.597911563391e-02
 5.426125409316e+04  1.582886300000e+01  6.749063145574e-02
 5.426126266118e+04  1.578640700000e+01  6.706467564451e-02
 5.426127123881e+04  1.558624600000e+01  6.492770535097e-02
 5.426127978866e+04  1.542562500000e+01  6.337975610601e-02
 5.417036480512e+04  1.538304400000e+01  6.219487183662e-02
 5.417037131285e+04  1.522727900000e+01  6.093216464978e-02
 5.417037780009e+04  1.515225500000e+01  6.038181708630e-02
 5.417038426373e+04  1.507648000000e+01  5.983358181120e-02
 5.417946029491e+04  1.567016200000e+01  6.496957455608e-02
 5.417946826858e+04  1.567027900000e+01  6.500564750270e-02
 5.417947616017e+04  1.563583700000e+01  6.461566826213e-02
 5.417948406786e+04  1.570736400000e+01  6.540931375278e-02
 5.423330630491e+04  1.579706400000e+01  6.743952808692e-02
 5.423331269064e+04  1.582375000000e+01  6.776811035458e-02
 5.423331909027e+04  1.581943800000e+01  6.763143688571e-02
 5.423332547576e+04  1.582390100000e+01  6.778522522664e-02
 5.424225253578e+04  1.582684100000e+01  6.832017357015e-02
 5.424225765802e+04  1.587810000000e+01  6.886153221772e-02
 5.424226276719e+04  1.587604700000e+01  6.875934222785e-02
 5.424226788214e+04  1.581607400000e+01  6.834723083156e-02
 5.456241163352e+04  1.537070200000e+01  6.282412867530e-02
 5.456241718380e+04  1.541571800000e+01  6.318073886934e-02
 5.456242273510e+04  1.548917000000e+01  6.394534216327e-02
 5.456242827809e+04  1.549461500000e+01  6.403034250422e-02
 5.456840912418e+04  1.524662100000e+01  6.111501830658e-02
 5.456841464089e+04  1.515353700000e+01  6.044395988150e-02
 5.456842020899e+04  1.512200100000e+01  6.022174684764e-02
 5.456842574711e+04  1.509735700000e+01  6.006542180559e-02
 5.458539467181e+04  1.586870000000e+01  6.766760363257e-02
 5.458539842153e+04  1.588886700000e+01  6.788270767652e-02
 5.458540219799e+04  1.585787800000e+01  6.760187278936e-02
 5.458540594759e+04  1.583002100000e+01  6.731706268343e-02
 5.450244135677e+04  1.520955800000e+01  6.057734346276e-02
 5.450244997236e+04  1.513937900000e+01  6.005819198235e-02
 5.450245857950e+04  1.507177000000e+01  5.957609825760e-02
 5.450246721836e+04  1.508509100000e+01  5.965616128200e-02
 5.451039131691e+04  1.562694300000e+01  6.428770450459e-02
 5.451039784281e+04  1.563016300000e+01  6.430988525926e-02
 5.451040432913e+04  1.562440500000e+01  6.421999261144e-02
 5.451041086395e+04  1.573750600000e+01  6.534207761996e-02
 5.452541379605e+04  1.572941000000e+01  6.545842564450e-02
 5.452542096840e+04  1.567166000000e+01  6.538664680543e-02
 5.452542814421e+04  1.575021900000e+01  6.741733382746e-02
 5.452543539574e+04  1.575693200000e+01  6.634245895595e-02
 5.462720551948e+04  1.509989100000e+01  6.067583461998e-02
 5.462721149720e+04  1.515754200000e+01  6.109886025612e-02
 5.462721749762e+04  1.512826400000e+01  6.087143457998e-02
 5.462722351759e+04  1.516928200000e+01  6.123601762496e-02
 5.453137361186e+04  1.538890500000e+01  6.240863341484e-02
 5.453137906757e+04  1.544978400000e+01  6.290749922474e-02
 5.453138451738e+04  1.540428500000e+01  6.250258473893e-02
 5.453138995816e+04  1.542621300000e+01  6.266275333015e-02
 5.455533786069e+04  1.571251100000e+01  6.530206855035e-02
 5.455534500225e+04  1.568461300000e+01  6.498329326192e-02
 5.455535214682e+04  1.574449700000e+01  6.559148195266e-02
 5.455535926859e+04  1.565729800000e+01  6.467112504956e-02
 5.459130328299e+04  1.555132800000e+01  6.384128750712e-02
 5.459131091889e+04  1.555145400000e+01  6.385010841822e-02
 5.459131852506e+04  1.560909700000e+01  6.444076770886e-02
 5.459132612937e+04  1.561513300000e+01  6.451367805898e-02
 5.492432135360e+04  1.502710700000e+01  5.964086886843e-02
 5.492432685979e+04  1.502869800000e+01  5.961039599397e-02
 5.492433227904e+04  1.504814100000e+01  5.973393893752e-02
 5.492433759994e+04  1.507439100000e+01  5.990131183793e-02
 5.494132845127e+04  1.586665900000e+01  6.371765752650e-02
 5.494133788163e+04  1.587149000000e+01  6.378578474619e-02
 5.494134720641e+04  1.584148100000e+01  6.351238388162e-02
 5.494135650862e+04  1.584701600000e+01  6.358177939246e-02
 5.494928135095e+04  1.509015300000e+01  6.005764642717e-02
 5.494928975637e+04  1.509177800000e+01  6.008448685817e-02
 5.494929821328e+04  1.520561700000e+01  6.189542077575e-02
 5.494930660203e+04  1.518026600000e+01  6.075976273211e-02
 5.486747408128e+04  1.574141200000e+01  6.794780543687e-02
 5.486748446225e+04  1.581022800000e+01  6.949999312653e-02
 5.486749482826e+04  1.581148600000e+01  6.994285543069e-02
 5.486750547775e+04  1.580350000000e+01  7.046395294011e-02
 5.488247191650e+04  1.581020600000e+01  6.593529250442e-02
 5.488247797329e+04  1.583307800000e+01  6.617315899206e-02
 5.485054240025e+04  1.596874000000e+01  7.097862490516e-02
 5.485054721773e+04  1.586562300000e+01  6.958175483369e-02
 5.485055209147e+04  1.581008100000e+01  6.883849711138e-02
 5.485055690491e+04  1.561863000000e+01  6.646813954202e-02
 5.499324198102e+04  1.555624800000e+01  6.389938969780e-02
 5.499324786869e+04  1.563708500000e+01  6.475346410798e-02
 5.499325398527e+04  1.560183500000e+01  6.442301948087e-02
 5.499326002561e+04  1.566421700000e+01  6.505881209786e-02
 5.490836747314e+04  1.548031600000e+01  6.266062539186e-02
 5.490838011868e+04  1.545165500000e+01  6.299804058818e-02
 5.490839308403e+04  1.547996000000e+01  6.268834899346e-02
 5.490840580606e+04  1.550170400000e+01  6.293058102108e-02
 5.491738506691e+04  1.579382800000e+01  6.620730584662e-02
 5.491739202410e+04  1.571787300000e+01  6.538333745227e-02
 5.491739899193e+04  1.574053900000e+01  6.566666477757e-02
 5.491740597480e+04  1.576136600000e+01  6.592783235849e-02
 5.496526516113e+04  1.600003700000e+01  6.553297626706e-02
 5.496527278087e+04  1.593624500000e+01  6.481049173545e-02
 5.496528038506e+04  1.591011800000e+01  6.452071937508e-02
 5.496528799877e+04  1.587529300000e+01  6.417622510091e-02
 5.497628933148e+04  1.588795200000e+01  6.906131045466e-02
 5.529335748597e+04  1.584282000000e+01  6.676619946597e-02
 5.529336377378e+04  1.586516500000e+01  6.700966448887e-02
 5.529337002804e+04  1.579602300000e+01  6.624827120943e-02
 5.529337642317e+04  1.579017000000e+01  6.618558483862e-02
 5.529929064234e+04  1.571793900000e+01  6.542886209754e-02
 5.529929764068e+04  1.573296300000e+01  6.552531783746e-02
 5.529930458179e+04  1.574928200000e+01  6.571866648975e-02
 5.529931158677e+04  1.574004500000e+01  6.558834981672e-02
 5.554451918476e+04  1.584024800000e+01  6.738358331085e-02
 5.554453381209e+04  1.586157800000e+01  6.813282193314e-02
 5.554454072969e+04  1.590877100000e+01  6.808150980958e-02
 5.524149357719e+04  1.534435100000e+01  6.222781462942e-02
 5.524150111639e+04  1.536406800000e+01  6.231968319935e-02
 5.524150867243e+04  1.535613600000e+01  6.227738337206e-02
 5.524151629927e+04  1.540512000000e+01  6.270079727339e-02
 5.535325704395e+04  1.583142600000e+01  6.717715011901e-02
 5.535326450626e+04  1.588059300000e+01  6.778946273082e-02
 5.535327202159e+04  1.586831600000e+01  6.764677106142e-02
 5.535327953492e+04  1.586767100000e+01  6.771970007791e-02
 5.526936505187e+04  1.565531900000e+01  6.517887107548e-02
 5.527039783397e+04  1.553772900000e+01  6.380148607966e-02
 5.527040416090e+04  1.557856400000e+01  6.420505039653e-02
 5.527041054984e+04  1.560083400000e+01  6.444480317946e-02
 5.527041695470e+04  1.559478800000e+01  6.440282198909e-02
 5.527640787380e+04  1.526612600000e+01  6.151099798071e-02
 5.527641479046e+04  1.529519900000e+01  6.174777417456e-02
 5.527642164958e+04  1.534291100000e+01  6.214671811521e-02
 5.527642866645e+04  1.537101800000e+01  6.242517382911e-02
 5.532227336196e+04  1.594333400000e+01  6.808415077739e-02
 5.532227964282e+04  1.598220200000e+01  6.854867736899e-02
 5.532228593125e+04  1.597515500000e+01  6.856736697387e-02
 5.532229221513e+04  1.593907500000e+01  6.800279463993e-02
 5.565539756602e+04  1.580811400000e+01  6.403571166660e-02
 5.565540456220e+04  1.588731800000e+01  6.482400539705e-02
 5.565541154903e+04  1.579993400000e+01  6.399120471875e-02
 5.565541850218e+04  1.582100300000e+01  6.420752802036e-02
 5.566326053027e+04  1.546401100000e+01  6.131143537101e-02
 5.566326746627e+04  1.541470100000e+01  6.093935904164e-02
 5.566327442219e+04  1.531969800000e+01  6.017480814475e-02
 5.566328136559e+04  1.523162700000e+01  5.955715728238e-02
 5.567527959929e+04  1.581842100000e+01  7.139920615104e-02
 5.567528658994e+04  1.586753100000e+01  7.206819503445e-02
 5.567529356437e+04  1.586100900000e+01  7.197022551753e-02
 5.567530057561e+04  1.587386300000e+01  7.211405504289e-02
 5.560446947323e+04  1.585135100000e+01  6.728957705184e-02
 5.560447642832e+04  1.577005800000e+01  6.636303273787e-02
 5.560448337620e+04  1.563320700000e+01  6.488873420156e-02
 5.560449030655e+04  1.559445000000e+01  6.447823606795e-02
 5.557052752451e+04  1.586660500000e+01  6.770440633747e-02
 5.557052983667e+04  1.586756200000e+01  6.767752981268e-02
 5.557053216345e+04  1.583593300000e+01  6.731254880283e-02
 5.557053441924e+04  1.584881300000e+01  6.745078470326e-02
 5.562544688708e+04  1.586256400000e+01  6.772932042851e-02
 5.562545270325e+04  1.585139000000e+01  6.769118883201e-02
 5.562545853458e+04  1.585508300000e+01  6.769184003976e-02
 5.562546440165e+04  1.585546100000e+01  6.776688951063e-02
 5.563438543372e+04  1.600617500000e+01  7.036867228753e-02
 5.563439460803e+04  1.598586800000e+01  7.006672120339e-02
 5.563440380146e+04  1.593010700000e+01  6.929746045125e-02
 5.563441304789e+04  1.587902200000e+01  6.842078952258e-02
 5.564539520845e+04  1.584912300000e+01  6.784722998724e-02
 5.564540039021e+04  1.583451800000e+01  6.768672631626e-02
 5.564540555736e+04  1.584688100000e+01  6.783736651411e-02
 5.564541079213e+04  1.585454100000e+01  6.793455051720e-02
 5.569327142221e+04  1.519206300000e+01  6.348954693415e-02
 5.569327964461e+04  1.524820800000e+01  6.404163405910e-02
 5.569328791600e+04  1.520545300000e+01  6.361350587094e-02
 5.569329618101e+04  1.524060500000e+01  6.396449165298e-02
 5.570524499315e+04  1.580453400000e+01  6.796609216909e-02
 5.570525410069e+04  1.582332300000e+01  6.811620437127e-02
 5.570526322189e+04  1.589795200000e+01  6.911571705245e-02
 5.570527225214e+04  1.585493000000e+01  6.864539552958e-02
 5.569334059243e+04  1.541842100000e+01  6.120144909390e-02
 5.569334221439e+04  1.542252200000e+01  6.120719414881e-02
 5.569334386725e+04  1.540649700000e+01  6.110481232072e-02
 5.569334550138e+04  1.548320500000e+01  6.172360666170e-02
 5.593047544084e+04  1.538182000000e+01  6.273258828954e-02
 5.593048457854e+04  1.525331400000e+01  6.160838270313e-02
 5.593049366926e+04  1.507979400000e+01  6.024141949690e-02
 5.593050279986e+04  1.503069000000e+01  5.986369588902e-02
 5.597747717464e+04  1.589122500000e+01  6.727935017077e-02
 5.597748507392e+04  1.590407700000e+01  6.741661625074e-02
 5.597749295937e+04  1.592282400000e+01  6.766630537097e-02
 5.597750086685e+04  1.593406800000e+01  6.780955162940e-02
 5.598439672383e+04  1.551534400000e+01  6.372781240805e-02
 5.598440306569e+04  1.553282100000e+01  6.388969464006e-02
 5.598440946106e+04  1.553014600000e+01  6.388482621947e-02
 5.598441587087e+04  1.558856400000e+01  6.446906877598e-02
 5.599047767020e+04  1.548403900000e+01  6.358427191033e-02
 5.599048279303e+04  1.547515900000e+01  6.352874961115e-02
 5.599048792500e+04  1.549973900000e+01  6.375267218073e-02
 5.599049308453e+04  1.551827200000e+01  6.394318214503e-02
 5.599945518483e+04  1.576435100000e+01  6.619575320863e-02
 5.599946024847e+04  1.574657200000e+01  6.605039079726e-02
 5.599946539317e+04  1.574537900000e+01  6.601395930114e-02
 5.599947054293e+04  1.572339400000e+01  6.578659020109e-02
 5.601330860912e+04  1.570588600000e+01  6.643837819294e-02
 5.601331364398e+04  1.572461800000e+01  6.662067243037e-02
 5.601331872965e+04  1.570917300000e+01  6.636241092587e-02
 5.601332388029e+04  1.572711000000e+01  6.653926088256e-02
 5.603036247382e+04  1.540978600000e+01  6.490027588872e-02
 5.603036581972e+04  1.538471500000e+01  6.529886695317e-02
 5.603036919756e+04  1.544217100000e+01  6.478206946840e-02
 5.603037260675e+04  1.544992900000e+01  6.476802858024e-02
 5.603732900796e+04  1.583029700000e+01  6.482816368408e-02
 5.603733653228e+04  1.583225300000e+01  6.499271032953e-02
 5.603734397976e+04  1.586489100000e+01  6.508361881255e-02
 5.603735145963e+04  1.583740800000e+01  6.476741341484e-02
 5.606122694970e+04  1.596821700000e+01  7.010136845925e-02
 5.606123601388e+04  1.598820000000e+01  7.001142272667e-02
 5.606124451015e+04  1.595195000000e+01  6.875817180311e-02
 5.606125300649e+04  1.599312700000e+01  6.972805033721e-02
 5.606931125243e+04  1.570460400000e+01  6.557062814582e-02
 5.606931810634e+04  1.574420100000e+01  6.609576650305e-02
 5.606932487527e+04  1.574996400000e+01  6.617512714413e-02
 5.606933169655e+04  1.578235400000e+01  6.653185379613e-02
 5.609023939554e+04  1.535967800000e+01  6.233260063020e-02
 5.609024559889e+04  1.538818100000e+01  6.262768300874e-02
 5.609025178024e+04  1.541605100000e+01  6.296121258799e-02
 5.609025793135e+04  1.543523800000e+01  6.317541615610e-02
