# time mag mag_err
 5.371151485529e+04  1.569716100000e+01  6.564018027409e-02
 5.352724070663e+04  1.609550300000e+01  7.125140299971e-02
 5.352725088098e+04  1.607042200000e+01  7.098842023210e-02
 5.352726090613e+04  1.606350800000e+01  7.099118116707e-02
 5.352727093638e+04  1.605125300000e+01  7.099145622719e-02
 5.385219005247e+04  1.577716200000e+01  6.743655930017e-02
 5.385219785286e+04  1.570282200000e+01  6.657200390445e-02
 5.385220562720e+04  1.568060900000e+01  6.628285921009e-02
 5.385221343824e+04  1.563734400000e+01  6.581702637921e-02
 5.409651657006e+04  1.597051100000e+01  7.699849738729e-02
 5.409651838207e+04  1.592766700000e+01  7.659229217160e-02
 5.409652017267e+04  1.594388100000e+01  7.606803896539e-02
 5.409652197763e+04  1.597874800000e+01  7.704902213275e-02
 5.376749174492e+04  1.590959500000e+01  6.820699254381e-02
 5.376749656912e+04  1.589022600000e+01  6.796676689901e-02
 5.376750144749e+04  1.590016300000e+01  6.808444406005e-02
 5.376750634461e+04  1.592252100000e+01  6.841487188394e-02
 5.379334072517e+04  1.586542600000e+01  6.786062176777e-02
 5.379334642743e+04  1.591158000000e+01  6.843018563669e-02
 5.379335210190e+04  1.593190900000e+01  6.869466730117e-02
 5.379335778470e+04  1.594179200000e+01  6.882775547849e-02
 5.373743507969e+04  1.573049700000e+01  9.887496455498e-02
 5.373744358751e+04  1.569142000000e+01  6.566765055564e-02
 5.373745211294e+04  1.571454900000e+01  6.833500358921e-02
 5.373746065988e+04  1.571668900000e+01  6.693728285970e-02
 5.374044357396e+04  1.602737500000e+01  6.953720794171e-02
 5.374045216328e+04  1.605394000000e+01  6.988188881137e-02
 5.374046071590e+04  1.599923700000e+01  6.910971648742e-02
 5.374046930568e+04  1.603476300000e+01  6.962464740113e-02
 5.390225736990e+04  1.596072400000e+01  1.317019472595e-01
 5.390225835630e+04  1.598824300000e+01  1.332875950222e-01
 5.390225934025e+04  1.595372800000e+01  1.319170598358e-01
 5.390226032630e+04  1.599966000000e+01  1.337690446723e-01
 5.380040020594e+04  1.609444100000e+01  7.244542725809e-02
 5.380040597741e+04  1.606271900000e+01  7.052927369438e-02
 5.380041168104e+04  1.610284200000e+01  7.242013298790e-02
 5.380041746084e+04  1.610516700000e+01  7.229004769758e-02
 5.381738155816e+04  1.612821200000e+01  7.155499605073e-02
 5.381739107877e+04  1.611823500000e+01  7.164899945096e-02
 5.381740058642e+04  1.616729500000e+01  7.265860361444e-02
 5.381741014292e+04  1.613419400000e+01  7.189775105047e-02
 5.386628229109e+04  1.587367400000e+01  1.249441632548e-01
 5.386628302469e+04  1.604036500000e+01  1.311632374016e-01
 5.386628376025e+04  1.605060200000e+01  1.311122144459e-01
 5.386628450313e+04  1.606992100000e+01  1.326096990966e-01
 5.388521458345e+04  1.600694900000e+01  6.698269234733e-02
 5.388522645348e+04  1.603411900000e+01  6.733718844294e-02
 5.388523835106e+04  1.602399500000e+01  6.731263694510e-02
 5.388525027480e+04  1.601792600000e+01  6.734989411938e-02
 5.420929349155e+04  1.589511300000e+01  6.798905913240e-02
 5.420930156684e+04  1.593295000000e+01  6.838169031089e-02
 5.420930965243e+04  1.594070900000e+01  6.844655270035e-02
 5.420931774056e+04  1.596071000000e+01  6.866210112708e-02
 5.445240761088e+04  1.567184700000e+01  6.492001897786e-02
 5.445241380331e+04  1.568190800000e+01  6.501381898503e-02
 5.445241995895e+04  1.570953900000e+01  6.525123249730e-02
 5.445242609709e+04  1.568369700000e+01  6.493792718937e-02
 5.414140537984e+04  1.598475400000e+01  7.045575691829e-02
 5.414141079700e+04  1.600046500000e+01  7.007966593179e-02
 5.414141623789e+04  1.600646800000e+01  7.388377236237e-02
 5.414142169373e+04  1.594727400000e+01  7.106980475693e-02
 5.415626270588e+04  1.589260800000e+01  6.983526432153e-02
 5.415627143086e+04  1.587512800000e+01  6.957576298699e-02
 5.415628014911e+04  1.595020700000e+01  7.051748031137e-02
 5.415628888948e+04  1.593271800000e+01  7.023970523200e-02
 5.429517020978e+04  1.610824400000e+01  6.385809027159e-02
 5.429517334280e+04  1.613854900000e+01  6.432352877345e-02
 5.429517673140e+04  1.611161600000e+01  6.691535378267e-02
 5.429517997774e+04  1.619023700000e+01  6.613563629791e-02
 5.427019575069e+04  1.561682400000e+01  5.920471627381e-02
 5.427020382008e+04  1.561189000000e+01  5.924819403961e-02
 5.427021188679e+04  1.564871300000e+01  5.961011414322e-02
 5.427021999935e+04  1.560164000000e+01  5.922995715231e-02
 5.416925862060e+04  1.598695600000e+01  6.874009840136e-02
 5.416926523806e+04  1.598494000000e+01  6.871581545713e-02
 5.416927180922e+04  1.597677900000e+01  6.858078833712e-02
 5.416927834763e+04  1.601238600000e+01  6.897790596266e-02
 5.417631000944e+04  1.606848000000e+01  6.958011015360e-02
 5.417631849377e+04  1.605176500000e+01  6.940530623847e-02
 5.417632688088e+04  1.600009900000e+01  6.865831597617e-02
 5.417633525606e+04  1.592165100000e+01  6.770245059586e-02
 5.423521896668e+04  1.604571200000e+01  7.458373768286e-02
 5.423522463525e+04  1.596133100000e+01  7.139574118826e-02
 5.423523023704e+04  1.601562000000e+01  7.046148100829e-02
 5.423523585988e+04  1.601024500000e+01  7.258254974584e-02
 5.424424681399e+04  1.618356900000e+01  7.208309407347e-02
 5.424425539718e+04  1.610272900000e+01  7.096953018363e-02
 5.424426400675e+04  1.610652500000e+01  7.102659516681e-02
 5.424427262419e+04  1.611304600000e+01  7.121765236401e-02
 5.441149658477e+04  1.587879100000e+01  6.318696986914e-02
 5.441150232209e+04  1.587027200000e+01  6.346465217816e-02
 5.441150810051e+04  1.586221900000e+01  6.394426205934e-02
 5.441151387649e+04  1.578742500000e+01  6.249840860986e-02
 5.455736164733e+04  1.599477800000e+01  6.932671495722e-02
 5.455737034000e+04  1.600788900000e+01  6.901197932294e-02
 5.455737895571e+04  1.596609200000e+01  6.859079014802e-02
 5.455738763808e+04  1.601735900000e+01  6.926389374158e-02
 5.456435723759e+04  1.610397900000e+01  7.043393757204e-02
 5.456436412566e+04  1.616513200000e+01  7.136332567295e-02
 5.456437098341e+04  1.613402200000e+01  7.100361580939e-02
 5.456437793249e+04  1.611801100000e+01  7.081792291857e-02
 5.457428158159e+04  1.588669600000e+01  6.789405997945e-02
 5.457429032207e+04  1.596433400000e+01  6.891777625165e-02
 5.457429908710e+04  1.596767700000e+01  6.898348442556e-02
 5.457430780801e+04  1.589478000000e+01  6.815519660804e-02
 5.480642272284e+04  1.570401600000e+01  6.534630568084e-02
 5.480642878020e+04  1.565564900000e+01  6.479385556520e-02
 5.480643478199e+04  1.564359900000e+01  6.463432169600e-02
 5.480644095059e+04  1.562130400000e+01  6.431773521057e-02
 5.449733686529e+04  1.574308700000e+01  7.726071969085e-02
 5.449734234900e+04  1.571181600000e+01  7.344158683001e-02
 5.449734780993e+04  1.567683600000e+01  7.059243808683e-02
 5.449735328334e+04  1.575486700000e+01  8.311273763185e-02
 5.450634842906e+04  1.598041200000e+01  6.809158941797e-02
 5.450635583325e+04  1.596002300000e+01  6.780445423739e-02
 5.450636319773e+04  1.598149300000e+01  6.807242078755e-02
 5.450637062831e+04  1.596466000000e+01  6.784305523403e-02
 5.451421808154e+04  1.561154200000e+01  6.493357156357e-02
 5.451422360902e+04  1.562584000000e+01  6.503441850841e-02
 5.451422911427e+04  1.565188300000e+01  6.526939638610e-02
 5.451423462785e+04  1.566362500000e+01  6.537045450478e-02
 5.452531457098e+04  1.593377500000e+01  7.017788127987e-02
 5.452532260922e+04  1.588324200000e+01  7.300401223860e-02
 5.452533201559e+04  1.591902300000e+01  7.105755747652e-02
 5.452534008336e+04  1.599874600000e+01  7.275405589880e-02
 5.448031917497e+04  1.575969000000e+01  6.599718011897e-02
 5.448032751530e+04  1.576504200000e+01  6.599548242772e-02
 5.448033579454e+04  1.576853200000e+01  6.599068642279e-02
 5.448034408569e+04  1.581232800000e+01  6.636482103316e-02
 5.462718241763e+04  1.585749000000e+01  6.821763046769e-02
 5.462718780749e+04  1.581459400000e+01  6.771475365426e-02
 5.462719319433e+04  1.582647500000e+01  6.784941275927e-02
 5.462719855316e+04  1.584348300000e+01  6.814641685896e-02
 5.464018046909e+04  1.592951100000e+01  6.959669552660e-02
 5.464018703470e+04  1.587560600000e+01  6.898184349676e-02
 5.464019363016e+04  1.592110300000e+01  6.951303979105e-02
 5.464020021799e+04  1.593249800000e+01  6.987653313869e-02
 5.453246508164e+04  1.592906700000e+01  6.794338399954e-02
 5.454942150619e+04  1.607814000000e+01  7.359065281498e-02
 5.454942827447e+04  1.615412200000e+01  7.490242538348e-02
 5.454943504899e+04  1.603875200000e+01  7.313313757685e-02
 5.454944187884e+04  1.597988500000e+01  7.229830413563e-02
 5.458924753191e+04  1.592461900000e+01  6.780152860298e-02
 5.458925321264e+04  1.596179400000e+01  6.824703578444e-02
 5.458925886708e+04  1.592729200000e+01  6.785919597158e-02
 5.458926451887e+04  1.591520400000e+01  6.774475703180e-02
 5.478849445390e+04  1.599634600000e+01  7.180182828864e-02
 5.478849934419e+04  1.584247900000e+01  6.962051371935e-02
 5.478850421793e+04  1.604336200000e+01  7.242158179544e-02
 5.478850908484e+04  1.597774900000e+01  7.083025579051e-02
 5.492235830899e+04  1.599462200000e+01  6.891300172480e-02
 5.492236616068e+04  1.600596800000e+01  6.908121444744e-02
 5.492237402484e+04  1.604362500000e+01  6.965446970667e-02
 5.492238189389e+04  1.605484200000e+01  6.983114904825e-02
 5.494218919080e+04  1.607229100000e+01  6.951607226306e-02
 5.494219428619e+04  1.604622800000e+01  6.912049978238e-02
 5.494219941262e+04  1.609949300000e+01  6.985041361811e-02
 5.494220462098e+04  1.611826100000e+01  7.006124960687e-02
 5.518249839547e+04  1.587568100000e+01  6.695623995297e-02
 5.518250305046e+04  1.588138100000e+01  6.699226543214e-02
 5.518250770694e+04  1.584208400000e+01  6.655561384419e-02
 5.518251234689e+04  1.589321700000e+01  6.711983835737e-02
 5.486636390096e+04  1.575496500000e+01  6.540206611349e-02
 5.486637475671e+04  1.579805400000e+01  6.584672909176e-02
 5.486638573029e+04  1.577990200000e+01  6.558494198855e-02
 5.486639672366e+04  1.579276300000e+01  6.571788665953e-02
 5.488643631640e+04  1.600661500000e+01  6.930735241284e-02
 5.488644168877e+04  1.607174000000e+01  7.026919120758e-02
 5.488644716172e+04  1.604311100000e+01  6.974384956580e-02
 5.488645265529e+04  1.607317200000e+01  6.936958555472e-02
 5.486049906464e+04  1.600893900000e+01  6.807662182765e-02
 5.486050507999e+04  1.598932200000e+01  6.782656906550e-02
 5.486051108041e+04  1.602985200000e+01  6.840763299866e-02
 5.486051708962e+04  1.602610800000e+01  6.833167223546e-02
 5.489229571946e+04  1.587030100000e+01  6.948696547400e-02
 5.489230232836e+04  1.589975800000e+01  6.992521798941e-02
 5.489230889280e+04  1.588629800000e+01  6.966941962443e-02
 5.489231561964e+04  1.590190500000e+01  6.995119808927e-02
 5.491136016872e+04  1.590197700000e+01  6.724068647006e-02
 5.491136566841e+04  1.590331500000e+01  6.729425389872e-02
 5.491137110282e+04  1.590095100000e+01  6.749425605562e-02
 5.491137659141e+04  1.591018200000e+01  6.740854622552e-02
 5.495422215006e+04  1.604473100000e+01  7.299871885837e-02
 5.495424501689e+04  1.606556600000e+01  7.002577186408e-02
 5.496919490692e+04  1.603047500000e+01  1.174576119740e-01
 5.496920104856e+04  1.593742500000e+01  6.917193949027e-02
 5.496920712549e+04  1.596155300000e+01  6.950290378316e-02
 5.496921316697e+04  1.598860700000e+01  7.006037927898e-02
 5.514349862998e+04  1.576373900000e+01  6.712087350016e-02
 5.514350289064e+04  1.571956400000e+01  6.656776228541e-02
 5.514350725774e+04  1.573598600000e+01  6.673445358966e-02
 5.514351157764e+04  1.572799000000e+01  6.658626531167e-02
 5.529333093552e+04  1.597073900000e+01  6.843355840264e-02
 5.529333670885e+04  1.593091500000e+01  6.791911411120e-02
 5.529334248495e+04  1.594523300000e+01  6.803228060442e-02
 5.529334825771e+04  1.597554700000e+01  6.843785352788e-02
 5.530215189177e+04  1.593271800000e+01  6.953194815975e-02
 5.530215875978e+04  1.592450200000e+01  6.992705361320e-02
 5.530216565062e+04  1.585848400000e+01  7.520574677613e-02
 5.530217250140e+04  1.588258300000e+01  7.377694324939e-02
 5.524440250539e+04  1.592373800000e+01  6.797052555887e-02
 5.524441117847e+04  1.593326900000e+01  6.810481916272e-02
 5.524441958245e+04  1.591910100000e+01  6.791767754606e-02
 5.524442788794e+04  1.594718200000e+01  6.835147972759e-02
 5.526924302516e+04  1.569767200000e+01  6.538354053089e-02
 5.526924925337e+04  1.570514000000e+01  6.550074898681e-02
 5.526925551309e+04  1.565786000000e+01  6.494177975973e-02
 5.526926189942e+04  1.564192600000e+01  6.479552414640e-02
 5.527628384962e+04  1.588120500000e+01  6.755221161812e-02
 5.527628929155e+04  1.586442000000e+01  6.738492329210e-02
 5.527629478322e+04  1.591748100000e+01  6.810648594317e-02
 5.527630021392e+04  1.591638600000e+01  6.802625863883e-02
 5.532623585218e+04  1.617191300000e+01  7.185808178948e-02
 5.532624324756e+04  1.614339600000e+01  7.146440571078e-02
 5.532625070285e+04  1.611833100000e+01  7.119489048379e-02
 5.532625821780e+04  1.608388100000e+01  7.071932572522e-02
 5.560331438958e+04  1.593668700000e+01  6.515403250090e-02
 5.560332066096e+04  1.597438100000e+01  6.551856525849e-02
 5.560332691927e+04  1.599920500000e+01  6.573720339154e-02
 5.560333320361e+04  1.602122300000e+01  6.597271269060e-02
 5.561831679539e+04  1.599619500000e+01  6.933127737345e-02
 5.561832424152e+04  1.600143400000e+01  6.944302996583e-02
 5.561833175556e+04  1.598918300000e+01  6.921334535922e-02
 5.561833924770e+04  1.601087300000e+01  6.948952307218e-02
 5.557738281854e+04  1.588649300000e+01  7.393929589615e-02
 5.557739011037e+04  1.585789000000e+01  7.337452195349e-02
 5.557739738286e+04  1.588781400000e+01  7.389272507989e-02
 5.557740470509e+04  1.594893400000e+01  7.473216965117e-02
 5.562540699985e+04  1.560629400000e+01  6.011811631465e-02
 5.562541620656e+04  1.563750300000e+01  6.037724842594e-02
 5.562542543794e+04  1.563696000000e+01  6.035840830325e-02
 5.562543465034e+04  1.565011000000e+01  6.048619964353e-02
 5.564635741289e+04  1.611887100000e+01  7.167603346903e-02
 5.564636487486e+04  1.606811500000e+01  7.099546174181e-02
 5.564637247328e+04  1.606028300000e+01  7.092652111866e-02
 5.564638005017e+04  1.596770900000e+01  6.964143925361e-02
 5.568324819531e+04  1.571652400000e+01  6.649168933782e-02
 5.568325684652e+04  1.573186000000e+01  6.668705217169e-02
 5.568326554691e+04  1.572055100000e+01  6.655345776457e-02
 5.568327421669e+04  1.571672100000e+01  6.654874860035e-02
 5.371151949661e+04  1.567178300000e+01  6.536042106355e-02
 5.371152411270e+04  1.568219500000e+01  6.547750011342e-02
 5.371152879534e+04  1.565647200000e+01  6.516291118999e-02
 5.371153351236e+04  1.562822100000e+01  6.486103095564e-02
 5.453246949703e+04  1.586125900000e+01  6.709306560817e-02
 5.453247698085e+04  1.580575600000e+01  6.658722793482e-02
 5.453248446767e+04  1.578808900000e+01  6.642362138028e-02
 5.453249198333e+04  1.576117000000e+01  6.657776861492e-02
 5.588149275824e+04  1.610607100000e+01  7.052009970613e-02
 5.588149781880e+04  1.618549800000e+01  7.164766551953e-02
 5.588150309558e+04  1.610537900000e+01  7.053307764505e-02
 5.588150821250e+04  1.611563400000e+01  7.067136402808e-02
 5.593542308564e+04  1.550898400000e+01  6.346315577587e-02
 5.593542981844e+04  1.576568800000e+01  6.604986993543e-02
 5.593543659169e+04  1.554562200000e+01  6.380417700458e-02
 5.593544335579e+04  1.549506100000e+01  6.326844030118e-02
 5.595929376370e+04  1.589582400000e+01  6.769974975989e-02
 5.595929892716e+04  1.585172500000e+01  6.712820868519e-02
 5.595930408522e+04  1.581225200000e+01  6.665540567804e-02
 5.595930923189e+04  1.585275200000e+01  6.713287277232e-02
 5.597626110183e+04  1.584185600000e+01  6.768998011050e-02
 5.597626951000e+04  1.582930800000e+01  6.750777325362e-02
 5.597627802097e+04  1.585259400000e+01  6.768319536473e-02
 5.597628642431e+04  1.588359600000e+01  6.803422440742e-02
 5.598336597264e+04  1.606216500000e+01  6.978359531084e-02
 5.598337164190e+04  1.605565500000e+01  6.968868047157e-02
 5.598337730795e+04  1.608916000000e+01  7.012800856231e-02
 5.598338299203e+04  1.607013200000e+01  6.987020833164e-02
 5.599022753800e+04  1.609651400000e+01  7.069030420746e-02
 5.599023258178e+04  1.614653500000e+01  7.141784878618e-02
 5.599023769569e+04  1.612852900000e+01  7.109309305853e-02
 5.599024272618e+04  1.618058400000e+01  7.182462252668e-02
 5.600140494508e+04  1.580689900000e+01  6.676118677315e-02
 5.600141003374e+04  1.583328400000e+01  6.707581266792e-02
 5.600141517346e+04  1.582500500000e+01  6.695792738469e-02
 5.600142030318e+04  1.581304700000e+01  6.682571374241e-02
 5.600822091501e+04  1.581936900000e+01  6.369786564853e-02
 5.600822974575e+04  1.581608100000e+01  6.366693052130e-02
 5.600823862918e+04  1.584250300000e+01  6.389365680725e-02
 5.600824740410e+04  1.586053600000e+01  6.404278599633e-02
 5.601526438582e+04  1.606014100000e+01  7.020905520467e-02
 5.601527223139e+04  1.599434800000e+01  6.929496072369e-02
 5.601528024359e+04  1.604279200000e+01  6.994346851596e-02
 5.601528824575e+04  1.605892200000e+01  7.019705213690e-02
 5.609718587764e+04  1.571353900000e+01  6.333795494184e-02
 5.609719259008e+04  1.576353700000e+01  6.398114642968e-02
 5.609719927603e+04  1.577957400000e+01  6.404920862195e-02
 5.609720599766e+04  1.578997300000e+01  6.417443189395e-02
