# time mag mag_err
 5.370511726531e+04  1.322217600000e+01  5.261789981510e-02
 5.370512158289e+04  1.323522600000e+01  5.265632094710e-02
 5.370512594074e+04  1.324884800000e+01  5.269243017819e-02
 5.370513029351e+04  1.325552000000e+01  5.271897823739e-02
 5.372905477603e+04  1.384190000000e+01  5.579110597601e-02
 5.372905807909e+04  1.383726000000e+01  5.593641400561e-02
 5.372906137705e+04  1.382058400000e+01  5.593245380031e-02
 5.372906467027e+04  1.383763800000e+01  5.602915895000e-02
 5.356134590066e+04  1.370819500000e+01  5.405284237109e-02
 5.356135239855e+04  1.371831800000e+01  5.406338265919e-02
 5.356135892260e+04  1.373076500000e+01  5.409362497456e-02
 5.356136539654e+04  1.373692600000e+01  5.408463597264e-02
 5.355044730546e+04  1.360420000000e+01  5.359046098398e-02
 5.355045248108e+04  1.362374200000e+01  5.363351852854e-02
 5.355045765992e+04  1.361744700000e+01  5.362061147284e-02
 5.355046283772e+04  1.365541600000e+01  5.368739348362e-02
 5.368708243721e+04  1.382861100000e+01  5.422642310572e-02
 5.368708981326e+04  1.381828700000e+01  5.421871754321e-02
 5.368709721676e+04  1.382496100000e+01  5.437861626636e-02
 5.368710462303e+04  1.384547700000e+01  5.432526704712e-02
 5.369909369668e+04  1.382534400000e+01  5.433269083954e-02
 5.369910006586e+04  1.382510800000e+01  5.435869169537e-02
 5.369910644047e+04  1.382816400000e+01  5.436487580668e-02
 5.369911283571e+04  1.382958700000e+01  5.438901873095e-02
 5.365418002669e+04  1.322240100000e+01  5.278445218116e-02
 5.365418557859e+04  1.325194600000e+01  5.285583326182e-02
 5.365419109830e+04  1.326355900000e+01  5.288530915003e-02
 5.365419658399e+04  1.329350200000e+01  5.294723447464e-02
 5.366713785461e+04  1.374689200000e+01  5.397209706752e-02
 5.366714580639e+04  1.375066500000e+01  5.398839558522e-02
 5.366715382426e+04  1.376440100000e+01  5.403615737748e-02
 5.366716181367e+04  1.377824500000e+01  5.408391374121e-02
 5.361828120398e+04  1.385448500000e+01  5.537674195857e-02
 5.361828766078e+04  1.388311700000e+01  5.522415764999e-02
 5.361829411330e+04  1.389780500000e+01  5.533243716010e-02
 5.361830055760e+04  1.391715800000e+01  5.579704970065e-02
 5.363620596554e+04  1.398288600000e+01  5.516800240266e-02
 5.363621354983e+04  1.395627400000e+01  5.508250298701e-02
 5.363622119049e+04  1.389478300000e+01  5.487358236141e-02
 5.363622877200e+04  1.380791400000e+01  5.455116881331e-02
 5.397526627075e+04  1.320255700000e+01  5.222860984660e-02
 5.397527264376e+04  1.318591600000e+01  5.220431275544e-02
 5.397527906664e+04  1.318227700000e+01  5.219703885032e-02
 5.397528545875e+04  1.318782600000e+01  5.220709122273e-02
 5.407011538128e+04  1.386680500000e+01  5.727679146322e-02
 5.407012051441e+04  1.385041900000e+01  5.721040826727e-02
 5.407012565067e+04  1.384906000000e+01  5.729348803352e-02
 5.407013077963e+04  1.381808900000e+01  5.706722945859e-02
 5.409305966078e+04  1.392173200000e+01  5.423223526818e-02
 5.409306617835e+04  1.390624900000e+01  5.423662562310e-02
 5.409307263399e+04  1.387843000000e+01  5.415699116826e-02
 5.409307909808e+04  1.385765000000e+01  5.410970942432e-02
 5.392540125567e+04  1.382926000000e+01  6.930359921635e-02
 5.392540288689e+04  1.378938100000e+01  6.880631455478e-02
 5.392540437654e+04  1.380261900000e+01  6.889598928769e-02
 5.392540590382e+04  1.378464400000e+01  6.866809876455e-02
 5.389244340693e+04  1.333406400000e+01  6.786509114480e-02
 5.389244440547e+04  1.345018600000e+01  6.907125645481e-02
 5.389244541443e+04  1.362700100000e+01  7.201545927069e-02
 5.389244642375e+04  1.320291700000e+01  6.731228265231e-02
 5.390442038684e+04  1.389821400000e+01  7.097090766516e-02
 5.390442144557e+04  1.386023200000e+01  7.052704587710e-02
 5.390442252259e+04  1.387204100000e+01  7.068176370981e-02
 5.390442357542e+04  1.383302800000e+01  7.014706980645e-02
 5.390537951068e+04  1.364606000000e+01  5.423322945278e-02
 5.390538870789e+04  1.366121900000e+01  5.423641372330e-02
 5.390539788509e+04  1.367983800000e+01  5.425936842948e-02
 5.390540705672e+04  1.369327700000e+01  5.430763732626e-02
 5.388046578816e+04  1.345740000000e+01  5.482473101805e-02
 5.388046842510e+04  1.347071800000e+01  5.487405251789e-02
 5.388047107211e+04  1.348033100000e+01  5.488383054199e-02
 5.388047372050e+04  1.349849200000e+01  5.487767775203e-02
 5.388645172194e+04  1.385943000000e+01  6.364848621565e-02
 5.388645257477e+04  1.383821700000e+01  6.339393576968e-02
 5.388645343927e+04  1.386080400000e+01  6.362558746666e-02
 5.388645430170e+04  1.387216600000e+01  6.369656921548e-02
 5.405011774693e+04  1.376051700000e+01  5.365041936240e-02
 5.405012639875e+04  1.375423700000e+01  5.364131743538e-02
 5.405013504999e+04  1.377485300000e+01  5.369987712187e-02
 5.405014369880e+04  1.379596400000e+01  5.377164484566e-02
 5.405712913980e+04  1.374997500000e+01  5.361951635217e-02
 5.405713456877e+04  1.375951700000e+01  5.365982018327e-02
 5.405713999253e+04  1.377558600000e+01  5.370539678818e-02
 5.405714539814e+04  1.378596800000e+01  5.374099485203e-02
 5.401114391845e+04  1.385323200000e+01  5.421844862274e-02
 5.401114779284e+04  1.364658200000e+01  5.338371506914e-02
 5.401115169650e+04  1.362963200000e+01  5.336600277495e-02
 5.401115555444e+04  1.374322500000e+01  5.410512987203e-02
 5.402320677241e+04  1.348284500000e+01  5.289579444241e-02
 5.402321213436e+04  1.346741500000e+01  5.368583867093e-02
 5.402321750813e+04  1.351322700000e+01  5.598510019468e-02
 5.402322287112e+04  1.367337400000e+01  7.011023901304e-02
 5.399224333235e+04  1.381693400000e+01  5.388743263521e-02
 5.399224980385e+04  1.381086600000e+01  5.386332400453e-02
 5.399225629978e+04  1.382453900000e+01  5.391847803777e-02
 5.399226272775e+04  1.382761100000e+01  5.395197356237e-02
 5.443807587993e+04  1.356050800000e+01  5.312371014832e-02
 5.443808248744e+04  1.356868500000e+01  5.315280406241e-02
 5.443808910223e+04  1.358096500000e+01  5.319444121502e-02
 5.443809569632e+04  1.359974200000e+01  5.324779354768e-02
 5.445407186667e+04  1.371460200000e+01  5.525147623148e-02
 5.445407526603e+04  1.371037000000e+01  5.524767615707e-02
 5.445407862707e+04  1.369962200000e+01  5.520643824185e-02
 5.445408201475e+04  1.369779000000e+01  5.522008310818e-02
 5.426040981993e+04  1.377224300000e+01  5.418054094270e-02
 5.426041760446e+04  1.379917500000e+01  5.424342172339e-02
 5.426042546990e+04  1.378919700000e+01  5.417954181542e-02
 5.426043327735e+04  1.380078400000e+01  5.419820762376e-02
 5.427936949828e+04  1.347355900000e+01  5.347968436787e-02
 5.427937549383e+04  1.346729100000e+01  5.343136769432e-02
 5.427938149541e+04  1.349536700000e+01  5.349270935885e-02
 5.427938748378e+04  1.349881700000e+01  5.349256315812e-02
 5.424444714201e+04  1.373807800000e+01  5.407370155339e-02
 5.424445096465e+04  1.375210900000e+01  5.410002351936e-02
 5.424445486624e+04  1.374988900000e+01  5.407674622860e-02
 5.424445878866e+04  1.376004300000e+01  5.410157445160e-02
 5.441713166731e+04  1.371484200000e+01  5.362688138777e-02
 5.441713885736e+04  1.370761400000e+01  5.360897286507e-02
 5.441714601733e+04  1.373133300000e+01  5.368014836029e-02
 5.441715316792e+04  1.374074500000e+01  5.372465824818e-02
 5.437717035196e+04  1.379270500000e+01  5.388469145359e-02
 5.437717686316e+04  1.379886400000e+01  5.390114049186e-02
 5.437718338721e+04  1.379834500000e+01  5.389874852999e-02
 5.437718985409e+04  1.379815500000e+01  5.389045050316e-02
 5.438817955620e+04  1.328946200000e+01  5.248307173629e-02
 5.438818697521e+04  1.329073200000e+01  5.248905426701e-02
 5.438819441134e+04  1.331209900000e+01  5.253821897364e-02
 5.438820184458e+04  1.332223900000e+01  5.255868765941e-02
 5.434625016997e+04  1.346172000000e+01  5.300461614034e-02
 5.434625712922e+04  1.348729900000e+01  5.306002669854e-02
 5.434626406429e+04  1.349340200000e+01  5.306270625118e-02
 5.434627101696e+04  1.351320900000e+01  5.312939882976e-02
 5.462739962635e+04  1.373584600000e+01  5.422438679713e-02
 5.462740615006e+04  1.375066600000e+01  5.423511761375e-02
 5.462741267920e+04  1.374442700000e+01  5.418549735598e-02
 5.462741922779e+04  1.376645900000e+01  5.417433572868e-02
 5.476814831615e+04  1.364717400000e+01  5.331991529788e-02
 5.476815610160e+04  1.366498100000e+01  5.337426152814e-02
 5.476816388162e+04  1.368051600000e+01  5.341938635984e-02
 5.476817165990e+04  1.368408600000e+01  5.343669281111e-02
 5.471524969808e+04  1.358667900000e+01  5.324396818474e-02
 5.471525618394e+04  1.360473400000e+01  5.328716423859e-02
 5.471526267801e+04  1.360265500000e+01  5.327581810580e-02
 5.471526917764e+04  1.362469500000e+01  5.333940700605e-02
 5.472920102179e+04  1.340260100000e+01  5.279572805193e-02
 5.472920748450e+04  1.341165100000e+01  5.281440785311e-02
 5.472921398124e+04  1.343461300000e+01  5.286952518351e-02
 5.472922048201e+04  1.344933400000e+01  5.289569090696e-02
 5.473824498542e+04  1.367417900000e+01  5.340860015253e-02
 5.473825654178e+04  1.369119600000e+01  5.345938370389e-02
 5.473826825637e+04  1.370677700000e+01  5.350620930197e-02
 5.473827986250e+04  1.372851900000e+01  5.357967887511e-02
 5.507028818024e+04  1.378303600000e+01  5.409086832537e-02
 5.507029542866e+04  1.378966400000e+01  5.411501979171e-02
 5.507030269987e+04  1.379734200000e+01  5.414147266951e-02
 5.507030996771e+04  1.382696000000e+01  5.424406818740e-02
 5.507328401376e+04  1.341219300000e+01  5.300618849681e-02
 5.507329435759e+04  1.344594400000e+01  5.318151486745e-02
 5.507330479656e+04  1.343844100000e+01  5.348879515767e-02
 5.507331513102e+04  1.351728600000e+01  5.403525930206e-02
 5.518406743242e+04  1.327193800000e+01  5.250699138912e-02
 5.518407084069e+04  1.325984400000e+01  5.248034196369e-02
 5.518407427757e+04  1.327538000000e+01  5.253535082135e-02
 5.518407774846e+04  1.328413300000e+01  5.256090191025e-02
 5.501733890725e+04  1.365946900000e+01  5.556014098401e-02
 5.501734341199e+04  1.360505700000e+01  5.530701530031e-02
 5.501734789765e+04  1.375156400000e+01  5.591337517398e-02
 5.501735238446e+04  1.367889300000e+01  5.555424166583e-02
 5.504227447124e+04  1.377378800000e+01  5.600843285305e-02
 5.504227895711e+04  1.379400600000e+01  5.612056537139e-02
 5.504228353336e+04  1.379493000000e+01  5.608432872899e-02
 5.504228809897e+04  1.376544500000e+01  5.597808713070e-02
 5.498344563458e+04  1.343500800000e+01  5.433329334434e-02
 5.498344811994e+04  1.345478700000e+01  5.439518804830e-02
 5.498345054553e+04  1.344902600000e+01  5.436286770477e-02
 5.498345297296e+04  1.347175900000e+01  5.443635893156e-02
 5.500342081088e+04  1.383291600000e+01  5.605647317684e-02
 5.500342558647e+04  1.384321100000e+01  5.609780742896e-02
 5.500343034124e+04  1.382948100000e+01  5.604161925156e-02
 5.500343521613e+04  1.383584500000e+01  5.607108750636e-02
 5.514611112988e+04  1.378514200000e+01  5.406473081696e-02
 5.514611839519e+04  1.379742000000e+01  5.410471958820e-02
 5.514612564138e+04  1.379888900000e+01  5.411422702737e-02
 5.514613296351e+04  1.380916500000e+01  5.415552567921e-02
 5.511317626880e+04  1.388747800000e+01  5.434055747364e-02
 5.511318228869e+04  1.389932000000e+01  5.438235010887e-02
 5.511318825740e+04  1.391687100000e+01  5.444599034871e-02
 5.511319431823e+04  1.392695100000e+01  5.447226557234e-02
 5.512411805198e+04  1.364188000000e+01  5.358599939118e-02
 5.512412609950e+04  1.350833100000e+01  5.319463931384e-02
 5.512413413590e+04  1.334271600000e+01  5.277469518862e-02
 5.512414218795e+04  1.322685500000e+01  5.249439297797e-02
 5.508421834031e+04  1.363172200000e+01  5.511667603216e-02
 5.508422376700e+04  1.366045300000e+01  5.520982488413e-02
 5.508422918023e+04  1.364699900000e+01  5.515818979660e-02
 5.508423457549e+04  1.366525800000e+01  5.521534031634e-02
 5.509519547848e+04  1.383591200000e+01  5.433783456198e-02
 5.509520206647e+04  1.382868800000e+01  5.429505811703e-02
 5.509520866010e+04  1.384823700000e+01  5.429500131551e-02
 5.509521543625e+04  1.381275000000e+01  5.422266359739e-02
 5.510116709045e+04  1.343521700000e+01  5.302454662541e-02
 5.510117446650e+04  1.332834700000e+01  5.275505937918e-02
 5.510118186833e+04  1.323932200000e+01  5.254237546681e-02
 5.510118920514e+04  1.318451800000e+01  5.241029668010e-02
 5.553206300550e+04  1.333433900000e+01  5.403272858935e-02
 5.553207397331e+04  1.335422100000e+01  5.411767169449e-02
 5.553207950646e+04  1.337342100000e+01  5.419609353604e-02
 5.553806218581e+04  1.385456200000e+01  5.595876178658e-02
 5.553807312285e+04  1.385894900000e+01  5.600243395571e-02
 5.553807856178e+04  1.387760800000e+01  5.608773430932e-02
 5.554507581943e+04  1.382921700000e+01  5.610819940627e-02
 5.554508314666e+04  1.385737300000e+01  5.626135754471e-02
 5.554508679963e+04  1.387799300000e+01  5.635649745997e-02
 5.536143249185e+04  1.368377000000e+01  5.372340342000e-02
 5.536143646288e+04  1.369111900000e+01  5.374587742739e-02
 5.536144054332e+04  1.369714000000e+01  5.374811602853e-02
 5.536144463380e+04  1.369388000000e+01  5.374124807441e-02
 5.536742191995e+04  1.388245600000e+01  5.449999546161e-02
 5.536742883861e+04  1.389891100000e+01  5.452780259341e-02
 5.536743582252e+04  1.392006200000e+01  5.459016121567e-02
 5.536744269046e+04  1.392914800000e+01  5.463535135094e-02
 5.550307104696e+04  1.381495600000e+01  5.584292393377e-02
 5.550308185806e+04  1.379834200000e+01  5.583010363580e-02
 5.550308736622e+04  1.380446300000e+01  5.585074972897e-02
 5.551007607948e+04  1.386623600000e+01  5.426920294974e-02
 5.551008739082e+04  1.385215800000e+01  5.422185118319e-02
 5.551009308578e+04  1.386920000000e+01  5.425313700588e-02
 5.552712075747e+04  1.370727800000e+01  5.378899648999e-02
 5.552713796044e+04  1.372197300000e+01  5.386771157719e-02
 5.552714652370e+04  1.374221800000e+01  5.394710096475e-02
 5.548114318546e+04  1.358596000000e+01  5.342462029268e-02
 5.548115966806e+04  1.361310300000e+01  5.350332499622e-02
 5.548116785714e+04  1.361744400000e+01  5.351305532051e-02
 5.549710077874e+04  1.359911800000e+01  5.346770219984e-02
 5.549711677541e+04  1.362450100000e+01  5.353302813205e-02
 5.549712477580e+04  1.363397800000e+01  5.356111616653e-02
 5.545025927931e+04  1.388939500000e+01  5.407044172504e-02
 5.545027185112e+04  1.389807900000e+01  5.409910940236e-02
 5.545027820421e+04  1.389690500000e+01  5.410479117978e-02
 5.368714206402e+04  1.386084400000e+01  5.428188883142e-02
 5.368714944460e+04  1.384312500000e+01  5.424928849254e-02
 5.368715683905e+04  1.379692000000e+01  5.409261057512e-02
 5.368716424081e+04  1.373339000000e+01  5.389104311259e-02
 5.582426350366e+04  1.384347400000e+01  5.311543722360e-02
 5.582427095877e+04  1.383041000000e+01  5.308727213553e-02
 5.582427849347e+04  1.385402700000e+01  5.315420650490e-02
 5.582428600234e+04  1.386070900000e+01  5.317905895125e-02
 5.586112471367e+04  1.386895700000e+01  5.479766547749e-02
 5.586113162113e+04  1.398077000000e+01  6.588113303602e-02
 5.586113844476e+04  1.426299700000e+01  7.315202014213e-02
 5.586114533804e+04  1.383753200000e+01  5.446000651696e-02
 5.588212051684e+04  1.379841500000e+01  5.397582736368e-02
 5.588212554057e+04  1.380154600000e+01  5.399726890004e-02
 5.588213070251e+04  1.381717600000e+01  5.405150186582e-02
 5.588213577373e+04  1.380329600000e+01  5.401011769502e-02
 5.585312938174e+04  1.319472100000e+01  5.225863056841e-02
 5.585313442307e+04  1.321570500000e+01  5.229645019930e-02
 5.585313947600e+04  1.324162800000e+01  5.235027761585e-02
 5.585314468899e+04  1.326131600000e+01  5.239108326026e-02
 5.588809019847e+04  1.346880900000e+01  5.297804728434e-02
 5.588809702539e+04  1.341982300000e+01  5.286486690099e-02
 5.588810386127e+04  1.340398100000e+01  5.282150735358e-02
 5.588811078013e+04  1.335162500000e+01  5.269948548049e-02
 5.589309317483e+04  1.384282100000e+01  5.401918840122e-02
 5.589309834764e+04  1.384157900000e+01  5.411995412522e-02
 5.589310344951e+04  1.385153500000e+01  5.415522760205e-02
 5.589310866160e+04  1.385617300000e+01  5.418109004878e-02
 5.609841239799e+04  1.313248400000e+01  5.223446009265e-02
 5.609841968853e+04  1.314190100000e+01  5.224056151896e-02
 5.609842713994e+04  1.314219300000e+01  5.224015035528e-02
 5.609843446554e+04  1.315846300000e+01  5.226695165747e-02
 5.612639821216e+04  1.356615600000e+01  5.341862784089e-02
 5.612640490311e+04  1.350564500000e+01  5.324470710456e-02
 5.612641165302e+04  1.346172000000e+01  5.313295495449e-02
 5.612641841437e+04  1.344163700000e+01  5.307787911040e-02
 5.615228773919e+04  1.379264000000e+01  5.471502042526e-02
 5.615229275464e+04  1.379323500000e+01  5.495719709516e-02
 5.615230298343e+04  1.377919700000e+01  5.651398871527e-02
 5.616321734359e+04  1.377615000000e+01  5.465970029440e-02
 5.616322331810e+04  1.411920100000e+01  5.599548988056e-02
 5.616322926666e+04  1.386843200000e+01  5.492437019627e-02
 5.616323516942e+04  1.396148300000e+01  5.524512913863e-02
 5.617624991715e+04  1.346730400000e+01  5.378061768855e-02
 5.617625550404e+04  1.328182800000e+01  5.309043809668e-02
 5.617626124120e+04  1.328746800000e+01  5.304374410618e-02
 5.617626688825e+04  1.333656500000e+01  5.316678280632e-02
 5.618316456439e+04  1.321215400000e+01  5.192814100132e-02
 5.618317075940e+04  1.315766600000e+01  5.182451863386e-02
 5.618317683910e+04  1.313029800000e+01  5.176282514358e-02
 5.618318303887e+04  1.312470900000e+01  5.175442779979e-02
 5.618925030391e+04  1.380490800000e+01  5.423865694179e-02
 5.618925315822e+04  1.381335200000e+01  5.427751803108e-02
 5.618925600409e+04  1.381953100000e+01  5.430141492054e-02
 5.618925879427e+04  1.381835600000e+01  5.430173389446e-02
