# time mag mag_err
 5.376952526745e+04  1.563567900000e+01  6.820431007775e-02
 5.376953428723e+04  1.559296500000e+01  6.698497880090e-02
 5.376954334219e+04  1.560563700000e+01  6.800327871802e-02
 5.376955257772e+04  1.556415600000e+01  6.768561086531e-02
 5.390236576719e+04  1.540249100000e+01  1.011762466737e-01
 5.390236684352e+04  1.544293400000e+01  1.025141918502e-01
 5.390236785907e+04  1.554609600000e+01  1.062275631237e-01
 5.390236896851e+04  1.544600500000e+01  1.027166904238e-01
 5.388428935747e+04  1.543362900000e+01  6.288545758338e-02
 5.388429591728e+04  1.544732600000e+01  6.304090292213e-02
 5.388430246089e+04  1.546488100000e+01  6.323336481277e-02
 5.388430900358e+04  1.546587600000e+01  6.327703600462e-02
 5.400110319861e+04  1.567319500000e+01  6.433030494843e-02
 5.400110697635e+04  1.568561300000e+01  6.457798639463e-02
 5.400111075524e+04  1.570059300000e+01  6.479496790487e-02
 5.400111452418e+04  1.570313400000e+01  6.486764897016e-02
 5.421043021486e+04  1.551413000000e+01  6.273201718088e-02
 5.421043489449e+04  1.547350400000e+01  6.235614304730e-02
 5.421043958778e+04  1.546728700000e+01  6.237330997422e-02
 5.421044426428e+04  1.541599200000e+01  6.194372351953e-02
 5.415836224953e+04  1.559844100000e+01  6.290767990422e-02
 5.415836776970e+04  1.559918300000e+01  6.290074644351e-02
 5.415837328919e+04  1.562240000000e+01  6.310516557608e-02
 5.415837879676e+04  1.560917100000e+01  6.298796062234e-02
 5.427426249737e+04  1.535999700000e+01  6.193869866709e-02
 5.427426871840e+04  1.536595400000e+01  6.204496070115e-02
 5.427427499314e+04  1.537535200000e+01  6.217451759328e-02
 5.427428119645e+04  1.541788600000e+01  6.255776755765e-02
 5.423835209853e+04  1.553749300000e+01  6.400400514929e-02
 5.423835708419e+04  1.556051300000e+01  6.431876782533e-02
 5.423836205318e+04  1.554263700000e+01  6.420623297672e-02
 5.423836703307e+04  1.555980400000e+01  6.431767809714e-02
 5.463027414488e+04  1.513552400000e+01  5.951956752895e-02
 5.463027856304e+04  1.518608400000e+01  5.986989772514e-02
 5.463028302889e+04  1.515192000000e+01  5.964596041660e-02
 5.463028746221e+04  1.518201400000e+01  5.985708031845e-02
 5.494638278168e+04  1.562492200000e+01  6.412514039913e-02
 5.494638916686e+04  1.562514800000e+01  6.348614202125e-02
 5.494639552076e+04  1.564475200000e+01  6.383942925727e-02
 5.494640189436e+04  1.561646500000e+01  6.363461322996e-02
 5.504517274540e+04  1.510003700000e+01  6.335913729912e-02
 5.504517673449e+04  1.510112800000e+01  6.342205190571e-02
 5.504518072668e+04  1.510243900000e+01  6.346180875092e-02
 5.504518466322e+04  1.517036400000e+01  6.414563609070e-02
 5.486538259568e+04  1.544882200000e+01  6.153719016947e-02
 5.486539013448e+04  1.537026400000e+01  6.090411356970e-02
 5.486539761193e+04  1.528472400000e+01  6.024599214525e-02
 5.486540515630e+04  1.517249200000e+01  5.942600659807e-02
 5.501819891447e+04  1.530894700000e+01  6.499532111078e-02
 5.501820288435e+04  1.536177900000e+01  6.557993524268e-02
 5.501820689103e+04  1.539313800000e+01  6.612698237206e-02
 5.501821085005e+04  1.537213500000e+01  6.581220787312e-02
 5.500632581800e+04  1.542668800000e+01  6.308394575821e-02
 5.500633068965e+04  1.540514900000e+01  6.275898998147e-02
 5.500633536370e+04  1.532812600000e+01  6.221626425344e-02
 5.500634022980e+04  1.527783000000e+01  6.174388535447e-02
 5.489247787042e+04  1.486607400000e+01  5.895305227156e-02
 5.489248352556e+04  1.484683000000e+01  5.881514908770e-02
 5.489248918903e+04  1.486024600000e+01  5.890559600468e-02
 5.489249485969e+04  1.488517100000e+01  5.904418688449e-02
 5.491333861521e+04  1.546430300000e+01  6.270189053997e-02
 5.491334403529e+04  1.543805000000e+01  6.160563213141e-02
 5.491334951565e+04  1.544176700000e+01  6.156744966248e-02
 5.491335492682e+04  1.547475400000e+01  6.219543072235e-02
 5.492031948314e+04  1.560704000000e+01  6.332644214370e-02
 5.492032465471e+04  1.560025600000e+01  6.325277725298e-02
 5.492032988054e+04  1.559978800000e+01  6.322799493601e-02
 5.492033513024e+04  1.562599600000e+01  6.349039920019e-02
 5.529844386325e+04  1.525690900000e+01  6.047305329751e-02
 5.529844958832e+04  1.524241100000e+01  6.037426979793e-02
 5.529845537924e+04  1.527529600000e+01  6.061633872468e-02
 5.529846123569e+04  1.526745200000e+01  6.057055105678e-02
 5.536027991723e+04  1.566539100000e+01  6.414351617316e-02
 5.536028659573e+04  1.565917100000e+01  6.411730565337e-02
 5.536029332574e+04  1.567961500000e+01  6.426838888328e-02
 5.536030010965e+04  1.563657000000e+01  6.389221030354e-02
 5.528136887175e+04  1.516633500000e+01  6.243262904819e-02
 5.528137243037e+04  1.512218400000e+01  6.202895374066e-02
 5.528137596459e+04  1.507229800000e+01  6.162305467786e-02
 5.528137953988e+04  1.503821600000e+01  6.140953772195e-02
 5.532735719755e+04  1.558746900000e+01  6.345557919636e-02
 5.532736412753e+04  1.559438700000e+01  6.358213511926e-02
 5.532737103576e+04  1.559915400000e+01  6.361243217028e-02
 5.532737766910e+04  1.560803400000e+01  6.379273513981e-02
 5.565338283080e+04  1.491706600000e+01  5.857154189825e-02
 5.565338982285e+04  1.489222300000e+01  5.842885233093e-02
 5.565339684998e+04  1.490047500000e+01  5.847304215808e-02
 5.565340384454e+04  1.489287200000e+01  5.843579374313e-02
 5.563543143811e+04  1.517140100000e+01  6.450794488754e-02
 5.563543554029e+04  1.517695700000e+01  6.442220424282e-02
 5.563543967361e+04  1.514878100000e+01  6.677928267036e-02
 5.563544375078e+04  1.519467500000e+01  6.450540435827e-02
 5.568238718536e+04  1.564638800000e+01  6.462829854618e-02
 5.568239242231e+04  1.563346400000e+01  6.455806615824e-02
 5.568239763301e+04  1.562043600000e+01  6.451923951138e-02
 5.568240282610e+04  1.564202000000e+01  6.470296064848e-02
 5.607628464604e+04  1.515706100000e+01  6.115775263262e-02
 5.607629060177e+04  1.516464400000e+01  6.123658222990e-02
 5.607629662062e+04  1.520688800000e+01  6.158705759666e-02
 5.607630260959e+04  1.519458100000e+01  6.148811422213e-02
 5.609231109602e+04  1.539327600000e+01  6.160806165802e-02
 5.609231833079e+04  1.537339400000e+01  6.148228740270e-02
 5.609232562237e+04  1.541905000000e+01  6.185957284125e-02
 5.609233295502e+04  1.543904200000e+01  6.203371616933e-02
