# time mag mag_err
 5.353124577744e+04  1.592078800000e+01  6.976784329084e-02
 5.353125364588e+04  1.591092800000e+01  6.966265286858e-02
 5.353126162348e+04  1.594602500000e+01  7.008390278160e-02
 5.353126945211e+04  1.596493000000e+01  7.038723382965e-02
 5.385434258914e+04  1.612517500000e+01  7.064316323840e-02
 5.385435026707e+04  1.616800300000e+01  7.128627704759e-02
 5.385435800843e+04  1.617301700000e+01  7.139689556151e-02
 5.385436567582e+04  1.615702600000e+01  7.076714114642e-02
 5.376943545106e+04  1.597958100000e+01  8.292374170261e-02
 5.376944371571e+04  1.600529300000e+01  7.751081328529e-02
 5.376945196068e+04  1.604017200000e+01  7.690525210210e-02
 5.376946022694e+04  1.603640900000e+01  7.669630626567e-02
 5.374636836731e+04  1.574059800000e+01  6.717315383872e-02
 5.374637480003e+04  1.573989000000e+01  6.703801535204e-02
 5.374638121668e+04  1.583391200000e+01  6.802635536313e-02
 5.374638765022e+04  1.583511700000e+01  6.799524708931e-02
 5.390232764608e+04  1.582985500000e+01  1.194850264909e-01
 5.390232865597e+04  1.582863400000e+01  1.192957337109e-01
 5.390232972512e+04  1.568108600000e+01  1.132228783352e-01
 5.390233074392e+04  1.574959500000e+01  1.163108514953e-01
 5.379933754534e+04  1.556558300000e+01  6.317413423343e-02
 5.379934487522e+04  1.557204500000e+01  6.323475631451e-02
 5.379935201932e+04  1.559154500000e+01  6.340859535211e-02
 5.379935941888e+04  1.560680300000e+01  6.354698061590e-02
 5.386632547773e+04  1.564234300000e+01  1.057383317754e-01
 5.386632635335e+04  1.557037500000e+01  1.032485597851e-01
 5.386632724818e+04  1.571626200000e+01  1.082489294033e-01
 5.386632807809e+04  1.566985700000e+01  1.068385298829e-01
 5.388318404035e+04  1.603982600000e+01  6.954387526361e-02
 5.388319062516e+04  1.606081100000e+01  6.976940498269e-02
 5.388319715002e+04  1.600094800000e+01  6.892700683241e-02
 5.388320369722e+04  1.603551300000e+01  6.935813191816e-02
 5.420422707956e+04  1.570504200000e+01  6.407618115084e-02
 5.420423305683e+04  1.566837500000e+01  6.371843806735e-02
 5.420423902031e+04  1.564391400000e+01  6.347658618378e-02
 5.420424506483e+04  1.563025400000e+01  6.333175698239e-02
 5.413842312344e+04  1.600213100000e+01  6.705543618675e-02
 5.413842746450e+04  1.603141000000e+01  6.741814173019e-02
 5.413843182051e+04  1.601304600000e+01  6.736182008328e-02
 5.413843613612e+04  1.599990000000e+01  6.860289233429e-02
 5.415740085299e+04  1.560057400000e+01  6.267344760799e-02
 5.415741252590e+04  1.561956000000e+01  6.283598352401e-02
 5.415742397220e+04  1.563902600000e+01  6.301441751061e-02
 5.415743514104e+04  1.566124900000e+01  6.320952365119e-02
 5.426523495297e+04  1.593428700000e+01  6.794770874092e-02
 5.426524417716e+04  1.594071700000e+01  6.818397433767e-02
 5.426525346755e+04  1.596012500000e+01  6.845823409136e-02
 5.426526273491e+04  1.592781300000e+01  6.811718665997e-02
 5.427322132257e+04  1.563750400000e+01  6.444620757134e-02
 5.427322734162e+04  1.561535300000e+01  6.427539071380e-02
 5.427323334388e+04  1.554211000000e+01  6.361263690742e-02
 5.427323930135e+04  1.556766800000e+01  6.382839821473e-02
 5.416849072362e+04  1.574568900000e+01  6.412630793526e-02
 5.416849834297e+04  1.574851100000e+01  6.420336107010e-02
 5.416850592519e+04  1.575976300000e+01  6.436180934795e-02
 5.416851354513e+04  1.576412500000e+01  6.441038141193e-02
 5.417730186767e+04  1.571023300000e+01  6.430988525926e-02
 5.417730999840e+04  1.566118100000e+01  6.382325982815e-02
 5.417731816594e+04  1.564534600000e+01  6.364092958699e-02
 5.417732634713e+04  1.562430100000e+01  6.306177888131e-02
 5.424520347904e+04  1.587061500000e+01  6.624085385169e-02
 5.424521281689e+04  1.594423200000e+01  6.712458317093e-02
 5.424522225301e+04  1.593618200000e+01  6.703972152014e-02
 5.424523148484e+04  1.587653900000e+01  6.638475794558e-02
 5.450830908420e+04  1.611205100000e+01  6.830708177081e-02
 5.450831403826e+04  1.614311000000e+01  6.866746765710e-02
 5.450831900321e+04  1.613843800000e+01  6.862432503485e-02
 5.450832395034e+04  1.615868500000e+01  6.883742231167e-02
 5.451526642512e+04  1.608126100000e+01  7.605340746183e-02
 5.451527019231e+04  1.614897000000e+01  7.523199607550e-02
 5.451527399458e+04  1.610407100000e+01  7.297586684995e-02
 5.451527778019e+04  1.612302100000e+01  7.317232820430e-02
 5.462820950539e+04  1.604235500000e+01  6.772960063606e-02
 5.462821409243e+04  1.600241200000e+01  6.725305529278e-02
 5.462821866326e+04  1.601790000000e+01  6.751558550189e-02
 5.462822323212e+04  1.603822400000e+01  6.771522009349e-02
 5.464125032214e+04  1.597458500000e+01  6.825213109306e-02
 5.464125526405e+04  1.598678800000e+01  6.838290945191e-02
 5.464126094490e+04  1.601737100000e+01  6.883258746370e-02
 5.464126678326e+04  1.601593100000e+01  6.879775395122e-02
 5.453625763968e+04  1.584516900000e+01  6.525586815375e-02
 5.453626249027e+04  1.582539200000e+01  6.506305782359e-02
 5.453626737025e+04  1.585106000000e+01  6.526282766608e-02
 5.453627225788e+04  1.586769200000e+01  6.547763784238e-02
 5.459435124056e+04  1.598778400000e+01  6.691896202594e-02
 5.459435777630e+04  1.600452500000e+01  6.770161205283e-02
 5.459436435567e+04  1.601770600000e+01  6.740218540809e-02
 5.459437091457e+04  1.602778400000e+01  6.753970970113e-02
 5.478952025631e+04  1.593737000000e+01  7.205347358429e-02
 5.478952573528e+04  1.589908300000e+01  7.146833122511e-02
 5.478953118822e+04  1.592552000000e+01  7.185338173004e-02
 5.478953651152e+04  1.590137100000e+01  7.141394325816e-02
 5.494332610794e+04  1.590323500000e+01  6.599408061081e-02
 5.494333153021e+04  1.590373900000e+01  6.598331437126e-02
 5.494333689866e+04  1.589756600000e+01  6.592045292820e-02
 5.494334229418e+04  1.590476800000e+01  6.599961744197e-02
 5.487650296867e+04  1.595443700000e+01  6.876701028744e-02
 5.487650787887e+04  1.600288600000e+01  6.941186994370e-02
 5.487651278698e+04  1.599922100000e+01  6.933264680621e-02
 5.487651777381e+04  1.602039500000e+01  6.964759568713e-02
 5.486236942038e+04  1.557840900000e+01  6.250608924040e-02
 5.486237858102e+04  1.555661900000e+01  6.229942830511e-02
 5.486238779167e+04  1.555909000000e+01  6.228220707493e-02
 5.486239699628e+04  1.558763500000e+01  6.249752236922e-02
 5.500521846226e+04  1.562923200000e+01  6.391511722141e-02
 5.500522579912e+04  1.567053800000e+01  6.440718209475e-02
 5.500523295689e+04  1.569003200000e+01  6.453957366883e-02
 5.500524021931e+04  1.572602500000e+01  6.503365015155e-02
 5.489135427391e+04  1.547904100000e+01  6.150479493264e-02
 5.489136218681e+04  1.549952000000e+01  6.165980889996e-02
 5.489137022182e+04  1.553771200000e+01  6.193710104636e-02
 5.489137843623e+04  1.554248000000e+01  6.200339613260e-02
 5.490640836981e+04  1.615357800000e+01  6.838280826341e-02
 5.490641329576e+04  1.612403900000e+01  6.803169793752e-02
 5.490641823073e+04  1.612316000000e+01  6.800492499754e-02
 5.490642310991e+04  1.605110700000e+01  6.714168936084e-02
 5.491525764809e+04  1.605032300000e+01  6.911716330930e-02
 5.491526194172e+04  1.605281200000e+01  6.860727899480e-02
 5.491526619633e+04  1.605272700000e+01  7.336335678630e-02
 5.491527047027e+04  1.604685200000e+01  7.956911750407e-02
 5.496833359100e+04  1.604905700000e+01  7.003121987206e-02
 5.496834281530e+04  1.607203600000e+01  7.046148100829e-02
 5.496835201172e+04  1.599882700000e+01  6.958586965461e-02
 5.496836111162e+04  1.603390300000e+01  7.014041903809e-02
 5.529724555716e+04  1.595329400000e+01  6.678068301632e-02
 5.529725128385e+04  1.591390600000e+01  6.631375525261e-02
 5.529725703472e+04  1.595915600000e+01  6.680262641699e-02
 5.529726280852e+04  1.594770000000e+01  6.668209356050e-02
 5.535918504574e+04  1.575380300000e+01  6.567991105098e-02
 5.535919069368e+04  1.578058400000e+01  6.578659020109e-02
 5.535919640009e+04  1.575721000000e+01  6.547572058725e-02
 5.535920206845e+04  1.582906900000e+01  6.627241159502e-02
 5.537121407140e+04  1.600654800000e+01  6.828939218917e-02
 5.537121863159e+04  1.604707700000e+01  6.895040125062e-02
 5.537122319000e+04  1.603274000000e+01  6.865673918131e-02
 5.537122777078e+04  1.602572300000e+01  6.865138078774e-02
 5.526931540403e+04  1.571055600000e+01  6.412375050182e-02
 5.526932054375e+04  1.565894900000e+01  6.370809086459e-02
 5.526932567447e+04  1.570358500000e+01  6.409585110665e-02
 5.526933092381e+04  1.565526600000e+01  6.367529479963e-02
 5.527241313236e+04  1.590388100000e+01  6.581005148326e-02
 5.527241820316e+04  1.598219200000e+01  6.658073330274e-02
 5.527242328802e+04  1.596447900000e+01  6.642785706301e-02
 5.527242840134e+04  1.596311500000e+01  6.641743014501e-02
 5.527427965450e+04  1.564036700000e+01  6.345707369488e-02
 5.527428800587e+04  1.565882300000e+01  6.366146380127e-02
 5.527429491971e+04  1.570699200000e+01  6.409208971449e-02
 5.527430183765e+04  1.569144800000e+01  6.394577362490e-02
 5.527526485331e+04  1.600077800000e+01  6.737742297563e-02
 5.527527175194e+04  1.603545200000e+01  6.777497121937e-02
 5.527527875021e+04  1.604573600000e+01  6.785463536863e-02
 5.527528581231e+04  1.601073600000e+01  6.739824702225e-02
 5.527635322426e+04  1.568268800000e+01  6.391151673528e-02
 5.527636206042e+04  1.570691000000e+01  6.415160754345e-02
 5.527637087221e+04  1.569384300000e+01  6.401748745056e-02
 5.527637957282e+04  1.571226100000e+01  6.422377566591e-02
 5.528128153987e+04  1.584753300000e+01  7.253684336372e-02
 5.528128477059e+04  1.579715500000e+01  7.175040725249e-02
 5.528128792700e+04  1.589496100000e+01  7.328028697357e-02
 5.528129111477e+04  1.586231800000e+01  7.272944082866e-02
 5.532131722025e+04  1.583659000000e+01  6.801238439921e-02
 5.532132124419e+04  1.584893300000e+01  6.820868107132e-02
 5.532132527947e+04  1.588146900000e+01  6.861595428120e-02
 5.532132932817e+04  1.588474000000e+01  6.865579284098e-02
 5.533030908747e+04  1.579413400000e+01  6.911716330930e-02
 5.533031599742e+04  1.589650300000e+01  6.647966749587e-02
 5.533032287369e+04  1.589922300000e+01  6.654260760681e-02
 5.533032979304e+04  1.589583800000e+01  6.664399839761e-02
 5.567818962397e+04  1.598998500000e+01  6.441806590792e-02
 5.567819580461e+04  1.601388000000e+01  6.467348931169e-02
 5.567820197045e+04  1.600529900000e+01  6.454747489611e-02
 5.567820815258e+04  1.603741900000e+01  6.490347823724e-02
 5.563242692210e+04  1.595999000000e+01  6.862474420979e-02
 5.563243156876e+04  1.581586400000e+01  6.769388666294e-02
 5.563243799086e+04  1.587008900000e+01  6.804268575838e-02
 5.563244262269e+04  1.579300100000e+01  6.657160370445e-02
 5.565038407480e+04  1.586077400000e+01  6.662333196618e-02
 5.565038981145e+04  1.588066000000e+01  6.677343725372e-02
 5.565039549565e+04  1.585173800000e+01  6.648694153530e-02
 5.565040113137e+04  1.588376000000e+01  6.685278199532e-02
 5.568524046964e+04  1.622667700000e+01  8.653810204760e-02
 5.568524754476e+04  1.858980000000e+01  1.423697797325e-01
 5.568525439322e+04  1.612053600000e+01  8.404732855433e-02
 5.568526095762e+04  1.598508700000e+01  7.201700162203e-02
 5.527427965450e+04  1.563456600000e+01  6.338639886675e-02
 5.527428800587e+04  1.567515900000e+01  6.379600175740e-02
 5.527429491971e+04  1.571138300000e+01  6.412330536609e-02
 5.527430183765e+04  1.569648200000e+01  6.397566227466e-02
 5.600320856420e+04  1.614137200000e+01  6.963812467488e-02
 5.600321712007e+04  1.611924900000e+01  6.919413116165e-02
 5.600322573951e+04  1.617938700000e+01  6.998587701740e-02
 5.600323433360e+04  1.613617700000e+01  6.937222188336e-02
 5.600349655398e+04  1.573762300000e+01  6.619636061572e-02
 5.600349845338e+04  1.573046800000e+01  6.586713373778e-02
 5.600350036499e+04  1.572945600000e+01  6.500583939309e-02
 5.600350220189e+04  1.577435700000e+01  6.530160215249e-02
 5.601820948147e+04  1.605481200000e+01  6.834905122656e-02
 5.601821855125e+04  1.604223700000e+01  6.816784243948e-02
 5.601822776491e+04  1.607284700000e+01  6.852796194618e-02
 5.601823692986e+04  1.602912800000e+01  6.792486302389e-02
 5.603935457645e+04  1.574696500000e+01  6.517055995433e-02
 5.603936076540e+04  1.575113400000e+01  6.525315285273e-02
 5.603936699479e+04  1.576480600000e+01  6.543545812525e-02
 5.603937322057e+04  1.577929100000e+01  6.559809896109e-02
 5.606526560153e+04  1.611105700000e+01  6.823406404239e-02
 5.606527226800e+04  1.611237400000e+01  6.823865219867e-02
 5.606527898095e+04  1.610602100000e+01  6.812947562712e-02
 5.606528568559e+04  1.608149100000e+01  6.784675551243e-02
 5.609723730010e+04  1.556411400000e+01  6.329635115073e-02
 5.609724529406e+04  1.559901200000e+01  6.365996879476e-02
 5.609725336469e+04  1.565956500000e+01  6.434572141338e-02
 5.609726139553e+04  1.565588500000e+01  6.430250198251e-02
