# time mag mag_err
 5.346637151872e+04  1.607365600000e+01  6.902373499343e-02
 5.346638064984e+04  1.580930100000e+01  6.584008583414e-02
 5.346638975897e+04  1.581910100000e+01  6.600331109872e-02
 5.346639888293e+04  1.580306700000e+01  6.580387313441e-02
 5.348033487001e+04  1.580568000000e+01  6.638694171803e-02
 5.348034366466e+04  1.579728300000e+01  6.626819069190e-02
 5.348035238316e+04  1.585417800000e+01  6.692702405494e-02
 5.348036112699e+04  1.581539500000e+01  6.643083885988e-02
 5.355619562696e+04  1.609112100000e+01  7.084247033926e-02
 5.355620385781e+04  1.617514600000e+01  7.210330800764e-02
 5.355621206516e+04  1.614887300000e+01  7.173183387892e-02
 5.355622029404e+04  1.613516400000e+01  7.161169831988e-02
 5.352829448125e+04  1.593161700000e+01  6.839022722223e-02
 5.352830273468e+04  1.588186100000e+01  6.780955162940e-02
 5.352831085348e+04  1.589599100000e+01  6.803335020591e-02
 5.352831901604e+04  1.588687400000e+01  6.795665490061e-02
 5.353725353475e+04  1.602575800000e+01  7.020096661851e-02
 5.353726157728e+04  1.623062300000e+01  7.331530128305e-02
 5.353726959411e+04  1.681523700000e+01  8.452186521419e-02
 5.353727760308e+04  1.656616000000e+01  7.931919714766e-02
 5.349931612874e+04  1.584546100000e+01  6.694098652798e-02
 5.349932257976e+04  1.590553900000e+01  6.765315316635e-02
 5.349932902696e+04  1.593686900000e+01  6.805963591381e-02
 5.349933540933e+04  1.587834000000e+01  6.734527116235e-02
 5.350917089993e+04  1.622506500000e+01  7.241530729290e-02
 5.350917730661e+04  1.613529400000e+01  7.101371397520e-02
 5.350918374374e+04  1.600164800000e+01  6.909362361499e-02
 5.350919016558e+04  1.597568800000e+01  6.868369161595e-02
 5.352033552877e+04  1.627712600000e+01  7.435840547564e-02
 5.352034197214e+04  1.615408400000e+01  7.253488900964e-02
 5.352034841402e+04  1.605529700000e+01  7.168481457534e-02
 5.352035483366e+04  1.609350800000e+01  7.228988803559e-02
 5.383141007304e+04  1.610208800000e+01  7.116838424521e-02
 5.383141669861e+04  1.616029600000e+01  7.201191161019e-02
 5.383142325519e+04  1.608427600000e+01  7.096705151564e-02
 5.383142981361e+04  1.611701900000e+01  7.140238186473e-02
 5.384539233851e+04  1.615330200000e+01  7.251212103505e-02
 5.384540045060e+04  1.626918900000e+01  7.437735782172e-02
 5.384540852601e+04  1.617921900000e+01  7.312742845437e-02
 5.384541661634e+04  1.614243800000e+01  7.268965546321e-02
 5.378849574575e+04  1.604820400000e+01  6.975451774676e-02
 5.378850222964e+04  1.600767500000e+01  6.922584066749e-02
 5.378850882800e+04  1.602579300000e+01  6.952283918277e-02
 5.378851542624e+04  1.603427300000e+01  6.962322968162e-02
 5.390429594014e+04  1.587339600000e+01  1.208284623041e-01
 5.390429700315e+04  1.598008700000e+01  1.262001754065e-01
 5.390429804372e+04  1.582397900000e+01  1.185575755281e-01
 5.390429912711e+04  1.596272600000e+01  1.253886313735e-01
 5.390722379001e+04  1.612732500000e+01  7.257567971576e-02
 5.390723237608e+04  1.618161600000e+01  7.341431528106e-02
 5.390724094144e+04  1.612627800000e+01  7.265514019546e-02
 5.390724954881e+04  1.615961200000e+01  7.325432637694e-02
 5.379945586997e+04  1.615836400000e+01  7.327273765107e-02
 5.379946450976e+04  1.622143200000e+01  7.347699142119e-02
 5.379947317836e+04  1.613512100000e+01  7.355340584620e-02
 5.379948182878e+04  1.618930100000e+01  7.349043430327e-02
 5.381745544633e+04  1.600547100000e+01  8.226178510481e-02
 5.381746136340e+04  1.593123300000e+01  8.082471683549e-02
 5.381746724785e+04  1.598327500000e+01  8.186078600546e-02
 5.381747309258e+04  1.602962500000e+01  8.288340527685e-02
 5.385730541031e+04  1.603771400000e+01  7.356713102802e-02
 5.385731421862e+04  1.607607100000e+01  7.163388405744e-02
 5.385732297832e+04  1.608287400000e+01  7.179308821739e-02
 5.385733175919e+04  1.613373700000e+01  7.211576875498e-02
 5.386340413604e+04  1.593535600000e+01  1.214185308663e-01
 5.386340506282e+04  1.593824500000e+01  1.216902073682e-01
 5.386340603256e+04  1.596026600000e+01  1.226192084478e-01
 5.386340689706e+04  1.587261800000e+01  1.184736950668e-01
 5.387630763227e+04  1.621711100000e+01  7.393030242207e-02
 5.387631613270e+04  1.621354600000e+01  7.398739585607e-02
 5.387632461078e+04  1.618537200000e+01  7.366337226146e-02
 5.387633307116e+04  1.619628100000e+01  7.402324169493e-02
 5.420133038741e+04  1.620790400000e+01  7.225930224864e-02
 5.420133969782e+04  1.621840600000e+01  7.232774021203e-02
 5.420134901738e+04  1.620427400000e+01  7.198943087302e-02
 5.420135830917e+04  1.620597300000e+01  7.197851804558e-02
 5.421226990808e+04  1.584708200000e+01  6.697245538598e-02
 5.421228055964e+04  1.583499000000e+01  6.679082159056e-02
 5.421229119918e+04  1.588436300000e+01  6.731511486577e-02
 5.421230180677e+04  1.590098400000e+01  6.749606900313e-02
 5.426030465220e+04  1.602120200000e+01  6.942893571860e-02
 5.426031065516e+04  1.605529000000e+01  6.991616749268e-02
 5.426031663220e+04  1.608053300000e+01  7.030721119529e-02
 5.426032261582e+04  1.609496100000e+01  6.997627099607e-02
 5.427122698948e+04  1.618139200000e+01  7.219354905217e-02
 5.427123831898e+04  1.619902500000e+01  7.254449919141e-02
 5.427124577919e+04  1.620606500000e+01  7.267593437553e-02
 5.427125327586e+04  1.613825000000e+01  7.169062231743e-02
 5.417041898964e+04  1.611351700000e+01  6.980890808323e-02
 5.417042551740e+04  1.613668000000e+01  6.953288276377e-02
 5.417043204654e+04  1.617010500000e+01  7.055514327558e-02
 5.417043858205e+04  1.615434900000e+01  7.031757488198e-02
 5.417244546924e+04  1.593202600000e+01  6.737653051378e-02
 5.417245090619e+04  1.591776000000e+01  6.721985576636e-02
 5.417245643552e+04  1.590810500000e+01  6.710941072008e-02
 5.417246186970e+04  1.590498000000e+01  6.706715894717e-02
 5.418537230219e+04  1.608142600000e+01  6.989773051184e-02
 5.418538149998e+04  1.606191300000e+01  6.961048315534e-02
 5.418539072139e+04  1.604040000000e+01  6.931281471976e-02
 5.418539995137e+04  1.608825200000e+01  6.995672277367e-02
 5.423129263174e+04  1.595630600000e+01  6.848977867819e-02
 5.423130076825e+04  1.602534900000e+01  6.940242913723e-02
 5.423130887618e+04  1.603355800000e+01  6.951164178279e-02
 5.423131697543e+04  1.596679900000e+01  6.810746701867e-02
 5.424030928139e+04  1.615567600000e+01  7.160608516599e-02
 5.424031736002e+04  1.612046300000e+01  7.117542633780e-02
 5.424032543751e+04  1.616560200000e+01  7.185686878869e-02
 5.424033352692e+04  1.613568000000e+01  7.145553967278e-02
 5.456345567582e+04  1.618299000000e+01  7.115052146639e-02
 5.456346182741e+04  1.614279000000e+01  7.071075612755e-02
 5.456346805537e+04  1.613228600000e+01  7.056672329065e-02
 5.456347420603e+04  1.619921300000e+01  7.168332576894e-02
 5.456935658102e+04  1.569694200000e+01  6.483294717792e-02
 5.456936209668e+04  1.574444700000e+01  6.538286538573e-02
 5.456936761617e+04  1.568580300000e+01  6.473489286837e-02
 5.456937312906e+04  1.579091000000e+01  6.585583900557e-02
 5.458439472486e+04  1.582560800000e+01  6.663002565336e-02
 5.458440492733e+04  1.579693100000e+01  6.634323424969e-02
 5.458441512529e+04  1.575496500000e+01  6.586242524740e-02
 5.458442533714e+04  1.580279200000e+01  6.652365995846e-02
 5.449847402125e+04  1.612501100000e+01  6.968558562599e-02
 5.449848057493e+04  1.613330800000e+01  6.977505456923e-02
 5.449848718892e+04  1.609561300000e+01  6.924727342012e-02
 5.449849379156e+04  1.612723400000e+01  6.968522891447e-02
 5.450647147326e+04  1.592162700000e+01  6.719960542185e-02
 5.450647984428e+04  1.589709800000e+01  6.688061897809e-02
 5.450648821866e+04  1.596462600000e+01  6.765213564809e-02
 5.450649660507e+04  1.593059300000e+01  6.720257003937e-02
 5.451047872194e+04  1.611063100000e+01  6.943910042626e-02
 5.451048522655e+04  1.611788300000e+01  6.951374002117e-02
 5.451049176427e+04  1.614927200000e+01  6.989053672293e-02
 5.451049827454e+04  1.610068100000e+01  6.927068699010e-02
 5.462429912558e+04  1.599581000000e+01  6.528208684476e-02
 5.462430757981e+04  1.596727200000e+01  6.505810495160e-02
 5.462431602538e+04  1.598424200000e+01  6.526302713362e-02
 5.462432448274e+04  1.595287500000e+01  6.503243272587e-02
 5.452935586558e+04  1.612642400000e+01  7.013339633794e-02
 5.452936620278e+04  1.615340100000e+01  7.033205205353e-02
 5.452937653720e+04  1.616882000000e+01  7.054607462262e-02
 5.452938694582e+04  1.611035300000e+01  6.974948109668e-02
 5.455539143188e+04  1.593132600000e+01  6.746946261178e-02
 5.455539851961e+04  1.596001600000e+01  6.780473718446e-02
 5.455540562899e+04  1.585979800000e+01  6.659854619140e-02
 5.455541275088e+04  1.587742900000e+01  6.676858422855e-02
 5.459134327721e+04  1.579387900000e+01  6.603515724294e-02
 5.459135135343e+04  1.574836300000e+01  6.563408203003e-02
 5.459135940615e+04  1.576104000000e+01  6.573030794904e-02
 5.459136748537e+04  1.574610900000e+01  6.561582256065e-02
 5.459823756683e+04  1.587731100000e+01  6.804570343437e-02
 5.459925624990e+04  1.600048200000e+01  6.926989393840e-02
 5.459926330047e+04  1.609901200000e+01  7.067309733484e-02
 5.459927032929e+04  1.607544000000e+01  7.032320851783e-02
 5.459927738081e+04  1.601192700000e+01  6.943517159334e-02
 5.492434820800e+04  1.610381200000e+01  7.010973972765e-02
 5.492435299123e+04  1.615292000000e+01  7.071048952289e-02
 5.492435772169e+04  1.611281000000e+01  7.008091170637e-02
 5.492436259902e+04  1.615178900000e+01  7.059666533072e-02
 5.494141617200e+04  1.621848900000e+01  7.138290484226e-02
 5.494142308487e+04  1.615316600000e+01  7.046877042999e-02
 5.494143005977e+04  1.615456100000e+01  7.059389166009e-02
 5.494143693684e+04  1.616629800000e+01  7.077819148491e-02
 5.494939156451e+04  1.608838900000e+01  6.981241001902e-02
 5.494939964249e+04  1.602962400000e+01  6.909650649784e-02
 5.494940782729e+04  1.606942700000e+01  6.965767021988e-02
 5.494941592016e+04  1.606370800000e+01  6.959775576038e-02
 5.488947938612e+04  1.598834400000e+01  6.763863784740e-02
 5.488948739844e+04  1.596532800000e+01  6.735398551752e-02
 5.488949542245e+04  1.596473400000e+01  6.734269482109e-02
 5.488950332123e+04  1.594895300000e+01  6.714428465712e-02
 5.504018040819e+04  1.606758500000e+01  7.020374630081e-02
 5.504018528031e+04  1.615648700000e+01  7.146658697809e-02
 5.504019016079e+04  1.608048400000e+01  7.048180314231e-02
 5.504019498625e+04  1.612353200000e+01  7.108360357420e-02
 5.500128857110e+04  1.618224000000e+01  7.240116616563e-02
 5.500129343340e+04  1.617204700000e+01  7.234544623512e-02
 5.500129828943e+04  1.615850500000e+01  7.229894025775e-02
 5.500130308911e+04  1.613922600000e+01  7.179037763933e-02
 5.490841937572e+04  1.598837000000e+01  6.789950397018e-02
 5.490843230808e+04  1.606651400000e+01  6.901417532966e-02
 5.490844532863e+04  1.609425500000e+01  6.919244788054e-02
 5.490845822279e+04  1.607216400000e+01  6.896577949310e-02
 5.491743543001e+04  1.615960800000e+01  7.060142386834e-02
 5.491744029612e+04  1.610588500000e+01  6.980420100332e-02
 5.491744513294e+04  1.607489600000e+01  6.936832533617e-02
 5.491744986838e+04  1.614320700000e+01  7.023551945734e-02
 5.496427522144e+04  1.566049400000e+01  6.486090541592e-02
 5.496428249392e+04  1.577947000000e+01  6.608521692410e-02
 5.496428970991e+04  1.575244300000e+01  6.572051183829e-02
 5.496429689477e+04  1.577350600000e+01  6.600745002113e-02
 5.497421574295e+04  1.613535600000e+01  7.048911062973e-02
 5.497422116579e+04  1.614010300000e+01  7.057014840143e-02
 5.497422657358e+04  1.606585500000e+01  6.957470550347e-02
 5.497423201772e+04  1.606049900000e+01  6.971120570624e-02
 5.498125663837e+04  1.567888800000e+01  6.506846599175e-02
 5.498127498469e+04  1.578249300000e+01  6.623054382131e-02
 5.529537631144e+04  1.611012600000e+01  6.998797235099e-02
 5.529538347312e+04  1.618858000000e+01  7.106632365781e-02
 5.529539066302e+04  1.617957400000e+01  7.091980600626e-02
 5.529539789249e+04  1.616196200000e+01  7.066683586072e-02
 5.536521203719e+04  1.618206400000e+01  7.114377966243e-02
 5.536521710376e+04  1.615925200000e+01  7.080276631112e-02
 5.536522222270e+04  1.610392300000e+01  7.004051540098e-02
 5.536522738696e+04  1.618139900000e+01  7.109435034314e-02
 5.527246800698e+04  1.604414700000e+01  6.877703136040e-02
 5.527247498196e+04  1.603010900000e+01  6.864277190390e-02
 5.527248189008e+04  1.604433100000e+01  6.879294256184e-02
 5.527248878742e+04  1.607897000000e+01  6.922662953674e-02
 5.532136419951e+04  1.575928300000e+01  6.571448442251e-02
 5.532137006458e+04  1.570853200000e+01  6.517946073880e-02
 5.532137587074e+04  1.578260100000e+01  6.597771709476e-02
 5.532138160205e+04  1.601894700000e+01  6.878460975632e-02
 5.532933605882e+04  1.615696000000e+01  7.065565603149e-02
 5.532934240172e+04  1.619713700000e+01  7.117134071132e-02
 5.532934878018e+04  1.616298500000e+01  7.076364083536e-02
 5.532935518122e+04  1.616321700000e+01  7.255819995471e-02
 5.533434940928e+04  1.613012100000e+01  7.169643513139e-02
 5.533435569931e+04  1.617615200000e+01  7.187143809459e-02
 5.533436203308e+04  1.611455500000e+01  7.745488731149e-02
 5.533437507378e+04  1.606064900000e+01  7.765390544813e-02
 5.534731360828e+04  1.619527300000e+01  7.503728446160e-02
 5.534731915635e+04  1.586240900000e+01  7.007244420882e-02
 5.534732475363e+04  1.614799300000e+01  7.431380051360e-02
 5.534733039442e+04  1.592386600000e+01  7.094023986176e-02
 5.565443841146e+04  1.630277900000e+01  7.539558659740e-02
 5.565444355512e+04  1.615911500000e+01  7.371055406405e-02
 5.565444869919e+04  1.635855700000e+01  7.898145299563e-02
 5.565445481108e+04  1.663399900000e+01  8.854209578066e-02
 5.567443125218e+04  1.615730100000e+01  7.236462365746e-02
 5.567443930907e+04  1.608543300000e+01  7.133632828536e-02
 5.567444735900e+04  1.615449600000e+01  7.246044133400e-02
 5.567445539057e+04  1.615632600000e+01  7.254792336236e-02
 5.568035341777e+04  1.583020200000e+01  6.407281716163e-02
 5.568036066156e+04  1.572889700000e+01  6.312344849788e-02
 5.568036793868e+04  1.576033500000e+01  6.339472532715e-02
 5.568037518973e+04  1.574488500000e+01  6.324488909269e-02
 5.560347746970e+04  1.589010800000e+01  6.774728614950e-02
 5.560348438750e+04  1.589240800000e+01  6.780719105218e-02
 5.560349134517e+04  1.586393700000e+01  6.748221110594e-02
 5.560349832318e+04  1.582546300000e+01  6.700677646138e-02
 5.557750702840e+04  1.609452700000e+01  7.625000077301e-02
 5.557751435160e+04  1.612266500000e+01  7.677031815039e-02
 5.557752169054e+04  1.621117100000e+01  7.830759794595e-02
 5.557752908964e+04  1.607175700000e+01  7.594406210558e-02
 5.562646303007e+04  1.603509000000e+01  7.387370876851e-02
 5.562646777811e+04  1.602785100000e+01  7.364514341954e-02
 5.562647239226e+04  1.604221400000e+01  7.403610076145e-02
 5.562647704226e+04  1.604193500000e+01  7.371312132979e-02
 5.563442494075e+04  1.566815700000e+01  6.581163291100e-02
 5.563443365914e+04  1.565992300000e+01  6.547777423701e-02
 5.563444237710e+04  1.570937000000e+01  6.600508431362e-02
 5.563445104802e+04  1.561369100000e+01  6.494140094077e-02
 5.564738923066e+04  1.608120600000e+01  7.104088286215e-02
 5.564739501683e+04  1.610635500000e+01  7.131584607870e-02
 5.564740082166e+04  1.613269400000e+01  7.162515077850e-02
 5.564740659233e+04  1.607545800000e+01  7.084872054484e-02
 5.569433833977e+04  1.580007400000e+01  7.020779094592e-02
 5.569434662620e+04  1.577689500000e+01  6.995672277367e-02
 5.569435499563e+04  1.589762100000e+01  7.168332576894e-02
 5.569436330206e+04  1.588641000000e+01  7.156101745732e-02
 5.570131294404e+04  1.584034000000e+01  6.775056563181e-02
 5.570132162572e+04  1.615811900000e+01  7.199127694087e-02
 5.570133042086e+04  1.590975200000e+01  6.864823020786e-02
 5.570133925477e+04  1.591616700000e+01  6.877319222177e-02
 5.592653290038e+04  1.618395700000e+01  7.152904320274e-02
 5.592653624302e+04  1.618143700000e+01  7.152274958288e-02
 5.592653974100e+04  1.618411000000e+01  7.156763144864e-02
 5.592654315589e+04  1.617788200000e+01  7.141640220647e-02
 5.596743408486e+04  1.611171100000e+01  7.053609507040e-02
 5.596743638359e+04  1.630634300000e+01  7.335220577305e-02
 5.596743858936e+04  1.624685700000e+01  7.239201712739e-02
 5.596744085534e+04  1.634069600000e+01  7.384599503049e-02
 5.598743066631e+04  1.616541700000e+01  7.260974850608e-02
 5.598743631405e+04  1.611587900000e+01  7.166057689826e-02
 5.598744208365e+04  1.613290400000e+01  7.181752167567e-02
 5.598744780013e+04  1.611871900000e+01  7.155910791217e-02
 5.600336257716e+04  1.623773500000e+01  7.248924352073e-02
 5.600337111900e+04  1.623962900000e+01  7.239586878829e-02
 5.600337967184e+04  1.615751600000e+01  7.121397199597e-02
 5.600338822389e+04  1.622333700000e+01  7.210829065221e-02
 5.601439595155e+04  1.596103700000e+01  6.505726853156e-02
 5.601440418332e+04  1.596854900000e+01  6.514106159637e-02
 5.601441239686e+04  1.598082400000e+01  6.525951270990e-02
 5.601442060019e+04  1.597947100000e+01  6.524005366561e-02
 5.603544468786e+04  1.620103300000e+01  7.213933390911e-02
 5.603545065688e+04  1.617321300000e+01  7.177924058572e-02
 5.603545667326e+04  1.622329100000e+01  7.254792336236e-02
 5.603546283037e+04  1.618129400000e+01  7.197943921934e-02
 5.606037685860e+04  1.616834200000e+01  7.110552900765e-02
 5.606038530150e+04  1.606318100000e+01  7.032218406584e-02
 5.606039382521e+04  1.603618100000e+01  6.934623627921e-02
 5.606040241308e+04  1.621270200000e+01  7.169405077121e-02
 5.606937275133e+04  1.611132800000e+01  7.032269690195e-02
 5.606937954463e+04  1.625031700000e+01  7.237614881870e-02
 5.606938637120e+04  1.613024900000e+01  7.069110615423e-02
 5.606939322733e+04  1.615195800000e+01  7.102742631604e-02
 5.609530783790e+04  1.622078400000e+01  7.275255821991e-02
 5.609531590273e+04  1.621267800000e+01  7.281502898692e-02
 5.609532393302e+04  1.626067400000e+01  7.372798267373e-02
 5.609533206641e+04  1.627258700000e+01  7.402834609447e-02
