# time mag mag_err
 5.370949136822e+04  1.517468100000e+01  6.094430762897e-02
 5.370949818846e+04  1.513360400000e+01  6.061496272102e-02
 5.370950497456e+04  1.514534100000e+01  6.064061986401e-02
 5.370951178392e+04  1.510016000000e+01  6.025539470048e-02
 5.373243737097e+04  1.458310300000e+01  5.731139663356e-02
 5.373244392870e+04  1.460622300000e+01  5.734348193127e-02
 5.373245065601e+04  1.464313000000e+01  5.743352382974e-02
 5.373245728492e+04  1.464410000000e+01  5.742882891832e-02
 5.353319592672e+04  1.449135500000e+01  5.706142162932e-02
 5.353320360500e+04  1.449610300000e+01  5.716915303378e-02
 5.353321115399e+04  1.454373600000e+01  5.750030519409e-02
 5.353321859881e+04  1.455248400000e+01  5.761013586796e-02
 5.355116457366e+04  1.512602300000e+01  6.095701445019e-02
 5.355117096818e+04  1.513718600000e+01  6.110623679034e-02
 5.355117739686e+04  1.511980500000e+01  6.094007930515e-02
 5.355118378525e+04  1.512444400000e+01  6.112381530857e-02
 5.349818952793e+04  1.461299000000e+01  5.715382534904e-02
 5.349819601564e+04  1.464320100000e+01  5.730484169854e-02
 5.349820247626e+04  1.467479000000e+01  5.747837948760e-02
 5.349820889880e+04  1.467822000000e+01  5.748868914844e-02
 5.352119549549e+04  1.497961600000e+01  5.967238891558e-02
 5.352120359983e+04  1.499281900000e+01  5.961620552700e-02
 5.352121171979e+04  1.498494700000e+01  5.989328730115e-02
 5.352121979034e+04  1.500698600000e+01  6.051177195396e-02
 5.384529888792e+04  1.484213500000e+01  5.916331332130e-02
 5.384530583722e+04  1.484211500000e+01  5.922720464812e-02
 5.384531278142e+04  1.486597300000e+01  5.938010146803e-02
 5.384531976233e+04  1.488828400000e+01  5.957745118652e-02
 5.407049103897e+04  1.507184200000e+01  5.960006661520e-02
 5.407049752506e+04  1.509264900000e+01  5.967968944820e-02
 5.407050409321e+04  1.510395900000e+01  5.971187523921e-02
 5.407051058184e+04  1.513331000000e+01  5.987830475376e-02
 5.409446406661e+04  1.514162900000e+01  5.993704374088e-02
 5.409447512028e+04  1.511192900000e+01  5.974131805369e-02
 5.409448517992e+04  1.514833400000e+01  5.994806241453e-02
 5.409449521191e+04  1.511425200000e+01  5.967458241460e-02
 5.377344332362e+04  1.483407200000e+01  5.857744005027e-02
 5.377345021807e+04  1.484339100000e+01  5.861308522418e-02
 5.377345677788e+04  1.485022600000e+01  5.868040247537e-02
 5.377346331374e+04  1.485985800000e+01  5.874480087850e-02
 5.378836014167e+04  1.516856400000e+01  6.084553999343e-02
 5.378837056059e+04  1.512473100000e+01  6.052353289358e-02
 5.378838715319e+04  1.491608500000e+01  5.903198450246e-02
 5.378840365645e+04  1.466130700000e+01  5.750401176765e-02
 5.374247903676e+04  1.484231800000e+01  5.840117593534e-02
 5.374248773834e+04  1.483949900000e+01  5.836176211438e-02
 5.374249637766e+04  1.484932300000e+01  5.843448606291e-02
 5.374250501906e+04  1.486447200000e+01  5.851606009202e-02
 5.375843035985e+04  1.501965100000e+01  5.973524460153e-02
 5.375843740267e+04  1.501513500000e+01  5.969442288357e-02
 5.375844444399e+04  1.503616200000e+01  5.984246599238e-02
 5.375845189390e+04  1.504733000000e+01  5.990960219108e-02
 5.376547221560e+04  1.501950500000e+01  5.991710150319e-02
 5.376547821394e+04  1.502926000000e+01  6.005414019569e-02
 5.376548422188e+04  1.500766100000e+01  5.989865221846e-02
 5.376549028792e+04  1.502661800000e+01  6.012428090881e-02
 5.390421724618e+04  1.464428600000e+01  8.264846450611e-02
 5.390421821926e+04  1.461746300000e+01  8.202451778501e-02
 5.390421918678e+04  1.465359200000e+01  8.267644711529e-02
 5.390422017109e+04  1.470602500000e+01  8.395502717244e-02
 5.390718106740e+04  1.474959900000e+01  5.891886462560e-02
 5.390718911560e+04  1.476899700000e+01  5.908144834800e-02
 5.390719714424e+04  1.478308500000e+01  5.921859422302e-02
 5.390720521027e+04  1.480202000000e+01  5.940587230896e-02
 5.387423055965e+04  1.518265000000e+01  6.203088905443e-02
 5.387423699296e+04  1.517145000000e+01  6.202276542512e-02
 5.387424343750e+04  1.515066500000e+01  6.185608725338e-02
 5.387424987670e+04  1.511956500000e+01  6.164172280776e-02
 5.388024534248e+04  1.461581100000e+01  5.776075107398e-02
 5.388025423852e+04  1.465545200000e+01  5.800708891583e-02
 5.388026315042e+04  1.467251500000e+01  5.814847690352e-02
 5.388027206209e+04  1.470929200000e+01  5.841947585690e-02
 5.406251668965e+04  1.459583900000e+01  6.167220200812e-02
 5.406252005892e+04  1.459918800000e+01  6.165666960673e-02
 5.406252341823e+04  1.461381000000e+01  6.174146552289e-02
 5.406252679363e+04  1.463480700000e+01  6.188075888537e-02
 5.420622989316e+04  1.459529800000e+01  5.745832548675e-02
 5.420623525616e+04  1.462006500000e+01  5.757017571676e-02
 5.420624060642e+04  1.462509800000e+01  5.756748959665e-02
 5.420624595021e+04  1.463810900000e+01  5.766972960247e-02
 5.443950073748e+04  1.493341500000e+01  5.876928685641e-02
 5.443950731894e+04  1.493677600000e+01  5.871968410594e-02
 5.443951391881e+04  1.494668400000e+01  5.879986853138e-02
 5.443952041242e+04  1.495905200000e+01  5.884098707859e-02
 5.445450291831e+04  1.455649000000e+01  5.651923177048e-02
 5.445450946100e+04  1.457274700000e+01  5.657549431570e-02
 5.445451602278e+04  1.458646100000e+01  5.664432759678e-02
 5.445452272207e+04  1.461596000000e+01  5.678580765088e-02
 5.411543902003e+04  1.501215400000e+01  5.891246424813e-02
 5.411545087456e+04  1.502390300000e+01  5.895989992501e-02
 5.411546268649e+04  1.504878700000e+01  5.910107087749e-02
 5.411547443603e+04  1.505300400000e+01  5.911776924109e-02
 5.426117782711e+04  1.466089800000e+01  5.758604108953e-02
 5.426118422024e+04  1.466166200000e+01  5.760231666483e-02
 5.426119060910e+04  1.470735500000e+01  5.787000693648e-02
 5.426119701278e+04  1.471609800000e+01  5.794821560763e-02
 5.422924514126e+04  1.497571600000e+01  5.952311385828e-02
 5.422925573115e+04  1.499219700000e+01  5.962251715556e-02
 5.422926498485e+04  1.500126200000e+01  5.973094232670e-02
 5.422927424005e+04  1.501058600000e+01  5.981739360278e-02
 5.424217257531e+04  1.502992200000e+01  6.013581675582e-02
 5.424217700227e+04  1.502673300000e+01  6.015462078284e-02
 5.424218143675e+04  1.503133300000e+01  6.021792481585e-02
 5.424218586162e+04  1.505435800000e+01  6.036579062596e-02
 5.442351122307e+04  1.445844900000e+01  5.629640769978e-02
 5.442351402471e+04  1.445837600000e+01  5.628210101919e-02
 5.442351675633e+04  1.447364200000e+01  5.632478705489e-02
 5.442351960230e+04  1.447830600000e+01  5.634197092557e-02
 5.458027776142e+04  1.490179500000e+01  5.860661718918e-02
 5.458028421638e+04  1.491169700000e+01  5.869557428665e-02
 5.458029067641e+04  1.491956700000e+01  5.873546412111e-02
 5.458029713785e+04  1.491452000000e+01  5.875394908661e-02
 5.480552565450e+04  1.457621700000e+01  5.916877917867e-02
 5.480552861969e+04  1.457831700000e+01  5.882564765010e-02
 5.480553150086e+04  1.451669900000e+01  5.875101852475e-02
 5.480553439428e+04  1.448517300000e+01  5.855953607851e-02
 5.482949440331e+04  1.440945900000e+01  5.577000744636e-02
 5.482950055095e+04  1.438223400000e+01  5.565359525975e-02
 5.482950650009e+04  1.436539900000e+01  5.557073654341e-02
 5.482951263465e+04  1.437305200000e+01  5.559919301898e-02
 5.450247696051e+04  1.472008100000e+01  5.730769577113e-02
 5.450248725153e+04  1.473452400000e+01  5.739927458873e-02
 5.450249752426e+04  1.476142300000e+01  5.753400046989e-02
 5.450250782708e+04  1.476623700000e+01  5.759489508750e-02
 5.448042515986e+04  1.496890100000e+01  5.881888566804e-02
 5.448043273860e+04  1.497468300000e+01  5.881598581200e-02
 5.448044038943e+04  1.498262600000e+01  5.881357338513e-02
 5.448044815858e+04  1.500811000000e+01  5.897445921227e-02
 5.449548944593e+04  1.474194400000e+01  5.738375481860e-02
 5.449549610274e+04  1.476946500000e+01  5.755094203977e-02
 5.449550278571e+04  1.477542600000e+01  5.757422323616e-02
 5.449550941463e+04  1.478896700000e+01  5.767137066484e-02
 5.453226766591e+04  1.471710900000e+01  5.432442403900e-02
 5.453228016272e+04  1.475058100000e+01  5.438839660032e-02
 5.453229261009e+04  1.476174000000e+01  5.442042877094e-02
 5.453230509405e+04  1.478801800000e+01  5.454471955592e-02
 5.459021991811e+04  1.491297700000e+01  5.879986853138e-02
 5.459022525264e+04  1.493345300000e+01  5.926622699518e-02
 5.459023060140e+04  1.495490400000e+01  5.920497268700e-02
 5.459023593951e+04  1.492578900000e+01  5.940782344576e-02
 5.492423870512e+04  1.463086800000e+01  5.707771230767e-02
 5.492424594531e+04  1.465603600000e+01  5.719170506483e-02
 5.492425321120e+04  1.466766800000e+01  5.725268403587e-02
 5.492426046480e+04  1.468771300000e+01  5.734672264950e-02
 5.494826003372e+04  1.477810600000e+01  5.800170774061e-02
 5.494826721741e+04  1.476543900000e+01  5.793818892166e-02
 5.494827457891e+04  1.478687200000e+01  5.808002831818e-02
 5.494828192027e+04  1.481332000000e+01  5.825557661907e-02
 5.486344347240e+04  1.452029400000e+01  5.489685632732e-02
 5.486345000270e+04  1.454656900000e+01  5.500529148397e-02
 5.486345654331e+04  1.458059700000e+01  5.501171417415e-02
 5.486346311157e+04  1.458300900000e+01  5.514169460662e-02
 5.488144120529e+04  1.487136700000e+01  5.812206817283e-02
 5.488144936866e+04  1.471020400000e+01  5.722740265024e-02
 5.488145754557e+04  1.465109200000e+01  5.693119152053e-02
 5.488146569192e+04  1.459310000000e+01  5.664634327906e-02
 5.501815427034e+04  1.619280900000e+01  9.071613308807e-02
 5.501815669931e+04  1.477508100000e+01  6.426287340484e-02
 5.501816165811e+04  1.514959600000e+01  6.927057306020e-02
 5.499715758433e+04  1.445187300000e+01  5.873609369483e-02
 5.499716228307e+04  1.441630300000e+01  5.853579667540e-02
 5.499716705206e+04  1.440234400000e+01  5.845960825356e-02
 5.499717193263e+04  1.440937800000e+01  5.855095195853e-02
 5.490633508505e+04  1.499469800000e+01  5.879734995390e-02
 5.490634098024e+04  1.500594000000e+01  5.900691155221e-02
 5.490634692590e+04  1.501093900000e+01  5.902563036728e-02
 5.490635282505e+04  1.502830800000e+01  5.910134219838e-02
 5.496625592366e+04  1.451365400000e+01  5.670738700626e-02
 5.496626384352e+04  1.453822300000e+01  5.684689092726e-02
 5.496627178837e+04  1.454421300000e+01  5.692160314983e-02
 5.496627966330e+04  1.458910700000e+01  5.715166814092e-02
 5.497821355000e+04  1.501809200000e+01  5.987283941309e-02
 5.497822134890e+04  1.502198200000e+01  5.983242021500e-02
 5.497822920716e+04  1.505394700000e+01  6.029656225837e-02
 5.497922251082e+04  1.478599300000e+01  5.819341653127e-02
 5.497922977613e+04  1.481325600000e+01  5.847704256318e-02
 5.497923710207e+04  1.481898600000e+01  5.857852133288e-02
 5.497924449552e+04  1.481308600000e+01  5.874182027283e-02
 5.515651951749e+04  1.504121600000e+01  5.989403899219e-02
 5.515652560699e+04  1.505350000000e+01  5.987575866326e-02
 5.515653170737e+04  1.510009300000e+01  6.014571247619e-02
 5.515653771334e+04  1.508768800000e+01  5.992035195986e-02
 5.516251164760e+04  1.439928900000e+01  5.626928861498e-02
 5.516251534432e+04  1.441413700000e+01  5.634252842430e-02
 5.516251896267e+04  1.442052000000e+01  5.633231217144e-02
 5.516252253844e+04  1.442075700000e+01  5.632698707780e-02
 5.529023411527e+04  1.502759600000e+01  5.961943081302e-02
 5.529024046426e+04  1.503122800000e+01  5.963828973739e-02
 5.529024682082e+04  1.504918200000e+01  5.973130470052e-02
 5.529025319064e+04  1.503848000000e+01  5.966350596959e-02
 5.553547276590e+04  1.492982500000e+01  5.683398941619e-02
 5.553548792177e+04  1.493942600000e+01  5.681890887801e-02
 5.553549547213e+04  1.493096500000e+01  5.674288670069e-02
 5.554547892825e+04  1.499604000000e+01  5.955604321778e-02
 5.554549523274e+04  1.491016200000e+01  5.890661011634e-02
 5.554550336986e+04  1.499157800000e+01  5.943665146306e-02
 5.524140376142e+04  1.450307000000e+01  5.657466440510e-02
 5.524141181987e+04  1.450474500000e+01  5.660646168721e-02
 5.524141994194e+04  1.453689600000e+01  5.680312945741e-02
 5.524142813273e+04  1.455955200000e+01  5.692362731391e-02
 5.520448074962e+04  1.516234400000e+01  6.003737385730e-02
 5.520448539719e+04  1.514958400000e+01  5.990605817472e-02
 5.520449004384e+04  1.516564000000e+01  6.005795852742e-02
 5.520449465461e+04  1.511581600000e+01  5.966793356948e-02
 5.535115972991e+04  1.467344800000e+01  5.742842566735e-02
 5.526740253865e+04  1.500918100000e+01  5.943516152433e-02
 5.526740914944e+04  1.503802600000e+01  5.964219437729e-02
 5.526741578056e+04  1.502357100000e+01  5.954806539649e-02
 5.526742236405e+04  1.503234000000e+01  5.964347310772e-02
 5.532926490307e+04  1.495157900000e+01  5.908784733004e-02
 5.567418766949e+04  1.512761200000e+01  6.141586795512e-02
 5.567419590962e+04  1.508460100000e+01  6.251115942054e-02
 5.567420415601e+04  1.504545000000e+01  6.356587672322e-02
 5.567421242543e+04  1.486142000000e+01  6.887933704430e-02
 5.560337970752e+04  1.500310700000e+01  5.762052679342e-02
 5.560338878785e+04  1.500083900000e+01  5.759891423520e-02
 5.560339786918e+04  1.498813900000e+01  5.754929975469e-02
 5.560340690873e+04  1.499678900000e+01  5.756739180903e-02
 5.556346760270e+04  1.483575400000e+01  5.845683426036e-02
 5.556347573669e+04  1.483478900000e+01  5.844604324930e-02
 5.556348331360e+04  1.484564900000e+01  5.849900777758e-02
 5.556349094455e+04  1.485344100000e+01  5.853278762693e-02
 5.557451847314e+04  1.475479700000e+01  5.785526399883e-02
 5.557452436292e+04  1.475818100000e+01  5.786035860629e-02
 5.557453016054e+04  1.477285800000e+01  5.793959990747e-02
 5.557453601399e+04  1.477195500000e+01  5.793749150084e-02
 5.558849122461e+04  1.464494200000e+01  5.745287996602e-02
 5.558849636225e+04  1.464622600000e+01  5.745720086698e-02
 5.558850160588e+04  1.465936600000e+01  5.753406973636e-02
 5.558850686575e+04  1.468908900000e+01  5.770588192745e-02
 5.564424945332e+04  1.499440500000e+01  5.985077212791e-02
 5.564425554716e+04  1.501131300000e+01  5.996376317084e-02
 5.564426167525e+04  1.501396600000e+01  5.998795430485e-02
 5.564426775948e+04  1.501368800000e+01  5.997295976158e-02
 5.568820114023e+04  1.516371100000e+01  6.139443225981e-02
 5.568820687119e+04  1.511603400000e+01  6.101420670485e-02
 5.568821255068e+04  1.511759400000e+01  6.101754489687e-02
 5.568821825536e+04  1.507957200000e+01  6.073136470777e-02
 5.570514847507e+04  1.514218600000e+01  6.132217088726e-02
 5.570515769186e+04  1.506990700000e+01  6.077581087694e-02
 5.570516681836e+04  1.502309400000e+01  6.039024135582e-02
 5.570517588412e+04  1.485583800000e+01  5.914516714677e-02
 5.346430118174e+04  1.464115700000e+01  5.702870759715e-02
 5.346430925691e+04  1.464510900000e+01  5.705411837048e-02
 5.346431743683e+04  1.465925900000e+01  5.712922148375e-02
 5.346432548653e+04  1.467930200000e+01  5.723872858596e-02
 5.535119648882e+04  1.439447000000e+01  5.606377544968e-02
 5.535120435168e+04  1.438784200000e+01  5.602633103207e-02
 5.535121178709e+04  1.440001800000e+01  5.608565174976e-02
 5.535121931550e+04  1.441693800000e+01  5.618675467735e-02
 5.566236083470e+04  1.501588300000e+01  5.789712805906e-02
 5.566236984001e+04  1.501894000000e+01  5.791820205429e-02
 5.566237875332e+04  1.503206700000e+01  5.803702266527e-02
 5.566238775263e+04  1.502598400000e+01  5.803813716056e-02
 5.592044833705e+04  1.494995500000e+01  5.918264500043e-02
 5.592045750787e+04  1.492967600000e+01  5.900964502680e-02
 5.592046673324e+04  1.496682600000e+01  5.922129750155e-02
 5.592047599646e+04  1.497567500000e+01  5.921990247695e-02
 5.592747848134e+04  1.492705700000e+01  5.892837502904e-02
 5.592748750074e+04  1.494607000000e+01  5.902925701620e-02
 5.592749673108e+04  1.498419800000e+01  5.920232244736e-02
 5.592750601848e+04  1.496848200000e+01  5.907238655285e-02
 5.595942050773e+04  1.455774600000e+01  5.675600904224e-02
 5.595942617606e+04  1.456957900000e+01  5.682200248576e-02
 5.595943186711e+04  1.457628000000e+01  5.684684590314e-02
 5.595943756242e+04  1.459723400000e+01  5.694507944705e-02
 5.599931188487e+04  1.491639900000e+01  5.891182686280e-02
 5.599931787701e+04  1.491907900000e+01  5.891686951722e-02
 5.599932392531e+04  1.493726400000e+01  5.899309112398e-02
 5.599932993359e+04  1.495520700000e+01  5.906702538511e-02
 5.600727933181e+04  1.439133400000e+01  5.478773889770e-02
 5.600728952564e+04  1.443763900000e+01  5.493805722844e-02
 5.600729989394e+04  1.447578200000e+01  5.509512820723e-02
 5.600731019245e+04  1.451046100000e+01  5.523211968326e-02
 5.601325164508e+04  1.475797100000e+01  5.832329697019e-02
 5.601325748160e+04  1.476294800000e+01  5.833664493361e-02
 5.601326342368e+04  1.476784400000e+01  5.834779158237e-02
 5.601326929654e+04  1.479053300000e+01  5.844301322753e-02
 5.602825003620e+04  1.467046800000e+01  5.766857827200e-02
 5.602825561635e+04  1.466240500000e+01  5.759898478728e-02
 5.602826134627e+04  1.462141200000e+01  5.741478320143e-02
 5.602826705466e+04  1.455776900000e+01  5.705538260406e-02
 5.603321098105e+04  1.491588900000e+01  5.907985034438e-02
 5.603321607459e+04  1.492821800000e+01  5.915768610775e-02
 5.603322114918e+04  1.494057300000e+01  5.921895875004e-02
 5.603322621355e+04  1.494803000000e+01  5.926629225095e-02
 5.603823687853e+04  1.440295100000e+01  5.624912758868e-02
 5.603824473326e+04  1.441014600000e+01  5.632980184075e-02
 5.603825261072e+04  1.443926300000e+01  5.646619536207e-02
 5.603826047431e+04  1.445156700000e+01  5.653157541606e-02
 5.604626537230e+04  1.501625200000e+01  5.998749357609e-02
 5.604627115786e+04  1.506281200000e+01  6.032340400733e-02
 5.604627699935e+04  1.512267500000e+01  6.076287164079e-02
 5.604628264010e+04  1.510528300000e+01  6.067387814568e-02
 5.606226433493e+04  1.463148100000e+01  5.708833754228e-02
 5.606227207446e+04  1.465198100000e+01  5.721545712353e-02
 5.606228088265e+04  1.468736600000e+01  5.741972727721e-02
 5.606228845049e+04  1.469444100000e+01  5.750075811661e-02
 5.606827948819e+04  1.498075000000e+01  5.936111295447e-02
 5.606828739582e+04  1.498724800000e+01  5.944388316589e-02
 5.606829536117e+04  1.497322500000e+01  5.942350722724e-02
 5.606830330133e+04  1.501149000000e+01  5.972198915353e-02
 5.609221468687e+04  1.495654500000e+01  5.920471627381e-02
 5.609221970487e+04  1.495204300000e+01  5.920738975247e-02
 5.609222479633e+04  1.495382900000e+01  5.928876354301e-02
 5.609222989159e+04  1.496996700000e+01  5.940939375937e-02
