# time mag mag_err
 5.355224994498e+04  1.521439000000e+01  5.674968758982e-02
 5.355226070917e+04  1.527579400000e+01  5.708770524683e-02
 5.355227143471e+04  1.529888400000e+01  5.726605586882e-02
 5.355228218976e+04  1.532550100000e+01  5.756521059374e-02
 5.353127926012e+04  1.551629600000e+01  6.569615076046e-02
 5.353128656639e+04  1.506330200000e+01  6.147521278446e-02
 5.353129382867e+04  1.511442600000e+01  6.189602455038e-02
 5.353130107370e+04  1.523755000000e+01  6.295302579824e-02
 5.384828945155e+04  1.478367200000e+01  5.844645038515e-02
 5.384829764583e+04  1.480920500000e+01  5.863145678207e-02
 5.384830580839e+04  1.482322200000e+01  5.869463025665e-02
 5.384831423010e+04  1.486248800000e+01  5.893051569399e-02
 5.385440728229e+04  1.545769200000e+01  6.397935354692e-02
 5.385441377346e+04  1.545458200000e+01  6.393708376712e-02
 5.385442031002e+04  1.550072200000e+01  6.440328737811e-02
 5.385442686428e+04  1.549188500000e+01  6.434854318751e-02
 5.390039092303e+04  1.483214000000e+01  9.204028134895e-02
 5.390039193281e+04  1.471669500000e+01  9.020717682391e-02
 5.390039292094e+04  1.472544200000e+01  8.862508729979e-02
 5.390039392885e+04  1.478378400000e+01  9.088325428031e-02
 5.388334494649e+04  1.508981800000e+01  6.062586607297e-02
 5.388335194915e+04  1.509366800000e+01  6.067571590045e-02
 5.388335899753e+04  1.511758700000e+01  6.087551176300e-02
 5.388336600309e+04  1.513112800000e+01  6.097344040283e-02
 5.420445245789e+04  1.455445600000e+01  5.663053883117e-02
 5.420446060472e+04  1.453101900000e+01  5.651637013541e-02
 5.420446879240e+04  1.455906300000e+01  5.667320011703e-02
 5.420447699465e+04  1.459412400000e+01  5.684288182998e-02
 5.413851567896e+04  1.541804800000e+01  6.311822562593e-02
 5.413852000615e+04  1.538945400000e+01  6.200632393506e-02
 5.413852429339e+04  1.541508400000e+01  6.314462416713e-02
 5.413852861340e+04  1.543348400000e+01  6.293354118751e-02
 5.426135854789e+04  1.485439800000e+01  5.864703958262e-02
 5.426136536270e+04  1.487941900000e+01  5.884819823757e-02
 5.426137215481e+04  1.491325200000e+01  5.906410916944e-02
 5.426137896604e+04  1.494364300000e+01  5.929177471231e-02
 5.427327735544e+04  1.494841700000e+01  5.948538298158e-02
 5.427328394247e+04  1.488741900000e+01  5.911569688138e-02
 5.427329051247e+04  1.482663400000e+01  5.876087210848e-02
 5.427329708663e+04  1.477856500000e+01  5.851950784017e-02
 5.416945406563e+04  1.548370800000e+01  6.288383180455e-02
 5.416946596483e+04  1.542722400000e+01  6.299297547723e-02
 5.416947457139e+04  1.526630400000e+01  6.093044581113e-02
 5.416948303998e+04  1.499429600000e+01  5.900163456762e-02
 5.417840256141e+04  1.460347000000e+01  5.678048982575e-02
 5.417840856449e+04  1.460489600000e+01  5.680365336605e-02
 5.417841460704e+04  1.465492500000e+01  5.715592188945e-02
 5.417842068072e+04  1.471500200000e+01  5.750769487379e-02
 5.423239752233e+04  1.533825700000e+01  6.235634856296e-02
 5.423240451955e+04  1.533674900000e+01  6.215111105450e-02
 5.423241155000e+04  1.532990600000e+01  6.302380273879e-02
 5.423241858333e+04  1.533821900000e+01  6.243955150625e-02
 5.424535580792e+04  1.527311600000e+01  6.158012254414e-02
 5.424536359290e+04  1.530563300000e+01  6.189338289944e-02
 5.424537130752e+04  1.531643600000e+01  6.199550634123e-02
 5.424537898441e+04  1.533286000000e+01  6.213822059270e-02
 5.462822997829e+04  1.538717300000e+01  6.208606714579e-02
 5.462823821898e+04  1.539457300000e+01  6.212886930709e-02
 5.462824636441e+04  1.542525300000e+01  6.238387502805e-02
 5.462825452778e+04  1.539128000000e+01  6.212599180627e-02
 5.453743046374e+04  1.522212800000e+01  6.061751029819e-02
 5.453743709660e+04  1.524873400000e+01  6.129204638261e-02
 5.453744389913e+04  1.526454200000e+01  6.233104611904e-02
 5.453745077216e+04  1.526304900000e+01  6.459275710044e-02
 5.459438790859e+04  1.547588900000e+01  6.270613493430e-02
 5.459439469307e+04  1.547159000000e+01  6.273769132276e-02
 5.459440141829e+04  1.549541100000e+01  6.315909964193e-02
 5.459440815763e+04  1.546901800000e+01  6.483866577231e-02
 5.473310391309e+04  1.536120200000e+01  6.588323930337e-02
 5.473310978388e+04  1.536741200000e+01  6.600116825148e-02
 5.473311568914e+04  1.540725300000e+01  6.656808258639e-02
 5.473312149325e+04  1.540472000000e+01  6.659436975060e-02
 5.494337023148e+04  1.546016100000e+01  6.257582696115e-02
 5.494337559194e+04  1.544980900000e+01  6.249958911103e-02
 5.494338109870e+04  1.541462200000e+01  6.218255432347e-02
 5.494338650106e+04  1.531609400000e+01  6.138898453755e-02
 5.504421161616e+04  1.501567200000e+01  6.294233997327e-02
 5.504421866270e+04  1.504133400000e+01  6.315924210825e-02
 5.504422565052e+04  1.505510200000e+01  6.328075908214e-02
 5.504423251887e+04  1.507260200000e+01  6.352093882757e-02
 5.486349798819e+04  1.545981700000e+01  6.437909729506e-02
 5.486350268287e+04  1.548372900000e+01  6.461194452987e-02
 5.486350749677e+04  1.545443200000e+01  6.429032982671e-02
 5.486351229249e+04  1.547025900000e+01  6.443644267574e-02
 5.487546315586e+04  1.533836400000e+01  6.325321062440e-02
 5.487546801594e+04  1.531988100000e+01  6.307161498973e-02
 5.487547291502e+04  1.535114500000e+01  6.335923493052e-02
 5.487547773019e+04  1.537380100000e+01  6.354030831117e-02
 5.501728406807e+04  1.547558700000e+01  6.782533896036e-02
 5.501729141044e+04  1.535898900000e+01  6.654388366235e-02
 5.501729881682e+04  1.547022800000e+01  6.822210896709e-02
 5.501730615299e+04  1.554042300000e+01  6.910405201494e-02
 5.500528132290e+04  1.536019600000e+01  6.224240880745e-02
 5.500528976733e+04  1.536745500000e+01  6.239015740049e-02
 5.500531307455e+04  1.562258000000e+01  7.077212573206e-02
 5.500532152589e+04  1.539322300000e+01  6.594525132453e-02
 5.489244326545e+04  1.495100200000e+01  6.032389915270e-02
 5.489245092544e+04  1.496462700000e+01  6.017081153558e-02
 5.489245854990e+04  1.499818200000e+01  6.036201480303e-02
 5.489246613800e+04  1.501971600000e+01  6.064987137257e-02
 5.490544372428e+04  1.481246300000e+01  5.779796889425e-02
 5.490544863610e+04  1.481732700000e+01  5.782314487145e-02
 5.490545352627e+04  1.485220900000e+01  5.802700719632e-02
 5.490545837964e+04  1.488935500000e+01  5.823312196768e-02
 5.491438024619e+04  1.512707700000e+01  5.978937633528e-02
 5.491438871492e+04  1.513675300000e+01  5.984177225353e-02
 5.491439717403e+04  1.516022100000e+01  6.001065493589e-02
 5.491440583512e+04  1.518561500000e+01  6.018748701478e-02
 5.495538686917e+04  1.508177600000e+01  5.975101427612e-02
 5.495539420078e+04  1.498477000000e+01  5.910800121403e-02
 5.495540146921e+04  1.488038200000e+01  5.845210968603e-02
 5.495540870767e+04  1.479399000000e+01  5.772613542947e-02
 5.496537581125e+04  1.479298300000e+01  5.963703607276e-02
 5.496538152588e+04  1.482472900000e+01  5.988787893862e-02
 5.496538731242e+04  1.485385200000e+01  6.012620608497e-02
 5.496539324731e+04  1.486705000000e+01  6.021997002462e-02
 5.498128519459e+04  1.540243600000e+01  6.268564492473e-02
 5.498129983748e+04  1.546202200000e+01  6.277677745940e-02
 5.510409381701e+04  1.465545900000e+01  6.039158196025e-02
 5.510409876080e+04  1.470850900000e+01  6.043047949708e-02
 5.510410371370e+04  1.473388600000e+01  6.066413658847e-02
 5.510410863712e+04  1.475397400000e+01  6.122082305078e-02
 5.529733632140e+04  1.532899500000e+01  6.173890010207e-02
 5.529734213813e+04  1.534819200000e+01  6.187474009119e-02
 5.529734793442e+04  1.534169700000e+01  6.179329768508e-02
 5.529735370809e+04  1.534344700000e+01  6.179770518216e-02
 5.536229602229e+04  1.489829100000e+01  5.867307285650e-02
 5.536230416266e+04  1.493974800000e+01  5.893708535689e-02
 5.536231231041e+04  1.496207900000e+01  5.909550577828e-02
 5.536232053304e+04  1.499304100000e+01  5.934214212342e-02
 5.537027488271e+04  1.534703500000e+01  6.197405102877e-02
 5.537028062339e+04  1.534708000000e+01  6.197504688635e-02
 5.537028642900e+04  1.534514900000e+01  6.198670645279e-02
 5.537029217987e+04  1.537010400000e+01  6.222901925302e-02
 5.527449086170e+04  1.546620500000e+01  6.313810823549e-02
 5.527449723979e+04  1.545517500000e+01  6.303584625125e-02
 5.527450365271e+04  1.546722300000e+01  6.313895724505e-02
 5.527451003683e+04  1.545090900000e+01  6.303802657368e-02
 5.532638860278e+04  1.516816100000e+01  6.048463265768e-02
 5.532639607075e+04  1.519777000000e+01  6.071283331281e-02
 5.532640349994e+04  1.520272000000e+01  6.078447619960e-02
 5.532641104133e+04  1.522123000000e+01  6.088565642110e-02
 5.534736452848e+04  1.530609100000e+01  6.356541989402e-02
 5.534736962551e+04  1.533621100000e+01  6.390791940890e-02
 5.534737471998e+04  1.534901600000e+01  6.402284546061e-02
 5.534737982350e+04  1.530136700000e+01  6.361094927990e-02
 5.565246011553e+04  1.533595500000e+01  6.221934978719e-02
 5.565246652453e+04  1.531729800000e+01  6.205587861704e-02
 5.565247290171e+04  1.529675100000e+01  6.188079637716e-02
 5.565247924265e+04  1.533272000000e+01  6.221005778571e-02
 5.567828707554e+04  1.469650900000e+01  5.774159511078e-02
 5.567829218741e+04  1.473189500000e+01  5.793349538178e-02
 5.567829740978e+04  1.475894500000e+01  5.807270840395e-02
 5.567830260902e+04  1.478736100000e+01  5.824205419501e-02
 5.563635819716e+04  1.544867300000e+01  6.360619651043e-02
 5.563636518353e+04  1.549376800000e+01  6.398799494594e-02
 5.563637219638e+04  1.546687700000e+01  6.371921870876e-02
 5.563637915936e+04  1.547207100000e+01  6.374320732173e-02
 5.568841839884e+04  1.530271800000e+01  6.239077779174e-02
 5.568842476860e+04  1.528979000000e+01  6.227199785865e-02
 5.568843116604e+04  1.530815200000e+01  6.244765295282e-02
 5.568843757041e+04  1.532095700000e+01  6.253471156514e-02
 5.597641813229e+04  1.547176000000e+01  6.525169540135e-02
 5.597642382030e+04  1.538540700000e+01  6.430084319349e-02
 5.597642953185e+04  1.543586000000e+01  6.290106314746e-02
 5.597643526072e+04  1.546363600000e+01  6.904255620461e-02
 5.601847376986e+04  1.529571600000e+01  6.157092556748e-02
 5.601848187225e+04  1.532370100000e+01  6.181719349673e-02
 5.601848989929e+04  1.534163900000e+01  6.194814407082e-02
 5.601849791809e+04  1.535054100000e+01  6.205591735933e-02
 5.606436443941e+04  1.525749300000e+01  6.078972504826e-02
 5.606437113757e+04  1.525233200000e+01  6.094449551636e-02
 5.606437790468e+04  1.528896600000e+01  6.115007128588e-02
 5.606438476578e+04  1.530405700000e+01  6.139422671849e-02
 5.607633621221e+04  1.519040600000e+01  6.213170827952e-02
 5.607634375922e+04  1.519726000000e+01  6.221594343298e-02
 5.607635145722e+04  1.522696300000e+01  6.250127668286e-02
 5.607635919804e+04  1.524015600000e+01  6.261040112476e-02
 5.609029585052e+04  1.477007000000e+01  5.790781115466e-02
 5.609030307690e+04  1.481700300000e+01  5.818550801395e-02
 5.609031042831e+04  1.485013900000e+01  5.837273919954e-02
 5.609031772118e+04  1.488567000000e+01  5.857216463663e-02
 5.619210408339e+04  1.515408000000e+01  6.142468797373e-02
 5.619210862727e+04  1.519168500000e+01  6.172554356296e-02
 5.619211308466e+04  1.517429400000e+01  6.155367708544e-02
 5.619211762603e+04  1.519878900000e+01  6.179100316724e-02
