# time mag mag_err
 5.370611509988e+04  1.499477000000e+01  6.028109874261e-02
 5.370612281867e+04  1.504074000000e+01  6.064259215975e-02
 5.370613030573e+04  1.508736900000e+01  6.102531105048e-02
 5.370613786688e+04  1.510532800000e+01  6.119775494049e-02
 5.355335024287e+04  1.482182600000e+01  5.943665146306e-02
 5.355335681472e+04  1.485352100000e+01  5.965965381542e-02
 5.355336334122e+04  1.487341600000e+01  5.976377287391e-02
 5.355336983192e+04  1.491202000000e+01  5.993193636953e-02
 5.356740511153e+04  1.539069000000e+01  6.459886640285e-02
 5.356741165492e+04  1.541230700000e+01  6.458599475040e-02
 5.356741829934e+04  1.545286300000e+01  6.511292701031e-02
 5.356742497178e+04  1.547771100000e+01  6.538732232930e-02
 5.352740295197e+04  1.557412100000e+01  6.527065799609e-02
 5.352741189350e+04  1.559613100000e+01  6.534107114317e-02
 5.352742062171e+04  1.561916000000e+01  6.548592677986e-02
 5.352742934089e+04  1.559957200000e+01  6.529160455127e-02
 5.350545224372e+04  1.545732700000e+01  6.462968384168e-02
 5.350545759931e+04  1.545474500000e+01  6.456944972238e-02
 5.350546296948e+04  1.550392400000e+01  6.496894011211e-02
 5.350546832912e+04  1.550738800000e+01  6.491813014544e-02
 5.367515047573e+04  1.568466300000e+01  6.618968051656e-02
 5.367515711322e+04  1.567590300000e+01  6.607535604013e-02
 5.367516377801e+04  1.571573000000e+01  6.655968758708e-02
 5.367517061956e+04  1.564514300000e+01  6.578616074459e-02
 5.368707980536e+04  1.568909000000e+01  6.650341383393e-02
 5.368708718015e+04  1.560845100000e+01  6.534268053008e-02
 5.368709456478e+04  1.564244700000e+01  6.580064269576e-02
 5.368710196642e+04  1.564180600000e+01  6.568972116810e-02
 5.369607610358e+04  1.574379800000e+01  6.691887759756e-02
 5.369608253086e+04  1.576459900000e+01  6.712656809196e-02
 5.369608893396e+04  1.570141300000e+01  6.643083885988e-02
 5.369609535163e+04  1.558313000000e+01  6.516912043153e-02
 5.364417035352e+04  1.518942500000e+01  6.224837046924e-02
 5.364417489380e+04  1.519772600000e+01  6.228192353589e-02
 5.364417946057e+04  1.522125000000e+01  6.246058123277e-02
 5.364418397179e+04  1.521455000000e+01  6.245112210039e-02
 5.365313818183e+04  1.532193200000e+01  6.371875010836e-02
 5.365314571275e+04  1.534927400000e+01  6.398418915786e-02
 5.365315321961e+04  1.538858600000e+01  6.431303570495e-02
 5.365316073711e+04  1.539168900000e+01  6.430456127538e-02
 5.367014442841e+04  1.567970300000e+01  6.619598088715e-02
 5.367014932356e+04  1.567798400000e+01  6.616377824938e-02
 5.367015420147e+04  1.570181900000e+01  6.642025070797e-02
 5.367015910356e+04  1.571325800000e+01  6.649485628016e-02
 5.363721348624e+04  1.512658400000e+01  6.173351637067e-02
 5.363721988483e+04  1.514718600000e+01  6.186962963038e-02
 5.363722631281e+04  1.513230100000e+01  6.168905087584e-02
 5.363723276498e+04  1.520098300000e+01  6.234378529750e-02
 5.397622761799e+04  1.556719600000e+01  6.383152453623e-02
 5.397623246486e+04  1.548582600000e+01  6.307530225643e-02
 5.397623730897e+04  1.544663800000e+01  6.268590641457e-02
 5.397624215157e+04  1.534142900000e+01  6.176265953718e-02
 5.408011314993e+04  1.547947900000e+01  6.348343884319e-02
 5.408011862544e+04  1.547036000000e+01  6.345777145082e-02
 5.408012407848e+04  1.549549800000e+01  6.367906826273e-02
 5.408012953536e+04  1.548804200000e+01  6.370824712407e-02
 5.391739632064e+04  1.527671000000e+01  6.526203244471e-02
 5.391740217718e+04  1.526395700000e+01  6.490266247714e-02
 5.391740804078e+04  1.531989300000e+01  6.546361723376e-02
 5.391741390148e+04  1.529502000000e+01  6.545630986549e-02
 5.390438598258e+04  1.471093600000e+01  8.206911054401e-02
 5.390438696932e+04  1.465172400000e+01  8.445866241914e-02
 5.390438798962e+04  1.465412600000e+01  8.450327479821e-02
 5.390438897857e+04  1.462941600000e+01  8.385612259346e-02
 5.390738418109e+04  1.480017200000e+01  5.966902907099e-02
 5.390739275882e+04  1.486771300000e+01  6.015746111080e-02
 5.390740237007e+04  1.493307800000e+01  6.058629874872e-02
 5.390741097686e+04  1.493821900000e+01  6.062974140800e-02
 5.387443901020e+04  1.563253600000e+01  1.183021815033e-01
 5.387443974646e+04  1.552029700000e+01  1.111117083207e-01
 5.387444052265e+04  1.556987600000e+01  1.133634848011e-01
 5.387444125532e+04  1.552238600000e+01  1.109450469701e-01
 5.388641233502e+04  1.560646100000e+01  6.685494481585e-02
 5.388642259954e+04  1.562738000000e+01  6.688629908843e-02
 5.388643279958e+04  1.560357800000e+01  6.650991830503e-02
 5.388644302984e+04  1.563202500000e+01  6.672570129234e-02
 5.405211042171e+04  1.531051300000e+01  6.148239229512e-02
 5.405211682701e+04  1.522778900000e+01  6.084931888512e-02
 5.405212324828e+04  1.512135800000e+01  6.005678940345e-02
 5.405212967198e+04  1.503315400000e+01  5.945618207882e-02
 5.405809839691e+04  1.496093200000e+01  5.903001540514e-02
 5.405810486911e+04  1.497986600000e+01  5.915650196044e-02
 5.405811134582e+04  1.498185800000e+01  5.914607382294e-02
 5.405811782531e+04  1.500464800000e+01  5.934879579815e-02
 5.402408474234e+04  1.546523900000e+01  6.289495155054e-02
 5.402409218831e+04  1.547515700000e+01  6.297207153849e-02
 5.402409962711e+04  1.548195000000e+01  6.300975360483e-02
 5.402410703290e+04  1.549671900000e+01  6.313688057116e-02
 5.403015347258e+04  1.555798200000e+01  6.369516877221e-02
 5.403015942196e+04  1.555188100000e+01  6.361539804854e-02
 5.403016534007e+04  1.555849100000e+01  6.370326098256e-02
 5.403017126711e+04  1.559527700000e+01  6.402350138317e-02
 5.403716021366e+04  1.557607400000e+01  6.382325982815e-02
 5.403716638850e+04  1.558003400000e+01  6.385841059430e-02
 5.403717228392e+04  1.560700500000e+01  6.411647272685e-02
 5.403717819267e+04  1.558589500000e+01  6.390689932636e-02
 5.398917459985e+04  1.491836900000e+01  5.892913534864e-02
 5.398918102506e+04  1.492239300000e+01  5.892925491860e-02
 5.398918746704e+04  1.492599000000e+01  5.892635496921e-02
 5.398919391400e+04  1.496916400000e+01  5.918538925773e-02
 5.400414318253e+04  1.514287200000e+01  6.048651354814e-02
 5.400415130250e+04  1.517738300000e+01  6.071268391494e-02
 5.400415943404e+04  1.518810900000e+01  6.077862660704e-02
 5.400416755736e+04  1.517964600000e+01  6.066537942427e-02
 5.429844191234e+04  1.561478400000e+01  6.841721788871e-02
 5.429844479015e+04  1.568519100000e+01  7.464314105293e-02
 5.429844767166e+04  1.560317200000e+01  6.840376187766e-02
 5.429845056301e+04  1.560831800000e+01  6.840325263320e-02
 5.426139193115e+04  1.478698700000e+01  5.893506099256e-02
 5.426140011466e+04  1.480886400000e+01  5.904564819006e-02
 5.426140828289e+04  1.486899400000e+01  5.939449896322e-02
 5.426141645922e+04  1.490768500000e+01  5.959666796125e-02
 5.426936862207e+04  1.502283900000e+01  6.056605721369e-02
 5.426937616700e+04  1.502699000000e+01  6.052247056694e-02
 5.426938372271e+04  1.506029300000e+01  6.070593607616e-02
 5.426939128095e+04  1.509945200000e+01  6.099818299678e-02
 5.427634511610e+04  1.516619000000e+01  6.200173993585e-02
 5.427635218126e+04  1.518977300000e+01  6.215063557318e-02
 5.427635919700e+04  1.520088000000e+01  6.220325882650e-02
 5.427636622988e+04  1.520096700000e+01  6.210350043051e-02
 5.423944384205e+04  1.564194300000e+01  6.791844349343e-02
 5.423945035950e+04  1.559703700000e+01  6.716976673269e-02
 5.423945687325e+04  1.562381900000e+01  6.739520437267e-02
 5.423946337751e+04  1.564682700000e+01  6.759020721161e-02
 5.424741109356e+04  1.567337200000e+01  6.899870531753e-02
 5.424741939826e+04  1.568815700000e+01  6.898359340577e-02
 5.424742774521e+04  1.570506900000e+01  6.904586268174e-02
 5.424743607351e+04  1.569154200000e+01  6.871179326755e-02
 5.442009142416e+04  1.489138200000e+01  5.945266767824e-02
 5.442009742699e+04  1.494562400000e+01  5.989484073881e-02
 5.442010338782e+04  1.495993800000e+01  6.006331425052e-02
 5.442010939495e+04  1.503074700000e+01  6.054702754859e-02
 5.438015280215e+04  1.565957100000e+01  6.489481674627e-02
 5.438015920236e+04  1.566525200000e+01  6.524104509112e-02
 5.438016561877e+04  1.568792700000e+01  6.575828508432e-02
 5.438017205358e+04  1.571206900000e+01  6.549422585525e-02
 5.439116064689e+04  1.560933900000e+01  6.449537212102e-02
 5.439116876708e+04  1.561645400000e+01  6.459012307368e-02
 5.439117687698e+04  1.561410300000e+01  6.456479793237e-02
 5.439118500597e+04  1.564474200000e+01  6.489331119671e-02
 5.440410013697e+04  1.571200300000e+01  6.568576621316e-02
 5.440410657687e+04  1.573885500000e+01  6.588861637048e-02
 5.440411299686e+04  1.572298200000e+01  6.600574983578e-02
 5.440412086416e+04  1.575330100000e+01  6.602188247446e-02
 5.434828522765e+04  1.533109500000e+01  6.494607786565e-02
 5.434829223876e+04  1.534287500000e+01  6.801597187316e-02
 5.434829933807e+04  1.537556100000e+01  6.559419790471e-02
 5.434830653414e+04  1.535305700000e+01  6.508407146238e-02
 5.435422042966e+04  1.527723600000e+01  6.204678500708e-02
 5.435422693809e+04  1.529743300000e+01  6.213687863657e-02
 5.435423346631e+04  1.531826200000e+01  6.234481064445e-02
 5.435423997161e+04  1.529949600000e+01  6.219527092367e-02
 5.482108435837e+04  1.564126100000e+01  6.471411626409e-02
 5.482109044721e+04  1.564965700000e+01  6.486015710335e-02
 5.482109646510e+04  1.565719200000e+01  6.496507157693e-02
 5.482110236157e+04  1.563451900000e+01  6.480851099320e-02
 5.464831710590e+04  1.543846500000e+01  6.565836484272e-02
 5.464832414028e+04  1.547118200000e+01  6.587141064796e-02
 5.464833110069e+04  1.546247200000e+01  6.511844071430e-02
 5.464833808380e+04  1.550801200000e+01  6.592666245812e-02
 5.462638337037e+04  1.510499600000e+01  6.111784053349e-02
 5.459743227019e+04  1.560221200000e+01  6.649469774553e-02
 5.459743937564e+04  1.561584100000e+01  6.648646723655e-02
 5.459744647402e+04  1.552708100000e+01  7.053648849956e-02
 5.459745367843e+04  1.572180500000e+01  8.418343525531e-02
 5.479008881987e+04  1.532693800000e+01  6.171295011364e-02
 5.479009596641e+04  1.535332400000e+01  6.208442497096e-02
 5.479010313054e+04  1.535273300000e+01  6.206880735610e-02
 5.479011039514e+04  1.539034700000e+01  6.243162874090e-02
 5.474718047836e+04  1.557258100000e+01  6.362840662726e-02
 5.474718766737e+04  1.559881500000e+01  6.389194258614e-02
 5.474719500513e+04  1.560500200000e+01  6.394015960376e-02
 5.474720234241e+04  1.560045100000e+01  6.388541432101e-02
 5.476714965537e+04  1.503175900000e+01  5.941480443968e-02
 5.476715872260e+04  1.503484700000e+01  5.946015340036e-02
 5.476716786774e+04  1.505311000000e+01  5.958866247760e-02
 5.476717689885e+04  1.506375600000e+01  5.967398619617e-02
 5.472929060183e+04  1.558197100000e+01  6.449313246773e-02
 5.472929763539e+04  1.557948800000e+01  6.450162543406e-02
 5.472930465843e+04  1.555795200000e+01  6.432869604163e-02
 5.472931168771e+04  1.557167900000e+01  6.451190422021e-02
 5.505932845848e+04  1.539544100000e+01  6.050487251794e-02
 5.505933634096e+04  1.542430500000e+01  6.072312312685e-02
 5.505934417373e+04  1.544364600000e+01  6.089135687332e-02
 5.505935207007e+04  1.550000200000e+01  6.140781894042e-02
 5.507020404837e+04  1.533073200000e+01  6.263666733781e-02
 5.507021131633e+04  1.532758300000e+01  6.261130547726e-02
 5.507021864807e+04  1.535880900000e+01  6.284687627703e-02
 5.507022593345e+04  1.539575600000e+01  6.315039175177e-02
 5.518306509564e+04  1.569500400000e+01  7.134450565926e-02
 5.518307056975e+04  1.558039000000e+01  6.977240949169e-02
 5.518307606044e+04  1.551918100000e+01  6.883860417885e-02
 5.518308141047e+04  1.537172200000e+01  6.728058399347e-02
 5.504031384431e+04  1.447538400000e+01  5.691877142689e-02
 5.504031933010e+04  1.450754200000e+01  5.707628191487e-02
 5.504032467333e+04  1.457861900000e+01  5.743267580668e-02
 5.504033018275e+04  1.463311200000e+01  5.773335099319e-02
 5.501236457385e+04  1.563940100000e+01  7.325923238858e-02
 5.501236894110e+04  1.586412200000e+01  1.523293590472e-01
 5.501237337176e+04  1.561167600000e+01  8.163722668050e-02
 5.501237772572e+04  1.546138700000e+01  7.545860077969e-02
 5.497742624553e+04  1.509023300000e+01  6.075192446337e-02
 5.497743341186e+04  1.515391300000e+01  6.123435662589e-02
 5.497744066431e+04  1.517249100000e+01  6.131720549939e-02
 5.497744781710e+04  1.518851600000e+01  6.143041529555e-02
 5.514412516396e+04  1.541923400000e+01  6.326887483048e-02
 5.514413298300e+04  1.543945900000e+01  6.350615132525e-02
 5.514414088513e+04  1.547360400000e+01  6.384851329733e-02
 5.514414873243e+04  1.547292900000e+01  6.386789580037e-02
 5.511817756559e+04  1.465582200000e+01  5.767880931641e-02
 5.511818479940e+04  1.472838600000e+01  5.809550324662e-02
 5.511819219370e+04  1.478171700000e+01  5.841175568906e-02
 5.511819941225e+04  1.484304500000e+01  5.879971334526e-02
 5.512812714767e+04  1.491013500000e+01  5.916263606846e-02
 5.512813626100e+04  1.497582600000e+01  5.961159475219e-02
 5.512814537684e+04  1.503217300000e+01  5.998076987818e-02
 5.512815449931e+04  1.507388600000e+01  5.998754454385e-02
 5.508623484918e+04  1.573907500000e+01  7.600894808537e-02
 5.508624431912e+04  1.552508800000e+01  7.506918068871e-02
 5.510215204392e+04  1.565179800000e+01  6.573670477784e-02
 5.510215800546e+04  1.564504200000e+01  6.567349663938e-02
 5.510216399257e+04  1.565263600000e+01  6.572995274383e-02
 5.510217007241e+04  1.565916200000e+01  6.575186820132e-02
 5.553108843966e+04  1.559223300000e+01  7.285734838837e-02
 5.553109926367e+04  1.566884100000e+01  7.243671930656e-02
 5.553110466069e+04  1.563448200000e+01  7.154750988401e-02
 5.554509281336e+04  1.485721800000e+01  6.275585431752e-02
 5.554510379245e+04  1.493416500000e+01  6.354945969392e-02
 5.554510920738e+04  1.495045400000e+01  6.376346234831e-02
 5.538131824468e+04  1.558926100000e+01  6.553449442524e-02
 5.538132635495e+04  1.559412700000e+01  6.541304247601e-02
 5.538133443947e+04  1.557439900000e+01  6.511149992064e-02
 5.538134256094e+04  1.556627500000e+01  6.495683422318e-02
 5.535339633631e+04  1.547058700000e+01  6.435892303056e-02
 5.535340393147e+04  1.550589400000e+01  6.465417796264e-02
 5.535341148211e+04  1.547153400000e+01  6.432123356788e-02
 5.535341896027e+04  1.550605500000e+01  6.456175873919e-02
 5.536241790764e+04  1.557336700000e+01  6.481997330317e-02
 5.536242362390e+04  1.556375500000e+01  6.470296064848e-02
 5.536242946476e+04  1.555636600000e+01  6.454361183459e-02
 5.536243528981e+04  1.556680600000e+01  6.466488647132e-02
 5.536736769381e+04  1.558090700000e+01  6.530840851995e-02
 5.536737462969e+04  1.557275700000e+01  6.519290026996e-02
 5.536738156789e+04  1.559536100000e+01  6.541690843232e-02
 5.536738845009e+04  1.557001600000e+01  6.510858338324e-02
 5.533244600255e+04  1.515022300000e+01  6.135819058366e-02
 5.533244951825e+04  1.515913800000e+01  6.148218251242e-02
 5.533245301542e+04  1.515903200000e+01  6.141786453493e-02
 5.533245653017e+04  1.522046200000e+01  6.188313022009e-02
 5.550112203881e+04  1.540648800000e+01  6.311112809982e-02
 5.550113762314e+04  1.543124100000e+01  6.341210487367e-02
 5.550114540339e+04  1.544526700000e+01  6.349827006565e-02
 5.547611376616e+04  1.526038500000e+01  6.234021890139e-02
 5.547612745941e+04  1.505907400000e+01  6.087643878753e-02
 5.547613432502e+04  1.499622800000e+01  6.043896344274e-02
 5.548108786801e+04  1.495521100000e+01  5.970725916383e-02
 5.548109936062e+04  1.489159500000e+01  5.927552294906e-02
 5.548110509323e+04  1.489154700000e+01  5.924404765170e-02
 5.545525490655e+04  1.559082900000e+01  6.462053794352e-02
 5.545526988507e+04  1.552131400000e+01  6.393223131115e-02
 5.545527730536e+04  1.542820100000e+01  6.303413119555e-02
 5.569444918524e+04  1.532437000000e+01  6.566328780989e-02
 5.569445438885e+04  1.533871900000e+01  6.576021075613e-02
 5.569445963613e+04  1.534548500000e+01  6.576999372192e-02
 5.569446488119e+04  1.535533600000e+01  6.580322734667e-02
 5.368713941898e+04  1.571634200000e+01  6.656080666958e-02
 5.368714680522e+04  1.576112700000e+01  6.691644434596e-02
 5.368715419818e+04  1.571229600000e+01  6.635355352014e-02
 5.368716159196e+04  1.570416700000e+01  6.631321462557e-02
 5.462640239655e+04  1.515794600000e+01  6.149489185671e-02
 5.462640965189e+04  1.517339800000e+01  6.159603330679e-02
 5.462641692610e+04  1.519208100000e+01  6.165699437047e-02
 5.462642418468e+04  1.521383300000e+01  6.182631273910e-02
 5.508627991623e+04  1.564189500000e+01  7.470873093010e-02
 5.508628889390e+04  1.564661600000e+01  7.205037724064e-02
 5.508629083277e+04  1.566534400000e+01  7.162100959932e-02
 5.508629281299e+04  1.562311700000e+01  7.095851788303e-02
 5.582417088001e+04  1.538548100000e+01  6.253263173904e-02
 5.582417763388e+04  1.513502000000e+01  6.051902609223e-02
 5.582418443248e+04  1.488782900000e+01  5.882153491479e-02
 5.582419129670e+04  1.464079500000e+01  5.735301598953e-02
 5.583313059519e+04  1.460982000000e+01  5.747261703930e-02
 5.583313575441e+04  1.465515300000e+01  5.770351256774e-02
 5.583314087584e+04  1.466201600000e+01  5.773549099884e-02
 5.583314942765e+04  1.473703500000e+01  5.821173245878e-02
 5.585112370293e+04  1.528535400000e+01  6.170653742199e-02
 5.585113173101e+04  1.532120200000e+01  6.192452409137e-02
 5.585113977286e+04  1.534892800000e+01  6.215285252307e-02
 5.585114789829e+04  1.535345000000e+01  6.220337826602e-02
 5.588411166749e+04  1.568364800000e+01  6.905413467766e-02
 5.588411674693e+04  1.564979200000e+01  6.743350123162e-02
 5.588412187462e+04  1.568614600000e+01  6.853976360032e-02
 5.588412696853e+04  1.570320300000e+01  7.307997696513e-02
 5.606345224280e+04  1.554889300000e+01  6.185878578506e-02
 5.606345695738e+04  1.554192000000e+01  6.171988188957e-02
 5.606346178312e+04  1.554788500000e+01  6.172068482383e-02
 5.606346655708e+04  1.554808400000e+01  6.168749095053e-02
 5.606943001510e+04  1.557864200000e+01  6.509447327631e-02
 5.606943509522e+04  1.556469900000e+01  6.486939879788e-02
 5.606944025117e+04  1.556378200000e+01  6.479490637157e-02
 5.606944541300e+04  1.557139200000e+01  6.481135895384e-02
 5.607643211288e+04  1.555983000000e+01  6.805641867508e-02
 5.607643546769e+04  1.558307400000e+01  6.832017357015e-02
 5.607643880995e+04  1.557512200000e+01  6.822021831900e-02
 5.607644214659e+04  1.559022700000e+01  6.837955800499e-02
 5.609238432924e+04  1.561866900000e+01  6.527218443443e-02
 5.609239287970e+04  1.561830300000e+01  6.517114888127e-02
 5.609240152176e+04  1.557183300000e+01  6.462667373220e-02
 5.609241010139e+04  1.544168100000e+01  6.338329759944e-02
 5.609933540053e+04  1.558452500000e+01  6.615456183204e-02
 5.609934388198e+04  1.552590700000e+01  6.539834344523e-02
 5.609935238042e+04  1.541747200000e+01  6.416586270543e-02
 5.609936099850e+04  1.529123200000e+01  6.284813218144e-02
 5.616417560892e+04  1.553486200000e+01  6.533423030754e-02
 5.616418078406e+04  1.559994700000e+01  6.596388987249e-02
 5.616418594346e+04  1.556956400000e+01  6.564951130422e-02
 5.616419115532e+04  1.559130900000e+01  6.566736869371e-02
 5.618319126471e+04  1.481471700000e+01  5.709275555367e-02
 5.618319827534e+04  1.485420600000e+01  5.727905555814e-02
 5.618320535394e+04  1.486075700000e+01  5.729941225952e-02
 5.618321249402e+04  1.490559400000e+01  5.755910828261e-02
 5.619126467094e+04  1.531219700000e+01  6.291793836783e-02
 5.619126973300e+04  1.534647600000e+01  6.320761293563e-02
 5.619127486869e+04  1.538732800000e+01  6.361949214333e-02
 5.619127995633e+04  1.535571800000e+01  6.339817750736e-02
 5.620516500102e+04  1.535189400000e+01  6.337385768141e-02
 5.620517220023e+04  1.535717500000e+01  6.305637854529e-02
 5.620517947272e+04  1.541510900000e+01  6.365533210143e-02
 5.620518767336e+04  1.542600200000e+01  6.425883926646e-02
 5.621615304982e+04  1.555270800000e+01  6.489180599358e-02
 5.621615866030e+04  1.554213500000e+01  6.477590712900e-02
 5.621616427921e+04  1.558386000000e+01  6.521347306846e-02
 5.621616988244e+04  1.559592400000e+01  6.535981524871e-02
