# time mag mag_err
 5.346939006801e+04  1.581455200000e+01  6.637159023080e-02
 5.346939825140e+04  1.586178700000e+01  6.696510327071e-02
 5.346940641824e+04  1.599328200000e+01  6.856913455080e-02
 5.346941459770e+04  1.598793500000e+01  6.849853445177e-02
 5.355721750475e+04  1.602886900000e+01  6.963303859867e-02
 5.355722397948e+04  1.595860900000e+01  6.871274513983e-02
 5.355723048848e+04  1.603304500000e+01  6.974241184943e-02
 5.353729077780e+04  1.577720200000e+01  6.686143872774e-02
 5.353729882358e+04  1.576637400000e+01  6.685095197627e-02
 5.353730690245e+04  1.589243600000e+01  6.853127303038e-02
 5.353731498514e+04  1.587741000000e+01  6.838605885301e-02
 5.355017602902e+04  1.598954800000e+01  6.895421596438e-02
 5.355018570438e+04  1.598119200000e+01  6.882356965206e-02
 5.355019530787e+04  1.592923400000e+01  6.819726045822e-02
 5.355020495985e+04  1.609381800000e+01  7.033436014828e-02
 5.350632124606e+04  1.540829300000e+01  6.420020800143e-02
 5.350632900144e+04  1.530176300000e+01  6.319535183122e-02
 5.350633682855e+04  1.504774800000e+01  6.112225576137e-02
 5.350634464191e+04  1.491090800000e+01  6.013457438785e-02
 5.385123103615e+04  1.604742900000e+01  7.061385816085e-02
 5.385123794678e+04  1.598647500000e+01  6.973690304395e-02
 5.385124485176e+04  1.590197700000e+01  6.858641244691e-02
 5.385125175813e+04  1.609792600000e+01  7.120350839307e-02
 5.379351657814e+04  1.593922900000e+01  6.797679495870e-02
 5.379352145188e+04  1.581623600000e+01  6.655178091250e-02
 5.379352631704e+04  1.582201700000e+01  6.661189399608e-02
 5.379353117804e+04  1.592086500000e+01  6.776951947299e-02
 5.390035380047e+04  1.572346300000e+01  1.239048012448e-01
 5.390035479983e+04  1.570316900000e+01  1.228835903123e-01
 5.390035577314e+04  1.552724800000e+01  1.154849474843e-01
 5.390035675294e+04  1.561224100000e+01  1.179800052565e-01
 5.381941033347e+04  1.631144300000e+01  7.446849394134e-02
 5.381941916839e+04  1.647288100000e+01  8.012666568730e-02
 5.381942810252e+04  1.610385600000e+01  7.306123262207e-02
 5.381943688167e+04  1.605569900000e+01  7.426299935237e-02
 5.385931840012e+04  1.539529100000e+01  6.311136298458e-02
 5.385932481501e+04  1.540276600000e+01  6.318159411148e-02
 5.385933124740e+04  1.538967000000e+01  6.310164705761e-02
 5.385933766624e+04  1.540356500000e+01  6.321157874002e-02
 5.387834912318e+04  1.599901700000e+01  6.958046247539e-02
 5.387835617689e+04  1.612053100000e+01  7.088699032934e-02
 5.387836322341e+04  1.591591000000e+01  6.859370959781e-02
 5.387837029345e+04  1.591947800000e+01  6.864308648941e-02
 5.388629684456e+04  1.594356900000e+01  6.912984841344e-02
 5.388630493756e+04  1.587193600000e+01  6.822121364760e-02
 5.388631298461e+04  1.609578200000e+01  7.125154451915e-02
 5.388632106197e+04  1.605346800000e+01  7.066670191082e-02
 5.420439524696e+04  1.565029700000e+01  6.433979169746e-02
 5.420440291655e+04  1.570152100000e+01  6.484071889052e-02
 5.420441055650e+04  1.589420200000e+01  6.693997617713e-02
 5.420441819126e+04  1.575424100000e+01  6.537969231791e-02
 5.429017672513e+04  1.576843200000e+01  7.020488285753e-02
 5.429018155824e+04  1.614049100000e+01  7.288414458044e-02
 5.429018639377e+04  1.602823200000e+01  7.102299259500e-02
 5.425725950994e+04  1.499649700000e+01  5.964930264571e-02
 5.425726916344e+04  1.502689200000e+01  6.014846758079e-02
 5.425727878417e+04  1.504613500000e+01  6.054503629117e-02
 5.425728844947e+04  1.521571100000e+01  6.109895749408e-02
 5.426723276238e+04  1.527728900000e+01  6.189206256677e-02
 5.426724083212e+04  1.540729300000e+01  6.366610520997e-02
 5.426724891574e+04  1.532255900000e+01  6.295636289173e-02
 5.426725700515e+04  1.528227200000e+01  6.234989935600e-02
 5.417140658956e+04  1.596180000000e+01  6.741401462084e-02
 5.417141250433e+04  1.585868800000e+01  6.626489260867e-02
 5.417141841503e+04  1.614097400000e+01  6.971335507635e-02
 5.417142434230e+04  1.587523800000e+01  6.640787863056e-02
 5.418532502681e+04  1.624984100000e+01  7.196255428865e-02
 5.418533436720e+04  1.606213200000e+01  6.932922420061e-02
 5.418534364336e+04  1.587991800000e+01  6.707152722328e-02
 5.418535296720e+04  1.543363400000e+01  6.250942675431e-02
 5.422828485522e+04  1.585623600000e+01  6.991262417317e-02
 5.422829348065e+04  1.676085800000e+01  1.109433327866e-01
 5.422830208085e+04  1.597994200000e+01  6.866746765710e-02
 5.422831072155e+04  1.616008200000e+01  7.063572780409e-02
 5.424233472076e+04  1.610295000000e+01  7.077050862731e-02
 5.424234228722e+04  1.586641400000e+01  6.780502014187e-02
 5.424234982395e+04  1.580922000000e+01  6.712820868519e-02
 5.424235738948e+04  1.568882400000e+01  6.582177582902e-02
 5.434711829508e+04  1.550645500000e+01  6.078532504137e-02
 5.434712620740e+04  1.561773500000e+01  6.177821514004e-02
 5.434713413939e+04  1.554673000000e+01  6.128546594559e-02
 5.434714207647e+04  1.572002600000e+01  6.270394696771e-02
 5.455927740509e+04  1.569354200000e+01  6.516670191689e-02
 5.455928566395e+04  1.568811100000e+01  6.504217591717e-02
 5.455929384294e+04  1.567690600000e+01  6.491101993729e-02
 5.455930205667e+04  1.569083700000e+01  6.496215465013e-02
 5.456444770460e+04  1.575791900000e+01  6.535134349118e-02
 5.456445383684e+04  1.588444700000e+01  6.677656559119e-02
 5.456446001631e+04  1.580446100000e+01  6.587764881490e-02
 5.456446619556e+04  1.586366900000e+01  6.655170140647e-02
 5.457022504446e+04  1.579522700000e+01  6.622672909196e-02
 5.457023296233e+04  1.573339500000e+01  6.549978702085e-02
 5.457024029613e+04  1.617998400000e+01  7.141481179484e-02
 5.457025111126e+04  1.585010200000e+01  6.668103654079e-02
 5.458231788247e+04  1.592011800000e+01  6.749434722387e-02
 5.458232544036e+04  1.591852500000e+01  6.754089493965e-02
 5.458233297199e+04  1.591148500000e+01  6.747190151944e-02
 5.458234050535e+04  1.597389600000e+01  6.818050761008e-02
 5.450441770111e+04  1.604631100000e+01  6.657752845780e-02
 5.450442558299e+04  1.591587300000e+01  6.508872079383e-02
 5.450443344541e+04  1.593708400000e+01  6.526203244471e-02
 5.450444135610e+04  1.608733900000e+01  6.686385386439e-02
 5.451444829738e+04  1.581826100000e+01  6.632960167276e-02
 5.451445429225e+04  1.588847300000e+01  6.687519340023e-02
 5.451446027877e+04  1.566142500000e+01  6.435044533294e-02
 5.451446623359e+04  1.559762600000e+01  6.369231825701e-02
 5.446651498515e+04  1.539185900000e+01  6.171291379707e-02
 5.446652147216e+04  1.544529600000e+01  6.211379063024e-02
 5.446652799471e+04  1.542817400000e+01  6.189149681043e-02
 5.446653450985e+04  1.548111100000e+01  6.238333770156e-02
 5.462531971325e+04  1.585915800000e+01  6.691048876839e-02
 5.462532697171e+04  1.591241100000e+01  6.755549978944e-02
 5.462533423480e+04  1.582930800000e+01  6.662026953167e-02
 5.462534151179e+04  1.580460200000e+01  6.642597405811e-02
 5.464130618360e+04  1.605526800000e+01  7.063625916268e-02
 5.464131268103e+04  1.613384000000e+01  7.201792655026e-02
 5.464131921619e+04  1.614720400000e+01  7.220550003675e-02
 5.464132575135e+04  1.594107100000e+01  6.965814507363e-02
 5.452840675785e+04  1.507258500000e+01  5.936670714801e-02
 5.452841333965e+04  1.505172800000e+01  5.917465516753e-02
 5.452841992076e+04  1.522205000000e+01  6.032494552857e-02
 5.452842651207e+04  1.518439000000e+01  6.005754239868e-02
 5.453941836120e+04  1.565860600000e+01  6.416049245173e-02
 5.453942662968e+04  1.555445200000e+01  6.319149283032e-02
 5.453943486781e+04  1.562467700000e+01  6.388338179831e-02
 5.453944311800e+04  1.562971000000e+01  6.385910225789e-02
 5.458837357201e+04  1.526298000000e+01  6.074569329520e-02
 5.458837851197e+04  1.522706100000e+01  6.048073191667e-02
 5.458838346742e+04  1.527382200000e+01  6.080739599365e-02
 5.458838841407e+04  1.529876200000e+01  6.105976767332e-02
 5.459331929051e+04  1.520094700000e+01  6.063129781404e-02
 5.459332520944e+04  1.519291600000e+01  6.059716588253e-02
 5.459333112328e+04  1.520960500000e+01  6.070620415346e-02
 5.459333701073e+04  1.522921300000e+01  6.083872762890e-02
 5.459919252890e+04  1.582700900000e+01  6.723937189089e-02
 5.459919910007e+04  1.579285300000e+01  6.660626227244e-02
 5.459920560513e+04  1.565433800000e+01  6.500743453857e-02
 5.459921211726e+04  1.560252800000e+01  6.453233316680e-02
 5.471513594091e+04  1.607241600000e+01  6.952470648034e-02
 5.471514245895e+04  1.577917700000e+01  6.610993125568e-02
 5.471514897929e+04  1.584583200000e+01  6.703579741995e-02
 5.471515549640e+04  1.596102200000e+01  6.855822461333e-02
 5.494439211689e+04  1.572135900000e+01  6.511513219488e-02
 5.494439930568e+04  1.573193700000e+01  6.524428503146e-02
 5.494440650572e+04  1.573618000000e+01  6.528980578447e-02
 5.494441360676e+04  1.571987200000e+01  6.516519813117e-02
 5.488442620141e+04  1.587574700000e+01  6.645426652979e-02
 5.488443222162e+04  1.620357700000e+01  1.371586156503e-01
 5.488443833280e+04  1.585859800000e+01  1.457610461645e-01
 5.488444448392e+04  1.590415300000e+01  1.013711763819e-01
 5.488842713692e+04  1.581976600000e+01  6.539583946680e-02
 5.488843572566e+04  1.588346100000e+01  6.604741579744e-02
 5.488844427412e+04  1.598825700000e+01  6.721836988781e-02
 5.488845259362e+04  1.593725900000e+01  6.662454124004e-02
 5.486153741118e+04  1.544924100000e+01  6.190683110640e-02
 5.486154055625e+04  1.548931500000e+01  6.222183623752e-02
 5.486154362168e+04  1.552493500000e+01  6.251162425312e-02
 5.486154668479e+04  1.547143600000e+01  6.202342304777e-02
 5.499824403762e+04  1.482398100000e+01  5.813886267559e-02
 5.499825180040e+04  1.481389700000e+01  5.810974421960e-02
 5.499825900343e+04  1.493105200000e+01  5.879727203035e-02
 5.499826620715e+04  1.494957100000e+01  5.891146813420e-02
 5.491231385679e+04  1.588361600000e+01  6.701085454123e-02
 5.491231874847e+04  1.589389400000e+01  7.183581212955e-02
 5.491232344977e+04  1.595091900000e+01  6.787203757508e-02
 5.491232825510e+04  1.589356300000e+01  6.694519712409e-02
 5.491935263594e+04  1.611715800000e+01  6.926717579061e-02
 5.491935803712e+04  1.600905100000e+01  6.787137100615e-02
 5.491936352951e+04  1.599128000000e+01  6.810423012624e-02
 5.491936892506e+04  1.599094300000e+01  6.765167302036e-02
 5.496437921770e+04  1.606137800000e+01  7.236734387001e-02
 5.496438607581e+04  1.605054400000e+01  7.233874286080e-02
 5.496439296076e+04  1.609669900000e+01  7.298984455520e-02
 5.496439994644e+04  1.592945700000e+01  7.059507971674e-02
 5.498033003059e+04  1.570913000000e+01  6.549793324032e-02
 5.498033743179e+04  1.559826200000e+01  6.438987517650e-02
 5.498034488855e+04  1.535127700000e+01  6.219052353252e-02
 5.498035232179e+04  1.526625600000e+01  6.147984687253e-02
 5.509709723590e+04  1.587627600000e+01  6.742137244752e-02
 5.529243316319e+04  1.602264200000e+01  6.864319101188e-02
 5.529243881859e+04  1.598707700000e+01  6.819597066482e-02
 5.529244459874e+04  1.615597400000e+01  7.043925711020e-02
 5.529245043088e+04  1.588460800000e+01  6.704219566046e-02
 5.530334175393e+04  1.623203000000e+01  7.216938116861e-02
 5.530335549786e+04  1.594318000000e+01  6.845341556529e-02
 5.530336237632e+04  1.590549500000e+01  6.806256199580e-02
 5.538117399303e+04  1.603242700000e+01  6.893853206223e-02
 5.538118191534e+04  1.584301700000e+01  6.673314439149e-02
 5.538118985288e+04  1.599682800000e+01  6.862286013969e-02
 5.538119783905e+04  1.585999200000e+01  6.694949407725e-02
 5.535726810256e+04  1.579807400000e+01  6.621331785095e-02
 5.535727440597e+04  1.576469800000e+01  6.575122656273e-02
 5.535728076219e+04  1.584345000000e+01  6.667559516505e-02
 5.535728704137e+04  1.595195900000e+01  6.791269931761e-02
 5.536525635558e+04  1.601759900000e+01  6.841446351988e-02
 5.536526149655e+04  1.592666900000e+01  6.738376213549e-02
 5.536526669009e+04  1.584830500000e+01  6.647650722962e-02
 5.536527183774e+04  1.598573000000e+01  6.812622966672e-02
 5.527436057004e+04  1.516774700000e+01  6.034586305183e-02
 5.527436815053e+04  1.530460100000e+01  6.127296671613e-02
 5.527437558649e+04  1.534540500000e+01  6.159282581237e-02
 5.527438311800e+04  1.530792600000e+01  6.127685055761e-02
 5.532528530374e+04  1.543595800000e+01  6.243529714707e-02
 5.532529267878e+04  1.554841500000e+01  6.336021516624e-02
 5.532530013228e+04  1.538292200000e+01  6.198210101229e-02
 5.532530767897e+04  1.519502900000e+01  6.051320465425e-02
 5.533227420488e+04  1.529975100000e+01  6.132565338413e-02
 5.533228109215e+04  1.527225200000e+01  6.107747242660e-02
 5.533228800084e+04  1.519111600000e+01  6.043157800860e-02
 5.533229493061e+04  1.510418800000e+01  5.980222091788e-02
 5.534021072500e+04  1.504551000000e+01  5.935140665751e-02
 5.534021701212e+04  1.485042400000e+01  5.811213091048e-02
 5.534022321464e+04  1.494553300000e+01  5.868307441112e-02
 5.534022893494e+04  1.516841500000e+01  6.035012378511e-02
 5.565737793846e+04  1.533467800000e+01  6.207864086700e-02
 5.565738422164e+04  1.516156600000e+01  6.070417587913e-02
 5.565739054477e+04  1.517916100000e+01  6.079172960597e-02
 5.565739683874e+04  1.518690000000e+01  6.084360547973e-02
 5.567430276795e+04  1.501187200000e+01  6.082262348681e-02
 5.567430966598e+04  1.509295700000e+01  6.054045106087e-02
 5.567431650455e+04  1.532814900000e+01  6.309349211688e-02
 5.567432334206e+04  1.519734300000e+01  6.104330827809e-02
 5.563146391749e+04  1.589431400000e+01  6.423004865522e-02
 5.563147016609e+04  1.590180900000e+01  6.428120221556e-02
 5.563147640483e+04  1.583388100000e+01  6.363779665677e-02
 5.563148268201e+04  1.583682800000e+01  6.369387291694e-02
 5.564938223580e+04  1.591310200000e+01  6.804171274628e-02
 5.564939030937e+04  1.578362200000e+01  6.655433571454e-02
 5.564939842706e+04  1.584102800000e+01  6.720850194564e-02
 5.564940654506e+04  1.586559600000e+01  6.747596928371e-02
 5.568337234223e+04  1.571492700000e+01  6.266831487459e-02
 5.568338282679e+04  1.573381800000e+01  6.285365513293e-02
 5.568339336611e+04  1.577809700000e+01  6.325528015711e-02
 5.568340391895e+04  1.576738600000e+01  6.318012049875e-02
 5.570634785950e+04  1.589946200000e+01  6.829702581513e-02
 5.570635712074e+04  1.592726000000e+01  6.869413930349e-02
 5.570636638940e+04  1.595295800000e+01  6.902923395274e-02
 5.509710246775e+04  1.622985900000e+01  7.256734350468e-02
 5.509710729973e+04  1.621710900000e+01  7.260285920612e-02
 5.509711220924e+04  1.595128600000e+01  6.901274807388e-02
 5.509711709978e+04  1.593960700000e+01  6.898840917759e-02
 5.568337234223e+04  1.572568100000e+01  6.280565738945e-02
 5.568338282679e+04  1.580052900000e+01  6.351419429908e-02
 5.568339336611e+04  1.579811200000e+01  6.349315546543e-02
 5.568340391895e+04  1.576626200000e+01  6.321148352910e-02
 5.594451309617e+04  1.565594700000e+01  6.448329537496e-02
 5.594451810672e+04  1.559909300000e+01  6.385958178812e-02
 5.594452317663e+04  1.568317100000e+01  6.469450022809e-02
 5.594452825119e+04  1.577597500000e+01  6.563240203167e-02
 5.598152128693e+04  1.466886000000e+01  5.714605785140e-02
 5.598152696337e+04  1.463216700000e+01  5.696539517825e-02
 5.598153268549e+04  1.471334300000e+01  5.739405338722e-02
 5.598153840117e+04  1.476292200000e+01  5.765047909100e-02
 5.598842100425e+04  1.528926500000e+01  6.132027876922e-02
 5.598842736361e+04  1.537777200000e+01  6.203592413972e-02
 5.598843379264e+04  1.538323100000e+01  6.204794997533e-02
 5.598844017341e+04  1.522335100000e+01  6.077169520099e-02
 5.600047604451e+04  1.548392800000e+01  6.288527672266e-02
 5.600048112576e+04  1.547530700000e+01  6.279599994029e-02
 5.600048622324e+04  1.553891000000e+01  6.337960818917e-02
 5.600049137738e+04  1.551604600000e+01  6.317441897764e-02
 5.600937666703e+04  1.533341000000e+01  6.164427749282e-02
 5.600938447679e+04  1.552227400000e+01  6.326868159782e-02
 5.600939245972e+04  1.548469200000e+01  6.294434790051e-02
 5.600940034427e+04  1.547417400000e+01  6.282676609608e-02
 5.601837685045e+04  1.576907700000e+01  6.580667434991e-02
 5.601838366282e+04  1.589029800000e+01  6.718802129562e-02
 5.601839040080e+04  1.613890400000e+01  7.029098875461e-02
 5.601839721031e+04  1.622857500000e+01  7.161361870230e-02
 5.603634433527e+04  1.589927100000e+01  6.776304020626e-02
 5.603634938240e+04  1.606088300000e+01  6.980770101393e-02
 5.603635446508e+04  1.586896000000e+01  6.740433511872e-02
 5.603635957135e+04  1.606902000000e+01  6.989956028034e-02
 5.604223723441e+04  1.588114600000e+01  7.167216728631e-02
 5.604224288076e+04  1.597671500000e+01  7.194294458423e-02
 5.604224856902e+04  1.589187000000e+01  6.942962899150e-02
 5.604225427880e+04  1.606698100000e+01  7.045614678981e-02
 5.604842031565e+04  1.517623300000e+01  6.103273798471e-02
 5.604842888252e+04  1.508832800000e+01  6.038045151689e-02
 5.604843746141e+04  1.517347700000e+01  6.105547134689e-02
 5.604844596537e+04  1.507570100000e+01  6.034965342209e-02
 5.606132996133e+04  1.488323100000e+01  5.848949688046e-02
 5.606133788285e+04  1.501704400000e+01  5.927450132125e-02
 5.606134591117e+04  1.501082900000e+01  5.933757277328e-02
 5.606135390022e+04  1.501004400000e+01  5.936586334373e-02
 5.607123219590e+04  1.500029200000e+01  5.705818981333e-02
 5.607123966028e+04  1.515457700000e+01  5.792539305098e-02
 5.607124716854e+04  1.502583000000e+01  5.717566308075e-02
 5.607125471963e+04  1.513342700000e+01  5.782515845413e-02
 5.609026432788e+04  1.629706500000e+01  7.239731238322e-02
 5.609027213287e+04  1.610707600000e+01  6.987933179169e-02
 5.609028003650e+04  1.613561400000e+01  7.031399149765e-02
 5.609028795853e+04  1.616245000000e+01  7.072213872041e-02
