# time mag mag_err
 5.346633486690e+04  1.564015100000e+01  6.437996581747e-02
 5.346634386213e+04  1.553313400000e+01  6.332064518658e-02
 5.346635283492e+04  1.549263400000e+01  6.294535168207e-02
 5.346636179902e+04  1.550916100000e+01  6.309189981301e-02
 5.348130671487e+04  1.547673700000e+01  6.335751990907e-02
 5.348131501968e+04  1.554716400000e+01  6.401355465054e-02
 5.348132325852e+04  1.549591500000e+01  6.350730722878e-02
 5.348133148531e+04  1.552539200000e+01  6.377033396252e-02
 5.355421228296e+04  1.575939900000e+01  6.721557388802e-02
 5.355421869172e+04  1.577458000000e+01  6.740567877887e-02
 5.355422518036e+04  1.578762300000e+01  6.758332654120e-02
 5.355423168091e+04  1.578373800000e+01  6.759351177405e-02
 5.352925213697e+04  1.544756900000e+01  5.768449925617e-02
 5.352926283299e+04  1.544792000000e+01  5.770647834639e-02
 5.352927355296e+04  1.547716500000e+01  5.777938660677e-02
 5.352928436172e+04  1.547637800000e+01  5.789406384911e-02
 5.349931132990e+04  1.569540600000e+01  6.545610592185e-02
 5.349931776782e+04  1.566552200000e+01  6.516885989426e-02
 5.349932421005e+04  1.573977200000e+01  6.594832995073e-02
 5.349933065551e+04  1.569051500000e+01  6.544369558306e-02
 5.350923693249e+04  1.571997400000e+01  6.593485303081e-02
 5.350924614881e+04  1.575335100000e+01  6.631978031967e-02
 5.350925540703e+04  1.575291100000e+01  6.627049269194e-02
 5.350926462391e+04  1.572976500000e+01  6.608319926440e-02
 5.352034033676e+04  1.578471500000e+01  6.766065315974e-02
 5.352034680792e+04  1.578860600000e+01  6.798191046967e-02
 5.352035320395e+04  1.573669600000e+01  6.795906133084e-02
 5.352035965091e+04  1.580370500000e+01  6.861658239962e-02
 5.382741663442e+04  1.570452200000e+01  6.659091825994e-02
 5.382742438932e+04  1.572666500000e+01  6.656504342618e-02
 5.382743223427e+04  1.574753500000e+01  6.680006600104e-02
 5.382744014009e+04  1.577852900000e+01  6.717289258453e-02
 5.383426054670e+04  1.570734900000e+01  7.325958327649e-02
 5.383426866470e+04  1.576148100000e+01  7.403345302579e-02
 5.383427682378e+04  1.574334500000e+01  7.362167581227e-02
 5.383428498090e+04  1.579108400000e+01  7.438048646317e-02
 5.384538700271e+04  1.577982000000e+01  6.763226780167e-02
 5.384539510416e+04  1.579528600000e+01  6.787394184250e-02
 5.384540321602e+04  1.576054100000e+01  6.758461082181e-02
 5.384541129652e+04  1.577927700000e+01  6.786956309745e-02
 5.385228878700e+04  1.565493700000e+01  6.602929528414e-02
 5.385229602347e+04  1.563352600000e+01  6.577621237872e-02
 5.385230331192e+04  1.553961200000e+01  6.474757440131e-02
 5.385231060510e+04  1.553765100000e+01  6.472437329883e-02
 5.397613551606e+04  1.540600800000e+01  7.042201132486e-02
 5.397613842906e+04  1.537266800000e+01  7.000055382779e-02
 5.397614135906e+04  1.542039900000e+01  7.068683384709e-02
 5.397614428190e+04  1.538693000000e+01  7.024948067261e-02
 5.390528092951e+04  1.550382100000e+01  1.056527257361e-01
 5.390528196486e+04  1.544080700000e+01  1.034278764827e-01
 5.390528302892e+04  1.540410600000e+01  1.023539965758e-01
 5.390528409240e+04  1.541529200000e+01  1.025863002441e-01
 5.379847939225e+04  1.571513700000e+01  6.609696427669e-02
 5.379848586583e+04  1.571179200000e+01  6.666577688516e-02
 5.379849244660e+04  1.573844200000e+01  7.045497722429e-02
 5.379849913142e+04  1.573159300000e+01  7.102617962009e-02
 5.381745437208e+04  1.559945600000e+01  7.487778904917e-02
 5.381746026069e+04  1.564257400000e+01  7.561951215428e-02
 5.381746613946e+04  1.564933200000e+01  7.577346131620e-02
 5.381747201532e+04  1.557687900000e+01  7.454829626242e-02
 5.385830337441e+04  1.579105400000e+01  6.801509970740e-02
 5.385831147551e+04  1.578710100000e+01  6.797775992871e-02
 5.385831956479e+04  1.582547900000e+01  6.839205746617e-02
 5.385832763348e+04  1.572510700000e+01  6.720605892724e-02
 5.387336194216e+04  1.545967800000e+01  6.968487221671e-02
 5.387336701892e+04  1.542026900000e+01  6.915930117878e-02
 5.387337207889e+04  1.545665100000e+01  6.970583698333e-02
 5.387337715738e+04  1.550352400000e+01  7.032538666036e-02
 5.387928847927e+04  1.582000900000e+01  6.777478300514e-02
 5.387929646138e+04  1.578287400000e+01  6.733088736257e-02
 5.387930446582e+04  1.587500800000e+01  6.811060747553e-02
 5.387931244551e+04  1.584465900000e+01  6.812780300790e-02
 5.420132931258e+04  1.555449800000e+01  6.435915411255e-02
 5.420133863168e+04  1.549984200000e+01  6.379869026040e-02
 5.420134795309e+04  1.548392500000e+01  6.366889197038e-02
 5.420135724568e+04  1.545220800000e+01  6.329339431668e-02
 5.421441092547e+04  1.548615300000e+01  6.335879368636e-02
 5.421441737198e+04  1.548458100000e+01  6.330450315258e-02
 5.421442386432e+04  1.547259100000e+01  6.321387360230e-02
 5.421443032539e+04  1.548872200000e+01  6.338984619712e-02
 5.411750141056e+04  1.579190500000e+01  6.597609744031e-02
 5.411750808057e+04  1.583585700000e+01  6.645056707117e-02
 5.411751470207e+04  1.581577000000e+01  6.615939504117e-02
 5.411752139743e+04  1.583358200000e+01  6.635433001967e-02
 5.426425140453e+04  1.543746300000e+01  6.328854994982e-02
 5.426425990437e+04  1.547929400000e+01  6.366749792523e-02
 5.426426825248e+04  1.544075700000e+01  6.329349086620e-02
 5.426427660635e+04  1.546826700000e+01  6.357054610395e-02
 5.417042330734e+04  1.575174900000e+01  6.566054430360e-02
 5.417042981912e+04  1.577880400000e+01  6.595199658422e-02
 5.417043639236e+04  1.574542700000e+01  6.557993524268e-02
 5.417044291421e+04  1.578053200000e+01  6.595192280283e-02
 5.417244869926e+04  1.538028100000e+01  6.202322975423e-02
 5.417245417406e+04  1.536729700000e+01  6.192756097355e-02
 5.417245966948e+04  1.532749600000e+01  6.160527498500e-02
 5.417246509961e+04  1.533929300000e+01  6.171502839770e-02
 5.418537337365e+04  1.537887200000e+01  6.242833771354e-02
 5.418538257203e+04  1.537753400000e+01  6.241760444855e-02
 5.418539178613e+04  1.532833100000e+01  6.198428855161e-02
 5.418540102051e+04  1.537106200000e+01  6.233419715956e-02
 5.423129799427e+04  1.579987600000e+01  6.680353495839e-02
 5.423130611910e+04  1.577191700000e+01  6.652604559795e-02
 5.423131420376e+04  1.578031200000e+01  6.660843414790e-02
 5.423132234734e+04  1.575588100000e+01  6.637454868618e-02
 5.424230078620e+04  1.569048800000e+01  6.633525290646e-02
 5.424230889598e+04  1.575916600000e+01  6.716308437210e-02
 5.424231703539e+04  1.569913100000e+01  6.654930727291e-02
 5.424232518337e+04  1.576212700000e+01  6.717940968315e-02
 5.434612396172e+04  1.542914400000e+01  6.342418247287e-02
 5.434612825985e+04  1.544587400000e+01  6.361146051118e-02
 5.434613256157e+04  1.544109500000e+01  6.360114245729e-02
 5.434613683759e+04  1.544393600000e+01  6.370705194221e-02
 5.455743913833e+04  1.566467000000e+01  6.529213659998e-02
 5.455744736478e+04  1.569122300000e+01  6.508749318411e-02
 5.455745550488e+04  1.571378900000e+01  6.561072495898e-02
 5.455746372057e+04  1.566149600000e+01  6.499946267125e-02
 5.456630718968e+04  1.583034400000e+01  6.720257003937e-02
 5.456631590794e+04  1.582469700000e+01  6.713684755846e-02
 5.456632466311e+04  1.579751800000e+01  6.676455547627e-02
 5.456633339353e+04  1.578591900000e+01  6.665427189092e-02
 5.457135168369e+04  1.538280500000e+01  6.214802387712e-02
 5.457135812568e+04  1.536470000000e+01  6.198424957444e-02
 5.457136459152e+04  1.539708500000e+01  6.222139446720e-02
 5.457137106545e+04  1.535449700000e+01  6.188701046541e-02
 5.458041770519e+04  1.580042100000e+01  6.660819297064e-02
 5.458042427299e+04  1.581050900000e+01  6.671214224494e-02
 5.458043087367e+04  1.585626100000e+01  6.729972899271e-02
 5.458043742226e+04  1.583665600000e+01  6.706947158862e-02
 5.483051596904e+04  1.537790600000e+01  6.413972477874e-02
 5.483052079394e+04  1.537241600000e+01  6.403675329733e-02
 5.483052569881e+04  1.535423700000e+01  6.382807946159e-02
 5.483053057359e+04  1.535623800000e+01  6.382024315932e-02
 5.450347050528e+04  1.579207900000e+01  6.601832725428e-02
 5.450347828137e+04  1.579360100000e+01  6.588534620940e-02
 5.450348609135e+04  1.582096200000e+01  6.612367455326e-02
 5.450349384568e+04  1.586711600000e+01  6.671352977390e-02
 5.450950895035e+04  1.576738500000e+01  6.556799201943e-02
 5.450951605382e+04  1.574882700000e+01  6.539793640326e-02
 5.450952316147e+04  1.575479500000e+01  6.544117607748e-02
 5.450953027618e+04  1.575528200000e+01  6.545044327196e-02
 5.451541487948e+04  1.543472600000e+01  6.290473306450e-02
 5.451542024433e+04  1.546398500000e+01  6.362548537733e-02
 5.451542561984e+04  1.548366700000e+01  6.382352455571e-02
 5.451543102392e+04  1.546300700000e+01  6.416127557598e-02
 5.462328197593e+04  1.565164200000e+01  6.185294180109e-02
 5.462329116573e+04  1.564235400000e+01  6.182709497617e-02
 5.462330020461e+04  1.565433100000e+01  6.195668894644e-02
 5.462330894208e+04  1.564320000000e+01  6.186827706062e-02
 5.452934886593e+04  1.583591900000e+01  6.668306818501e-02
 5.452935921111e+04  1.584454900000e+01  6.674256178199e-02
 5.452936952308e+04  1.585546300000e+01  6.681130654271e-02
 5.452937989455e+04  1.587783300000e+01  6.699939019218e-02
 5.458834654706e+04  1.571575900000e+01  6.518752171571e-02
 5.458835316846e+04  1.578263000000e+01  6.595214343343e-02
 5.458835979193e+04  1.574555200000e+01  6.555281449470e-02
 5.458836646958e+04  1.575883200000e+01  6.571115305179e-02
 5.459827992958e+04  1.581957700000e+01  6.732131366562e-02
 5.459829118374e+04  1.581209700000e+01  6.831533735973e-02
 5.459829623028e+04  1.582469600000e+01  6.901384610654e-02
 5.459925139942e+04  1.558908200000e+01  6.465689859839e-02
 5.459925848832e+04  1.559170600000e+01  6.478521427355e-02
 5.459926551078e+04  1.563269000000e+01  6.520702456535e-02
 5.459927254214e+04  1.560818100000e+01  6.493723290600e-02
 5.493945045723e+04  1.536293100000e+01  6.207383847920e-02
 5.493945530019e+04  1.536856700000e+01  6.213368087967e-02
 5.493946020624e+04  1.536900000000e+01  6.214790487757e-02
 5.493946504618e+04  1.539442400000e+01  6.236177743844e-02
 5.494538740961e+04  1.573664300000e+01  6.566490530321e-02
 5.494539288036e+04  1.576193800000e+01  6.599924818352e-02
 5.494539829222e+04  1.575888300000e+01  6.592476277043e-02
 5.494540365372e+04  1.575416300000e+01  6.583265462660e-02
 5.486743053143e+04  1.542521200000e+01  6.482040692375e-02
 5.486744277486e+04  1.538584400000e+01  6.470631126332e-02
 5.486745497247e+04  1.537947200000e+01  6.461542886444e-02
 5.486746723476e+04  1.541014900000e+01  6.452978407933e-02
 5.489044721862e+04  1.566242400000e+01  6.633827352156e-02
 5.489045324902e+04  1.563575400000e+01  6.664100772204e-02
 5.489045927895e+04  1.567945600000e+01  6.765592988653e-02
 5.489046533828e+04  1.568704300000e+01  6.842395390513e-02
 5.485952745291e+04  1.546301800000e+01  6.259081439420e-02
 5.485953228253e+04  1.547708700000e+01  6.257082615827e-02
 5.485953703324e+04  1.548153400000e+01  6.258965712532e-02
 5.485954191323e+04  1.545601100000e+01  6.270329074316e-02
 5.504118415547e+04  1.555695800000e+01  6.961413952690e-02
 5.504118990337e+04  1.553963200000e+01  6.944997012520e-02
 5.504119576442e+04  1.558219000000e+01  7.011273953437e-02
 5.504120167470e+04  1.563158500000e+01  7.084151945689e-02
 5.498322724234e+04  1.543689100000e+01  6.271204668512e-02
 5.498323388824e+04  1.547640600000e+01  6.308221639146e-02
 5.498324061929e+04  1.546092000000e+01  6.293613881770e-02
 5.498324723329e+04  1.546453700000e+01  6.297881646113e-02
 5.499725711613e+04  1.559240500000e+01  6.431853821620e-02
 5.499726259257e+04  1.555330000000e+01  6.395534212323e-02
 5.499726810801e+04  1.553171800000e+01  6.377374652895e-02
 5.499727354179e+04  1.549763200000e+01  6.347793655517e-02
 5.490841081512e+04  1.571797400000e+01  6.500111977582e-02
 5.490842368207e+04  1.574235500000e+01  6.531635888547e-02
 5.490843659833e+04  1.576206100000e+01  6.559343210647e-02
 5.490844964795e+04  1.574622400000e+01  6.531970207589e-02
 5.491842108264e+04  1.579991900000e+01  6.629139839303e-02
 5.491842592374e+04  1.581577400000e+01  6.608028475298e-02
 5.491843082499e+04  1.579079500000e+01  6.625952666405e-02
 5.491843572870e+04  1.576179400000e+01  6.594649735651e-02
 5.496424764198e+04  1.555511900000e+01  6.386698963184e-02
 5.496425369682e+04  1.557480100000e+01  6.409208971449e-02
 5.496425977605e+04  1.556056300000e+01  6.393503511710e-02
 5.496426581955e+04  1.556784300000e+01  6.400520442113e-02
 5.497421391902e+04  1.567669700000e+01  6.513403359680e-02
 5.497421934000e+04  1.568662500000e+01  6.524388850992e-02
 5.497422474964e+04  1.568657500000e+01  6.524468157653e-02
 5.497423025478e+04  1.572084000000e+01  6.558765398160e-02
 5.509510105942e+04  1.580301900000e+01  6.825692892679e-02
 5.509510595086e+04  1.583762600000e+01  6.908664150458e-02
 5.509511088594e+04  1.580872600000e+01  6.891842705679e-02
 5.509511578435e+04  1.575277700000e+01  6.847969583708e-02
 5.529340803314e+04  1.540235700000e+01  6.237900228372e-02
 5.529341439595e+04  1.537691000000e+01  6.213711538301e-02
 5.529342087801e+04  1.534812200000e+01  6.187094438934e-02
 5.529342736319e+04  1.539848800000e+01  6.233112762972e-02
 5.530142307869e+04  1.534508500000e+01  6.215035880848e-02
 5.530143204025e+04  1.539079800000e+01  6.257770905653e-02
 5.530144102463e+04  1.536368900000e+01  6.236762273957e-02
 5.530145001986e+04  1.539044200000e+01  6.264891537220e-02
 5.538218227205e+04  1.552711200000e+01  6.393266290698e-02
 5.538219077997e+04  1.552193100000e+01  6.395858884572e-02
 5.538219930749e+04  1.556831200000e+01  6.441794985476e-02
 5.538220794576e+04  1.553414000000e+01  6.410637477760e-02
 5.535126680021e+04  1.539460600000e+01  6.278041320408e-02
 5.535127473650e+04  1.536470700000e+01  6.395647806979e-02
 5.535128219503e+04  1.536959600000e+01  6.243462939110e-02
 5.535128961520e+04  1.537289000000e+01  6.246615457059e-02
 5.536523334537e+04  1.580945000000e+01  6.655824957874e-02
 5.536523841472e+04  1.579864200000e+01  6.642809228205e-02
 5.536524351987e+04  1.580350600000e+01  6.651380814555e-02
 5.536524867834e+04  1.581258800000e+01  6.661149158493e-02
 5.527139779742e+04  1.557003400000e+01  6.394102288506e-02
 5.527140472924e+04  1.555329600000e+01  6.378383853719e-02
 5.527141164978e+04  1.557031400000e+01  6.393422637793e-02
 5.527141848716e+04  1.560193200000e+01  6.427277161887e-02
 5.532528927384e+04  1.583417300000e+01  6.688253959294e-02
 5.532529668905e+04  1.582157500000e+01  6.679519448569e-02
 5.532530419859e+04  1.581908100000e+01  6.685186733512e-02
 5.532531172546e+04  1.581947600000e+01  6.677401346865e-02
 5.533230692370e+04  1.549643600000e+01  6.335467954272e-02
 5.533231501579e+04  1.551972400000e+01  6.355791643269e-02
 5.533232307117e+04  1.550934200000e+01  6.349064971714e-02
 5.533233110041e+04  1.555913700000e+01  6.400258783820e-02
 5.533919323627e+04  1.564796400000e+01  6.492228604941e-02
 5.533919888808e+04  1.565211300000e+01  6.504185517213e-02
 5.533920454113e+04  1.573843400000e+01  6.590542716959e-02
 5.533921027304e+04  1.562377800000e+01  6.470856581475e-02
 5.565740178274e+04  1.560173100000e+01  6.509149984195e-02
 5.565740751488e+04  1.561606700000e+01  6.521959707394e-02
 5.565741326759e+04  1.557126300000e+01  6.475899079628e-02
 5.565741898307e+04  1.562316200000e+01  6.528268569025e-02
 5.567443240038e+04  1.544513200000e+01  6.395582923346e-02
 5.567444046446e+04  1.537511800000e+01  6.329421787733e-02
 5.567444851036e+04  1.537065700000e+01  6.333180557207e-02
 5.567445654711e+04  1.539498400000e+01  6.358284762986e-02
 5.568035614559e+04  1.573224700000e+01  6.331490332543e-02
 5.568036341586e+04  1.573025000000e+01  6.330294902315e-02
 5.568037070931e+04  1.576087200000e+01  6.358213511926e-02
 5.568037800541e+04  1.575100400000e+01  6.349776840198e-02
 5.560347863862e+04  1.578656600000e+01  6.676825497306e-02
 5.560348555758e+04  1.575035700000e+01  6.631221114505e-02
 5.560349251398e+04  1.577282600000e+01  6.656120627230e-02
 5.560349948505e+04  1.579913200000e+01  6.684696130492e-02
 5.562648086527e+04  1.537579200000e+01  6.537699368338e-02
 5.562648601517e+04  1.538770100000e+01  6.673028063938e-02
 5.562649119670e+04  1.543188500000e+01  6.754326686132e-02
 5.562649643365e+04  1.543829400000e+01  6.596139181234e-02
 5.563449072463e+04  1.539570800000e+01  6.303992857327e-02
 5.563449764256e+04  1.539221500000e+01  6.300878359692e-02
 5.563450463912e+04  1.540082600000e+01  6.310155270998e-02
 5.563451160998e+04  1.544062100000e+01  6.351228370130e-02
 5.564741793424e+04  1.541424800000e+01  6.338891010217e-02
 5.564742313519e+04  1.540332000000e+01  6.330921450856e-02
 5.564742828002e+04  1.542194900000e+01  6.348464021282e-02
 5.564743346361e+04  1.544100500000e+01  6.364565764621e-02
 5.564938052414e+04  1.554086000000e+01  6.449714136983e-02
 5.564938855432e+04  1.557302400000e+01  6.484376695924e-02
 5.564939669353e+04  1.558655000000e+01  6.504076525643e-02
 5.564940479706e+04  1.558647900000e+01  6.497230261924e-02
 5.569434041765e+04  1.562019100000e+01  6.815391367157e-02
 5.569434869008e+04  1.562592700000e+01  6.821056993357e-02
 5.569435707825e+04  1.561224300000e+01  6.808669516001e-02
 5.569436541920e+04  1.561551100000e+01  6.811993752940e-02
 5.570131405104e+04  1.579475800000e+01  6.742990549502e-02
 5.570132276848e+04  1.581191000000e+01  6.760288365691e-02
 5.570133157635e+04  1.577466400000e+01  6.721705921333e-02
 5.570134038561e+04  1.578900900000e+01  6.741823111264e-02
 5.459833710674e+04  1.580199200000e+01  6.900352994736e-02
 5.459834030991e+04  1.559054600000e+01  8.474098166935e-02
 5.592552591531e+04  1.580008300000e+01  6.694721856957e-02
 5.592553177374e+04  1.575030400000e+01  6.634874095464e-02
 5.592553764532e+04  1.572888900000e+01  6.603456285271e-02
 5.592554348580e+04  1.573441100000e+01  6.607894028176e-02
 5.596741587914e+04  1.559778600000e+01  6.466022538042e-02
 5.596742038007e+04  1.552358600000e+01  6.391581531568e-02
 5.596742492266e+04  1.557747700000e+01  6.438604881273e-02
 5.596742947062e+04  1.550112100000e+01  6.362563851248e-02
 5.598741125022e+04  1.567744700000e+01  6.662454124004e-02
 5.598741642374e+04  1.565825200000e+01  6.625248028915e-02
 5.598742148374e+04  1.567498600000e+01  6.645529090702e-02
 5.598742663677e+04  1.565428000000e+01  6.620107109233e-02
 5.600149573529e+04  1.555834900000e+01  6.396622517667e-02
 5.600150083970e+04  1.560338100000e+01  6.443072044241e-02
 5.600150598220e+04  1.559087100000e+01  6.431045795043e-02
 5.600151108319e+04  1.558421400000e+01  6.423644179365e-02
 5.600937828192e+04  1.539633700000e+01  6.260790650689e-02
 5.600938619367e+04  1.540589800000e+01  6.268202619522e-02
 5.600939418249e+04  1.540420800000e+01  6.265658884683e-02
 5.600940203337e+04  1.540744100000e+01  6.264575317693e-02
 5.603442384477e+04  1.576778500000e+01  6.682844911402e-02
 5.603442890001e+04  1.580494200000e+01  6.737992225425e-02
 5.603443398881e+04  1.580684000000e+01  6.743233260555e-02
 5.603443903689e+04  1.581293500000e+01  6.735808000294e-02
 5.604820759203e+04  1.544191100000e+01  6.379110145962e-02
 5.604821730689e+04  1.548507300000e+01  6.412530764192e-02
 5.604822689381e+04  1.551365400000e+01  6.438500627762e-02
 5.604823657653e+04  1.554244400000e+01  6.458994423765e-02
 5.606129455679e+04  1.565228400000e+01  6.506524646064e-02
 5.606130348859e+04  1.567408400000e+01  6.523034598743e-02
 5.606131200648e+04  1.566496600000e+01  6.534550050614e-02
 5.606132069031e+04  1.574584600000e+01  6.623489526638e-02
 5.607223175143e+04  1.552264300000e+01  6.347393807939e-02
 5.607223746664e+04  1.550324200000e+01  6.333375711931e-02
 5.607224327234e+04  1.552115200000e+01  6.345996451313e-02
 5.607224907760e+04  1.553994600000e+01  6.377947364686e-02
 5.609026598294e+04  1.575829900000e+01  6.611863981024e-02
 5.609027385772e+04  1.573474800000e+01  6.602091952947e-02
 5.609028177547e+04  1.574999400000e+01  6.621301304041e-02
 5.609028963130e+04  1.575328600000e+01  6.632735754155e-02
