# time mag mag_err
 5.346918678302e+04  1.536307300000e+01  6.223275559408e-02
 5.346919490297e+04  1.538647000000e+01  6.270644097549e-02
 5.346920304979e+04  1.538518100000e+01  6.273104943359e-02
 5.346921119383e+04  1.543618100000e+01  6.324046914880e-02
 5.348120469626e+04  1.549273100000e+01  6.401601262396e-02
 5.348121339542e+04  1.535440300000e+01  6.281350320954e-02
 5.348122204284e+04  1.520393400000e+01  6.157696025935e-02
 5.348123072648e+04  1.499782800000e+01  6.009875296176e-02
 5.350012556182e+04  1.563839900000e+01  7.031181618262e-02
 5.350012933179e+04  1.566445100000e+01  7.114111175205e-02
 5.350013311255e+04  1.568027500000e+01  7.153358275171e-02
 5.350013689826e+04  1.570686800000e+01  7.200328291811e-02
 5.382717318157e+04  1.535248300000e+01  6.314887798121e-02
 5.382717852593e+04  1.523673100000e+01  6.213044650103e-02
 5.382718388801e+04  1.514075000000e+01  6.136796830052e-02
 5.382718925691e+04  1.503043300000e+01  6.051257443657e-02
 5.384414872574e+04  1.540768400000e+01  6.378973250932e-02
 5.384415626883e+04  1.523454600000e+01  6.222275827477e-02
 5.384416383529e+04  1.511894800000e+01  6.125976347197e-02
 5.384417142317e+04  1.501854600000e+01  6.051853855124e-02
 5.408145232475e+04  1.519617800000e+01  6.088413939611e-02
 5.408145885424e+04  1.520712100000e+01  6.097019524800e-02
 5.408146544520e+04  1.522060700000e+01  6.107094261275e-02
 5.408147207991e+04  1.524807800000e+01  6.127038981758e-02
 5.409654645106e+04  1.570625700000e+01  7.332200091954e-02
 5.409654863705e+04  1.571721100000e+01  7.248730034382e-02
 5.409655079757e+04  1.568110900000e+01  7.324084599168e-02
 5.409655295023e+04  1.568817200000e+01  7.439144792353e-02
 5.376832355700e+04  1.489381400000e+01  5.924422047701e-02
 5.376833097971e+04  1.493878900000e+01  5.952037323762e-02
 5.376833841666e+04  1.497321600000e+01  5.976000222609e-02
 5.376834583229e+04  1.499628900000e+01  5.993691724597e-02
 5.378619727926e+04  1.575632500000e+01  6.707461299683e-02
 5.378620482512e+04  1.571114400000e+01  6.834996207488e-02
 5.378621234760e+04  1.572232400000e+01  6.746305053552e-02
 5.378621987726e+04  1.570877200000e+01  6.660192125979e-02
 5.375423518097e+04  1.560946900000e+01  6.522856360881e-02
 5.375424177263e+04  1.562000200000e+01  6.528049061832e-02
 5.375424836323e+04  1.564900900000e+01  6.558341119386e-02
 5.375425498207e+04  1.567488200000e+01  6.583691032150e-02
 5.379923414068e+04  1.539984500000e+01  6.328100088517e-02
 5.379923977612e+04  1.542141900000e+01  6.347383756630e-02
 5.379924536540e+04  1.544937900000e+01  6.371963448196e-02
 5.379925085943e+04  1.545801000000e+01  6.382103698385e-02
 5.386619327324e+04  1.554357400000e+01  1.107250775799e-01
 5.386619406355e+04  1.563865600000e+01  1.147564328999e-01
 5.386619479160e+04  1.550862700000e+01  1.093892941155e-01
 5.386619552439e+04  1.567906900000e+01  1.163024656574e-01
 5.387415035127e+04  1.561924000000e+01  6.724814010333e-02
 5.387415568927e+04  1.567894400000e+01  6.822659000367e-02
 5.387416104880e+04  1.566691300000e+01  6.801859084840e-02
 5.387416642522e+04  1.568848600000e+01  6.837204691700e-02
 5.388515177397e+04  1.530710500000e+01  8.676004742980e-02
 5.388515263640e+04  1.530506700000e+01  8.671437896555e-02
 5.388515349801e+04  1.527848500000e+01  8.614796143400e-02
 5.388515435558e+04  1.525644700000e+01  8.570360852591e-02
 5.405347116913e+04  1.551602900000e+01  6.407717464708e-02
 5.405347773392e+04  1.557583000000e+01  6.369102301228e-02
 5.405348438772e+04  1.558190000000e+01  6.458701227053e-02
 5.405349105160e+04  1.559955600000e+01  6.455586255981e-02
 5.406635086075e+04  1.568952200000e+01  6.357318774776e-02
 5.406636253321e+04  1.571222200000e+01  6.366605382036e-02
 5.406637417059e+04  1.569507600000e+01  6.344781404432e-02
 5.406638581874e+04  1.568176600000e+01  6.326525630252e-02
 5.400949763705e+04  1.570165600000e+01  6.586829366553e-02
 5.400949982223e+04  1.570878700000e+01  6.597035870486e-02
 5.400950205012e+04  1.568584600000e+01  6.566736869371e-02
 5.400950425648e+04  1.571352400000e+01  6.694822991106e-02
 5.402448448374e+04  1.571958300000e+01  6.528521286083e-02
 5.402448937322e+04  1.571259900000e+01  6.523001602466e-02
 5.402449446664e+04  1.570712200000e+01  6.513683043184e-02
 5.402449945404e+04  1.573250700000e+01  6.538272957360e-02
 5.402845728616e+04  1.535480000000e+01  6.196173153680e-02
 5.402846653707e+04  1.537592400000e+01  6.206171585973e-02
 5.402847575339e+04  1.540227700000e+01  6.223508720157e-02
 5.402848499656e+04  1.545516000000e+01  6.265090851979e-02
 5.400348913057e+04  1.528623400000e+01  6.164050071189e-02
 5.400349308481e+04  1.528879700000e+01  6.164740862142e-02
 5.400349700365e+04  1.531615200000e+01  6.181849528146e-02
 5.400350094354e+04  1.532215400000e+01  6.181139530426e-02
 5.419714337990e+04  1.524190200000e+01  6.198547824752e-02
 5.419714873352e+04  1.526887200000e+01  6.214181620703e-02
 5.419715408737e+04  1.530323700000e+01  6.240096201840e-02
 5.419715944586e+04  1.530705100000e+01  6.268743300889e-02
 5.420516267331e+04  1.540755300000e+01  6.289056463643e-02
 5.420516915072e+04  1.542868100000e+01  6.306690472065e-02
 5.420517558552e+04  1.543030500000e+01  6.310943739352e-02
 5.420518204765e+04  1.545276100000e+01  6.332809960057e-02
 5.443734447169e+04  1.575850000000e+01  6.601203572069e-02
 5.443735199012e+04  1.572236500000e+01  6.552462840907e-02
 5.443735950219e+04  1.564140700000e+01  6.467094394763e-02
 5.443736700105e+04  1.556299400000e+01  6.385340694458e-02
 5.445435901718e+04  1.527812900000e+01  6.141600511536e-02
 5.445436550164e+04  1.512675900000e+01  6.028379990772e-02
 5.445437206968e+04  1.500907900000e+01  5.942508329297e-02
 5.445437861410e+04  1.493821500000e+01  5.887207843249e-02
 5.446436037488e+04  1.568678800000e+01  6.527411081146e-02
 5.446436695381e+04  1.569270000000e+01  6.532987508021e-02
 5.446437357809e+04  1.570549500000e+01  6.549360793092e-02
 5.446438015052e+04  1.577480600000e+01  6.622352615614e-02
 5.413821224027e+04  1.511672200000e+01  6.116115593149e-02
 5.413821879325e+04  1.514142500000e+01  6.189342048054e-02
 5.413822531383e+04  1.519249500000e+01  6.377022940075e-02
 5.413823185918e+04  1.520653200000e+01  6.200239498248e-02
 5.410929075060e+04  1.570397500000e+01  6.719185205112e-02
 5.410929885436e+04  1.570650300000e+01  6.691745147928e-02
 5.410930694701e+04  1.570658000000e+01  7.373698457138e-02
 5.410931504891e+04  1.571944900000e+01  7.000993952400e-02
 5.411525687777e+04  1.578406200000e+01  6.603857233532e-02
 5.411526693602e+04  1.574216100000e+01  6.553221596742e-02
 5.411527699844e+04  1.564065900000e+01  6.446865703384e-02
 5.411528836671e+04  1.545037800000e+01  6.265233928233e-02
 5.412436803207e+04  1.491117000000e+01  5.880463830436e-02
 5.412437460763e+04  1.493488600000e+01  5.897514672575e-02
 5.412438115576e+04  1.495105600000e+01  5.907491428361e-02
 5.412438771778e+04  1.499786900000e+01  5.939879392575e-02
 5.416830303662e+04  1.576105100000e+01  6.626504538125e-02
 5.416831133530e+04  1.577598900000e+01  6.643445070810e-02
 5.416831966130e+04  1.574139400000e+01  6.604711807610e-02
 5.416832794527e+04  1.570859800000e+01  6.577127915890e-02
 5.423116249309e+04  1.546493200000e+01  6.404053697151e-02
 5.423116891078e+04  1.544018600000e+01  6.387168337237e-02
 5.423117533690e+04  1.544774500000e+01  6.401994698870e-02
 5.423118176442e+04  1.549596500000e+01  6.454527610142e-02
 5.424114532447e+04  1.506353800000e+01  6.088723561852e-02
 5.424115401668e+04  1.511192100000e+01  6.138713560192e-02
 5.424116268806e+04  1.515801400000e+01  6.187797419668e-02
 5.424117135505e+04  1.518264800000e+01  6.218737414121e-02
 5.441044529326e+04  1.522318100000e+01  6.119775494049e-02
 5.441045016376e+04  1.523498700000e+01  6.131514648069e-02
 5.441045502940e+04  1.528845200000e+01  6.393886438294e-02
 5.441045988670e+04  1.524234000000e+01  6.399490637003e-02
 5.441140506588e+04  1.492489100000e+01  5.927206756294e-02
 5.441141345345e+04  1.486932500000e+01  5.881719218540e-02
 5.441142181174e+04  1.484906300000e+01  5.869025228629e-02
 5.441143016064e+04  1.488728800000e+01  5.887529478555e-02
 5.442138135941e+04  1.572299500000e+01  6.557125310421e-02
 5.442138949314e+04  1.571091500000e+01  6.591673015155e-02
 5.442139765211e+04  1.573074200000e+01  6.603033399358e-02
 5.442140578932e+04  1.576685500000e+01  6.635541756376e-02
 5.436451428167e+04  1.582078500000e+01  8.856050305138e-02
 5.436451552514e+04  1.556850000000e+01  8.119960496228e-02
 5.456715846211e+04  1.571059200000e+01  6.569827181661e-02
 5.456716536047e+04  1.571140600000e+01  6.570909856582e-02
 5.456717385245e+04  1.570835100000e+01  6.570230307435e-02
 5.456718089123e+04  1.568738200000e+01  6.549511866034e-02
 5.457317462134e+04  1.578987000000e+01  6.672292186282e-02
 5.457318437807e+04  1.574026300000e+01  6.621423087275e-02
 5.457319414522e+04  1.568420500000e+01  6.562855108430e-02
 5.457320389686e+04  1.550269400000e+01  6.389349571923e-02
 5.458016019053e+04  1.485180000000e+01  5.855942703093e-02
 5.458016661260e+04  1.486812600000e+01  5.868458059850e-02
 5.458017304904e+04  1.491597600000e+01  5.904307638006e-02
 5.458017945537e+04  1.494180500000e+01  5.923841910252e-02
 5.480732918469e+04  1.516811200000e+01  6.874094780541e-02
 5.480733451944e+04  1.515697500000e+01  6.368346452209e-02
 5.480733994240e+04  1.515285500000e+01  6.077384361595e-02
 5.480734534719e+04  1.523131100000e+01  6.115016952678e-02
 5.450421515019e+04  1.561052500000e+01  6.449973738681e-02
 5.450422181313e+04  1.553169600000e+01  6.368222269902e-02
 5.450422850675e+04  1.537950500000e+01  6.229593112650e-02
 5.450423518579e+04  1.526490300000e+01  6.133909731965e-02
 5.447543453596e+04  1.569868800000e+01  6.513227680571e-02
 5.447544164267e+04  1.570647200000e+01  6.525460932751e-02
 5.447544869002e+04  1.570400400000e+01  6.525149756429e-02
 5.447545574581e+04  1.569825700000e+01  6.521419695475e-02
 5.449531139691e+04  1.510167100000e+01  6.013312134256e-02
 5.449531883316e+04  1.514219300000e+01  6.037944868335e-02
 5.449532627068e+04  1.517798000000e+01  6.056834720769e-02
 5.449533369883e+04  1.521306000000e+01  6.082195134695e-02
 5.453612798693e+04  1.489288400000e+01  5.882676012375e-02
 5.453613467315e+04  1.495126200000e+01  5.923645791040e-02
 5.453614132626e+04  1.499131100000e+01  5.958980867828e-02
 5.453614796281e+04  1.502889500000e+01  6.006456280969e-02
 5.459014406596e+04  1.576839400000e+01  6.652962553734e-02
 5.459015048330e+04  1.577316900000e+01  6.695674581215e-02
 5.459015698490e+04  1.579454900000e+01  7.308169850012e-02
 5.459016341912e+04  1.576471700000e+01  6.804580039908e-02
 5.460015936948e+04  1.569845900000e+01  6.643829916175e-02
 5.460016526770e+04  1.576266200000e+01  6.730123018543e-02
 5.460017120676e+04  1.572132000000e+01  6.689281993613e-02
 5.460017714964e+04  1.576141100000e+01  6.737644075045e-02
 5.477742628204e+04  1.569063800000e+01  6.503973939713e-02
 5.477743867837e+04  1.574864900000e+01  6.560814146132e-02
 5.477745114044e+04  1.571888400000e+01  6.523496717834e-02
 5.477746347497e+04  1.572449500000e+01  6.523338215176e-02
 5.479144503558e+04  1.528475200000e+01  6.137943946800e-02
 5.479145335498e+04  1.530505200000e+01  6.152047508663e-02
 5.479146163803e+04  1.530347600000e+01  6.150906959449e-02
 5.479146991645e+04  1.534640000000e+01  6.183190373161e-02
 5.476347939242e+04  1.567493000000e+01  6.454646479653e-02
 5.476348790778e+04  1.565239800000e+01  6.433225885233e-02
 5.476349649316e+04  1.567848700000e+01  6.452634598540e-02
 5.476350500480e+04  1.566247000000e+01  6.434911939836e-02
 5.492311365067e+04  1.548507500000e+01  6.819656659916e-02
 5.492311937528e+04  1.549622700000e+01  6.837133661351e-02
 5.492312531876e+04  1.554004600000e+01  6.902714348585e-02
 5.492313104174e+04  1.550041800000e+01  6.844051304707e-02
 5.493714554311e+04  1.568471000000e+01  6.641077416280e-02
 5.493715040565e+04  1.570666800000e+01  6.666610154513e-02
 5.493814430490e+04  1.572000200000e+01  6.590426173970e-02
 5.493814973979e+04  1.569251800000e+01  6.562498104827e-02
 5.493815522478e+04  1.570795000000e+01  6.580049971697e-02
 5.493816064324e+04  1.570864900000e+01  6.576999372192e-02
 5.485917561515e+04  1.577146700000e+01  6.640052775470e-02
 5.485918194741e+04  1.574455800000e+01  6.567180557789e-02
 5.485918843882e+04  1.567919200000e+01  6.494114799527e-02
 5.485919489169e+04  1.563616800000e+01  6.447847153614e-02
 5.490518390662e+04  1.572001100000e+01  6.558549761464e-02
 5.490518940480e+04  1.567885400000e+01  6.516258454827e-02
 5.490519488865e+04  1.569605500000e+01  6.530961097409e-02
 5.490520038764e+04  1.569940400000e+01  6.537005045875e-02
 5.497715119193e+04  1.527089700000e+01  6.662309029279e-02
 5.497715554759e+04  1.529145600000e+01  6.688629908843e-02
 5.497716004561e+04  1.532739400000e+01  6.736770047203e-02
 5.497716443646e+04  1.534998100000e+01  6.776923781288e-02
 5.516141551984e+04  1.561816800000e+01  6.479095376095e-02
 5.516142222800e+04  1.565255400000e+01  6.513676561184e-02
 5.516142894892e+04  1.564541800000e+01  6.500698711106e-02
 5.516143557727e+04  1.566948600000e+01  6.526554689640e-02
 5.516238084846e+04  1.540893600000e+01  6.324162120394e-02
 5.516238933623e+04  1.544486500000e+01  6.355168670024e-02
 5.516239782370e+04  1.544047500000e+01  6.344035691423e-02
 5.516240631880e+04  1.547046500000e+01  6.367013004767e-02
 5.511846022266e+04  1.567151600000e+01  6.556736735913e-02
 5.511846517800e+04  1.564987700000e+01  6.550219151964e-02
 5.511847007698e+04  1.565046300000e+01  6.571753209476e-02
 5.511847506936e+04  1.568437100000e+01  6.611646147912e-02
 5.512649600902e+04  1.569777900000e+01  7.142957529867e-02
 5.512649952863e+04  1.569258500000e+01  7.128584949439e-02
 5.512650307895e+04  1.574965000000e+01  7.207905705049e-02
 5.512650648779e+04  1.573248400000e+01  7.094202456185e-02
 5.510148428856e+04  1.568802700000e+01  6.670211223601e-02
 5.510148738108e+04  1.566023000000e+01  6.631522201223e-02
 5.510149043491e+04  1.565777500000e+01  6.628255214978e-02
 5.510149352049e+04  1.568457800000e+01  6.652644328126e-02
 5.529615315727e+04  1.554472900000e+01  6.416479921381e-02
 5.529615822409e+04  1.556289400000e+01  6.434900460202e-02
 5.529616332480e+04  1.555662500000e+01  6.429232825777e-02
 5.529616836539e+04  1.556682000000e+01  6.435921160301e-02
 5.553944243264e+04  1.568679900000e+01  6.920142932246e-02
 5.553945633810e+04  1.538614800000e+01  6.341245062816e-02
 5.553946332911e+04  1.523375100000e+01  6.186474909448e-02
 5.554533395471e+04  1.481563000000e+01  6.107892116781e-02
 5.554534872758e+04  1.484616700000e+01  6.131642873626e-02
 5.554535608642e+04  1.491569200000e+01  6.184015177613e-02
 5.555929753775e+04  1.542180000000e+01  6.348258757129e-02
 5.555931322689e+04  1.550524300000e+01  6.412558566609e-02
 5.523222835910e+04  1.547114800000e+01  6.381035485752e-02
 5.523223413201e+04  1.536926800000e+01  6.311126939643e-02
 5.523223988473e+04  1.523578100000e+01  6.172671290110e-02
 5.523224568003e+04  1.510428700000e+01  6.041192995246e-02
 5.524130317057e+04  1.484845000000e+01  5.890311036076e-02
 5.524131068309e+04  1.487641800000e+01  5.908352480637e-02
 5.524131820918e+04  1.492877300000e+01  5.947707824725e-02
 5.524132571365e+04  1.496900400000e+01  5.972717549384e-02
 5.521226900707e+04  1.542502800000e+01  7.016529199706e-02
 5.521227583546e+04  1.539814600000e+01  6.898282737367e-02
 5.521228261366e+04  1.545845100000e+01  7.027403000341e-02
 5.521228939443e+04  1.543376300000e+01  6.929053228651e-02
 5.525926389785e+04  1.576222200000e+01  6.611315859486e-02
 5.525926963598e+04  1.573892600000e+01  6.582170412056e-02
 5.525927537681e+04  1.566729200000e+01  6.512298485522e-02
 5.525928115741e+04  1.560164300000e+01  6.447541342731e-02
 5.526717932199e+04  1.571709000000e+01  7.132343188344e-02
 5.526718391794e+04  1.571060900000e+01  7.127857855599e-02
 5.526718849485e+04  1.571321200000e+01  7.130383511599e-02
 5.526719309682e+04  1.575163900000e+01  7.184262367977e-02
 5.532917559559e+04  1.572077000000e+01  6.625163782501e-02
 5.532918303355e+04  1.573503100000e+01  6.648069472651e-02
 5.532919052469e+04  1.574096900000e+01  6.655066400678e-02
 5.532919801267e+04  1.574790700000e+01  6.669364188651e-02
 5.534114486389e+04  1.523858900000e+01  6.600234998261e-02
 5.534115183277e+04  1.525841500000e+01  6.634509560158e-02
 5.534115886358e+04  1.528109100000e+01  6.669877223129e-02
 5.534116571947e+04  1.533207100000e+01  6.740962190805e-02
 5.550149209943e+04  1.552176800000e+01  6.408065097891e-02
 5.550150251919e+04  1.555296000000e+01  6.435350121973e-02
 5.550150770903e+04  1.554355900000e+01  6.425634017724e-02
 5.551046485716e+04  1.538670300000e+01  6.287043564913e-02
 5.551047884958e+04  1.541271300000e+01  6.305805384691e-02
 5.551048586024e+04  1.542985100000e+01  6.316374362021e-02
 5.553039954183e+04  1.576635800000e+01  6.658417993797e-02
 5.553041113560e+04  1.575268100000e+01  6.639537152640e-02
 5.553041692017e+04  1.569937100000e+01  6.579691218414e-02
 5.548646669744e+04  1.492729100000e+01  5.973684072726e-02
 5.548647844672e+04  1.498947200000e+01  6.011114458608e-02
 5.548648431001e+04  1.501737200000e+01  6.027995352627e-02
 5.565522409574e+04  1.508256100000e+01  5.868098522383e-02
 5.565523100639e+04  1.511676000000e+01  5.891647061244e-02
 5.565523787977e+04  1.511080300000e+01  5.888775243744e-02
 5.565524483164e+04  1.515147500000e+01  5.913651216565e-02
 5.559730379920e+04  1.510510800000e+01  5.336009176753e-02
 5.559731504434e+04  1.491347700000e+01  5.284861890701e-02
 5.559732631273e+04  1.481681700000e+01  5.261689597675e-02
 5.559733757501e+04  1.482077600000e+01  5.262531093960e-02
 5.561517862936e+04  1.572074900000e+01  6.653177450926e-02
 5.561518601098e+04  1.570168800000e+01  6.627417729374e-02
 5.561519346010e+04  1.568111100000e+01  6.603441498854e-02
 5.561520087297e+04  1.571424400000e+01  6.637556096973e-02
 5.556632586157e+04  1.571009200000e+01  6.597079970289e-02
 5.556633189000e+04  1.571352600000e+01  6.353404658927e-02
 5.556633788211e+04  1.572381700000e+01  6.390056875486e-02
 5.556634389491e+04  1.568103100000e+01  6.415088124556e-02
 5.558540385704e+04  1.567153900000e+01  6.601344113937e-02
 5.558541089509e+04  1.566864500000e+01  6.598213585148e-02
 5.558541793593e+04  1.569126200000e+01  6.626036931589e-02
 5.558542501116e+04  1.566914400000e+01  6.606148334637e-02
 5.562214855583e+04  1.567863700000e+01  6.304828702597e-02
 5.562215679480e+04  1.567611300000e+01  6.304164535067e-02
 5.562216509463e+04  1.569443200000e+01  6.318635083784e-02
 5.562217333389e+04  1.572540200000e+01  6.346220805444e-02
 5.564613603684e+04  1.491214800000e+01  5.962555869057e-02
 5.564614290500e+04  1.483843300000e+01  5.911693166781e-02
 5.564614983036e+04  1.481597400000e+01  5.897409495588e-02
 5.564615674935e+04  1.482351300000e+01  5.901470805371e-02
 5.568222636162e+04  1.490276000000e+01  5.991952054451e-02
 5.568223499066e+04  1.484281400000e+01  5.981251883643e-02
 5.568224370547e+04  1.487087100000e+01  6.000050895751e-02
 5.568225240221e+04  1.489545900000e+01  6.022018505799e-02
 5.570615768044e+04  1.504621500000e+01  6.133608015177e-02
 5.570616561730e+04  1.508243800000e+01  6.170639162506e-02
 5.570617355150e+04  1.510436600000e+01  6.193398223731e-02
 5.570618151373e+04  1.517527200000e+01  6.262707860830e-02
 5.570615768044e+04  1.503612300000e+01  6.130560403582e-02
 5.570616561730e+04  1.507520100000e+01  6.169231823499e-02
 5.570617355150e+04  1.510051000000e+01  6.195642199128e-02
 5.570618151373e+04  1.517199100000e+01  6.266318766763e-02
 5.585747009028e+04  1.532061100000e+01  6.231066726799e-02
 5.585747882046e+04  1.535982900000e+01  6.237384551755e-02
 5.585748727322e+04  1.540307200000e+01  6.278005809862e-02
 5.585749617207e+04  1.544569700000e+01  6.323648373518e-02
 5.586446722091e+04  1.562984800000e+01  6.492449113845e-02
 5.586447177706e+04  1.562704000000e+01  6.490372973229e-02
 5.586447636572e+04  1.564169800000e+01  6.500788074947e-02
 5.586448099699e+04  1.565577400000e+01  6.515703409200e-02
 5.588737597512e+04  1.576220900000e+01  6.652238825003e-02
 5.588738615481e+04  1.571715100000e+01  6.595346377739e-02
 5.588739640433e+04  1.576540900000e+01  6.640905229208e-02
 5.588740672073e+04  1.576381300000e+01  6.633780896138e-02
 5.591941914788e+04  1.480740000000e+01  5.858828704902e-02
 5.591942763051e+04  1.486936200000e+01  5.893003572488e-02
 5.591943611866e+04  1.491114100000e+01  5.923740640734e-02
 5.591944459994e+04  1.496199900000e+01  5.956003739842e-02
 5.594035043935e+04  1.559180000000e+01  6.436596863812e-02
 5.594035603623e+04  1.560552400000e+01  6.449820361605e-02
 5.594036163546e+04  1.566737100000e+01  6.513416318281e-02
 5.594036726234e+04  1.563554400000e+01  6.481488949471e-02
 5.596834152572e+04  1.530242900000e+01  6.197592842353e-02
 5.596835066203e+04  1.532641000000e+01  6.222512557851e-02
 5.596835978726e+04  1.532388900000e+01  6.220173990873e-02
 5.596836879115e+04  1.537503800000e+01  6.263666733781e-02
 5.597921191424e+04  1.571514200000e+01  6.299868573788e-02
 5.597922068170e+04  1.572333500000e+01  6.306066093716e-02
 5.597922951586e+04  1.570002800000e+01  6.284091166172e-02
 5.597923830542e+04  1.573700200000e+01  6.317498850822e-02
 5.598616603774e+04  1.571292800000e+01  6.659196145114e-02
 5.598617111580e+04  1.572397100000e+01  6.667900546368e-02
 5.598617621872e+04  1.576095400000e+01  6.706630265765e-02
 5.598618132499e+04  1.580486300000e+01  6.760426281684e-02
 5.600018363605e+04  1.529832400000e+01  6.209103643552e-02
 5.600018977944e+04  1.533720300000e+01  6.248375110706e-02
 5.600019482646e+04  1.533447000000e+01  6.242126274367e-02
 5.600019993909e+04  1.535261700000e+01  6.257219321185e-02
 5.600719487293e+04  1.560823100000e+01  6.199246883736e-02
 5.600720504995e+04  1.560877700000e+01  6.204193369075e-02
 5.600721529480e+04  1.563933400000e+01  6.230093334283e-02
 5.600722550021e+04  1.564769300000e+01  6.239466732909e-02
 5.602815115644e+04  1.543520300000e+01  6.380892896062e-02
 5.602815768865e+04  1.534541400000e+01  6.302889500628e-02
 5.602816448934e+04  1.517524700000e+01  6.152754145925e-02
 5.602817407280e+04  1.499549500000e+01  6.017051817152e-02
 5.603517340200e+04  1.522410300000e+01  6.167383016893e-02
 5.603517853029e+04  1.520415700000e+01  6.154498543660e-02
 5.603518362939e+04  1.524758300000e+01  6.191709119541e-02
 5.603518879134e+04  1.525113900000e+01  6.194334266042e-02
 5.604115544576e+04  1.555793100000e+01  6.535699058254e-02
 5.604115993165e+04  1.557618300000e+01  6.620122323879e-02
 5.604116451278e+04  1.558829500000e+01  6.557139274500e-02
 5.604116917322e+04  1.560465700000e+01  6.583388063581e-02
 5.606014597334e+04  1.525727200000e+01  6.132768297105e-02
 5.606015464891e+04  1.536427900000e+01  6.221830777388e-02
 5.606016250707e+04  1.535982000000e+01  6.223183107799e-02
 5.606017052253e+04  1.540397700000e+01  6.271515814345e-02
 5.606716621243e+04  1.565176800000e+01  6.555669195016e-02
 5.606717180097e+04  1.566360800000e+01  6.575072832495e-02
 5.606717742611e+04  1.565557600000e+01  6.572959755695e-02
 5.606718307222e+04  1.564528100000e+01  6.570194931210e-02
 5.620448575064e+04  1.534859300000e+01  6.051177195396e-02
 5.620449334257e+04  1.538355200000e+01  6.074933471400e-02
 5.620450087933e+04  1.540457700000e+01  6.085137816691e-02
 5.620450844634e+04  1.538833500000e+01  6.125002485925e-02
 5.621346309308e+04  1.520802700000e+01  6.170937807671e-02
 5.621346818105e+04  1.521536700000e+01  6.171831203020e-02
 5.621347325870e+04  1.526345400000e+01  6.209393437233e-02
 5.621347836208e+04  1.526799900000e+01  6.209644197403e-02
 5.622048278953e+04  1.550942100000e+01  6.183989061581e-02
 5.622048691126e+04  1.552440900000e+01  6.195375019400e-02
 5.622049101902e+04  1.554703800000e+01  6.211992774670e-02
 5.622049515278e+04  1.557022900000e+01  6.227495294595e-02
