# time mag mag_err
 5.372936620413e+04  1.548140600000e+01  6.354935889071e-02
 5.372937499576e+04  1.550279100000e+01  6.367503645711e-02
 5.372938380975e+04  1.553232600000e+01  6.394782691094e-02
 5.372939247211e+04  1.555886200000e+01  6.416827016593e-02
 5.349726619961e+04  1.555444900000e+01  6.493944302829e-02
 5.349727251797e+04  1.553952500000e+01  6.480566427796e-02
 5.349727878160e+04  1.557440800000e+01  6.530994488248e-02
 5.349728509707e+04  1.565175300000e+01  6.627763348367e-02
 5.350017443647e+04  1.537467300000e+01  6.260958430685e-02
 5.350018211093e+04  1.538868300000e+01  6.275607509427e-02
 5.350018979510e+04  1.542650800000e+01  6.309841172026e-02
 5.350019745081e+04  1.546602700000e+01  6.344940572114e-02
 5.368747091232e+04  1.585031100000e+01  6.783461809148e-02
 5.368748162593e+04  1.586269700000e+01  6.788461456163e-02
 5.368749232160e+04  1.591218700000e+01  6.833682119041e-02
 5.368750297711e+04  1.589723500000e+01  6.819130842499e-02
 5.370440708671e+04  1.509072200000e+01  6.075478697487e-02
 5.370441462725e+04  1.513681600000e+01  6.108394724356e-02
 5.370442212762e+04  1.517584200000e+01  6.130253964729e-02
 5.370442973726e+04  1.521345600000e+01  6.158833879043e-02
 5.367450005983e+04  1.598033400000e+01  6.955523335009e-02
 5.367450276609e+04  1.593731600000e+01  6.901988790440e-02
 5.367450545882e+04  1.592969100000e+01  6.886142379617e-02
 5.367450814924e+04  1.596198800000e+01  6.926785579735e-02
 5.384320267060e+04  1.584159400000e+01  6.868063447076e-02
 5.384321073824e+04  1.582363100000e+01  6.851865739748e-02
 5.384321877858e+04  1.588169400000e+01  6.929268909559e-02
 5.384322683892e+04  1.586304200000e+01  6.909561943308e-02
 5.407042841560e+04  1.541302500000e+01  6.210165680417e-02
 5.407043634678e+04  1.544431400000e+01  6.232413567471e-02
 5.407044415713e+04  1.544732400000e+01  6.233198676546e-02
 5.407045190948e+04  1.547057400000e+01  6.249457144857e-02
 5.409338760984e+04  1.554168700000e+01  6.322502367273e-02
 5.409339577772e+04  1.531950400000e+01  6.132849516507e-02
 5.409340407547e+04  1.515541000000e+01  6.005790625546e-02
 5.409341230134e+04  1.503117500000e+01  5.919877638051e-02
 5.377336188450e+04  1.586919700000e+01  6.789405997945e-02
 5.377336942782e+04  1.587114300000e+01  6.795742468887e-02
 5.377337701014e+04  1.589472200000e+01  6.825133189988e-02
 5.377338456700e+04  1.592778000000e+01  6.866262703970e-02
 5.378623816392e+04  1.558715000000e+01  6.510968579504e-02
 5.378624587682e+04  1.558128900000e+01  6.468125473003e-02
 5.378625359329e+04  1.560054300000e+01  6.469675185048e-02
 5.378626130073e+04  1.561369300000e+01  6.487421141115e-02
 5.374340468648e+04  1.598942300000e+01  6.934886638574e-02
 5.374341010933e+04  1.590729300000e+01  6.832652562570e-02
 5.374341556295e+04  1.583121200000e+01  6.740881491315e-02
 5.374342107041e+04  1.570403000000e+01  6.597624479659e-02
 5.375540776972e+04  1.544800500000e+01  6.311455872758e-02
 5.375541444471e+04  1.549920900000e+01  6.356907450948e-02
 5.375542121854e+04  1.548061800000e+01  6.342393473827e-02
 5.375542798867e+04  1.548608400000e+01  6.345772181714e-02
 5.376636606237e+04  1.594881000000e+01  6.860644349918e-02
 5.376637198269e+04  1.596805500000e+01  6.885625176258e-02
 5.376637791065e+04  1.595811500000e+01  6.868537977000e-02
 5.376638381337e+04  1.598334400000e+01  6.902329480532e-02
 5.390317292712e+04  1.590355800000e+01  1.286808092178e-01
 5.390317394846e+04  1.599387500000e+01  1.334000631121e-01
 5.390317494400e+04  1.586967700000e+01  1.270179995475e-01
 5.390317593294e+04  1.587146000000e+01  1.275353733705e-01
 5.379729730373e+04  1.587441500000e+01  1.149432151580e-01
 5.379729753591e+04  1.585687300000e+01  1.142134167267e-01
 5.379729777262e+04  1.578659000000e+01  1.113942417377e-01
 5.379729801603e+04  1.584731300000e+01  1.140393217181e-01
 5.381720156854e+04  1.593927200000e+01  6.892809346667e-02
 5.381721026978e+04  1.595757600000e+01  6.924049922099e-02
 5.381721886720e+04  1.596934800000e+01  6.936672067751e-02
 5.381722746566e+04  1.595171900000e+01  6.964025565752e-02
 5.387417756304e+04  1.597119000000e+01  7.110427017641e-02
 5.387418450934e+04  1.590208200000e+01  7.023323726410e-02
 5.387419144394e+04  1.594175200000e+01  7.090133248618e-02
 5.387419841662e+04  1.594909000000e+01  7.111630173897e-02
 5.388118783124e+04  1.593213600000e+01  6.997934876257e-02
 5.388119764052e+04  1.594645500000e+01  7.034347196188e-02
 5.388120741462e+04  1.595297500000e+01  7.053124078589e-02
 5.388121722101e+04  1.596093600000e+01  7.088044178007e-02
 5.405048884131e+04  1.589322500000e+01  6.943852260803e-02
 5.405049762902e+04  1.595270600000e+01  7.007468462220e-02
 5.405050646858e+04  1.595575000000e+01  7.010748902583e-02
 5.405051523059e+04  1.588108500000e+01  6.903572680216e-02
 5.402849822384e+04  1.572733200000e+01  6.540064343144e-02
 5.402850636013e+04  1.569113400000e+01  6.491353576880e-02
 5.402851455255e+04  1.572565000000e+01  6.516905529593e-02
 5.402852269520e+04  1.565718200000e+01  6.418020637056e-02
 5.419719386678e+04  1.554814800000e+01  6.402667514987e-02
 5.419720029638e+04  1.555478900000e+01  6.412213839234e-02
 5.419720674878e+04  1.559517400000e+01  6.449413416933e-02
 5.419721317411e+04  1.558685600000e+01  6.441573615194e-02
 5.443846408350e+04  1.598047600000e+01  6.784049460861e-02
 5.443847122946e+04  1.596959300000e+01  6.772474180755e-02
 5.443847837507e+04  1.596057800000e+01  6.757938459259e-02
 5.443848546882e+04  1.594536200000e+01  6.739949956519e-02
 5.444842951410e+04  1.594302700000e+01  7.625628075383e-02
 5.444843492559e+04  1.594534700000e+01  6.741616769046e-02
 5.444844030850e+04  1.596923400000e+01  6.760067805631e-02
 5.444844569882e+04  1.594226400000e+01  6.726799456772e-02
 5.445447081000e+04  1.596153200000e+01  6.765722639418e-02
 5.445447677442e+04  1.592754900000e+01  6.726702649421e-02
 5.445448271244e+04  1.593476100000e+01  6.734500472294e-02
 5.445448870464e+04  1.592036500000e+01  6.719542272587e-02
 5.446545010789e+04  1.555157500000e+01  6.338728455440e-02
 5.446545721473e+04  1.560372700000e+01  6.389971114091e-02
 5.446546431138e+04  1.558946600000e+01  6.376708109275e-02
 5.446547144229e+04  1.564331600000e+01  6.423661093671e-02
 5.413925053390e+04  1.577640700000e+01  7.126690116881e-02
 5.413925760856e+04  1.576136400000e+01  7.081534942151e-02
 5.413926470393e+04  1.580239000000e+01  7.028716082794e-02
 5.413927178936e+04  1.584087200000e+01  6.863469627977e-02
 5.414038615925e+04  1.558035300000e+01  1.072110310934e-01
 5.414038718454e+04  1.556180700000e+01  1.029589857751e-01
 5.414038821572e+04  1.564504900000e+01  1.120080406255e-01
 5.414038924759e+04  1.559254800000e+01  1.122105210873e-01
 5.414636885277e+04  1.581170100000e+01  6.656608289251e-02
 5.414637667052e+04  1.582340600000e+01  6.693425456519e-02
 5.414638449428e+04  1.585626200000e+01  6.743323166757e-02
 5.414639233600e+04  1.584612000000e+01  6.748565044852e-02
 5.412440330652e+04  1.565084300000e+01  6.442488604092e-02
 5.412441171619e+04  1.567032800000e+01  6.462011633769e-02
 5.412442008848e+04  1.570544200000e+01  6.495803651046e-02
 5.412442851367e+04  1.572242300000e+01  6.518011569696e-02
 5.416823389916e+04  1.567477000000e+01  6.480714852449e-02
 5.416824203625e+04  1.570941000000e+01  6.515638140159e-02
 5.416825014811e+04  1.572921700000e+01  6.529173723447e-02
 5.416825822803e+04  1.576037700000e+01  6.564979243225e-02
 5.422720034372e+04  1.589837300000e+01  6.783727210805e-02
 5.422720950910e+04  1.568556900000e+01  6.542906522177e-02
 5.422721870007e+04  1.544986200000e+01  6.324556223012e-02
 5.422722787830e+04  1.522868700000e+01  6.139295817078e-02
 5.424118111177e+04  1.589733500000e+01  6.892342111145e-02
 5.424119024811e+04  1.589931900000e+01  6.892733259459e-02
 5.424119940100e+04  1.591664800000e+01  6.927601245763e-02
 5.424120855006e+04  1.589521000000e+01  6.944661567781e-02
 5.440949629110e+04  1.590559800000e+01  6.731918830753e-02
 5.440950070428e+04  1.592261600000e+01  6.749616019311e-02
 5.440950513297e+04  1.590753500000e+01  6.726368515037e-02
 5.440950959431e+04  1.591084700000e+01  6.727521051154e-02
 5.442344017914e+04  1.568020600000e+01  6.493628593864e-02
 5.442344954384e+04  1.567089400000e+01  6.466083043441e-02
 5.442345885044e+04  1.570470000000e+01  6.503704586553e-02
 5.442346823088e+04  1.569376300000e+01  6.489462807377e-02
 5.439248725453e+04  1.509437100000e+01  6.043033869493e-02
 5.439249154883e+04  1.509913300000e+01  6.031276384117e-02
 5.439249591016e+04  1.511788900000e+01  6.040117097018e-02
 5.439250031501e+04  1.512192200000e+01  6.038611068997e-02
 5.456814980712e+04  1.592254400000e+01  6.762304445186e-02
 5.456815472611e+04  1.601246200000e+01  6.866704626206e-02
 5.456815971455e+04  1.598598900000e+01  6.833722559688e-02
 5.456816466793e+04  1.596172300000e+01  6.803130888380e-02
 5.458022325293e+04  1.521355100000e+01  6.087347244504e-02
 5.458022969201e+04  1.525950200000e+01  6.093028958289e-02
 5.458023611641e+04  1.527845700000e+01  6.143134720657e-02
 5.458024253941e+04  1.529477900000e+01  6.159104472802e-02
 5.482247450828e+04  1.543275600000e+01  6.213908995684e-02
 5.482248115850e+04  1.545704500000e+01  6.232605627702e-02
 5.482248794309e+04  1.548961900000e+01  6.261720415851e-02
 5.482249470720e+04  1.548680600000e+01  6.256668280747e-02
 5.450437229745e+04  1.496942800000e+01  5.643809986879e-02
 5.450438104523e+04  1.496673300000e+01  5.642960592466e-02
 5.450438978329e+04  1.500337000000e+01  5.660603193621e-02
 5.450439850432e+04  1.506157700000e+01  5.690399404580e-02
 5.447545942898e+04  1.540009500000e+01  6.201149043232e-02
 5.447546605894e+04  1.542365500000e+01  6.221578303024e-02
 5.447547260660e+04  1.544433500000e+01  6.235889807752e-02
 5.447547912231e+04  1.548393200000e+01  6.273958454240e-02
 5.462315618193e+04  1.595157600000e+01  6.498978111989e-02
 5.462316348601e+04  1.596641900000e+01  6.520012291552e-02
 5.462317081079e+04  1.598115300000e+01  6.542532764939e-02
 5.462317810803e+04  1.600364100000e+01  6.577106560074e-02
 5.463116369468e+04  1.527778700000e+01  6.640733083509e-02
 5.463116953490e+04  1.522852400000e+01  6.610093417988e-02
 5.463117544885e+04  1.533166000000e+01  6.734900490267e-02
 5.463118132391e+04  1.535226300000e+01  6.776125649715e-02
 5.454922586266e+04  1.594242100000e+01  6.805261757823e-02
 5.454923250594e+04  1.593346300000e+01  6.791011656911e-02
 5.454923913612e+04  1.593515400000e+01  6.795270939776e-02
 5.454924579398e+04  1.595157600000e+01  6.812013426220e-02
 5.459418705867e+04  1.595353400000e+01  6.835654065991e-02
 5.459419350238e+04  1.592192800000e+01  6.800444081752e-02
 5.459419992042e+04  1.596338600000e+01  6.856102881746e-02
 5.459420636507e+04  1.595920500000e+01  6.848874921529e-02
 5.477149992764e+04  1.524482100000e+01  6.105185169373e-02
 5.477150535743e+04  1.526079200000e+01  6.109546695360e-02
 5.477151088860e+04  1.529996600000e+01  6.138480883513e-02
 5.477151639490e+04  1.531168600000e+01  6.144095536841e-02
 5.494424294025e+04  1.602351900000e+01  6.952856094127e-02
 5.494424957808e+04  1.603821000000e+01  6.979443447375e-02
 5.495023500892e+04  1.539134100000e+01  6.278400621230e-02
 5.495024155441e+04  1.525935000000e+01  6.169297223571e-02
 5.495025458668e+04  1.505901800000e+01  6.026372929589e-02
 5.495122056885e+04  1.594967800000e+01  6.840213280785e-02
 5.495122118080e+04  1.590709200000e+01  6.787251359816e-02
 5.495122178431e+04  1.597059900000e+01  6.869498391036e-02
 5.495122239777e+04  1.595942400000e+01  6.854359674676e-02
 5.487834617955e+04  1.594194000000e+01  6.724489449921e-02
 5.487835292468e+04  1.593237100000e+01  6.723665616498e-02
 5.487835952523e+04  1.593644600000e+01  6.718610665327e-02
 5.487836617395e+04  1.594467200000e+01  6.811600773672e-02
 5.484851065002e+04  1.539737400000e+01  6.220857681937e-02
 5.484851788406e+04  1.541421500000e+01  6.237384551755e-02
 5.484852518189e+04  1.540877800000e+01  6.234645159771e-02
 5.484853235944e+04  1.546522100000e+01  6.288351605292e-02
 5.490523524620e+04  1.527521600000e+01  6.114801441668e-02
 5.490524076535e+04  1.517579300000e+01  6.037596791099e-02
 5.490524619490e+04  1.506196500000e+01  5.956380316044e-02
 5.490525167006e+04  1.501850000000e+01  5.926744244402e-02
 5.496714797907e+04  1.592635200000e+01  6.867399592642e-02
 5.496715903497e+04  1.594212300000e+01  6.893113659580e-02
 5.496717008808e+04  1.590477900000e+01  6.857974715297e-02
 5.496718106294e+04  1.598015000000e+01  6.961649961002e-02
 5.515046648512e+04  1.518134100000e+01  6.101935775301e-02
 5.515047264007e+04  1.521730600000e+01  6.122506514075e-02
 5.515047864927e+04  1.528665300000e+01  6.175831864131e-02
 5.515048472174e+04  1.529000900000e+01  6.171780096533e-02
 5.529620305267e+04  1.552012300000e+01  6.354445220319e-02
 5.529620872843e+04  1.552532000000e+01  6.358610518708e-02
 5.529621435069e+04  1.552923000000e+01  6.361212557615e-02
 5.529622007575e+04  1.556119900000e+01  6.393190816096e-02
 5.553152242147e+04  1.592211700000e+01  7.432099317226e-02
 5.553152792140e+04  1.593219200000e+01  7.446237919530e-02
 5.553153066552e+04  1.592776300000e+01  7.441222500287e-02
 5.553949942115e+04  1.515585400000e+01  6.094521653235e-02
 5.553950951300e+04  1.517849000000e+01  6.124619475450e-02
 5.553951464221e+04  1.520208700000e+01  6.170504408266e-02
 5.555937156611e+04  1.593332500000e+01  6.853779511685e-02
 5.555938554598e+04  1.593992000000e+01  6.854909262781e-02
 5.523635343795e+04  1.536644100000e+01  6.286579669941e-02
 5.520340043741e+04  1.589955400000e+01  6.759479776596e-02
 5.520340499481e+04  1.588916900000e+01  6.729575486364e-02
 5.520340953743e+04  1.592152400000e+01  6.758002637543e-02
 5.520341409160e+04  1.588083900000e+01  6.712372025299e-02
 5.525931380699e+04  1.592478900000e+01  6.746765599477e-02
 5.525931957534e+04  1.584130200000e+01  6.655170140647e-02
 5.525932536297e+04  1.568083800000e+01  6.479972584809e-02
 5.525933117553e+04  1.550950400000e+01  6.313065591217e-02
 5.526722024417e+04  1.557649500000e+01  6.410244037875e-02
 5.526722600544e+04  1.558166100000e+01  6.411430742254e-02
 5.526723404198e+04  1.559341100000e+01  6.430570574225e-02
 5.526723980058e+04  1.561461800000e+01  6.454515654756e-02
 5.532617620419e+04  1.596051100000e+01  6.887382896072e-02
 5.532618362436e+04  1.602496400000e+01  6.976123829414e-02
 5.532619109966e+04  1.601771800000e+01  6.973546766785e-02
 5.532619855872e+04  1.606605600000e+01  7.041683113847e-02
 5.533216274678e+04  1.572676000000e+01  6.598198837091e-02
 5.533216732192e+04  1.560078900000e+01  6.464656652519e-02
 5.533217190154e+04  1.545890800000e+01  6.327577977365e-02
 5.533217650848e+04  1.535791400000e+01  6.240465141273e-02
 5.534118524579e+04  1.543423600000e+01  6.775412760775e-02
 5.534119191122e+04  1.546071300000e+01  6.820063565710e-02
 5.534119669803e+04  1.542771800000e+01  6.785292595008e-02
 5.534120130429e+04  1.541705000000e+01  6.775450211812e-02
 5.551049112963e+04  1.517692500000e+01  6.094825722438e-02
 5.551050166177e+04  1.519147600000e+01  6.100353972940e-02
 5.551050694895e+04  1.522544600000e+01  6.125022464072e-02
 5.559635624308e+04  1.521276200000e+01  5.885648303459e-02
 5.559636844553e+04  1.529317800000e+01  5.939959965624e-02
 5.559638067791e+04  1.532253600000e+01  5.958454841308e-02
 5.559639288569e+04  1.540125000000e+01  6.014227040265e-02
 5.561528903921e+04  1.515503800000e+01  6.077956554734e-02
 5.561529657086e+04  1.518155800000e+01  6.099302181224e-02
 5.561530403028e+04  1.522037600000e+01  6.127624741473e-02
 5.561531156365e+04  1.526568800000e+01  6.163579200657e-02
 5.557439113323e+04  1.498372300000e+01  5.950098571780e-02
 5.557439696612e+04  1.498973600000e+01  5.945747545886e-02
 5.557440281352e+04  1.499881600000e+01  5.955560211431e-02
 5.557440864912e+04  1.502692500000e+01  5.971924156183e-02
 5.558552147022e+04  1.597311600000e+01  6.929859683719e-02
 5.558552854581e+04  1.598823400000e+01  6.965518057014e-02
 5.558553562292e+04  1.599504700000e+01  6.980914975292e-02
 5.558554275964e+04  1.600933500000e+01  7.007817099435e-02
 5.562127542410e+04  1.543825900000e+01  5.879992682231e-02
 5.562128353795e+04  1.545928500000e+01  5.895631339376e-02
 5.562129162493e+04  1.548673200000e+01  5.911890072288e-02
 5.562129966529e+04  1.550481700000e+01  5.942215677411e-02
 5.563125428502e+04  1.502348700000e+01  6.020462548206e-02
 5.563126116712e+04  1.503799000000e+01  6.031705027798e-02
 5.563126804339e+04  1.508367200000e+01  6.065223127071e-02
 5.563127497973e+04  1.513290600000e+01  6.101141046761e-02
 5.564417165005e+04  1.603627300000e+01  7.012700675253e-02
 5.564417681870e+04  1.600841200000e+01  6.978467907987e-02
 5.564418196910e+04  1.604477900000e+01  7.024732132397e-02
 5.564418712977e+04  1.603314900000e+01  7.010024412104e-02
 5.568813275491e+04  1.516691400000e+01  6.152655690139e-02
 5.568813842951e+04  1.521472800000e+01  6.194936371660e-02
 5.568814407146e+04  1.524444700000e+01  6.223878684846e-02
 5.568814981667e+04  1.524935900000e+01  6.228545218735e-02
 5.585052555471e+04  1.563095800000e+01  1.018291072625e-01
 5.585052661448e+04  1.581198600000e+01  1.069868323409e-01
 5.585052780007e+04  1.565613200000e+01  1.032882833825e-01
 5.585052898093e+04  1.557404800000e+01  1.035746372749e-01
 5.585052555471e+04  1.548024200000e+01  9.997325985546e-02
 5.585052661448e+04  1.584534700000e+01  1.131836404192e-01
 5.585052780007e+04  1.559623800000e+01  1.047445938365e-01
 5.585052898093e+04  1.587561900000e+01  1.185621152728e-01
 5.588749531672e+04  1.597000600000e+01  6.827374474248e-02
 5.588750385821e+04  1.592447400000e+01  6.769788791755e-02
 5.588751248670e+04  1.591414700000e+01  6.752859380527e-02
 5.588752107567e+04  1.598729200000e+01  6.842885648398e-02
 5.592447693457e+04  1.549824100000e+01  6.334230273483e-02
 5.592448436030e+04  1.553057800000e+01  6.361923618078e-02
 5.592449175583e+04  1.551504800000e+01  6.349115078260e-02
 5.592449920331e+04  1.556792500000e+01  6.401033324136e-02
 5.594444753522e+04  1.565600100000e+01  6.473826006401e-02
 5.594445521213e+04  1.542220500000e+01  6.261741956859e-02
 5.594446298637e+04  1.524935800000e+01  6.118862914018e-02
 5.594447060843e+04  1.509365800000e+01  6.003773610462e-02
 5.597630267481e+04  1.594222500000e+01  6.496107784377e-02
 5.597631089420e+04  1.594587200000e+01  6.499493919259e-02
 5.597631907993e+04  1.593870100000e+01  6.492203384081e-02
 5.597632779277e+04  1.591404300000e+01  6.434278396797e-02
 5.597830937287e+04  1.529135100000e+01  6.277753143166e-02
 5.597831275073e+04  1.532615200000e+01  6.341571600627e-02
 5.597831615726e+04  1.532909800000e+01  6.352698499375e-02
 5.597831956819e+04  1.538265000000e+01  6.520814213368e-02
 5.598424366185e+04  1.535014700000e+01  6.231988735493e-02
 5.598424934755e+04  1.537402400000e+01  6.249566798029e-02
 5.598425503315e+04  1.539245600000e+01  6.264086281041e-02
 5.598426069619e+04  1.541116700000e+01  6.279173277385e-02
 5.600025685882e+04  1.544981600000e+01  6.314840518173e-02
 5.600026130372e+04  1.543610100000e+01  6.303714510607e-02
 5.600026586483e+04  1.545983300000e+01  6.324618661750e-02
 5.600027042593e+04  1.549417400000e+01  6.355725734560e-02
 5.601115843343e+04  1.590645400000e+01  6.818120102791e-02
 5.601116407873e+04  1.596344100000e+01  6.887156268547e-02
 5.601116976134e+04  1.593891700000e+01  6.855978227081e-02
 5.601117537285e+04  1.595497500000e+01  6.873999158378e-02
 5.603014359164e+04  1.597447500000e+01  6.943863771665e-02
 5.603014919397e+04  1.594370300000e+01  6.900495560696e-02
 5.603015482932e+04  1.592506400000e+01  6.874849159521e-02
 5.603016046559e+04  1.595527300000e+01  6.966941962443e-02
 5.604018037138e+04  1.597594300000e+01  7.007692561336e-02
 5.604018550485e+04  1.590803900000e+01  6.943898418222e-02
 5.604019059650e+04  1.599012000000e+01  7.043251129567e-02
 5.604019568021e+04  1.593877500000e+01  6.975283931439e-02
 5.622748530144e+04  1.594259400000e+01  7.281117594113e-02
 5.622749245714e+04  1.589016800000e+01  7.191589428109e-02
 5.622749952567e+04  1.575525600000e+01  6.994064892510e-02
 5.622750668597e+04  1.549180300000e+01  6.662760547836e-02
