# time mag mag_err
 5.372936566104e+04  1.621274500000e+01  7.248746173238e-02
 5.372937444979e+04  1.623721100000e+01  7.258680422219e-02
 5.372938325903e+04  1.623390700000e+01  7.256946877452e-02
 5.372939193885e+04  1.627776800000e+01  7.314214131174e-02
 5.352816228568e+04  1.610519100000e+01  7.154369674054e-02
 5.352816878252e+04  1.602528300000e+01  7.052966810318e-02
 5.352817529882e+04  1.605706700000e+01  7.107426278515e-02
 5.352818179058e+04  1.615255000000e+01  7.256669101953e-02
 5.349726674234e+04  1.540352100000e+01  6.331159628748e-02
 5.349727306059e+04  1.543644700000e+01  6.370892192772e-02
 5.349727932479e+04  1.547398200000e+01  6.416065955368e-02
 5.349728564259e+04  1.549032600000e+01  6.441690092301e-02
 5.368747038172e+04  1.534158200000e+01  6.264358854825e-02
 5.368748109870e+04  1.524713700000e+01  6.176519991662e-02
 5.368749179101e+04  1.526581200000e+01  6.180193095694e-02
 5.368750244443e+04  1.531251600000e+01  6.220457749105e-02
 5.370440870288e+04  1.629466400000e+01  7.461669798570e-02
 5.370441624145e+04  1.632062900000e+01  7.494299231528e-02
 5.370442373811e+04  1.633686700000e+01  7.507649019418e-02
 5.370443133421e+04  1.628610100000e+01  7.408560896800e-02
 5.367449952796e+04  1.558203000000e+01  6.496259903893e-02
 5.367450223690e+04  1.556468600000e+01  6.479923202855e-02
 5.367450492894e+04  1.560375900000e+01  6.516729050314e-02
 5.367450761922e+04  1.558615900000e+01  6.496456386936e-02
 5.384320319678e+04  1.569176800000e+01  6.686393766416e-02
 5.384321127797e+04  1.571012600000e+01  6.712268471414e-02
 5.384321931656e+04  1.571822100000e+01  6.722090484927e-02
 5.384322738329e+04  1.573955500000e+01  6.750858994414e-02
 5.408541174329e+04  1.622108200000e+01  7.644205829132e-02
 5.408542176057e+04  1.619948100000e+01  7.506166631179e-02
 5.408543183653e+04  1.623155400000e+01  7.276522010363e-02
 5.408544634940e+04  1.622533700000e+01  7.163343866618e-02
 5.409633877128e+04  1.607903200000e+01  7.000129398875e-02
 5.409634835949e+04  1.582509500000e+01  6.663325380966e-02
 5.409635795384e+04  1.560870200000e+01  6.428993066247e-02
 5.409636752515e+04  1.535498200000e+01  6.213186621489e-02
 5.377336134536e+04  1.571708200000e+01  6.613518481965e-02
 5.377336889586e+04  1.570848300000e+01  6.605143190927e-02
 5.377337647019e+04  1.575417300000e+01  6.656648278704e-02
 5.377338403341e+04  1.577151100000e+01  6.674616849355e-02
 5.378623923910e+04  1.627460800000e+01  7.553549001796e-02
 5.378624694654e+04  1.612434200000e+01  7.125524003743e-02
 5.378625466289e+04  1.599759700000e+01  6.927986621845e-02
 5.378626237473e+04  1.579190700000e+01  6.677286188893e-02
 5.374340521163e+04  1.613190800000e+01  7.132715509277e-02
 5.374341063736e+04  1.612073600000e+01  7.114869526832e-02
 5.374341611738e+04  1.612416600000e+01  7.125168742743e-02
 5.374342159716e+04  1.616745300000e+01  7.186202549121e-02
 5.375832168928e+04  1.622141300000e+01  7.278190635696e-02
 5.375832867030e+04  1.618908600000e+01  7.218396898125e-02
 5.375833564958e+04  1.619837300000e+01  7.230847783064e-02
 5.375834265942e+04  1.621200800000e+01  7.247192062480e-02
 5.390518448015e+04  1.584568900000e+01  1.281046005742e-01
 5.390518551690e+04  1.589456200000e+01  1.309460742299e-01
 5.390518656243e+04  1.581525800000e+01  1.270720674715e-01
 5.390518764316e+04  1.578357200000e+01  1.256261760379e-01
 5.379730208360e+04  1.594139900000e+01  1.178955978446e-01
 5.379730232354e+04  1.600596500000e+01  1.236746051350e-01
 5.379730260515e+04  1.594942800000e+01  1.200987025351e-01
 5.379730284185e+04  1.597270100000e+01  1.208456493482e-01
 5.381720318841e+04  1.605270000000e+01  7.036635516091e-02
 5.381721188132e+04  1.599825600000e+01  6.973163844935e-02
 5.381722046288e+04  1.606083500000e+01  7.084382853688e-02
 5.381722906111e+04  1.609847500000e+01  7.166904443042e-02
 5.386017505185e+04  1.539022100000e+01  6.362979166302e-02
 5.386018304103e+04  1.549411800000e+01  6.466046763177e-02
 5.386019102603e+04  1.552814200000e+01  6.502756651956e-02
 5.386019904448e+04  1.555138200000e+01  6.531128068215e-02
 5.387417861957e+04  1.622937100000e+01  7.503000163717e-02
 5.387418556784e+04  1.616163700000e+01  7.401493054047e-02
 5.387419249689e+04  1.620723300000e+01  7.484461979019e-02
 5.387419948161e+04  1.622210200000e+01  7.518715440819e-02
 5.388118837397e+04  1.543213300000e+01  6.415278004961e-02
 5.388119816787e+04  1.547180000000e+01  6.463739661641e-02
 5.388120794255e+04  1.550786200000e+01  6.505540517678e-02
 5.388121775981e+04  1.556990600000e+01  6.581767345634e-02
 5.405049079801e+04  1.562091300000e+01  6.611698729726e-02
 5.405049954983e+04  1.571624300000e+01  6.713520506487e-02
 5.405050837029e+04  1.572814700000e+01  6.725516205244e-02
 5.405051712733e+04  1.573809500000e+01  6.728701881257e-02
 5.406644641192e+04  1.582310200000e+01  6.434572141338e-02
 5.406645697564e+04  1.586414300000e+01  6.467191343565e-02
 5.406646903249e+04  1.589265900000e+01  6.489569524513e-02
 5.406647952572e+04  1.592237300000e+01  6.518083596921e-02
 5.402850034964e+04  1.609162600000e+01  6.986303872724e-02
 5.402850851660e+04  1.612805400000e+01  7.015912939500e-02
 5.402851671260e+04  1.619699700000e+01  7.090652834588e-02
 5.402852480329e+04  1.622374800000e+01  7.064688263544e-02
 5.419719440998e+04  1.612537100000e+01  7.074508261065e-02
 5.419720083403e+04  1.612832900000e+01  7.079276580035e-02
 5.419720728700e+04  1.616670500000e+01  7.133331666533e-02
 5.419721370527e+04  1.616368600000e+01  7.129669352204e-02
 5.443846464198e+04  1.591871200000e+01  6.719995443945e-02
 5.443847178862e+04  1.591348500000e+01  6.706613124462e-02
 5.443847891259e+04  1.592697400000e+01  6.722134193945e-02
 5.443848601041e+04  1.598254300000e+01  6.787937175325e-02
 5.444843006262e+04  1.630914100000e+01  8.226782698485e-02
 5.444843546336e+04  1.627871600000e+01  7.194646495795e-02
 5.444844084580e+04  1.624674800000e+01  7.122869959712e-02
 5.444844623912e+04  1.615538400000e+01  6.997442486284e-02
 5.445447025882e+04  1.614431800000e+01  7.003741578198e-02
 5.445447621964e+04  1.613030600000e+01  6.979407318195e-02
 5.445448214922e+04  1.612521300000e+01  6.973307435144e-02
 5.445448815554e+04  1.616299700000e+01  6.970476434340e-02
 5.446547897102e+04  1.620478900000e+01  7.086014293487e-02
 5.446548608376e+04  1.607094700000e+01  6.915997133148e-02
 5.446549316293e+04  1.587948300000e+01  6.673510907701e-02
 5.446550021664e+04  1.571424500000e+01  6.492871511828e-02
 5.413925107664e+04  1.612709000000e+01  7.820342382881e-02
 5.413925814250e+04  1.608916100000e+01  7.517112539276e-02
 5.413926524193e+04  1.611025100000e+01  7.498640845220e-02
 5.413927232689e+04  1.612199000000e+01  7.251585749559e-02
 5.412440277500e+04  1.593698400000e+01  6.752422502451e-02
 5.412441118399e+04  1.594541000000e+01  6.760794179171e-02
 5.412441955084e+04  1.596425100000e+01  6.785834024800e-02
 5.412442797638e+04  1.597146500000e+01  6.795954270598e-02
 5.426914851866e+04  1.566196000000e+01  7.651799730484e-02
 5.426915183097e+04  1.564700100000e+01  7.666804138921e-02
 5.426915508819e+04  1.565437500000e+01  7.712509951818e-02
 5.426915837690e+04  1.564881100000e+01  7.699576570865e-02
 5.416823444074e+04  1.615344100000e+01  7.054489182440e-02
 5.416824257841e+04  1.612324500000e+01  7.004163201925e-02
 5.416825068726e+04  1.613823900000e+01  7.028091164507e-02
 5.416825877273e+04  1.611831800000e+01  6.993403279451e-02
 5.422723074522e+04  1.603431200000e+01  6.975451774676e-02
 5.422724051353e+04  1.603705500000e+01  6.992986875788e-02
 5.422725024654e+04  1.607602900000e+01  7.050884231526e-02
 5.422725998661e+04  1.607643300000e+01  7.073890420487e-02
 5.424118270248e+04  1.550290800000e+01  6.437678181774e-02
 5.424119184194e+04  1.531694600000e+01  6.267157644679e-02
 5.424120099541e+04  1.523307200000e+01  6.197500872437e-02
 5.424121015778e+04  1.526668500000e+01  6.256450600632e-02
 5.442344073206e+04  1.633486500000e+01  7.326571982764e-02
 5.442345009862e+04  1.629520300000e+01  7.256848745512e-02
 5.442345938218e+04  1.613282000000e+01  7.021537924709e-02
 5.442346879411e+04  1.593421900000e+01  6.758378506003e-02
 5.439248778545e+04  1.597124800000e+01  6.906882388820e-02
 5.439249210870e+04  1.595476800000e+01  6.878258079440e-02
 5.439249647512e+04  1.598164000000e+01  6.894637026635e-02
 5.439250084686e+04  1.605738900000e+01  6.988688141331e-02
 5.456815033677e+04  1.609750400000e+01  6.980311593733e-02
 5.456815528076e+04  1.619357300000e+01  7.113423719188e-02
 5.456816024583e+04  1.616029700000e+01  7.064874226806e-02
 5.456816520499e+04  1.615813600000e+01  7.058993003942e-02
 5.458022271991e+04  1.564293400000e+01  6.457852308565e-02
 5.458022916120e+04  1.550183000000e+01  6.314982369531e-02
 5.458023558514e+04  1.537087400000e+01  6.214921092583e-02
 5.458024200709e+04  1.528455500000e+01  6.146512344925e-02
 5.482940917431e+04  1.613790000000e+01  6.983187478130e-02
 5.482941644503e+04  1.617776300000e+01  7.037073218810e-02
 5.482942377237e+04  1.618556000000e+01  7.045796811625e-02
 5.482943108095e+04  1.616787000000e+01  7.017322087893e-02
 5.450437301867e+04  1.601457100000e+01  6.355766308128e-02
 5.450438176263e+04  1.602539200000e+01  6.365157344181e-02
 5.450439050103e+04  1.601550100000e+01  6.356953062566e-02
 5.450439922368e+04  1.605300600000e+01  6.394345210583e-02
 5.447548700407e+04  1.613912900000e+01  6.991054707396e-02
 5.447549355787e+04  1.614613000000e+01  6.998908220395e-02
 5.447550007833e+04  1.617256000000e+01  7.041851411127e-02
 5.447550662045e+04  1.616153300000e+01  7.030503881181e-02
 5.462315684759e+04  1.621556400000e+01  6.745682530396e-02
 5.462316412944e+04  1.610057100000e+01  6.655984755659e-02
 5.462317145457e+04  1.617093300000e+01  6.743008541662e-02
 5.462317875817e+04  1.611125900000e+01  6.683882024279e-02
 5.463116328308e+04  1.622986100000e+01  8.078104951496e-02
 5.463116912238e+04  1.619398600000e+01  8.024706597361e-02
 5.463117503749e+04  1.627137700000e+01  8.235078888994e-02
 5.463118091093e+04  1.621730200000e+01  8.130503248731e-02
 5.454922639220e+04  1.600026700000e+01  6.873510851564e-02
 5.454923304439e+04  1.599304100000e+01  6.861794195844e-02
 5.454923966728e+04  1.603855000000e+01  6.916936570368e-02
 5.454924633683e+04  1.601261200000e+01  6.884118472991e-02
 5.459418652843e+04  1.612863200000e+01  7.050518029444e-02
 5.459419297019e+04  1.614567500000e+01  7.079371153198e-02
 5.459419938313e+04  1.612042600000e+01  7.052416206794e-02
 5.459420581064e+04  1.614743000000e+01  7.091035872011e-02
 5.477150054017e+04  1.614768100000e+01  7.056448604364e-02
 5.477150596174e+04  1.619794700000e+01  7.119997581889e-02
 5.477151151549e+04  1.624678100000e+01  7.126320233272e-02
 5.477151702282e+04  1.617121700000e+01  7.069123916649e-02
 5.494424355046e+04  1.601962600000e+01  6.940035846020e-02
 5.494425019132e+04  1.603392300000e+01  7.395880853712e-02
 5.495023440670e+04  1.607916800000e+01  7.031923896077e-02
 5.495024095045e+04  1.609572400000e+01  7.062472025005e-02
 5.495024743271e+04  1.607964600000e+01  7.049341895076e-02
 5.495025397252e+04  1.612646800000e+01  7.119941018143e-02
 5.487834680100e+04  1.624920900000e+01  7.117246854747e-02
 5.487835353247e+04  1.616202200000e+01  7.093351453529e-02
 5.487836012966e+04  1.603714500000e+01  6.832894726014e-02
 5.487836678590e+04  1.591060700000e+01  6.784362396478e-02
 5.488828342722e+04  1.599801200000e+01  6.054670961300e-02
 5.488829382981e+04  1.601881100000e+01  6.071226550873e-02
 5.488830420672e+04  1.605300400000e+01  6.095842834634e-02
 5.488831469058e+04  1.607663500000e+01  6.113357194106e-02
 5.490523470243e+04  1.575451100000e+01  6.552883608721e-02
 5.490524015235e+04  1.578373200000e+01  6.580976373512e-02
 5.490524558341e+04  1.582996900000e+01  6.631329153276e-02
 5.490525106771e+04  1.581417100000e+01  6.614520574482e-02
 5.515046709683e+04  1.532616300000e+01  6.220481799230e-02
 5.515047324449e+04  1.534250200000e+01  6.223163018520e-02
 5.515047925567e+04  1.535991700000e+01  6.239222564289e-02
 5.515048533358e+04  1.540208400000e+01  6.268786925468e-02
 5.512850993198e+04  1.597249000000e+01  7.565713561892e-02
 5.512851231082e+04  1.597017800000e+01  7.556298751836e-02
 5.512851484463e+04  1.598572400000e+01  7.572789228212e-02
 5.512851735737e+04  1.603234800000e+01  7.649088573367e-02
 5.529127104203e+04  1.533123500000e+01  6.219287684107e-02
 5.529127733759e+04  1.525934300000e+01  6.157152844308e-02
 5.529128367182e+04  1.522820200000e+01  6.136050522183e-02
 5.529129012248e+04  1.525259600000e+01  6.163726565105e-02
 5.530124480862e+04  1.614302600000e+01  7.113858577341e-02
 5.530125176373e+04  1.616554600000e+01  7.111154294965e-02
 5.530125862390e+04  1.612535900000e+01  7.061226947730e-02
 5.530126556432e+04  1.615084400000e+01  7.101122317464e-02
 5.553152288804e+04  1.520035200000e+01  6.489155495641e-02
 5.553152836147e+04  1.524901100000e+01  6.536789376155e-02
 5.553153112064e+04  1.525872200000e+01  6.547866487987e-02
 5.554049090566e+04  1.620587800000e+01  7.198082265031e-02
 5.554050482663e+04  1.629337300000e+01  7.323664745744e-02
 5.554051175640e+04  1.630816600000e+01  7.342357620869e-02
 5.555937272473e+04  1.533506900000e+01  6.228764388592e-02
 5.555938672604e+04  1.540914800000e+01  6.287097596163e-02
 5.523635401403e+04  1.584822200000e+01  6.791777386999e-02
 5.520341893519e+04  1.583056200000e+01  6.651063286147e-02
 5.520342344398e+04  1.582221500000e+01  6.644734044179e-02
 5.520342807425e+04  1.587727200000e+01  6.703093827622e-02
 5.520343269890e+04  1.587656600000e+01  6.698074549033e-02
 5.525931326206e+04  1.624660100000e+01  7.169747902624e-02
 5.525931898514e+04  1.616604300000e+01  7.059798667605e-02
 5.525932478645e+04  1.619115100000e+01  7.092679421719e-02
 5.525933059808e+04  1.615598800000e+01  7.046421351913e-02
 5.526722081444e+04  1.619510700000e+01  7.140830611455e-02
 5.526722658175e+04  1.617614500000e+01  7.113283469004e-02
 5.526723461458e+04  1.618222900000e+01  7.132873182712e-02
 5.526724038823e+04  1.618561600000e+01  7.141076355987e-02
 5.534118467875e+04  1.632702200000e+01  8.207171521785e-02
 5.534119134186e+04  1.622854200000e+01  8.015625781116e-02
 5.534119621166e+04  1.624413900000e+01  8.059715871256e-02
 5.534120083784e+04  1.631241000000e+01  8.213814536470e-02
 5.551049054267e+04  1.540634400000e+01  6.281198665636e-02
 5.551050109102e+04  1.524804000000e+01  6.141648722162e-02
 5.551050636987e+04  1.520694400000e+01  6.111518047487e-02
 5.559635556006e+04  1.561497600000e+01  6.178223985526e-02
 5.559636775325e+04  1.566005500000e+01  6.214375234729e-02
 5.559637997741e+04  1.570158400000e+01  6.249853463880e-02
 5.559639218705e+04  1.573447000000e+01  6.278094503691e-02
 5.561536634277e+04  1.615100400000e+01  7.155822572321e-02
 5.561537441330e+04  1.616047300000e+01  7.171299687827e-02
 5.561538251014e+04  1.618665700000e+01  7.225186828713e-02
 5.561539063476e+04  1.617967300000e+01  7.218302621865e-02
 5.561843013213e+04  1.590638000000e+01  1.061064047610e-01
 5.561843169169e+04  1.548630200000e+01  8.201042611491e-02
 5.561843331723e+04  1.548716000000e+01  8.076112631948e-02
 5.561843489914e+04  1.526420200000e+01  7.690377394160e-02
 5.557439170686e+04  1.614834000000e+01  7.117979461543e-02
 5.557439754612e+04  1.612390600000e+01  7.066563688723e-02
 5.557440339583e+04  1.611862600000e+01  7.068576641680e-02
 5.557440922380e+04  1.612864400000e+01  7.071771813647e-02
 5.558552382115e+04  1.545967700000e+01  6.354632371860e-02
 5.558553090310e+04  1.549120600000e+01  6.392905212412e-02
 5.558553799919e+04  1.554622900000e+01  6.447982363525e-02
 5.558554510605e+04  1.558126600000e+01  6.493211992041e-02
 5.562430821837e+04  1.598582400000e+01  6.587278800297e-02
 5.562431784296e+04  1.601780400000e+01  6.619264059890e-02
 5.562432752448e+04  1.604436900000e+01  6.656696237692e-02
 5.562433722968e+04  1.606228500000e+01  6.682107347168e-02
 5.563125371752e+04  1.613201500000e+01  7.187903552801e-02
 5.563126059449e+04  1.613417200000e+01  7.185868908951e-02
 5.563126747032e+04  1.615616100000e+01  7.218962137906e-02
 5.563127440157e+04  1.617584700000e+01  7.247742118353e-02
 5.564517122204e+04  1.553184900000e+01  6.459952658329e-02
 5.564517694616e+04  1.555118100000e+01  6.476396860551e-02
 5.564518268199e+04  1.556991400000e+01  6.488265853188e-02
 5.564518846598e+04  1.561460700000e+01  6.535510725482e-02
 5.568813671171e+04  1.624928100000e+01  7.411283425320e-02
 5.568814237068e+04  1.625658500000e+01  7.432721955548e-02
 5.568814808939e+04  1.625276300000e+01  7.427286786963e-02
 5.568815378388e+04  1.630698100000e+01  7.513220488612e-02
 5.561843013213e+04  1.587736000000e+01  1.076448220443e-01
 5.561843169169e+04  1.543716000000e+01  8.199746087072e-02
 5.561843331723e+04  1.546957800000e+01  8.143897991202e-02
 5.561843489914e+04  1.525810600000e+01  7.763972778115e-02
 5.588749477687e+04  1.626067700000e+01  7.223118001437e-02
 5.588750328874e+04  1.627645000000e+01  7.242721567649e-02
 5.588751190067e+04  1.634861500000e+01  7.350730702880e-02
 5.588752053212e+04  1.635420500000e+01  7.360080144945e-02
 5.592447750578e+04  1.594461900000e+01  6.809100137224e-02
 5.592448491184e+04  1.572771800000e+01  6.561708083620e-02
 5.592449232796e+04  1.559356800000e+01  6.423559283041e-02
 5.592449975762e+04  1.539530300000e+01  6.243842527349e-02
 5.594445033770e+04  1.550619600000e+01  6.333195229671e-02
 5.594445809168e+04  1.551312300000e+01  6.344154962098e-02
 5.594446577725e+04  1.554372800000e+01  6.373229617885e-02
 5.594447346817e+04  1.560130300000e+01  6.420133360100e-02
 5.598424311054e+04  1.561250200000e+01  6.476169468803e-02
 5.598424877345e+04  1.564068900000e+01  6.498908133570e-02
 5.598425448660e+04  1.566152000000e+01  6.523305203899e-02
 5.598426012414e+04  1.567376400000e+01  6.532565733602e-02
 5.600025629652e+04  1.596097100000e+01  6.859443987971e-02
 5.600026075959e+04  1.596681600000e+01  6.870068911334e-02
 5.600026528667e+04  1.597255700000e+01  6.876519896255e-02
 5.600026986201e+04  1.601122600000e+01  6.922234941511e-02
 5.603014303200e+04  1.522523500000e+01  6.160916934716e-02
 5.603014865089e+04  1.523888200000e+01  6.171356966630e-02
 5.603015425603e+04  1.524119900000e+01  6.170861316082e-02
 5.603015990041e+04  1.524919100000e+01  6.191459071581e-02
 5.604018093263e+04  1.622159800000e+01  7.365735347674e-02
 5.604018606865e+04  1.624740200000e+01  7.419110234560e-02
 5.604019116888e+04  1.622122600000e+01  7.372963607119e-02
 5.604019625304e+04  1.618645700000e+01  7.328134018218e-02
 5.622651081072e+04  1.617854300000e+01  7.642504282963e-02
 5.622651232017e+04  1.621183600000e+01  7.704104255546e-02
 5.622651385149e+04  1.624644600000e+01  7.753497431624e-02
 5.622651539857e+04  1.617937300000e+01  7.633940796037e-02
