# time mag mag_err
 5.371441217275e+04  1.531729500000e+01  6.030080598008e-02
 5.371442018843e+04  1.530932800000e+01  6.021042401231e-02
 5.371442813697e+04  1.531664300000e+01  6.025211386467e-02
 5.371443608424e+04  1.531902900000e+01  6.025346934418e-02
 5.353118638941e+04  1.538302500000e+01  6.296588385243e-02
 5.353119367184e+04  1.539345500000e+01  6.304865915630e-02
 5.353120098111e+04  1.540579500000e+01  6.320565528601e-02
 5.353120826318e+04  1.544893500000e+01  6.368248134898e-02
 5.382819559792e+04  1.502004400000e+01  5.971055251290e-02
 5.382819885838e+04  1.497864700000e+01  6.029656225837e-02
 5.376934757620e+04  1.477587500000e+01  6.135839467655e-02
 5.376935569096e+04  1.479080200000e+01  6.112225576137e-02
 5.376936442184e+04  1.479652300000e+01  6.588033466557e-02
 5.376937261310e+04  1.483847300000e+01  6.390030067227e-02
 5.374531346983e+04  1.490804800000e+01  5.792922575293e-02
 5.374532345539e+04  1.491114000000e+01  5.793235028460e-02
 5.374533339247e+04  1.493786500000e+01  5.806864427652e-02
 5.374534329157e+04  1.494640500000e+01  5.809592394731e-02
 5.390121007940e+04  1.534210500000e+01  1.095119411888e-01
 5.390121109264e+04  1.512718200000e+01  1.004857915661e-01
 5.390121208968e+04  1.517503400000e+01  9.956997417052e-02
 5.390121309321e+04  1.515425500000e+01  9.742468158717e-02
 5.379925788501e+04  1.539056900000e+01  6.092348322429e-02
 5.379926444251e+04  1.538682300000e+01  6.085796228844e-02
 5.379927116345e+04  1.539044900000e+01  6.087551176300e-02
 5.379927784492e+04  1.539932800000e+01  6.094559238407e-02
 5.386626034243e+04  1.500652000000e+01  8.448205477737e-02
 5.386626116816e+04  1.506440000000e+01  8.600932096681e-02
 5.386626204969e+04  1.506400100000e+01  8.598878146930e-02
 5.386626288793e+04  1.505264800000e+01  8.570984638852e-02
 5.388420842728e+04  1.499519700000e+01  5.883466901693e-02
 5.388421500168e+04  1.502485800000e+01  5.903237394704e-02
 5.388422157249e+04  1.503663600000e+01  5.914329100965e-02
 5.388422814655e+04  1.504034700000e+01  5.918545327299e-02
 5.420215157384e+04  1.502134400000e+01  5.905782971509e-02
 5.420215704322e+04  1.503773700000e+01  5.856647570584e-02
 5.420216247392e+04  1.507828200000e+01  6.119034133593e-02
 5.420216792569e+04  1.541860500000e+01  9.424723643564e-02
 5.421318317802e+04  1.525529200000e+01  5.982757818027e-02
 5.421319119394e+04  1.523737100000e+01  5.970483309552e-02
 5.421319920035e+04  1.526423100000e+01  5.991053247350e-02
 5.421320720284e+04  1.528188900000e+01  6.004291277744e-02
 5.426716877529e+04  1.515009900000e+01  5.561079210309e-02
 5.426717498554e+04  1.516850500000e+01  5.570977039757e-02
 5.426718141561e+04  1.517040000000e+01  5.572738799594e-02
 5.426718762646e+04  1.518395900000e+01  5.582718382103e-02
 5.427815936449e+04  1.529497300000e+01  5.777898549090e-02
 5.427816542590e+04  1.528359500000e+01  5.770434135322e-02
 5.427817151660e+04  1.533109900000e+01  5.802264380480e-02
 5.427817761100e+04  1.530819200000e+01  5.791675350293e-02
 5.417225051833e+04  1.523626500000e+01  5.922735495215e-02
 5.417225487353e+04  1.523134700000e+01  5.917941353446e-02
 5.417225922248e+04  1.521618400000e+01  5.910411753186e-02
 5.417226364503e+04  1.525165400000e+01  5.931609310377e-02
 5.417833975863e+04  1.527995600000e+01  5.948355641467e-02
 5.417834632921e+04  1.527299700000e+01  5.945371071645e-02
 5.417835287747e+04  1.530720100000e+01  5.968195844995e-02
 5.417835959816e+04  1.531857700000e+01  5.974655128051e-02
 5.423826766782e+04  1.507392300000e+01  5.966938638910e-02
 5.423827262571e+04  1.510766000000e+01  5.984836518817e-02
 5.423827759760e+04  1.510278600000e+01  5.983103596439e-02
 5.423828256822e+04  1.512634400000e+01  6.005120772893e-02
 5.424619231363e+04  1.527462000000e+01  6.019444183529e-02
 5.424620149696e+04  1.525756100000e+01  6.011806334948e-02
 5.424621068156e+04  1.528046500000e+01  6.036562408483e-02
 5.424621989579e+04  1.527826800000e+01  6.042420359354e-02
 5.480348775108e+04  1.533258700000e+01  6.128627140095e-02
 5.480349219505e+04  1.532209400000e+01  6.122009460468e-02
 5.480349639433e+04  1.535163200000e+01  6.142044799778e-02
 5.480350074779e+04  1.530785100000e+01  6.109352896106e-02
 5.464214648882e+04  1.512220600000e+01  6.238189218315e-02
 5.464215033021e+04  1.513141400000e+01  6.266349138458e-02
 5.464215418133e+04  1.509197600000e+01  6.243750701751e-02
 5.464215803082e+04  1.507222300000e+01  6.239504002192e-02
 5.494724615007e+04  1.531750600000e+01  6.037062615112e-02
 5.494725223002e+04  1.523934000000e+01  5.983615375134e-02
 5.494725832500e+04  1.515640800000e+01  5.932024457541e-02
 5.494726439314e+04  1.504168200000e+01  5.862330761009e-02
 5.518439956016e+04  1.532075600000e+01  5.974810317836e-02
 5.518440775446e+04  1.528984400000e+01  5.953781310394e-02
 5.518441591076e+04  1.533319900000e+01  5.979209411891e-02
 5.518442402593e+04  1.533566700000e+01  5.981623573538e-02
 5.487542515419e+04  1.521866600000e+01  6.052491191699e-02
 5.487543008905e+04  1.524580300000e+01  6.074274572494e-02
 5.487543495155e+04  1.523105900000e+01  6.063032880152e-02
 5.487543975839e+04  1.525840000000e+01  6.083943263797e-02
 5.489024605677e+04  1.481121900000e+01  5.665457851711e-02
 5.489025389083e+04  1.478211400000e+01  5.942947681441e-02
 5.489026878590e+04  1.493149600000e+01  5.779871477816e-02
 5.485041253072e+04  1.538421500000e+01  6.237145490045e-02
 5.485041741418e+04  1.538886600000e+01  6.213178763201e-02
 5.485042233595e+04  1.539941100000e+01  6.181998342873e-02
 5.485042733978e+04  1.542187200000e+01  6.223359941075e-02
 5.486226457050e+04  1.524602700000e+01  5.917565285697e-02
 5.486227200616e+04  1.527985400000e+01  5.938583216460e-02
 5.486227940583e+04  1.527612100000e+01  5.934401991811e-02
 5.486228687970e+04  1.528698200000e+01  5.940179421538e-02
 5.498417153793e+04  1.512126100000e+01  6.461578913781e-02
 5.500515937067e+04  1.508980100000e+01  5.905545662049e-02
 5.500516608581e+04  1.509566700000e+01  5.919901157969e-02
 5.500517279927e+04  1.513160900000e+01  5.962107978200e-02
 5.500517986017e+04  1.510699800000e+01  5.934428534421e-02
 5.491218376235e+04  1.528315000000e+01  6.171079933864e-02
 5.491218866875e+04  1.527491500000e+01  6.173307744719e-02
 5.491221460781e+04  1.533867300000e+01  6.562071502910e-02
 5.491221949082e+04  1.505062600000e+01  6.515181436181e-02
 5.492024252411e+04  1.502087800000e+01  5.800055670220e-02
 5.492025192088e+04  1.500361600000e+01  5.788018436193e-02
 5.492025916591e+04  1.495872500000e+01  5.765365866122e-02
 5.492026624407e+04  1.494391300000e+01  5.756371554156e-02
 5.514346488324e+04  1.516975400000e+01  6.124396490286e-02
 5.514346922883e+04  1.520266700000e+01  6.147761640835e-02
 5.514347353922e+04  1.518116100000e+01  6.128398972010e-02
 5.514347781815e+04  1.520513600000e+01  6.144645877801e-02
 5.529832607971e+04  1.485340700000e+01  5.732356620658e-02
 5.529833183231e+04  1.487659300000e+01  5.744583528637e-02
 5.529833756837e+04  1.489687900000e+01  5.756725196111e-02
 5.529834329215e+04  1.489796200000e+01  5.758330063374e-02
 5.535716614725e+04  1.495443400000e+01  5.830452349247e-02
 5.535717125888e+04  1.490959200000e+01  5.821860919334e-02
 5.535717643251e+04  1.489604900000e+01  6.010943616022e-02
 5.535718160685e+04  1.488377200000e+01  5.939239761851e-02
 5.527230466087e+04  1.539073000000e+01  6.068034408489e-02
 5.527230942928e+04  1.536896900000e+01  6.018970575378e-02
 5.527231415461e+04  1.536701800000e+01  6.009652503881e-02
 5.527231885519e+04  1.540072700000e+01  6.033208230511e-02
 5.532720458469e+04  1.497168000000e+01  5.794829331817e-02
 5.532721098144e+04  1.498395900000e+01  5.801967974498e-02
 5.532721743719e+04  1.498202400000e+01  5.799241603217e-02
 5.532722371821e+04  1.499815100000e+01  5.809446875093e-02
 5.560328184045e+04  1.526762300000e+01  5.791330360388e-02
 5.560328800073e+04  1.525774900000e+01  5.786708707610e-02
 5.560329427569e+04  1.528592700000e+01  5.801744665224e-02
 5.560330053897e+04  1.530271000000e+01  5.810442387070e-02
 5.557734875899e+04  1.512840000000e+01  6.199642957357e-02
 5.557735609896e+04  1.512464600000e+01  6.191409801070e-02
 5.557736341679e+04  1.515416900000e+01  6.219906371347e-02
 5.557737075296e+04  1.516980300000e+01  6.232262425200e-02
 5.563237073830e+04  1.540222400000e+01  6.491882240793e-02
 5.563238375182e+04  1.533103900000e+01  6.228005793141e-02
 5.563238839883e+04  1.533684400000e+01  6.221322035351e-02
 5.563239302163e+04  1.530194500000e+01  6.165998935228e-02
 5.568716478104e+04  1.475326000000e+01  5.739207122863e-02
 5.568716987854e+04  1.476582400000e+01  5.754400247725e-02
 5.568717499350e+04  1.478670600000e+01  5.764538639069e-02
 5.568718013740e+04  1.478605300000e+01  5.767327193250e-02
 5.489030821067e+04  1.496381700000e+01  5.761441314604e-02
 5.489031654465e+04  1.496211600000e+01  5.748646120636e-02
 5.489032531464e+04  1.498998800000e+01  5.777582680796e-02
 5.489033328229e+04  1.501564700000e+01  5.890939652893e-02
 5.592742593281e+04  1.542430200000e+01  6.078462783107e-02
 5.592743412295e+04  1.541610500000e+01  6.073064476514e-02
 5.592744224978e+04  1.542610300000e+01  6.080091013315e-02
 5.592745036071e+04  1.545259300000e+01  6.098960563469e-02
 5.595844754231e+04  1.521702800000e+01  5.926208573519e-02
 5.595845341900e+04  1.520557800000e+01  5.918496362234e-02
 5.595845928255e+04  1.523400200000e+01  5.942542109662e-02
 5.595846514105e+04  1.524911900000e+01  5.948008824311e-02
 5.598919746683e+04  1.533336800000e+01  6.047265537584e-02
 5.598920258199e+04  1.533531800000e+01  6.046893473899e-02
 5.598920770898e+04  1.532531800000e+01  6.036323620302e-02
 5.598921282153e+04  1.532576800000e+01  6.035555314363e-02
 5.600931747889e+04  1.481358000000e+01  5.698117141566e-02
 5.600932368164e+04  1.484249600000e+01  5.715501642666e-02
 5.600932987524e+04  1.485508000000e+01  5.722113374469e-02
 5.600933608189e+04  1.487883600000e+01  5.735124106942e-02
 5.601928116633e+04  1.533844500000e+01  6.015162266320e-02
 5.601928905443e+04  1.535268400000e+01  6.022508727305e-02
 5.601929708529e+04  1.532831400000e+01  6.009484815822e-02
 5.601930506014e+04  1.531500200000e+01  6.002696136545e-02
 5.603920418150e+04  1.538083700000e+01  6.084769008673e-02
 5.603921138939e+04  1.541192700000e+01  6.107370792478e-02
 5.603921863571e+04  1.541244700000e+01  6.109194670024e-02
 5.603922585719e+04  1.539164800000e+01  6.095431358900e-02
 5.606724267191e+04  1.525243700000e+01  5.946390114520e-02
 5.606724938301e+04  1.526623400000e+01  5.956717627232e-02
 5.606725624277e+04  1.525731600000e+01  5.954107392726e-02
 5.606726310694e+04  1.528603000000e+01  5.974829690776e-02
 5.608917815248e+04  1.517355500000e+01  5.716174778813e-02
 5.608918418171e+04  1.509257000000e+01  5.674820784713e-02
 5.608919018771e+04  1.501234300000e+01  5.638425891628e-02
 5.608919624947e+04  1.500337700000e+01  5.634548292671e-02
