# time mag mag_err
 5.355229570258e+04  1.521413700000e+01  5.714235971632e-02
 5.355230645554e+04  1.524151300000e+01  5.737437374872e-02
 5.355231718872e+04  1.525769300000e+01  5.743184165479e-02
 5.355232803648e+04  1.533665600000e+01  5.882428262061e-02
 5.352630036010e+04  1.540399000000e+01  6.318620863736e-02
 5.352631161240e+04  1.540508200000e+01  6.319144538771e-02
 5.352632220170e+04  1.540898600000e+01  6.323072702072e-02
 5.352633253902e+04  1.540612900000e+01  6.323197364143e-02
 5.353427474958e+04  1.506274100000e+01  6.030538290426e-02
 5.353428458086e+04  1.507111400000e+01  6.036279216867e-02
 5.353429442661e+04  1.508973100000e+01  6.051790706408e-02
 5.353430422906e+04  1.510861300000e+01  6.066706594257e-02
 5.365610643749e+04  1.554135700000e+01  6.635029299168e-02
 5.365611080252e+04  1.549417700000e+01  6.594884330712e-02
 5.365611512715e+04  1.555583800000e+01  6.671957231050e-02
 5.365611945689e+04  1.549767500000e+01  6.615554325180e-02
 5.383429524194e+04  1.516455100000e+01  6.635254434835e-02
 5.383430300760e+04  1.521887800000e+01  6.687861489545e-02
 5.383431076066e+04  1.519410200000e+01  6.655465542019e-02
 5.383431848002e+04  1.519275600000e+01  6.647397986128e-02
 5.384832457078e+04  1.543379700000e+01  6.366971766326e-02
 5.384833171488e+04  1.540031700000e+01  6.365584711364e-02
 5.384833897497e+04  1.542051600000e+01  6.384234961802e-02
 5.384834625439e+04  1.540954500000e+01  6.372093586384e-02
 5.385446397087e+04  1.538708900000e+01  6.388498603528e-02
 5.385446996978e+04  1.540347300000e+01  6.405745306180e-02
 5.385447591625e+04  1.539928900000e+01  6.405871860985e-02
 5.385448189514e+04  1.538998600000e+01  6.396595421531e-02
 5.385530653383e+04  1.540214200000e+01  6.382951087767e-02
 5.385531428132e+04  1.541957000000e+01  6.369475467584e-02
 5.385532214873e+04  1.542182200000e+01  6.400160623958e-02
 5.385533041951e+04  1.543624600000e+01  6.414976470008e-02
 5.390143091862e+04  1.544977900000e+01  1.102357770952e-01
 5.390143195108e+04  1.526765300000e+01  1.034817033977e-01
 5.390143292809e+04  1.534918800000e+01  1.064375435243e-01
 5.390143395118e+04  1.541853100000e+01  1.090027425718e-01
 5.379643966900e+04  1.524523400000e+01  6.190002712058e-02
 5.379644713593e+04  1.527807200000e+01  6.213466744968e-02
 5.379645462137e+04  1.530372500000e+01  6.235244507833e-02
 5.379646213238e+04  1.528169900000e+01  6.216109574704e-02
 5.386234806617e+04  1.514006500000e+01  6.149038403862e-02
 5.386235750899e+04  1.506063100000e+01  6.085565380047e-02
 5.386236591867e+04  1.505757800000e+01  6.083747000702e-02
 5.386237405495e+04  1.501135400000e+01  6.050424340750e-02
 5.388337758747e+04  1.533516000000e+01  6.318906446459e-02
 5.388338481294e+04  1.533949200000e+01  6.324388000116e-02
 5.388339201897e+04  1.535014400000e+01  6.334230273483e-02
 5.388339921262e+04  1.536079200000e+01  6.346929283135e-02
 5.399414909506e+04  1.489646400000e+01  5.858074068011e-02
 5.399415391497e+04  1.491915400000e+01  5.875521414559e-02
 5.399415873373e+04  1.494517400000e+01  5.892032182606e-02
 5.399416354485e+04  1.492836600000e+01  5.885872451386e-02
 5.400312331088e+04  1.494018000000e+01  5.902901119029e-02
 5.400312965865e+04  1.496238100000e+01  5.918730515156e-02
 5.400313602991e+04  1.495428800000e+01  5.916854566854e-02
 5.400314237583e+04  1.497173500000e+01  5.932505914633e-02
 5.415735280708e+04  1.542383100000e+01  6.309550575824e-02
 5.415736263870e+04  1.537468900000e+01  6.260468170260e-02
 5.415737241535e+04  1.542977000000e+01  6.302741351774e-02
 5.415738219130e+04  1.548224600000e+01  6.346749598918e-02
 5.429528767662e+04  1.544869700000e+01  6.445422848699e-02
 5.429529315826e+04  1.550814400000e+01  6.557437740125e-02
 5.429529863179e+04  1.547103400000e+01  6.501400986538e-02
 5.429530410927e+04  1.549481200000e+01  6.512434845059e-02
 5.426133051792e+04  1.541687500000e+01  6.323513962108e-02
 5.426133871230e+04  1.539895600000e+01  6.306415466037e-02
 5.426134690958e+04  1.540697400000e+01  6.318701727494e-02
 5.426135502978e+04  1.542427300000e+01  6.335007796773e-02
 5.427330130096e+04  1.541589700000e+01  6.383242649802e-02
 5.427330793220e+04  1.532031400000e+01  6.302889500628e-02
 5.427331454340e+04  1.524171200000e+01  6.231874466003e-02
 5.427332115010e+04  1.513363100000e+01  6.147705911384e-02
 5.427928669126e+04  1.538760000000e+01  6.337562639943e-02
 5.427929334333e+04  1.543864800000e+01  6.385282191039e-02
 5.427929993833e+04  1.541508600000e+01  6.365713483655e-02
 5.427930655869e+04  1.544097100000e+01  6.399534131623e-02
 5.417746494593e+04  1.521712600000e+01  6.104241360521e-02
 5.417747430750e+04  1.514018500000e+01  6.044057211128e-02
 5.417748360437e+04  1.507025200000e+01  5.996279598795e-02
 5.417749344375e+04  1.503766900000e+01  5.971372753438e-02
 5.423142969098e+04  1.509014500000e+01  6.053780028079e-02
 5.423143622719e+04  1.508982200000e+01  6.055453791149e-02
 5.423144274209e+04  1.510952000000e+01  6.072617812931e-02
 5.423144924149e+04  1.510908600000e+01  6.074927473647e-02
 5.423936129085e+04  1.540064600000e+01  6.410288402445e-02
 5.423937120892e+04  1.541167300000e+01  6.416687062079e-02
 5.423938097677e+04  1.539275000000e+01  6.398799494594e-02
 5.423939065446e+04  1.540715600000e+01  6.412836659082e-02
 5.438508693008e+04  1.487291700000e+01  5.999456007409e-02
 5.438509177627e+04  1.486986300000e+01  5.999248513737e-02
 5.438509662605e+04  1.488953600000e+01  6.014923634484e-02
 5.438510147896e+04  1.489964000000e+01  6.025111074743e-02
 5.438908042960e+04  1.546008600000e+01  6.794444150011e-02
 5.438908426659e+04  1.546687600000e+01  6.804677391889e-02
 5.438908806157e+04  1.546818800000e+01  6.809482110737e-02
 5.438909186315e+04  1.551794100000e+01  6.801248189923e-02
 5.436312569334e+04  1.505464000000e+01  6.007981089895e-02
 5.436313274741e+04  1.506589600000e+01  6.019950363039e-02
 5.436313979370e+04  1.504803300000e+01  6.008409484260e-02
 5.436314684046e+04  1.509405000000e+01  6.045031852171e-02
 5.456845949601e+04  1.509861600000e+01  6.008127363006e-02
 5.456846509756e+04  1.506724300000e+01  5.985591211020e-02
 5.456847057654e+04  1.506188400000e+01  5.983172803600e-02
 5.456847606698e+04  1.503204500000e+01  5.960173165770e-02
 5.456946928523e+04  1.526743600000e+01  6.140469237522e-02
 5.456947375640e+04  1.530704000000e+01  6.173813086331e-02
 5.456947820731e+04  1.530972000000e+01  6.177958089007e-02
 5.456948265615e+04  1.532035800000e+01  6.189217528319e-02
 5.458543423303e+04  1.537495700000e+01  6.249427677183e-02
 5.458544078127e+04  1.540547300000e+01  6.276739020505e-02
 5.458544711191e+04  1.541751100000e+01  6.306149960267e-02
 5.462736375304e+04  1.522703200000e+01  6.181198956710e-02
 5.462737252662e+04  1.527994900000e+01  6.214984397017e-02
 5.462738122787e+04  1.524732100000e+01  6.183011367889e-02
 5.462738996534e+04  1.527631400000e+01  6.238833782760e-02
 5.459627164219e+04  1.517116300000e+01  6.156511038652e-02
 5.459627930692e+04  1.519898700000e+01  6.179533423834e-02
 5.459628701355e+04  1.518930400000e+01  6.166392490676e-02
 5.459629468836e+04  1.521276700000e+01  6.182806365578e-02
 5.474809015074e+04  1.533002000000e+01  6.587822927853e-02
 5.474809749000e+04  1.533607500000e+01  6.604436729574e-02
 5.474810468190e+04  1.532450300000e+01  6.601070426594e-02
 5.474811215242e+04  1.532739400000e+01  6.611128239605e-02
 5.492341655711e+04  1.538673300000e+01  6.203054125108e-02
 5.492342154429e+04  1.539268400000e+01  6.247072694192e-02
 5.492342658645e+04  1.539242200000e+01  6.245036995429e-02
 5.492343169771e+04  1.539409200000e+01  6.247412691637e-02
 5.494343747575e+04  1.541448200000e+01  6.274680987552e-02
 5.494344289560e+04  1.539375200000e+01  6.256740915238e-02
 5.494344831556e+04  1.540125900000e+01  6.266253617398e-02
 5.494345372763e+04  1.542907500000e+01  6.291149055278e-02
 5.487548623385e+04  1.513540300000e+01  6.206970368514e-02
 5.487549108167e+04  1.514247900000e+01  6.213486478528e-02
 5.487549600529e+04  1.511800500000e+01  6.191144735982e-02
 5.487550088389e+04  1.512709200000e+01  6.196746703333e-02
 5.501728691381e+04  1.549699000000e+01  6.881552682450e-02
 5.501729437354e+04  1.550175900000e+01  6.892374779343e-02
 5.501730166997e+04  1.542703100000e+01  7.169285736274e-02
 5.501730909538e+04  1.562733000000e+01  7.096113128311e-02
 5.499828588931e+04  1.516582800000e+01  6.090902674391e-02
 5.499829282659e+04  1.516327100000e+01  6.082250170667e-02
 5.499829980668e+04  1.519006900000e+01  6.104247728186e-02
 5.499830679721e+04  1.520762200000e+01  6.120161408634e-02
 5.489145692948e+04  1.524015200000e+01  6.100518883778e-02
 5.489146486726e+04  1.522524800000e+01  6.082219607619e-02
 5.489147257238e+04  1.523832000000e+01  6.092239127998e-02
 5.489148051712e+04  1.527423100000e+01  6.118665470020e-02
 5.491341730583e+04  1.508829500000e+01  6.324830251734e-02
 5.491342394020e+04  1.509907800000e+01  6.210416723364e-02
 5.491343005707e+04  1.508294200000e+01  6.187056871064e-02
 5.491343614464e+04  1.514925600000e+01  6.373532253549e-02
 5.495442947817e+04  1.537919900000e+01  6.340701360843e-02
 5.495443679046e+04  1.537257500000e+01  6.357654132460e-02
 5.495444411990e+04  1.538033400000e+01  6.390614773987e-02
 5.495445140892e+04  1.541584300000e+01  7.043705186305e-02
 5.495541760999e+04  1.496857100000e+01  5.943004041156e-02
 5.495542480524e+04  1.499063500000e+01  5.959090810808e-02
 5.495543206674e+04  1.498402000000e+01  5.953994049095e-02
 5.495543935578e+04  1.502535700000e+01  5.983585663462e-02
 5.496734693257e+04  1.528379300000e+01  6.201874744998e-02
 5.496735679720e+04  1.527523300000e+01  6.194871588461e-02
 5.496736655616e+04  1.530792300000e+01  6.222865846520e-02
 5.496737526400e+04  1.531444200000e+01  6.230406791488e-02
 5.497932776811e+04  1.546864500000e+01  6.351152945353e-02
 5.497933510358e+04  1.543437300000e+01  6.323461199493e-02
 5.497934233588e+04  1.548402000000e+01  6.369262895494e-02
 5.497934957353e+04  1.548741800000e+01  6.374984660027e-02
 5.510411441958e+04  1.540368900000e+01  6.824743564264e-02
 5.510411937321e+04  1.544366200000e+01  6.878770630638e-02
 5.510412432277e+04  1.546245600000e+01  6.908752760536e-02
 5.510412930439e+04  1.541574000000e+01  6.851359571187e-02
 5.530044190285e+04  1.535651200000e+01  6.222544694027e-02
 5.530044985138e+04  1.537307700000e+01  6.240448538985e-02
 5.530045773660e+04  1.535833300000e+01  6.227863935770e-02
 5.530046586897e+04  1.538281000000e+01  6.249267525551e-02
 5.535714854184e+04  1.541692400000e+01  6.322722741048e-02
 5.535715194306e+04  1.542099200000e+01  6.345826975884e-02
 5.535715537992e+04  1.544540500000e+01  6.604362406589e-02
 5.535715896079e+04  1.545829300000e+01  7.634175189205e-02
 5.536430274811e+04  1.498483800000e+01  5.954771786336e-02
 5.536430846785e+04  1.498318700000e+01  5.955711102731e-02
 5.536431419720e+04  1.498492200000e+01  5.957595843346e-02
 5.536431988464e+04  1.502192000000e+01  5.982987503084e-02
 5.536825845784e+04  1.548120700000e+01  6.365883545419e-02
 5.536826542579e+04  1.549294100000e+01  6.379068076536e-02
 5.536827234837e+04  1.552315500000e+01  6.405970823748e-02
 5.536827919963e+04  1.550956100000e+01  6.397300308656e-02
 5.532743306941e+04  1.540593000000e+01  6.312222484211e-02
 5.532743886618e+04  1.543118400000e+01  6.344194659587e-02
 5.532744465003e+04  1.543980600000e+01  6.353278497849e-02
 5.532745050258e+04  1.541070900000e+01  6.333492854840e-02
 5.534137418966e+04  1.551860600000e+01  6.384941777123e-02
 5.534137990824e+04  1.546309300000e+01  6.334264443524e-02
 5.534138567799e+04  1.549358800000e+01  6.363974765002e-02
 5.534139134771e+04  1.551075400000e+01  6.383566160791e-02
 5.545713316045e+04  1.542927800000e+01  6.313688057116e-02
 5.545714792951e+04  1.540741500000e+01  6.302634831116e-02
 5.545715534573e+04  1.540704700000e+01  6.310953095169e-02
 5.565237691935e+04  1.549967900000e+01  6.434537496693e-02
 5.565238381322e+04  1.547540800000e+01  6.412086094308e-02
 5.565239080758e+04  1.547708800000e+01  6.409446773876e-02
 5.565239774012e+04  1.548849500000e+01  6.419278455841e-02
 5.567737726594e+04  1.497975400000e+01  6.014828226827e-02
 5.567738457985e+04  1.500333000000e+01  6.031501657302e-02
 5.567739262656e+04  1.501201600000e+01  6.038683648161e-02
 5.567740110839e+04  1.503482800000e+01  6.055132966224e-02
 5.567939769056e+04  1.492228500000e+01  5.952154744870e-02
 5.567940288769e+04  1.489908000000e+01  5.937909879787e-02
 5.567940808333e+04  1.490456200000e+01  5.942161662403e-02
 5.567941330812e+04  1.492817700000e+01  5.959139942241e-02
 5.571432227715e+04  1.537890500000e+01  6.417275081964e-02
 5.571432678793e+04  1.541356400000e+01  6.407733952668e-02
 5.571433128133e+04  1.541565300000e+01  6.502628646947e-02
 5.571433581271e+04  1.539627300000e+01  6.520991906723e-02
 5.568839834190e+04  1.494021400000e+01  5.997890573011e-02
 5.568840414774e+04  1.497868900000e+01  6.027134415568e-02
 5.568840989862e+04  1.500746800000e+01  6.047558313088e-02
 5.568841573711e+04  1.496871000000e+01  6.019495006569e-02
 5.585809009722e+04  1.510951300000e+01  6.455979351836e-02
 5.585809562715e+04  1.510929200000e+01  6.464348840117e-02
 5.585810115741e+04  1.512704000000e+01  6.497414386470e-02
 5.585810614020e+04  1.513388000000e+01  6.514054145529e-02
 5.585208344265e+04  1.537999000000e+01  6.266840233485e-02
 5.585208851353e+04  1.537703900000e+01  6.242088827658e-02
 5.585209372225e+04  1.538751200000e+01  6.254886569476e-02
 5.585209890868e+04  1.539123900000e+01  6.262448977906e-02
 5.601937069906e+04  1.491960700000e+01  5.678136427231e-02
 5.601938266194e+04  1.492783100000e+01  5.678031254376e-02
 5.601939448802e+04  1.499758000000e+01  5.714059300700e-02
 5.601940644060e+04  1.500003800000e+01  5.715096131985e-02
 5.606439535372e+04  1.524161000000e+01  6.126136568412e-02
 5.606440211220e+04  1.525374300000e+01  6.141693507700e-02
 5.606440886520e+04  1.528204500000e+01  6.165367723609e-02
 5.606441559042e+04  1.527939100000e+01  6.162122750883e-02
 5.607236279993e+04  1.535185100000e+01  6.212386507227e-02
 5.607236781581e+04  1.528321200000e+01  6.160120511272e-02
 5.607237293238e+04  1.519348300000e+01  6.087646957085e-02
 5.607237805534e+04  1.513685000000e+01  6.035957350119e-02
 5.610020496150e+04  1.520183900000e+01  6.149747957937e-02
 5.610021410272e+04  1.522480600000e+01  6.173897309586e-02
 5.610022339890e+04  1.521913100000e+01  6.169271828632e-02
 5.610023330050e+04  1.525438600000e+01  6.196566879979e-02
 5.618916787700e+04  1.523041900000e+01  6.227831563889e-02
 5.618917280664e+04  1.521764700000e+01  6.219531067793e-02
 5.618917776370e+04  1.522571600000e+01  6.230801829674e-02
 5.618918269752e+04  1.524534600000e+01  6.250828542098e-02
