# time mag mag_err
 5.347029227259e+04  1.556923300000e+01  6.538192003214e-02
 5.347030034892e+04  1.556187500000e+01  6.540382637110e-02
 5.347030835696e+04  1.556467300000e+01  6.536445947208e-02
 5.347031634058e+04  1.554813500000e+01  6.514021591088e-02
 5.349029703157e+04  1.555024300000e+01  6.352764075654e-02
 5.349030624153e+04  1.555104500000e+01  6.355822027090e-02
 5.349031548111e+04  1.552269800000e+01  6.336742546552e-02
 5.349032477428e+04  1.554693000000e+01  6.364185483009e-02
 5.355716487480e+04  1.478894600000e+01  5.478015657674e-02
 5.355717205028e+04  1.481101200000e+01  5.485348104036e-02
 5.355717922759e+04  1.482822100000e+01  5.492875240283e-02
 5.355718645376e+04  1.486712300000e+01  5.508327705294e-02
 5.350032057406e+04  1.558249800000e+01  6.406984031901e-02
 5.350032702207e+04  1.558804300000e+01  6.415529377338e-02
 5.350033348789e+04  1.557352400000e+01  6.407546468268e-02
 5.350033997190e+04  1.553087000000e+01  6.371833337953e-02
 5.350625551502e+04  1.535124800000e+01  6.370871389782e-02
 5.350626317003e+04  1.535416000000e+01  6.408523516663e-02
 5.350627085097e+04  1.538901100000e+01  6.409751155475e-02
 5.350627855587e+04  1.537490500000e+01  6.396357005728e-02
 5.383237740067e+04  1.491663300000e+01  6.058548373009e-02
 5.383238695844e+04  1.482010100000e+01  5.989356280861e-02
 5.383239648750e+04  1.476043000000e+01  5.947824075920e-02
 5.383240601817e+04  1.479706900000e+01  5.973899421294e-02
 5.385116528993e+04  1.560164300000e+01  6.514979307186e-02
 5.385117207325e+04  1.556436400000e+01  6.476993572363e-02
 5.385117895786e+04  1.553182700000e+01  6.440956665969e-02
 5.385118573100e+04  1.549749200000e+01  6.404333471511e-02
 5.376737917566e+04  1.564835700000e+01  6.489789139660e-02
 5.376738802216e+04  1.558472400000e+01  6.422349323661e-02
 5.376739687110e+04  1.555845500000e+01  6.392851347743e-02
 5.376740571622e+04  1.549946200000e+01  6.333575793448e-02
 5.379344753072e+04  1.568682500000e+01  6.516434936993e-02
 5.379345621309e+04  1.573202300000e+01  6.569671548285e-02
 5.379346494490e+04  1.570628700000e+01  6.544894379584e-02
 5.379347361778e+04  1.571349300000e+01  6.549999362454e-02
 5.373647232266e+04  1.519592400000e+01  6.068037364839e-02
 5.373647878236e+04  1.521139200000e+01  6.079376466350e-02
 5.373648524148e+04  1.521624600000e+01  6.079443291797e-02
 5.373649168473e+04  1.527028700000e+01  6.118425389749e-02
 5.390230491220e+04  1.494502000000e+01  9.026064359497e-02
 5.390230593215e+04  1.498389800000e+01  9.153264998780e-02
 5.390230692502e+04  1.497867700000e+01  9.107473095900e-02
 5.390230793191e+04  1.501996600000e+01  9.226708656959e-02
 5.380331106836e+04  1.561531400000e+01  6.968534859161e-02
 5.380331828399e+04  1.560897100000e+01  6.952739301378e-02
 5.380332561133e+04  1.563790300000e+01  6.994113974234e-02
 5.380333284178e+04  1.564674300000e+01  7.001352426394e-02
 5.381933854679e+04  1.552612500000e+01  6.424584444514e-02
 5.381934573060e+04  1.547136300000e+01  6.353586357941e-02
 5.381935292147e+04  1.554990600000e+01  6.445206159127e-02
 5.381936010169e+04  1.556836800000e+01  6.472522908473e-02
 5.385924892189e+04  1.546608800000e+01  6.389381685350e-02
 5.385925995311e+04  1.546553400000e+01  6.408938002764e-02
 5.385926652913e+04  1.548914900000e+01  6.410166461698e-02
 5.385927297436e+04  1.547989800000e+01  6.400242387235e-02
 5.387925200072e+04  1.549171700000e+01  6.379816296899e-02
 5.387925954796e+04  1.549068900000e+01  6.380502131962e-02
 5.387926710078e+04  1.550442000000e+01  6.393951143207e-02
 5.387927464142e+04  1.549851600000e+01  6.388931936552e-02
 5.420428677200e+04  1.524873300000e+01  6.092360754600e-02
 5.420429368681e+04  1.527944800000e+01  6.112342569325e-02
 5.420430064502e+04  1.526494800000e+01  6.101481071572e-02
 5.420430754780e+04  1.527995500000e+01  6.111621822310e-02
 5.425720295400e+04  1.557552200000e+01  6.512097231918e-02
 5.425720965330e+04  1.554327400000e+01  6.570704607554e-02
 5.425721637551e+04  1.557347600000e+01  6.570166603949e-02
 5.425722312307e+04  1.556585400000e+01  6.472553466463e-02
 5.427621805550e+04  1.560475400000e+01  6.465061241092e-02
 5.427622565067e+04  1.560507300000e+01  6.472125785844e-02
 5.427623322199e+04  1.564278400000e+01  6.515161946600e-02
 5.427624079899e+04  1.569879200000e+01  6.583532311108e-02
 5.416949072902e+04  1.552040400000e+01  6.312650922371e-02
 5.416949770159e+04  1.550433500000e+01  6.288283874540e-02
 5.416950467809e+04  1.553699500000e+01  6.321602550324e-02
 5.416951167323e+04  1.554656900000e+01  6.331393058623e-02
 5.417531958819e+04  1.504977200000e+01  5.939248709988e-02
 5.417532757494e+04  1.505550700000e+01  5.939769727396e-02
 5.417533562823e+04  1.507424800000e+01  5.951600119068e-02
 5.417534362262e+04  1.511495800000e+01  5.978734494187e-02
 5.423026885120e+04  1.499327900000e+01  5.925480919050e-02
 5.423027527848e+04  1.497637200000e+01  5.917425217822e-02
 5.423028171492e+04  1.495869600000e+01  5.904859246317e-02
 5.423028815321e+04  1.498748300000e+01  5.926531606129e-02
 5.423628734714e+04  1.558209500000e+01  6.468362152137e-02
 5.423629429946e+04  1.556188200000e+01  6.451314562499e-02
 5.423630129899e+04  1.554025700000e+01  6.430645020479e-02
 5.423630827874e+04  1.548844700000e+01  6.388792822774e-02
 5.424318805174e+04  1.530470900000e+01  6.185174336369e-02
 5.424319448400e+04  1.529492000000e+01  6.170595425792e-02
 5.424320092830e+04  1.532351900000e+01  6.189757226603e-02
 5.424320736624e+04  1.534321700000e+01  6.217316583893e-02
 5.455739891434e+04  1.550329500000e+01  6.329315200357e-02
 5.455740755991e+04  1.551634400000e+01  6.299536897828e-02
 5.455741637204e+04  1.551888600000e+01  6.318768378810e-02
 5.455742500881e+04  1.554375200000e+01  6.330591161033e-02
 5.456429431352e+04  1.560791800000e+01  6.388343505758e-02
 5.456430076904e+04  1.557251100000e+01  6.353167537557e-02
 5.456430724714e+04  1.551011000000e+01  6.294115408391e-02
 5.456431370568e+04  1.542448500000e+01  6.220046172471e-02
 5.457019750628e+04  1.555345500000e+01  6.353339110990e-02
 5.457020397940e+04  1.552820700000e+01  6.326496616323e-02
 5.457021045160e+04  1.556565600000e+01  6.384282783584e-02
 5.457021693433e+04  1.555091200000e+01  6.338969802801e-02
 5.458525006508e+04  1.559833600000e+01  6.376529757003e-02
 5.458525794347e+04  1.558907200000e+01  6.366641456242e-02
 5.458526584387e+04  1.562672000000e+01  6.402519813036e-02
 5.458527373187e+04  1.561941100000e+01  6.396915253105e-02
 5.480750822323e+04  1.505213100000e+01  6.205817399520e-02
 5.480751306409e+04  1.502882100000e+01  6.080913281339e-02
 5.480751793725e+04  1.504784600000e+01  6.093419678008e-02
 5.480752286550e+04  1.506957700000e+01  6.110406768649e-02
 5.449747379003e+04  1.551801100000e+01  6.262794181695e-02
 5.449747985573e+04  1.554453800000e+01  6.285653097393e-02
 5.449748608370e+04  1.554535300000e+01  6.285909298288e-02
 5.449749211815e+04  1.551492300000e+01  6.261599767865e-02
 5.450742257866e+04  1.548738000000e+01  6.386437707501e-02
 5.451439101456e+04  1.499345700000e+01  5.911657591365e-02
 5.451439756767e+04  1.493801800000e+01  5.883715212084e-02
 5.451440415758e+04  1.482964000000e+01  5.829181478310e-02
 5.451441073487e+04  1.482642600000e+01  5.833679974236e-02
 5.462525227054e+04  1.560947200000e+01  6.427806765552e-02
 5.462525945134e+04  1.560878200000e+01  6.432140612739e-02
 5.462526659962e+04  1.562563300000e+01  6.449301388583e-02
 5.462527384361e+04  1.560994300000e+01  6.439080408892e-02
 5.452738751318e+04  1.543001700000e+01  6.188663364671e-02
 5.452739560132e+04  1.540963000000e+01  6.172576270467e-02
 5.452740367139e+04  1.545864800000e+01  6.211068631477e-02
 5.452741176624e+04  1.547040900000e+01  6.223315747007e-02
 5.453633163606e+04  1.553782500000e+01  6.042119557986e-02
 5.453633820387e+04  1.554373500000e+01  6.048919260423e-02
 5.453634476751e+04  1.555092500000e+01  6.051942793097e-02
 5.453635133902e+04  1.554673400000e+01  6.048719708671e-02
 5.459231617663e+04  1.541092800000e+01  6.263217295379e-02
 5.459326806701e+04  1.503018200000e+01  5.956557071952e-02
 5.459327452833e+04  1.506690700000e+01  5.978675768367e-02
 5.459328096037e+04  1.508474100000e+01  5.988635233903e-02
 5.459328737631e+04  1.510070500000e+01  6.003512371943e-02
 5.494425742166e+04  1.554494400000e+01  6.336482464431e-02
 5.494426467943e+04  1.555340400000e+01  6.350811099806e-02
 5.494427192472e+04  1.557460500000e+01  6.366992435579e-02
 5.494427911721e+04  1.554105300000e+01  6.348769409211e-02
 5.488347722818e+04  1.513875000000e+01  6.012372740284e-02
 5.488434418623e+04  1.552713300000e+01  6.313079768425e-02
 5.488435007830e+04  1.549672300000e+01  6.596433046142e-02
 5.488435610337e+04  1.556918800000e+01  6.522671729310e-02
 5.488436205817e+04  1.555946000000e+01  6.411053376681e-02
 5.486139429862e+04  1.531198900000e+01  6.098751841354e-02
 5.486140602873e+04  1.531949600000e+01  6.097265245789e-02
 5.486141766287e+04  1.534785100000e+01  6.116665850768e-02
 5.486142931669e+04  1.535667700000e+01  6.122417034078e-02
 5.501817554679e+04  1.558695700000e+01  6.909262534611e-02
 5.501817849812e+04  1.564048100000e+01  6.990334256011e-02
 5.501818145046e+04  1.562392200000e+01  7.071276376695e-02
 5.501818440246e+04  1.534805400000e+01  9.054868018263e-02
 5.504115693764e+04  1.507553000000e+01  6.369579148898e-02
 5.504116129689e+04  1.509815000000e+01  6.404843948618e-02
 5.504116572708e+04  1.510597900000e+01  6.421982281374e-02
 5.504117010580e+04  1.513876000000e+01  6.458617464447e-02
 5.500124448772e+04  1.526958000000e+01  6.173831403918e-02
 5.500124933356e+04  1.527818800000e+01  6.188674698380e-02
 5.500125421993e+04  1.528429100000e+01  6.218406788428e-02
 5.500125920617e+04  1.535139700000e+01  6.334875638254e-02
 5.489337979339e+04  1.497273600000e+01  5.848587819260e-02
 5.489338719259e+04  1.496338300000e+01  5.843979131509e-02
 5.489339453266e+04  1.498354800000e+01  5.853238838799e-02
 5.489340188940e+04  1.499339700000e+01  5.864830841553e-02
 5.491830504924e+04  1.534783800000e+01  6.143587296013e-02
 5.491831042103e+04  1.523661000000e+01  6.058760852645e-02
 5.491831592931e+04  1.515777300000e+01  5.999368885523e-02
 5.491832135943e+04  1.509767900000e+01  5.958246934538e-02
 5.496825684596e+04  1.553071800000e+01  6.420476881045e-02
 5.496826418118e+04  1.552101800000e+01  6.409103874690e-02
 5.496827138448e+04  1.547601300000e+01  6.371510825702e-02
 5.496827866447e+04  1.545695300000e+01  6.362604889391e-02
 5.529240800163e+04  1.538973100000e+01  6.224961979846e-02
 5.529241433262e+04  1.529664600000e+01  6.143870730355e-02
 5.529242061881e+04  1.515785600000e+01  6.044079755609e-02
 5.529242708243e+04  1.499586900000e+01  5.935554815415e-02
 5.530130417837e+04  1.506801200000e+01  5.956491921469e-02
 5.530130995585e+04  1.496210000000e+01  5.884792397741e-02
 5.530131573396e+04  1.487207400000e+01  5.829152541028e-02
 5.530132145821e+04  1.480029000000e+01  5.791641462674e-02
 5.524243294990e+04  1.564664800000e+01  6.440601910673e-02
 5.524244180034e+04  1.557055900000e+01  6.362410133171e-02
 5.524245055670e+04  1.551777700000e+01  6.313372043428e-02
 5.524245932684e+04  1.539350800000e+01  6.208102382472e-02
 5.535920936818e+04  1.540812500000e+01  6.280303060703e-02
 5.535921560113e+04  1.540504300000e+01  6.280842029975e-02
 5.535922187062e+04  1.542199200000e+01  6.293755158956e-02
 5.535922819722e+04  1.540171700000e+01  6.277894962073e-02
 5.527238665440e+04  1.570025300000e+01  6.471082234355e-02
 5.527239410604e+04  1.569894400000e+01  6.510754695394e-02
 5.527240165677e+04  1.570062100000e+01  6.458826832988e-02
 5.527240918390e+04  1.565788200000e+01  6.413710633941e-02
 5.532831660478e+04  1.555859400000e+01  6.379162813995e-02
 5.532832409060e+04  1.554645300000e+01  6.364648116915e-02
 5.532833165451e+04  1.560015000000e+01  6.420032121183e-02
 5.532833924126e+04  1.559840200000e+01  6.422049982751e-02
 5.565925359544e+04  1.505202300000e+01  6.012074991720e-02
 5.565926009634e+04  1.505362700000e+01  6.038694764897e-02
 5.565926586911e+04  1.508517400000e+01  6.036559641910e-02
 5.565927164207e+04  1.508853200000e+01  6.036437440301e-02
 5.567936888397e+04  1.530282400000e+01  6.196716068541e-02
 5.567937639051e+04  1.531346900000e+01  6.210259769531e-02
 5.567938391090e+04  1.535244900000e+01  6.244673316457e-02
 5.567939141696e+04  1.534093000000e+01  6.238486671774e-02
 5.561750523257e+04  1.562122700000e+01  6.445440470890e-02
 5.561751390757e+04  1.561113700000e+01  6.438546922801e-02
 5.561752268465e+04  1.562932600000e+01  6.456861438739e-02
 5.561753141645e+04  1.557066400000e+01  6.400525981025e-02
 5.557650711505e+04  1.538117700000e+01  6.539874919082e-02
 5.557651390212e+04  1.535729600000e+01  6.526952862960e-02
 5.557652067063e+04  1.529284100000e+01  6.552359439750e-02
 5.557652753028e+04  1.528056900000e+01  6.466046763177e-02
 5.562835582657e+04  1.543454300000e+01  6.578444178572e-02
 5.562836327428e+04  1.543416100000e+01  6.850513374925e-02
 5.562837077097e+04  1.544770200000e+01  6.496215465013e-02
 5.562837825366e+04  1.549248900000e+01  6.608693721094e-02
 5.563433994419e+04  1.524470300000e+01  6.267632014062e-02
 5.563434920637e+04  1.525491000000e+01  6.286251107905e-02
 5.563435847086e+04  1.523710700000e+01  6.214549222164e-02
 5.563436771660e+04  1.527441300000e+01  6.252669412633e-02
 5.564641886155e+04  1.509789000000e+01  6.031809458067e-02
 5.564642573690e+04  1.504708100000e+01  5.995992200365e-02
 5.564643257567e+04  1.504424600000e+01  5.992617814635e-02
 5.564643950509e+04  1.503031700000e+01  5.990575638258e-02
 5.569330537269e+04  1.540217900000e+01  6.510897319298e-02
 5.569331365321e+04  1.541673700000e+01  6.526534864940e-02
 5.569332196635e+04  1.540671400000e+01  6.517572921819e-02
 5.569333027905e+04  1.544556000000e+01  6.559628762481e-02
 5.450742791341e+04  1.546357000000e+01  6.373955075428e-02
 5.450743645065e+04  1.547880400000e+01  6.331660600551e-02
 5.450744498220e+04  1.549218200000e+01  6.385660015838e-02
 5.450745346017e+04  1.548017800000e+01  6.618096014485e-02
 5.593947643192e+04  1.523106200000e+01  6.059104442161e-02
 5.593948326330e+04  1.513366400000e+01  5.987523421786e-02
 5.593948996250e+04  1.508098900000e+01  5.951184043120e-02
 5.593949675012e+04  1.502861400000e+01  5.914757055739e-02
 5.597838371946e+04  1.480253900000e+01  5.841093017410e-02
 5.597838822404e+04  1.480962400000e+01  5.909350627879e-02
 5.597839269418e+04  1.481940900000e+01  5.958373071971e-02
 5.597839717512e+04  1.486507500000e+01  5.995748167161e-02
 5.598637397304e+04  1.551827200000e+01  6.455389914738e-02
 5.598637960385e+04  1.550612800000e+01  6.437464120758e-02
 5.598638518457e+04  1.554196000000e+01  6.465272719081e-02
 5.598639078317e+04  1.554251900000e+01  6.465206270655e-02
 5.599948081972e+04  1.482442100000e+01  5.819009879687e-02
 5.599948659409e+04  1.485855000000e+01  5.839695539271e-02
 5.599949224797e+04  1.489430600000e+01  5.863251590239e-02
 5.599949796273e+04  1.490465700000e+01  5.870090264978e-02
 5.600839875427e+04  1.499593700000e+01  5.729840294020e-02
 5.600840696743e+04  1.503022500000e+01  5.756107632058e-02
 5.600841518126e+04  1.506140800000e+01  5.766506866784e-02
 5.600842332132e+04  1.509452700000e+01  5.785446085990e-02
 5.601435102332e+04  1.571399800000e+01  6.239686180837e-02
 5.601435170518e+04  1.570685300000e+01  6.235437641116e-02
 5.601435238520e+04  1.571074600000e+01  6.238267700757e-02
 5.601435307944e+04  1.571411400000e+01  6.240850941504e-02
 5.603333312194e+04  1.493384600000e+01  5.909575557997e-02
 5.603333871588e+04  1.494951000000e+01  5.920903729475e-02
 5.603334434083e+04  1.498543100000e+01  5.946797065812e-02
 5.603335007747e+04  1.501218200000e+01  5.966129430668e-02
 5.603836964060e+04  1.507843700000e+01  6.013573725877e-02
 5.603837702365e+04  1.509773200000e+01  6.028314485477e-02
 5.603838431163e+04  1.514923900000e+01  6.070703995049e-02
 5.603839159856e+04  1.513738800000e+01  6.066185975756e-02
 5.604817419594e+04  1.566455300000e+01  6.528055685001e-02
 5.604818269109e+04  1.565212500000e+01  6.510346735254e-02
 5.604819117880e+04  1.562334000000e+01  6.480442685921e-02
 5.604819977057e+04  1.554684600000e+01  6.402131382170e-02
 5.606331546962e+04  1.510088400000e+01  5.978485022783e-02
 5.606332220167e+04  1.511378100000e+01  5.990367187203e-02
 5.606332897044e+04  1.513279300000e+01  6.005193395304e-02
 5.606333574616e+04  1.515913600000e+01  6.026799783618e-02
 5.606928078138e+04  1.543927100000e+01  6.242213605814e-02
 5.606928760436e+04  1.537642600000e+01  6.188395915058e-02
 5.606929448624e+04  1.533201300000e+01  6.154731631120e-02
 5.606930132802e+04  1.529086200000e+01  6.127069103067e-02
 5.609622540830e+04  1.546805500000e+01  6.289142390952e-02
 5.609623219659e+04  1.549461100000e+01  6.313570107740e-02
 5.609623896463e+04  1.548609100000e+01  6.309911486133e-02
 5.609624567005e+04  1.549980900000e+01  6.320766144193e-02
