# time mag mag_err
 5.390131767618e+04  1.463804200000e+01  8.084236125592e-02
 5.390131868340e+04  1.460870500000e+01  8.022341253925e-02
 5.390131975186e+04  1.464722700000e+01  8.111960772730e-02
 5.390132082067e+04  1.464538800000e+01  8.121880658577e-02
 5.388433682973e+04  1.503555300000e+01  5.953640339822e-02
 5.400111861663e+04  1.510688200000e+01  5.929338984628e-02
 5.400112306176e+04  1.509634100000e+01  5.926293076834e-02
 5.400112750515e+04  1.510192300000e+01  5.930077664339e-02
 5.400113193708e+04  1.510124400000e+01  5.929542114919e-02
 5.420833425786e+04  1.516585400000e+01  6.113021976076e-02
 5.420834119258e+04  1.519874600000e+01  6.167850052182e-02
 5.420834812684e+04  1.519825400000e+01  6.134527296930e-02
 5.420835515022e+04  1.520698800000e+01  6.132531519854e-02
 5.421643144181e+04  1.533127900000e+01  6.092754114479e-02
 5.421643799699e+04  1.534607400000e+01  6.107042840777e-02
 5.421644458772e+04  1.536763100000e+01  6.117203514383e-02
 5.421645113874e+04  1.539343800000e+01  6.141187578993e-02
 5.413849768791e+04  1.527466300000e+01  6.080139689655e-02
 5.413850206336e+04  1.525291800000e+01  6.093782531830e-02
 5.413850640963e+04  1.528756400000e+01  6.071570253257e-02
 5.413851075672e+04  1.525647000000e+01  6.014134413149e-02
 5.415840467177e+04  1.542797600000e+01  6.073058443303e-02
 5.415841019485e+04  1.539080000000e+01  6.102005809849e-02
 5.415841571375e+04  1.538735200000e+01  6.112235345661e-02
 5.415842120141e+04  1.541348700000e+01  6.101528752063e-02
 5.426623520977e+04  1.500226200000e+01  5.911280923752e-02
 5.426624187943e+04  1.501110400000e+01  5.916490144978e-02
 5.426624858938e+04  1.502528500000e+01  5.929384874511e-02
 5.426625521562e+04  1.502633700000e+01  5.929515918352e-02
 5.427624944525e+04  1.515746700000e+01  6.130253964729e-02
 5.427625496324e+04  1.517555300000e+01  6.147730271025e-02
 5.427626051165e+04  1.518125700000e+01  6.154367977879e-02
 5.427626606633e+04  1.518482200000e+01  6.158285961372e-02
 5.417848413618e+04  1.498897500000e+01  6.105553581757e-02
 5.417849035443e+04  1.497355400000e+01  5.810097288048e-02
 5.417849657176e+04  1.499109700000e+01  5.820644987772e-02
 5.417850276072e+04  1.499652900000e+01  5.824302942326e-02
 5.423837533475e+04  1.468836600000e+01  5.746780119038e-02
 5.423838031891e+04  1.469663100000e+01  5.751427353149e-02
 5.423838529971e+04  1.471164500000e+01  5.763960118755e-02
 5.423839028006e+04  1.471221800000e+01  5.763875885440e-02
 5.439007736933e+04  1.466592400000e+01  5.530921146094e-02
 5.439008337367e+04  1.466411200000e+01  5.533065083096e-02
 5.439008938693e+04  1.468620100000e+01  5.542840953762e-02
 5.439009542462e+04  1.468594300000e+01  5.545435531247e-02
 5.471615159247e+04  1.509138700000e+01  5.893259803556e-02
 5.471615818955e+04  1.509299700000e+01  5.894595472020e-02
 5.471616478015e+04  1.510176900000e+01  5.906315800604e-02
 5.471617140826e+04  1.511926300000e+01  5.923820357928e-02
 5.494624902361e+04  1.490711700000e+01  5.809660310606e-02
 5.494625446140e+04  1.490001700000e+01  5.784011174452e-02
 5.494625996295e+04  1.491283500000e+01  5.791966683966e-02
 5.494626536127e+04  1.491879900000e+01  5.794006510628e-02
 5.504517221830e+04  1.483218700000e+01  6.066753940682e-02
 5.504517622231e+04  1.484648200000e+01  6.079042358416e-02
 5.504518020999e+04  1.485489300000e+01  6.087857112811e-02
 5.504518415000e+04  1.485269300000e+01  6.087597525330e-02
 5.486544331398e+04  1.524520800000e+01  5.964614970599e-02
 5.486545316620e+04  1.525421600000e+01  5.969171672691e-02
 5.486546302132e+04  1.527337200000e+01  5.981744267550e-02
 5.486547286719e+04  1.527819400000e+01  5.982515961488e-02
 5.500632337251e+04  1.435154700000e+01  6.970249838491e-02
 5.500632825944e+04  1.498818600000e+01  5.909654739568e-02
 5.500633299972e+04  1.500172000000e+01  5.916555838309e-02
 5.500633779137e+04  1.500067600000e+01  5.919986574741e-02
 5.489238487863e+04  1.521717400000e+01  6.125159143468e-02
 5.489239211233e+04  1.521466300000e+01  6.144898701354e-02
 5.489239934058e+04  1.522143800000e+01  6.169304459233e-02
 5.489240654013e+04  1.523062700000e+01  6.190270972655e-02
 5.490831546963e+04  1.526737800000e+01  6.054962594777e-02
 5.490832037983e+04  1.524882200000e+01  6.005110384746e-02
 5.490832527833e+04  1.525803800000e+01  6.001106629087e-02
 5.490833018957e+04  1.527717600000e+01  6.008686570584e-02
 5.491541079991e+04  1.517319800000e+01  6.462222111879e-02
 5.491541376810e+04  1.517043700000e+01  6.453725818141e-02
 5.491541673133e+04  1.519722000000e+01  6.978816993619e-02
 5.491541965927e+04  1.515329000000e+01  6.263282093590e-02
 5.496542657775e+04  1.499070200000e+01  6.038625017276e-02
 5.496543312741e+04  1.501123100000e+01  6.057162474764e-02
 5.496543970728e+04  1.501053700000e+01  6.061396728100e-02
 5.496544632473e+04  1.502472300000e+01  6.072198516187e-02
 5.530528152913e+04  1.522969500000e+01  6.645017355839e-02
 5.530528666909e+04  1.514574500000e+01  6.661044557823e-02
 5.530529188811e+04  1.518245100000e+01  6.620357933197e-02
 5.530529712009e+04  1.525834400000e+01  7.103033864895e-02
 5.536025246284e+04  1.538124300000e+01  6.132139402372e-02
 5.536025826926e+04  1.540122600000e+01  6.148678812553e-02
 5.536026401432e+04  1.538445100000e+01  6.135305307147e-02
 5.536026977711e+04  1.536248300000e+01  6.114981038343e-02
 5.536734101602e+04  1.523623800000e+01  6.034387182686e-02
 5.536734565652e+04  1.525032300000e+01  6.046445079416e-02
 5.536735032735e+04  1.525716400000e+01  6.054065260321e-02
 5.536735499443e+04  1.524195300000e+01  6.045957483670e-02
 5.528138516516e+04  1.497260300000e+01  6.056910096675e-02
 5.528138872788e+04  1.500421000000e+01  6.079780764175e-02
 5.528139232539e+04  1.500171300000e+01  6.077341988465e-02
 5.528139588056e+04  1.502349300000e+01  6.092073798299e-02
 5.532741109465e+04  1.466641300000e+01  5.682788352822e-02
 5.532741691668e+04  1.467707900000e+01  5.688774933425e-02
 5.532742275100e+04  1.468996600000e+01  5.696068769728e-02
 5.532742856802e+04  1.470864200000e+01  5.706472876776e-02
 5.567828479593e+04  1.475023400000e+01  5.739317546361e-02
 5.567828989306e+04  1.470343300000e+01  5.713423669456e-02
 5.567829510399e+04  1.467506200000e+01  5.699203398768e-02
 5.567830029418e+04  1.464370000000e+01  5.682958047427e-02
 5.563638546650e+04  1.513143000000e+01  6.359440866502e-02
 5.563639243806e+04  1.514495300000e+01  6.369045339501e-02
 5.563639944097e+04  1.513690100000e+01  6.358172772467e-02
 5.563640647399e+04  1.517960100000e+01  6.401923699557e-02
 5.388437108097e+04  1.509628200000e+01  6.001320101284e-02
 5.388437755560e+04  1.510487900000e+01  6.009458621717e-02
 5.388438407977e+04  1.509723000000e+01  6.004249802217e-02
 5.388439055023e+04  1.512594300000e+01  6.024523404066e-02
 5.603744389450e+04  1.518567600000e+01  6.013425752686e-02
 5.603744899831e+04  1.517914500000e+01  6.008242251913e-02
 5.603745409729e+04  1.516638700000e+01  6.003734809168e-02
 5.603745918667e+04  1.517642700000e+01  6.011582600359e-02
 5.604744720406e+04  1.526162300000e+01  6.068762097939e-02
 5.604745311514e+04  1.528383300000e+01  6.087745835524e-02
 5.604745896383e+04  1.526814800000e+01  6.075870684106e-02
 5.604746477708e+04  1.526635600000e+01  6.078214131794e-02
 5.606535651218e+04  1.535833200000e+01  6.055000105098e-02
 5.606536331980e+04  1.536391300000e+01  6.058787007042e-02
 5.606537008429e+04  1.537165300000e+01  6.064179739384e-02
 5.606537692125e+04  1.540329000000e+01  6.091525271087e-02
 5.607537825012e+04  1.474851100000e+01  5.826288764274e-02
 5.607538591884e+04  1.468706600000e+01  5.789843112436e-02
 5.607539363567e+04  1.466884600000e+01  5.782243911963e-02
 5.607540127242e+04  1.464498700000e+01  5.772234990855e-02
 5.608929395932e+04  1.473193000000e+01  5.994025819983e-02
 5.608929905031e+04  1.470319000000e+01  5.766208033116e-02
 5.608930423197e+04  1.474855400000e+01  6.248463433118e-02
 5.608930939437e+04  1.480368900000e+01  5.953273074585e-02
 5.619112905032e+04  1.519377400000e+01  6.091852450923e-02
 5.619113413981e+04  1.519393800000e+01  6.099352804521e-02
 5.619113919726e+04  1.520537600000e+01  6.116138481852e-02
 5.619114436846e+04  1.521830300000e+01  6.127042313981e-02
