# time mag mag_err
 5.408545786109e+04  1.603131400000e+01  6.890162020837e-02
 5.408546939753e+04  1.605206200000e+01  6.913363608406e-02
 5.408548300134e+04  1.605970900000e+01  6.908165773650e-02
 5.408549345047e+04  1.603007800000e+01  6.894549922202e-02
 5.409348010436e+04  1.537303400000e+01  6.150409446194e-02
 5.409348774155e+04  1.539361200000e+01  6.171780096533e-02
 5.409349541601e+04  1.543226900000e+01  6.201866974645e-02
 5.409350310065e+04  1.546494100000e+01  6.225659752517e-02
 5.377642109185e+04  1.606299100000e+01  7.045874807315e-02
 5.377642754738e+04  1.601688200000e+01  6.983998850283e-02
 5.377643396808e+04  1.608249500000e+01  7.077589923135e-02
 5.377644040531e+04  1.609282600000e+01  7.083568242875e-02
 5.379032942554e+04  1.504585600000e+01  5.989008130473e-02
 5.379033879163e+04  1.498032100000e+01  5.945647714258e-02
 5.379034799603e+04  1.499682000000e+01  5.954739343361e-02
 5.379035720726e+04  1.510053200000e+01  6.027970800752e-02
 5.374346304251e+04  1.538961300000e+01  6.272603989138e-02
 5.374346854904e+04  1.537903300000e+01  6.269751874462e-02
 5.374347405082e+04  1.542956400000e+01  6.314769605448e-02
 5.374347953917e+04  1.545825100000e+01  6.343797221895e-02
 5.376341028587e+04  1.607940700000e+01  6.995267003239e-02
 5.376341894892e+04  1.590115500000e+01  6.762673246010e-02
 5.376342762968e+04  1.570713800000e+01  6.553553009501e-02
 5.376343632872e+04  1.549442800000e+01  6.337208949147e-02
 5.390318189470e+04  1.598457000000e+01  1.330781475023e-01
 5.390318292576e+04  1.608335800000e+01  1.384080124879e-01
 5.390318392118e+04  1.603807800000e+01  1.358805910313e-01
 5.390318496267e+04  1.610709700000e+01  1.397403623254e-01
 5.379831007376e+04  1.577293200000e+01  6.647382255739e-02
 5.379831838296e+04  1.575363000000e+01  6.624307085430e-02
 5.379832658593e+04  1.579115800000e+01  6.667754359836e-02
 5.379833481561e+04  1.583604500000e+01  6.712924499040e-02
 5.385620170369e+04  1.606825300000e+01  7.062458822701e-02
 5.385621015654e+04  1.603559000000e+01  7.025634302387e-02
 5.385621863972e+04  1.608053200000e+01  7.084600287625e-02
 5.385622712718e+04  1.609199500000e+01  7.068096260225e-02
 5.406649215910e+04  1.616688300000e+01  7.018607407898e-02
 5.406650271102e+04  1.613455200000e+01  6.961449326624e-02
 5.406651232492e+04  1.594979100000e+01  6.731237165598e-02
 5.406652552894e+04  1.546260900000e+01  6.766834520596e-02
 5.420619475625e+04  1.599224800000e+01  6.990871496690e-02
 5.420620180924e+04  1.601772500000e+01  7.016667543712e-02
 5.420620885103e+04  1.600402500000e+01  6.996888883169e-02
 5.420621589096e+04  1.606455300000e+01  7.075086093933e-02
 5.415730951824e+04  1.599883600000e+01  7.042421407905e-02
 5.415731820941e+04  1.602274700000e+01  7.070473591546e-02
 5.415732691610e+04  1.603267300000e+01  7.088166852086e-02
 5.415733564581e+04  1.604713000000e+01  7.109672493341e-02
 5.411538826439e+04  1.605309000000e+01  6.840783700303e-02
 5.411539852126e+04  1.574696800000e+01  6.488140641748e-02
 5.411540889285e+04  1.532682700000e+01  6.108165883087e-02
 5.411541925181e+04  1.503999600000e+01  5.900303951158e-02
 5.412838771170e+04  1.602806300000e+01  6.839582155935e-02
 5.412839372149e+04  1.603848100000e+01  6.843918317643e-02
 5.412839974459e+04  1.603928300000e+01  6.864077810869e-02
 5.412840576700e+04  1.607614200000e+01  6.896261372467e-02
 5.417227132389e+04  1.570344900000e+01  6.487246029394e-02
 5.417227772547e+04  1.573912300000e+01  6.523014749175e-02
 5.417228414177e+04  1.574755200000e+01  6.528228688672e-02
 5.417229055609e+04  1.577973700000e+01  6.564930149400e-02
 5.417925734721e+04  1.609795200000e+01  6.959081030921e-02
 5.417926486795e+04  1.611982000000e+01  6.989980451802e-02
 5.417927240293e+04  1.611155900000e+01  6.980190968441e-02
 5.417927992159e+04  1.610654100000e+01  6.973678381008e-02
 5.442552358251e+04  1.578685800000e+01  7.101371397520e-02
 5.442552609965e+04  1.579497600000e+01  7.114363980450e-02
 5.442552862906e+04  1.581080600000e+01  7.136016199350e-02
 5.442553115720e+04  1.580139400000e+01  7.118021861870e-02
 5.458228569278e+04  1.508018800000e+01  6.043498739106e-02
 5.458229268097e+04  1.518128200000e+01  6.129218090009e-02
 5.458229965772e+04  1.523965100000e+01  6.181414514836e-02
 5.458230663352e+04  1.526277700000e+01  6.213139319254e-02
 5.483146204213e+04  1.599207100000e+01  6.762516465995e-02
 5.483147050991e+04  1.598564900000e+01  6.749489071488e-02
 5.483147908013e+04  1.598762200000e+01  6.750641141069e-02
 5.483148759792e+04  1.599194400000e+01  6.749860767759e-02
 5.449945099692e+04  1.602701700000e+01  6.821385079285e-02
 5.449945754678e+04  1.605187400000e+01  6.852723767076e-02
 5.449946413391e+04  1.608605200000e+01  6.899388458499e-02
 5.449947063632e+04  1.607192700000e+01  6.886228594385e-02
 5.452335480038e+04  1.595596700000e+01  6.717993180587e-02
 5.452336189795e+04  1.600028800000e+01  6.773418214622e-02
 5.452336907563e+04  1.599591900000e+01  6.726175109627e-02
 5.452337621719e+04  1.601555700000e+01  6.798316653111e-02
 5.452929795517e+04  1.605625600000e+01  6.863113266754e-02
 5.452930348485e+04  1.605128700000e+01  6.853996998436e-02
 5.452930899380e+04  1.603441600000e+01  6.831966964046e-02
 5.452931453308e+04  1.605340200000e+01  6.857901820007e-02
 5.453730751596e+04  1.516622100000e+01  6.015979877664e-02
 5.453731288995e+04  1.517423200000e+01  6.020854402707e-02
 5.453731827668e+04  1.521232800000e+01  6.050656080236e-02
 5.453732365844e+04  1.525211800000e+01  6.078468824782e-02
 5.455526262003e+04  1.603982700000e+01  6.878023237446e-02
 5.455526970510e+04  1.601009600000e+01  6.838026904134e-02
 5.455527681947e+04  1.600570400000e+01  6.836403714221e-02
 5.455528400442e+04  1.598424200000e+01  6.802053125512e-02
 5.459719597730e+04  1.598281300000e+01  6.934783701805e-02
 5.459720308565e+04  1.595811300000e+01  6.905281038571e-02
 5.459721025823e+04  1.600648100000e+01  6.964120228921e-02
 5.459721740082e+04  1.604902100000e+01  7.020918114625e-02
 5.494028067676e+04  1.578346400000e+01  6.588033466557e-02
 5.494028997030e+04  1.586039700000e+01  6.676529554646e-02
 5.494029923490e+04  1.582628200000e+01  6.649968824093e-02
 5.494030850031e+04  1.589870800000e+01  6.740594736481e-02
 5.486441557063e+04  1.545516300000e+01  6.206697480120e-02
 5.486442360112e+04  1.549577900000e+01  6.237937391869e-02
 5.486443173359e+04  1.555496100000e+01  6.293595634923e-02
 5.486443979312e+04  1.556276400000e+01  6.295942843891e-02
 5.488236696383e+04  1.609750700000e+01  6.912127761632e-02
 5.488237618535e+04  1.604786800000e+01  6.851018909280e-02
 5.488238550410e+04  1.601488300000e+01  6.809276372793e-02
 5.488239483083e+04  1.579108300000e+01  6.558563754727e-02
 5.485045086711e+04  1.606630500000e+01  6.870830195907e-02
 5.485045631623e+04  1.608768200000e+01  6.895606861235e-02
 5.485046319145e+04  1.607197800000e+01  6.888365920996e-02
 5.485046951236e+04  1.608550800000e+01  6.887534086172e-02
 5.490628817252e+04  1.606551400000e+01  6.845905431968e-02
 5.490629304267e+04  1.607651800000e+01  6.858651725603e-02
 5.490629783029e+04  1.605341600000e+01  6.835805956692e-02
 5.490630261178e+04  1.606859300000e+01  6.851566115582e-02
 5.492123860905e+04  1.585606800000e+01  6.681767866936e-02
 5.492124707118e+04  1.592315300000e+01  6.754682478977e-02
 5.492125566573e+04  1.591031100000e+01  6.746548826806e-02
 5.492126423110e+04  1.590569100000e+01  6.736449257840e-02
 5.495218054413e+04  1.604436400000e+01  6.933698389500e-02
 5.495218827856e+04  1.600877000000e+01  6.893070133954e-02
 5.495219614343e+04  1.599824500000e+01  6.883248047512e-02
 5.495220396306e+04  1.604902500000e+01  6.949405781809e-02
 5.529121683059e+04  1.563607300000e+01  6.477122789988e-02
 5.529122310443e+04  1.567510200000e+01  6.517933026639e-02
 5.529122945396e+04  1.567688900000e+01  6.524838595507e-02
 5.529123577800e+04  1.572917000000e+01  6.571030351349e-02
 5.530026240618e+04  1.610081600000e+01  6.981555000774e-02
 5.530027052846e+04  1.609512600000e+01  6.970059153307e-02
 5.530027865675e+04  1.606516000000e+01  6.939851853528e-02
 5.530028681625e+04  1.606863400000e+01  6.947430584794e-02
 5.524337267131e+04  1.579235700000e+01  6.604035522514e-02
 5.524337953694e+04  1.581394000000e+01  6.627717286162e-02
 5.524338647142e+04  1.582315600000e+01  6.640412435784e-02
 5.524339344608e+04  1.583763400000e+01  6.661680568371e-02
 5.535015302815e+04  1.612751400000e+01  7.073165844428e-02
 5.535015875750e+04  1.604162400000e+01  7.092857760095e-02
 5.535016450744e+04  1.601655800000e+01  7.017309545571e-02
 5.535017022094e+04  1.607479600000e+01  7.029124301115e-02
 5.526831886236e+04  1.588358400000e+01  6.699243514791e-02
 5.526832468016e+04  1.590424600000e+01  6.731077925568e-02
 5.526833045649e+04  1.588328200000e+01  6.707289879913e-02
 5.526833625435e+04  1.585782900000e+01  6.682455319688e-02
 5.527031214604e+04  1.591079900000e+01  6.741437371478e-02
 5.527031854475e+04  1.592660300000e+01  6.763042224369e-02
 5.527032486153e+04  1.597118900000e+01  6.816843528784e-02
 5.527033123685e+04  1.591876000000e+01  6.756528257400e-02
 5.565224221124e+04  1.603012600000e+01  6.978564189106e-02
 5.565224904156e+04  1.604282400000e+01  6.996532376884e-02
 5.565225588267e+04  1.624111700000e+01  7.278040277507e-02
 5.565226277078e+04  1.602696000000e+01  6.973642494783e-02
 5.568126242502e+04  1.539508900000e+01  6.318164147413e-02
 5.568126988130e+04  1.537884500000e+01  6.307674954563e-02
 5.568127735346e+04  1.547467900000e+01  6.402711340712e-02
 5.568128479273e+04  1.546113500000e+01  6.396026677836e-02
 5.560239121417e+04  1.602637500000e+01  6.558869776088e-02
 5.560240174413e+04  1.601669900000e+01  6.546081552252e-02
 5.560241211926e+04  1.608842700000e+01  6.623558210973e-02
 5.560242257036e+04  1.610535300000e+01  6.645473947838e-02
 5.561740180532e+04  1.598821400000e+01  6.873935485544e-02
 5.561740919924e+04  1.599438100000e+01  6.886983546815e-02
 5.561741674521e+04  1.604461600000e+01  6.948719815796e-02
 5.561742426042e+04  1.601073900000e+01  6.920131743259e-02
 5.557555073594e+04  1.608009000000e+01  8.327585598894e-02
 5.557555214341e+04  1.613194700000e+01  8.441418609376e-02
 5.557555353773e+04  1.610373800000e+01  8.382485313017e-02
 5.557555494486e+04  1.612938500000e+01  8.437949285257e-02
 5.559048226686e+04  1.589222700000e+01  6.776350957554e-02
 5.559048748251e+04  1.589464500000e+01  6.782183824762e-02
 5.559049277257e+04  1.589738200000e+01  6.784817902396e-02
 5.559049799228e+04  1.594501900000e+01  6.849276527079e-02
 5.562631296388e+04  1.605109600000e+01  7.186460564526e-02
 5.562631871359e+04  1.605983800000e+01  7.087703282446e-02
 5.562632455162e+04  1.598937500000e+01  7.005590641763e-02
 5.562633032367e+04  1.606322600000e+01  7.351503495698e-02
 5.563335071494e+04  1.534166500000e+01  6.402268095692e-02
 5.563335766601e+04  1.539378600000e+01  6.381199370915e-02
 5.563336461230e+04  1.544165900000e+01  6.387980093637e-02
 5.563337157331e+04  1.542579700000e+01  6.334592022543e-02
 5.564528510231e+04  1.599636800000e+01  6.935309682743e-02
 5.564529294669e+04  1.598802400000e+01  6.920862190850e-02
 5.564530079720e+04  1.600365500000e+01  6.940979693623e-02
 5.564530868400e+04  1.603291300000e+01  6.989370663024e-02
 5.570816814009e+04  1.545629000000e+01  6.366388679950e-02
 5.570817729404e+04  1.548447800000e+01  6.402837169898e-02
 5.570818643106e+04  1.555287500000e+01  6.467846217953e-02
 5.570819568953e+04  1.557573000000e+01  6.499060902400e-02
 5.592942924602e+04  1.606429300000e+01  6.947825299307e-02
 5.592943545212e+04  1.609062900000e+01  6.974600600738e-02
 5.592944177938e+04  1.604214100000e+01  6.902835301239e-02
 5.592944803941e+04  1.607685400000e+01  6.946560644175e-02
 5.597739812338e+04  1.613574600000e+01  7.080722909601e-02
 5.597740692024e+04  1.601166300000e+01  6.867462754205e-02
 5.597741497747e+04  1.580156800000e+01  6.617156978771e-02
 5.597742289675e+04  1.544042400000e+01  6.261845382066e-02
 5.598426906281e+04  1.531690700000e+01  6.197937814389e-02
 5.598427410249e+04  1.522480400000e+01  6.117541546342e-02
 5.598427923781e+04  1.509474300000e+01  6.019508392990e-02
 5.598428443236e+04  1.506145900000e+01  5.991025592280e-02
 5.598937098303e+04  1.587960700000e+01  6.746566903500e-02
 5.598937599902e+04  1.588448400000e+01  6.755549978944e-02
 5.598938111513e+04  1.590976300000e+01  6.788394691269e-02
 5.598938629141e+04  1.590009000000e+01  6.778974512907e-02
 5.600032836387e+04  1.609330000000e+01  7.004485673285e-02
 5.600033404600e+04  1.608552700000e+01  7.001401924421e-02
 5.600033974200e+04  1.609347000000e+01  7.004274757094e-02
 5.600034542015e+04  1.610088500000e+01  7.009200747506e-02
 5.603222426581e+04  1.517140900000e+01  6.108037033115e-02
 5.603223001113e+04  1.517974500000e+01  6.115095360715e-02
 5.603223562484e+04  1.522539700000e+01  6.153648528342e-02
 5.603224132757e+04  1.528485200000e+01  6.203332884669e-02
 5.606623181066e+04  1.605410900000e+01  6.926230900497e-02
 5.606623796676e+04  1.608242400000e+01  6.977950361803e-02
 5.606624417822e+04  1.603866800000e+01  6.932363651031e-02
 5.606625042102e+04  1.604733400000e+01  6.951607226306e-02
