# time mag mag_err
 5.371241441646e+04  1.536816300000e+01  6.247374885650e-02
 5.371242117084e+04  1.540696300000e+01  6.274473779026e-02
 5.371242789259e+04  1.539990800000e+01  6.264921831862e-02
 5.371243469941e+04  1.539590800000e+01  6.256928841354e-02
 5.373438030509e+04  1.530080300000e+01  6.156188670292e-02
 5.373438811752e+04  1.534934600000e+01  6.196628134124e-02
 5.373439595297e+04  1.534149800000e+01  6.187838787540e-02
 5.373440401519e+04  1.536941400000e+01  6.210098954528e-02
 5.385427963230e+04  1.476775700000e+01  5.885023891602e-02
 5.385428788677e+04  1.476452800000e+01  5.883261707957e-02
 5.385429611275e+04  1.480328000000e+01  5.914459820698e-02
 5.385430429858e+04  1.485486400000e+01  5.955026708546e-02
 5.377033368740e+04  1.517404300000e+01  6.128821839262e-02
 5.377034181419e+04  1.518903400000e+01  6.120227411031e-02
 5.377034989758e+04  1.523571900000e+01  6.126761440714e-02
 5.377035798536e+04  1.524625400000e+01  6.153479436243e-02
 5.378934763703e+04  1.526988800000e+01  6.502641396284e-02
 5.374146105072e+04  1.481588100000e+01  5.815307162279e-02
 5.374147028045e+04  1.485925000000e+01  5.839734100156e-02
 5.374147999888e+04  1.491007600000e+01  5.873047052199e-02
 5.374148968385e+04  1.496659900000e+01  5.908240371425e-02
 5.375737946917e+04  1.516593500000e+01  6.076347549802e-02
 5.375738795650e+04  1.518666600000e+01  6.090224918888e-02
 5.375739659814e+04  1.521114700000e+01  6.108236802564e-02
 5.375740531015e+04  1.524542500000e+01  6.133018737842e-02
 5.390220108620e+04  1.541139100000e+01  1.038277543186e-01
 5.390220207120e+04  1.548764500000e+01  1.066623511090e-01
 5.390220306523e+04  1.549467600000e+01  1.068747933257e-01
 5.390220404074e+04  1.545438900000e+01  1.056596178596e-01
 5.379630833642e+04  1.519943300000e+01  6.105473468843e-02
 5.379631551780e+04  1.522900800000e+01  6.126263503389e-02
 5.379632317524e+04  1.523821000000e+01  6.132152866292e-02
 5.379633088488e+04  1.525567500000e+01  6.146376866179e-02
 5.386027624693e+04  1.534455000000e+01  6.319087331950e-02
 5.386028166525e+04  1.530324400000e+01  6.285567693374e-02
 5.386028708509e+04  1.532714200000e+01  6.308853007047e-02
 5.386029251267e+04  1.534283200000e+01  6.330338610990e-02
 5.388315993174e+04  1.476878100000e+01  5.897486380392e-02
 5.388316649745e+04  1.479933000000e+01  5.916365240221e-02
 5.388317298771e+04  1.481532900000e+01  5.926410207022e-02
 5.388317953086e+04  1.485543700000e+01  5.951959045735e-02
 5.405144475296e+04  1.525607200000e+01  6.240763825255e-02
 5.405145059284e+04  1.527230700000e+01  6.254367554932e-02
 5.405145643469e+04  1.532302800000e+01  6.291898279672e-02
 5.405146228694e+04  1.528807400000e+01  6.262405842366e-02
 5.406640371685e+04  1.543484500000e+01  6.088968314063e-02
 5.406641457503e+04  1.543771900000e+01  6.082042355915e-02
 5.406642557095e+04  1.545638700000e+01  6.095136292292e-02
 5.406643649834e+04  1.549526400000e+01  6.120977185179e-02
 5.420824835706e+04  1.544820700000e+01  6.265264241383e-02
 5.420825784978e+04  1.544228800000e+01  6.259398848298e-02
 5.420826691887e+04  1.545636900000e+01  6.274985266126e-02
 5.420827579176e+04  1.545989800000e+01  6.279008840503e-02
 5.445234335850e+04  1.543180100000e+01  6.247664688191e-02
 5.445234993509e+04  1.538181700000e+01  6.198678369375e-02
 5.445235651319e+04  1.528262700000e+01  6.114181512541e-02
 5.445236318135e+04  1.518871600000e+01  6.042271362315e-02
 5.426115541869e+04  1.463430100000e+01  5.741724781649e-02
 5.426116030678e+04  1.460825300000e+01  5.730364898391e-02
 5.426116524002e+04  1.464805600000e+01  5.755006508064e-02
 5.426117012811e+04  1.464969000000e+01  5.757205202055e-02
 5.426219315999e+04  1.487253200000e+01  5.526813312361e-02
 5.426220121352e+04  1.488453500000e+01  5.536851566626e-02
 5.426220926148e+04  1.492102900000e+01  5.558164656011e-02
 5.426221729557e+04  1.496614600000e+01  5.584428629055e-02
 5.427016349110e+04  1.537020000000e+01  5.750638889032e-02
 5.427017073382e+04  1.538468700000e+01  5.765698505294e-02
 5.427017796311e+04  1.538852000000e+01  5.770777263270e-02
 5.427018518986e+04  1.538464200000e+01  5.773637072813e-02
 5.427718532277e+04  1.517031800000e+01  5.927824169689e-02
 5.427719052395e+04  1.513377300000e+01  5.910027820030e-02
 5.427719576877e+04  1.520551200000e+01  5.966581451499e-02
 5.427720102956e+04  1.522751300000e+01  5.994230927667e-02
 5.417126948483e+04  1.538988500000e+01  6.190531835632e-02
 5.417127465245e+04  1.531732500000e+01  6.132859628537e-02
 5.417127980525e+04  1.525191500000e+01  6.081993488776e-02
 5.417128494451e+04  1.517322300000e+01  6.022681235929e-02
 5.417722780925e+04  1.509947200000e+01  6.026533292271e-02
 5.417723436166e+04  1.511842200000e+01  6.037488233056e-02
 5.417724094149e+04  1.516143300000e+01  6.065379499675e-02
 5.417724776707e+04  1.516389600000e+01  6.066638502201e-02
 5.424418653704e+04  1.542561700000e+01  6.279302170155e-02
 5.424419411196e+04  1.541939500000e+01  6.280107174876e-02
 5.424420167066e+04  1.541147500000e+01  6.275660464824e-02
 5.424420920934e+04  1.543648400000e+01  6.299518462024e-02
 5.441748010513e+04  1.516227300000e+01  6.008927236505e-02
 5.441748680372e+04  1.523242100000e+01  6.058257489652e-02
 5.441749350891e+04  1.522585000000e+01  6.052744098067e-02
 5.441750021272e+04  1.526885000000e+01  6.081996531630e-02
 5.438949272301e+04  1.438171000000e+01  5.820938221774e-02
 5.438949583069e+04  1.442903100000e+01  5.849163075348e-02
 5.438949892008e+04  1.442864700000e+01  5.844896892548e-02
 5.438950200333e+04  1.445821100000e+01  5.860955464814e-02
 5.455725466446e+04  1.503122600000e+01  5.930051434676e-02
 5.455726462792e+04  1.508931800000e+01  5.967257981356e-02
 5.455727455203e+04  1.509486500000e+01  5.973002425735e-02
 5.455728439233e+04  1.514085100000e+01  6.072285352320e-02
 5.456624133455e+04  1.465410200000e+01  5.733572646377e-02
 5.456624793164e+04  1.452413500000e+01  5.667893136097e-02
 5.456625451981e+04  1.446993100000e+01  5.624425503601e-02
 5.456626108889e+04  1.446021300000e+01  5.671119748273e-02
 5.457222347508e+04  1.528434700000e+01  6.117154309170e-02
 5.457222860508e+04  1.528579500000e+01  6.114994051419e-02
 5.457223374874e+04  1.530289000000e+01  6.129221436623e-02
 5.457223891034e+04  1.533365900000e+01  6.158325064277e-02
 5.458425854737e+04  1.528266700000e+01  6.139114258776e-02
 5.458426423735e+04  1.531394200000e+01  6.167021272355e-02
 5.458426992258e+04  1.530058700000e+01  6.157312536305e-02
 5.458427562437e+04  1.532226500000e+01  6.177024692644e-02
 5.480541296139e+04  1.547865700000e+01  6.267949957230e-02
 5.480542091618e+04  1.553394900000e+01  6.378883787028e-02
 5.480542894448e+04  1.549820600000e+01  6.276031550481e-02
 5.480543696906e+04  1.550736800000e+01  6.280998030549e-02
 5.450727945047e+04  1.510069500000e+01  6.377085884809e-02
 5.450728643277e+04  1.512397100000e+01  6.133438597377e-02
 5.450729335765e+04  1.515270900000e+01  6.336590354938e-02
 5.450730031587e+04  1.518641500000e+01  6.492701214895e-02
 5.446649200242e+04  1.514979600000e+01  5.980622435289e-02
 5.446649751472e+04  1.516960700000e+01  5.993798021020e-02
 5.446650300389e+04  1.517401500000e+01  5.999930292480e-02
 5.446650846503e+04  1.522065300000e+01  6.034403759504e-02
 5.448035490683e+04  1.483569600000e+01  5.839052057448e-02
 5.448036430383e+04  1.496560500000e+01  5.868207672810e-02
 5.448037366436e+04  1.500668300000e+01  5.892755469886e-02
 5.448038304492e+04  1.502143300000e+01  5.901781401625e-02
 5.453538925796e+04  1.542632000000e+01  6.231066726799e-02
 5.453539365053e+04  1.543975000000e+01  6.244685884079e-02
 5.453539809856e+04  1.541234300000e+01  6.220597692135e-02
 5.453540251383e+04  1.542691700000e+01  6.234690278534e-02
 5.454939409591e+04  1.556180700000e+01  6.634525010440e-02
 5.454940045352e+04  1.548944600000e+01  6.558216046229e-02
 5.454940679493e+04  1.545466400000e+01  6.526541473153e-02
 5.454941313865e+04  1.536413100000e+01  6.436388921480e-02
 5.459428028355e+04  1.519921200000e+01  6.081691146615e-02
 5.459428786125e+04  1.523318300000e+01  6.108301249254e-02
 5.459429542412e+04  1.527128000000e+01  6.139319846778e-02
 5.459430297705e+04  1.529601100000e+01  6.135985813442e-02
 5.479249686485e+04  1.550277500000e+01  6.360762733548e-02
 5.479250286990e+04  1.544934100000e+01  6.429381410962e-02
 5.479250886800e+04  1.541201100000e+01  6.579669643043e-02
 5.479251489295e+04  1.527492900000e+01  6.446683720016e-02
 5.492232919291e+04  1.493433500000e+01  5.888258724714e-02
 5.492233706485e+04  1.493904700000e+01  5.893385905969e-02
 5.492234499153e+04  1.499366500000e+01  5.930038277749e-02
 5.492235292479e+04  1.498957900000e+01  5.931065317516e-02
 5.494525266948e+04  1.550972200000e+01  6.325426927658e-02
 5.494525934169e+04  1.549153700000e+01  6.310854499418e-02
 5.494526609921e+04  1.547860600000e+01  6.297390620619e-02
 5.494527273509e+04  1.549737600000e+01  6.318549489870e-02
 5.518340926799e+04  1.543949900000e+01  6.229796419023e-02
 5.518341388083e+04  1.545458200000e+01  6.237817687658e-02
 5.518341853455e+04  1.545184300000e+01  6.252754196927e-02
 5.518342320573e+04  1.540413500000e+01  6.207227774891e-02
 5.487539585644e+04  1.530920200000e+01  6.302917361897e-02
 5.487540117557e+04  1.534913400000e+01  6.335135014110e-02
 5.487540664598e+04  1.533483800000e+01  6.325003393494e-02
 5.487541207715e+04  1.540019300000e+01  6.388070900322e-02
 5.488626099911e+04  1.460836500000e+01  5.711238412577e-02
 5.489025022642e+04  1.523846300000e+01  6.059602833247e-02
 5.489026504556e+04  1.526802800000e+01  6.089340305441e-02
 5.486129114755e+04  1.460938200000e+01  5.666988395515e-02
 5.486130412887e+04  1.471717700000e+01  5.719337381050e-02
 5.486131703900e+04  1.474605600000e+01  5.734239349345e-02
 5.486133011778e+04  1.483392600000e+01  5.781763684290e-02
 5.491119484869e+04  1.466401000000e+01  5.715124645102e-02
 5.491120031748e+04  1.468014500000e+01  5.721397965224e-02
 5.491120575572e+04  1.470567300000e+01  5.733071897451e-02
 5.491121135657e+04  1.473868700000e+01  5.751835314869e-02
 5.514348169116e+04  1.529522900000e+01  6.406719627253e-02
 5.514348608061e+04  1.533824300000e+01  6.445750998278e-02
 5.514349042749e+04  1.530819500000e+01  6.413304047230e-02
 5.514349477215e+04  1.533493400000e+01  6.437024584539e-02
 5.516044445700e+04  1.537000300000e+01  6.203476177756e-02
 5.516045250464e+04  1.539809100000e+01  6.222540618133e-02
 5.516046057936e+04  1.537872800000e+01  6.201612124412e-02
 5.516046862074e+04  1.535865600000e+01  6.184871228780e-02
 5.529712234757e+04  1.508080400000e+01  5.992526975585e-02
 5.529712994681e+04  1.510246800000e+01  6.008673496213e-02
 5.529713765763e+04  1.513898400000e+01  6.031012836363e-02
 5.529714532005e+04  1.515661600000e+01  6.044893291020e-02
 5.524428371091e+04  1.514290900000e+01  6.026729083161e-02
 5.524429000382e+04  1.514778400000e+01  6.027137179917e-02
 5.524429636392e+04  1.516938000000e+01  6.041086395413e-02
 5.524430275942e+04  1.518935800000e+01  6.056736144114e-02
 5.521137920388e+04  1.548351700000e+01  6.275395564758e-02
 5.521138664049e+04  1.549022000000e+01  6.278289696283e-02
 5.521139413785e+04  1.549368400000e+01  6.277429637780e-02
 5.521140161456e+04  1.546668100000e+01  6.252050894611e-02
 5.535515429653e+04  1.436617700000e+01  5.611859281819e-02
 5.535515939079e+04  1.442431900000e+01  5.654914898237e-02
 5.535516455435e+04  1.445834700000e+01  5.681923359803e-02
 5.535516967869e+04  1.449525500000e+01  5.756623112985e-02
 5.527219736418e+04  1.523213300000e+01  6.077596223778e-02
 5.527220249050e+04  1.525969000000e+01  6.089117100943e-02
 5.527220766980e+04  1.526248000000e+01  6.091108031778e-02
 5.527221278970e+04  1.528449900000e+01  6.122907815651e-02
 5.532320934920e+04  1.537767700000e+01  6.215316963566e-02
 5.532321508039e+04  1.534275000000e+01  6.189406161334e-02
 5.532322084524e+04  1.537490000000e+01  6.214830052286e-02
 5.532322654633e+04  1.539136600000e+01  6.229938778420e-02
 5.533718775602e+04  1.537662600000e+01  6.226880101625e-02
 5.533719519887e+04  1.539789300000e+01  6.248122791397e-02
 5.533720265354e+04  1.540531600000e+01  6.262198804224e-02
 5.533721011986e+04  1.542971400000e+01  6.282444202878e-02
 5.552847582975e+04  1.550555700000e+01  6.827835593995e-02
 5.552848983593e+04  1.553297700000e+01  6.861815137703e-02
 5.552849680745e+04  1.554117000000e+01  6.871306348986e-02
 5.560138656572e+04  1.542837400000e+01  6.325923037350e-02
 5.560139231172e+04  1.545406500000e+01  6.348288858094e-02
 5.560139808726e+04  1.544155300000e+01  6.333263451974e-02
 5.560140388234e+04  1.550131400000e+01  6.387990739206e-02
 5.557630682468e+04  1.519228100000e+01  6.437579844885e-02
 5.557631370549e+04  1.522582300000e+01  6.454028576014e-02
 5.557632049355e+04  1.523319200000e+01  6.455758932552e-02
 5.557632737910e+04  1.526153400000e+01  6.479107675394e-02
 5.562637489391e+04  1.538384000000e+01  6.328579082287e-02
 5.562638067535e+04  1.534695600000e+01  6.316255867476e-02
 5.562638646708e+04  1.542219500000e+01  6.444035893674e-02
 5.562639231495e+04  1.540212300000e+01  6.468829955269e-02
 5.563234837962e+04  1.470059700000e+01  5.777052316385e-02
 5.563235301284e+04  1.472116400000e+01  5.789519706894e-02
 5.563235763751e+04  1.472665000000e+01  5.792610387267e-02
 5.563236225823e+04  1.473786200000e+01  5.810110255948e-02
 5.568519252817e+04  1.428402900000e+01  5.779713345350e-02
 5.568519699888e+04  1.425189500000e+01  5.891031279090e-02
 5.568520149675e+04  1.426704900000e+01  5.859156011665e-02
 5.568520598609e+04  1.434569700000e+01  5.769671920999e-02
 5.489031258682e+04  1.533566800000e+01  6.125952941023e-02
 5.489032087229e+04  1.533302100000e+01  6.146286476438e-02
 5.489032959553e+04  1.534136200000e+01  6.147040958776e-02
 5.489033756780e+04  1.535620000000e+01  6.309452217926e-02
 5.592338176604e+04  1.546102200000e+01  6.028754011403e-02
 5.592339007782e+04  1.547937600000e+01  6.042729817625e-02
 5.592339834779e+04  1.548975700000e+01  6.048067521442e-02
 5.592340665328e+04  1.552807200000e+01  6.075090086728e-02
 5.595841801422e+04  1.539467800000e+01  6.218124021686e-02
 5.595842399728e+04  1.541676100000e+01  6.238986823186e-02
 5.595842997119e+04  1.542334200000e+01  6.242459101309e-02
 5.595843606999e+04  1.543320000000e+01  6.252648218577e-02
 5.597622915454e+04  1.536828000000e+01  6.244669154485e-02
 5.597623769855e+04  1.535812400000e+01  6.231503035434e-02
 5.597624618634e+04  1.537929800000e+01  6.244522935010e-02
 5.597625467104e+04  1.530612600000e+01  6.182541858366e-02
 5.598140200323e+04  1.534334000000e+01  6.184104842858e-02
 5.598140820485e+04  1.536013300000e+01  6.197248092934e-02
 5.598141447252e+04  1.536069300000e+01  6.196570764161e-02
 5.598142066800e+04  1.537298100000e+01  6.211127572102e-02
 5.598726448942e+04  1.544280600000e+01  6.417566453163e-02
 5.598727074216e+04  1.540456100000e+01  6.379579072235e-02
 5.598727706021e+04  1.539405400000e+01  6.385074720646e-02
 5.598728335214e+04  1.539184100000e+01  6.384952369960e-02
 5.600929238293e+04  1.548323500000e+01  6.309311709469e-02
 5.600929866229e+04  1.551679100000e+01  6.339235889481e-02
 5.600930503963e+04  1.551801900000e+01  6.341131396407e-02
 5.600931134273e+04  1.553116000000e+01  6.355452181989e-02
 5.601817649409e+04  1.467248500000e+01  5.743953215724e-02
 5.601818447367e+04  1.472385700000e+01  5.772454161101e-02
 5.601819246380e+04  1.475069300000e+01  5.786567343098e-02
 5.601820036537e+04  1.481205300000e+01  5.822481264454e-02
 5.606727927817e+04  1.510502500000e+01  6.015783300345e-02
 5.606728539590e+04  1.513012400000e+01  6.037318515398e-02
 5.606729158440e+04  1.518586100000e+01  6.083308823298e-02
 5.606729810663e+04  1.515247300000e+01  6.065745644282e-02
 5.610016045287e+04  1.549995200000e+01  6.396926054645e-02
 5.610016555324e+04  1.551697700000e+01  6.422089570495e-02
 5.610017071799e+04  1.547024400000e+01  6.384203117301e-02
 5.610017591581e+04  1.550784700000e+01  6.425628361837e-02
