# time mag mag_err
 5.355515838719e+04  1.394162700000e+01  5.444279103936e-02
 5.355516645078e+04  1.388851100000e+01  5.428982667167e-02
 5.355517450917e+04  1.386967200000e+01  5.425540163611e-02
 5.355518257219e+04  1.386127700000e+01  5.426382726488e-02
 5.352519254587e+04  1.455663000000e+01  5.697329149554e-02
 5.352520174934e+04  1.457104200000e+01  5.708724309627e-02
 5.352521095095e+04  1.457297900000e+01  5.715696483090e-02
 5.352522007884e+04  1.460773100000e+01  5.735226656985e-02
 5.349620441000e+04  1.467314500000e+01  5.733547806236e-02
 5.349621189694e+04  1.469897100000e+01  5.748424748742e-02
 5.349621936387e+04  1.469090900000e+01  5.748258171834e-02
 5.349622681817e+04  1.469776800000e+01  5.751253802359e-02
 5.384626082152e+04  1.455610800000e+01  5.706423347770e-02
 5.384627057328e+04  1.456680300000e+01  5.714164326624e-02
 5.384628045027e+04  1.458476500000e+01  5.759929567396e-02
 5.384629030226e+04  1.460288500000e+01  5.735591041432e-02
 5.407051619462e+04  1.403922100000e+01  5.428905824778e-02
 5.407051953749e+04  1.403579700000e+01  5.425965520482e-02
 5.407052277851e+04  1.404755400000e+01  5.429095214585e-02
 5.407052613505e+04  1.404066000000e+01  5.425675306143e-02
 5.409051183178e+04  1.430809200000e+01  5.520774365173e-02
 5.409052206123e+04  1.432411900000e+01  5.524960141759e-02
 5.409053233847e+04  1.433211200000e+01  5.527982423989e-02
 5.409054253065e+04  1.434331200000e+01  5.516002334104e-02
 5.377644533924e+04  1.417620200000e+01  5.519643258107e-02
 5.377645326880e+04  1.418858500000e+01  5.522118936370e-02
 5.377645978012e+04  1.420699200000e+01  5.526885407863e-02
 5.377646629468e+04  1.420049500000e+01  5.523875209223e-02
 5.378644146235e+04  1.428449500000e+01  5.581905318192e-02
 5.378645091003e+04  1.430909100000e+01  5.554063527184e-02
 5.378646038505e+04  1.432433900000e+01  5.561471690683e-02
 5.378646983587e+04  1.433344700000e+01  5.565776392083e-02
 5.374348648766e+04  1.457766000000e+01  5.711200419253e-02
 5.374349240450e+04  1.456155600000e+01  5.703090621896e-02
 5.374349834797e+04  1.456427400000e+01  5.700975562465e-02
 5.374350426273e+04  1.457507500000e+01  5.707004669863e-02
 5.376552182687e+04  1.465452900000e+01  5.754430801906e-02
 5.376552823020e+04  1.466648500000e+01  5.749282196593e-02
 5.376553477647e+04  1.467186300000e+01  5.747584460589e-02
 5.376554119936e+04  1.467612800000e+01  5.751616118497e-02
 5.390323381406e+04  1.389343000000e+01  7.036995998354e-02
 5.390323481874e+04  1.392261600000e+01  7.072951166059e-02
 5.390323585722e+04  1.389832100000e+01  7.050099643667e-02
 5.390323691630e+04  1.388781400000e+01  7.045900849862e-02
 5.390619642839e+04  1.424986000000e+01  5.627896332161e-02
 5.390620937949e+04  1.428962500000e+01  5.658949047610e-02
 5.390621734377e+04  1.412897200000e+01  5.668141983174e-02
 5.386331344369e+04  1.463600800000e+01  8.014306153723e-02
 5.386331443066e+04  1.461973800000e+01  7.999879710571e-02
 5.386331516252e+04  1.460832300000e+01  7.977057030420e-02
 5.386331600655e+04  1.461862400000e+01  7.999307364532e-02
 5.387523610041e+04  1.451188600000e+01  5.708243160983e-02
 5.387524379963e+04  1.450024300000e+01  5.702330035264e-02
 5.387525149446e+04  1.451199200000e+01  5.710726726687e-02
 5.387525912042e+04  1.452560600000e+01  5.720429661777e-02
 5.388620906740e+04  1.396387900000e+01  5.464371053901e-02
 5.388621814597e+04  1.398230600000e+01  5.472575224744e-02
 5.388622725765e+04  1.400081600000e+01  5.481234968006e-02
 5.388623634850e+04  1.402853100000e+01  5.493721856434e-02
 5.419730604181e+04  1.387329200000e+01  5.383198823546e-02
 5.419731364241e+04  1.387431800000e+01  5.384635781595e-02
 5.419732124013e+04  1.388270600000e+01  5.385902029649e-02
 5.419732884062e+04  1.391046200000e+01  5.394627028853e-02
 5.420626882160e+04  1.452794500000e+01  5.687656556450e-02
 5.420627481252e+04  1.452993100000e+01  5.689954591611e-02
 5.420628083863e+04  1.455338000000e+01  5.701936692734e-02
 5.420628685942e+04  1.455697200000e+01  5.703545186473e-02
 5.421322080409e+04  1.442421600000e+01  5.625041428720e-02
 5.421323035815e+04  1.445196900000e+01  5.635582115603e-02
 5.421323994369e+04  1.446435700000e+01  5.642225142827e-02
 5.421324956744e+04  1.449159100000e+01  5.638855249597e-02
 5.445050835671e+04  1.422008500000e+01  5.495335969206e-02
 5.445051446303e+04  1.423568000000e+01  5.498649647680e-02
 5.445052058544e+04  1.424117300000e+01  5.498821492830e-02
 5.445052672105e+04  1.424639900000e+01  5.500140161535e-02
 5.411548736388e+04  1.451361600000e+01  5.597451038598e-02
 5.411549672186e+04  1.451887500000e+01  5.598431638656e-02
 5.411550629491e+04  1.452548700000e+01  5.600865601971e-02
 5.411551805927e+04  1.452338700000e+01  5.600151686608e-02
 5.412945542962e+04  1.425524300000e+01  5.507273157940e-02
 5.412946318278e+04  1.426776500000e+01  5.513033702931e-02
 5.412947091464e+04  1.428399700000e+01  5.518540533000e-02
 5.412947869536e+04  1.428568900000e+01  5.518402902858e-02
 5.456034988422e+04  1.422519100000e+01  5.404847039241e-02
 5.456035527187e+04  1.422563600000e+01  5.405373257097e-02
 5.456036066660e+04  1.423460700000e+01  5.409448900848e-02
 5.456036605286e+04  1.424430500000e+01  5.414500259628e-02
 5.456726387579e+04  1.388309000000e+01  5.384195370275e-02
 5.456727299002e+04  1.398385100000e+01  5.414857081401e-02
 5.456728211339e+04  1.386619200000e+01  5.376876421533e-02
 5.456729123352e+04  1.388553100000e+01  5.384103539159e-02
 5.458030862348e+04  1.435208600000e+01  5.563333513031e-02
 5.458031507948e+04  1.436581700000e+01  5.566816754007e-02
 5.458032152807e+04  1.437782400000e+01  5.575648544938e-02
 5.458032800027e+04  1.438865200000e+01  5.580656475817e-02
 5.482951960144e+04  1.386127500000e+01  5.361945379283e-02
 5.482952505160e+04  1.385653900000e+01  5.360552305437e-02
 5.482953055846e+04  1.386417900000e+01  5.361408135361e-02
 5.482953597436e+04  1.386460100000e+01  5.363395972350e-02
 5.451538703736e+04  1.464499800000e+01  5.994821498089e-02
 5.451539197522e+04  1.466763100000e+01  5.838181101705e-02
 5.451539621559e+04  1.466026700000e+01  5.831573183691e-02
 5.451540049046e+04  1.465373300000e+01  5.829738830985e-02
 5.459725682073e+04  1.429028300000e+01  5.566237962381e-02
 5.459726394608e+04  1.431376300000e+01  5.579891652302e-02
 5.459727104782e+04  1.431497900000e+01  5.585729355859e-02
 5.459727816692e+04  1.432558600000e+01  5.596139772956e-02
 5.493826384635e+04  1.441642500000e+01  5.584805210813e-02
 5.493826964907e+04  1.441889200000e+01  5.585225407531e-02
 5.493827537265e+04  1.441728300000e+01  5.584109223522e-02
 5.493828116992e+04  1.444811200000e+01  5.599113983600e-02
 5.485939693982e+04  1.412498200000e+01  5.447421402918e-02
 5.485940177154e+04  1.413355700000e+01  5.453741936943e-02
 5.485941248168e+04  1.417062400000e+01  5.467134316817e-02
 5.485941781331e+04  1.416254400000e+01  5.470276359313e-02
 5.499615679078e+04  1.402653200000e+01  5.619427841064e-02
 5.499616199278e+04  1.404695400000e+01  5.628447754560e-02
 5.499616716644e+04  1.405615000000e+01  5.632914082586e-02
 5.499617255536e+04  1.406739600000e+01  5.638390773893e-02
 5.492131013045e+04  1.450669200000e+01  5.632204412973e-02
 5.492131796812e+04  1.452554700000e+01  5.637002609795e-02
 5.492132584191e+04  1.450964100000e+01  5.631860695393e-02
 5.492133369117e+04  1.450562900000e+01  5.633571700489e-02
 5.498215590326e+04  1.436015500000e+01  5.772992436861e-02
 5.498216064506e+04  1.437005200000e+01  5.782440711824e-02
 5.498216552782e+04  1.436420000000e+01  5.775751955338e-02
 5.498217040922e+04  1.438386800000e+01  5.789590206765e-02
 5.516252686110e+04  1.470570100000e+01  5.767843391607e-02
 5.516252929711e+04  1.468114100000e+01  5.753560747870e-02
 5.516253174628e+04  1.468465400000e+01  5.752253459923e-02
 5.516253411284e+04  1.465682300000e+01  5.739744866565e-02
 5.529025993819e+04  1.398860200000e+01  5.429943354808e-02
 5.529026621198e+04  1.400663100000e+01  5.435865563298e-02
 5.529027253811e+04  1.402748700000e+01  5.441877060383e-02
 5.529027895301e+04  1.403701200000e+01  5.444617677896e-02
 5.529630367819e+04  1.451882300000e+01  5.637841377862e-02
 5.529630999760e+04  1.450786700000e+01  5.633324205065e-02
 5.529631638668e+04  1.451342100000e+01  5.635444976379e-02
 5.529632269000e+04  1.452475000000e+01  5.642147168203e-02
 5.524045780172e+04  1.468432900000e+01  5.786763463197e-02
 5.524046539109e+04  1.467724100000e+01  5.780791691137e-02
 5.524047295751e+04  1.469597900000e+01  5.785264335300e-02
 5.524048052156e+04  1.467852800000e+01  5.773996518883e-02
 5.524536602979e+04  1.457268000000e+01  5.682641204271e-02
 5.524537288140e+04  1.458988100000e+01  5.692864116343e-02
 5.524537983628e+04  1.459821800000e+01  5.693569391493e-02
 5.524538680863e+04  1.463153800000e+01  5.707812435216e-02
 5.535120318322e+04  1.394691300000e+01  5.414501877592e-02
 5.535121063530e+04  1.397879400000e+01  5.426451405278e-02
 5.535121816311e+04  1.399896500000e+01  5.433989535005e-02
 5.535122565435e+04  1.401104800000e+01  5.441187478368e-02
 5.526836677238e+04  1.416629900000e+01  5.483893078983e-02
 5.526837373338e+04  1.418642400000e+01  5.490772041495e-02
 5.526838074980e+04  1.419214700000e+01  5.493228219798e-02
 5.526838774010e+04  1.420464900000e+01  5.499694749171e-02
 5.532122853753e+04  1.464292700000e+01  5.547371661909e-02
 5.532123540062e+04  1.464846500000e+01  5.549502579585e-02
 5.532124231649e+04  1.466785700000e+01  5.558310756739e-02
 5.532124923003e+04  1.466562500000e+01  5.557941981402e-02
 5.558949326486e+04  1.427277900000e+01  5.744663216181e-02
 5.558949794252e+04  1.426944400000e+01  5.742968965861e-02
 5.558950261714e+04  1.430688200000e+01  5.763163125858e-02
 5.558950737154e+04  1.429656900000e+01  5.758203652378e-02
 5.562235280981e+04  1.450550500000e+01  5.515420639005e-02
 5.562236253576e+04  1.452228400000e+01  5.522687794460e-02
 5.562237228027e+04  1.451717500000e+01  5.518317943293e-02
 5.562238206968e+04  1.453079200000e+01  5.525094878632e-02
 5.564441001325e+04  1.464984700000e+01  5.770522768466e-02
 5.564441573147e+04  1.464969800000e+01  5.772964649168e-02
 5.564442146025e+04  1.467296200000e+01  5.791341125147e-02
 5.564442725036e+04  1.468155100000e+01  5.798241035254e-02
 5.592948913645e+04  1.389906700000e+01  5.395082267389e-02
 5.592949710604e+04  1.387547200000e+01  5.386413185694e-02
 5.592950507852e+04  1.386721500000e+01  5.383407855270e-02
 5.592951311020e+04  1.387768500000e+01  5.385823216863e-02
 5.595847162970e+04  1.456797600000e+01  5.657128463700e-02
 5.595847669998e+04  1.453445600000e+01  5.641226590125e-02
 5.595848181171e+04  1.448043100000e+01  5.615727327821e-02
 5.595848688198e+04  1.441369600000e+01  5.583346262882e-02
 5.598939483073e+04  1.448356900000e+01  5.634417371888e-02
 5.598939937530e+04  1.448956900000e+01  5.639184500967e-02
 5.598940390966e+04  1.450193300000e+01  5.645502805648e-02
 5.598940848535e+04  1.450059400000e+01  5.645039107924e-02
 5.600044493301e+04  1.404357500000e+01  5.453622590108e-02
 5.600044999064e+04  1.406611700000e+01  5.461493589464e-02
 5.600045516149e+04  1.408010600000e+01  5.468840365427e-02
 5.600046026362e+04  1.408857100000e+01  5.473078793759e-02
 5.600732894543e+04  1.468427300000e+01  5.577970827490e-02
 5.600734104001e+04  1.468363100000e+01  5.579241949344e-02
 5.600735296769e+04  1.467389700000e+01  5.571995357734e-02
 5.600736520115e+04  1.461338300000e+01  5.547394334546e-02
 5.601932031021e+04  1.461087800000e+01  5.493266614920e-02
 5.601933213536e+04  1.463514600000e+01  5.505272995603e-02
 5.601934400518e+04  1.463588300000e+01  5.508185145240e-02
 5.601935584633e+04  1.468700300000e+01  5.528214884013e-02
 5.602827965437e+04  1.433992400000e+01  5.612846816289e-02
 5.602828747740e+04  1.435759500000e+01  5.639464226113e-02
 5.602829335220e+04  1.440203800000e+01  5.610689288022e-02
 5.602829914647e+04  1.438809600000e+01  5.593850932030e-02
 5.604716862455e+04  1.388395200000e+01  5.419297643603e-02
 5.604717675782e+04  1.392332500000e+01  5.427466069689e-02
 5.604718408052e+04  1.394347300000e+01  5.431596843898e-02
 5.604719148078e+04  1.395292400000e+01  5.434457927483e-02
 5.606018705219e+04  1.438271400000e+01  5.552217145242e-02
 5.606019499713e+04  1.438388500000e+01  5.551055019623e-02
 5.606020374200e+04  1.440337200000e+01  5.560740928902e-02
 5.606021167220e+04  1.440189900000e+01  5.559115704392e-02
 5.609219086969e+04  1.450220200000e+01  5.636449886653e-02
 5.609219779318e+04  1.449593100000e+01  5.634464514901e-02
 5.609220455719e+04  1.451438600000e+01  5.643426112827e-02
 5.609221136773e+04  1.452873100000e+01  5.655196899469e-02
 5.609819110017e+04  1.388066800000e+01  5.390090218356e-02
 5.609819807540e+04  1.389129600000e+01  5.395758521087e-02
 5.609820493523e+04  1.392017600000e+01  5.407187288693e-02
 5.609821171019e+04  1.393069100000e+01  5.412403913173e-02
