# time mag mag_err
 5.347038695010e+04  1.607528400000e+01  7.090926435292e-02
 5.347039418437e+04  1.610301200000e+01  7.184747074975e-02
 5.347040145950e+04  1.602107200000e+01  7.071798626549e-02
 5.347040875432e+04  1.610553800000e+01  7.188922600875e-02
 5.347937695167e+04  1.569273100000e+01  6.463787823583e-02
 5.347938561286e+04  1.573172600000e+01  6.503275301336e-02
 5.347939429697e+04  1.576176800000e+01  6.533215310912e-02
 5.347940302854e+04  1.579345800000e+01  6.566821431356e-02
 5.356022895542e+04  1.557615300000e+01  6.384346482605e-02
 5.356023678046e+04  1.556325400000e+01  6.373365224810e-02
 5.356024468931e+04  1.564821100000e+01  6.456718280500e-02
 5.356025253668e+04  1.561042800000e+01  6.422270228146e-02
 5.352732841898e+04  1.518137800000e+01  6.033983743342e-02
 5.352733779699e+04  1.514676700000e+01  6.012670734044e-02
 5.352734715301e+04  1.517702300000e+01  6.014311723604e-02
 5.352735629155e+04  1.525007400000e+01  6.093751239723e-02
 5.355126405904e+04  1.594815000000e+01  6.799244235752e-02
 5.355127913097e+04  1.598920800000e+01  6.858964383824e-02
 5.355128669766e+04  1.596154500000e+01  6.824074702010e-02
 5.349732737591e+04  1.573165500000e+01  6.486889845071e-02
 5.349733394545e+04  1.574540200000e+01  6.495930335540e-02
 5.349734049832e+04  1.571478200000e+01  6.465889493456e-02
 5.349734704101e+04  1.576023000000e+01  6.520768223796e-02
 5.350636094781e+04  1.527134600000e+01  6.262099692208e-02
 5.350636864079e+04  1.527591200000e+01  6.266218840239e-02
 5.350637636027e+04  1.526454200000e+01  6.256702470305e-02
 5.350638405000e+04  1.524812400000e+01  6.243117056477e-02
 5.385137684686e+04  1.590062200000e+01  6.795117082562e-02
 5.385138420117e+04  1.586522400000e+01  6.749325947197e-02
 5.385139157375e+04  1.589135000000e+01  6.780851325592e-02
 5.385139894160e+04  1.594069900000e+01  6.841833983225e-02
 5.377048037189e+04  1.586628700000e+01  6.691988506330e-02
 5.377048702083e+04  1.594663700000e+01  6.783575528403e-02
 5.377049366815e+04  1.590205700000e+01  6.724217677576e-02
 5.377050029186e+04  1.593847500000e+01  6.759884009246e-02
 5.392532953832e+04  1.559559500000e+01  1.078934431600e-01
 5.392533102046e+04  1.569437600000e+01  1.117734943566e-01
 5.392533248882e+04  1.565587300000e+01  1.101626095069e-01
 5.392533400603e+04  1.576236500000e+01  1.146753634694e-01
 5.390027737444e+04  1.612123000000e+01  1.429690950383e-01
 5.390027834626e+04  1.600716700000e+01  1.382328371195e-01
 5.390027932015e+04  1.610328800000e+01  1.415425317291e-01
 5.390028031175e+04  1.605572500000e+01  1.374343893995e-01
 5.379747239264e+04  1.567579200000e+01  6.630565241919e-02
 5.379748053066e+04  1.574115200000e+01  6.748528885114e-02
 5.379748875792e+04  1.579683300000e+01  7.001117530670e-02
 5.379749707674e+04  1.574901500000e+01  6.620624071561e-02
 5.381651350956e+04  1.555457500000e+01  6.850606154959e-02
 5.381651694203e+04  1.550818200000e+01  6.795646222963e-02
 5.381652032610e+04  1.553589700000e+01  6.827194151546e-02
 5.381652371493e+04  1.554985800000e+01  6.843130940109e-02
 5.385938217065e+04  1.591233400000e+01  6.835694606937e-02
 5.385939032337e+04  1.591425900000e+01  6.838626230771e-02
 5.385939848685e+04  1.586984000000e+01  6.785083675861e-02
 5.385940660172e+04  1.592790100000e+01  6.859047759403e-02
 5.386635748071e+04  1.593031300000e+01  1.183675049109e-01
 5.386635823815e+04  1.593947900000e+01  1.189760674927e-01
 5.386635908657e+04  1.600525500000e+01  1.220128673554e-01
 5.386635993940e+04  1.579792100000e+01  1.129420414891e-01
 5.387438817838e+04  1.590445800000e+01  1.184827542129e-01
 5.387438894104e+04  1.600243900000e+01  1.230258942240e-01
 5.387438969432e+04  1.584117000000e+01  1.158349872589e-01
 5.387439046102e+04  1.586153200000e+01  1.168505476239e-01
 5.387936928005e+04  1.536225800000e+01  6.231189030214e-02
 5.387937787573e+04  1.525155600000e+01  6.140774979838e-02
 5.387938649410e+04  1.518025700000e+01  6.087075568162e-02
 5.387939509557e+04  1.515663700000e+01  6.069175393619e-02
 5.388633417628e+04  1.553851200000e+01  6.416731778502e-02
 5.388634225723e+04  1.557919000000e+01  6.461038364478e-02
 5.388635032095e+04  1.561435100000e+01  6.500073752179e-02
 5.388635844404e+04  1.561764300000e+01  6.503685431737e-02
 5.399511330376e+04  1.568821200000e+01  6.382172442831e-02
 5.399512302080e+04  1.571997200000e+01  6.413955823682e-02
 5.399513266758e+04  1.575935000000e+01  6.460390258149e-02
 5.399514230255e+04  1.576008200000e+01  6.467161038112e-02
 5.400311962181e+04  1.559946500000e+01  6.342809824528e-02
 5.400312595892e+04  1.569893800000e+01  6.442121266309e-02
 5.400313231769e+04  1.571156100000e+01  6.462703463562e-02
 5.400313868329e+04  1.569342200000e+01  6.446138081980e-02
 5.420840816616e+04  1.588431500000e+01  6.737180152631e-02
 5.420841693373e+04  1.583149400000e+01  6.973199711030e-02
 5.420842569968e+04  1.591146100000e+01  6.738903457218e-02
 5.420843443460e+04  1.590724500000e+01  6.760159720377e-02
 5.414053449950e+04  1.617908400000e+01  1.412662114047e-01
 5.414053600918e+04  1.543663400000e+01  1.002101725198e-01
 5.414053752245e+04  1.618236300000e+01  1.469542373364e-01
 5.414053905157e+04  1.607688700000e+01  1.440019724938e-01
 5.429518822179e+04  1.551243900000e+01  6.937864545656e-02
 5.429519377705e+04  1.551101000000e+01  6.403817846314e-02
 5.429519845297e+04  1.551446200000e+01  6.388915943666e-02
 5.429520274010e+04  1.554206700000e+01  6.402897367459e-02
 5.425833067568e+04  1.580389500000e+01  6.577013607141e-02
 5.425833725668e+04  1.585580700000e+01  6.633873886901e-02
 5.425834375990e+04  1.590064800000e+01  6.680775074258e-02
 5.425835029703e+04  1.590868200000e+01  6.694502848905e-02
 5.426826164156e+04  1.592150900000e+01  6.797573400567e-02
 5.426827019894e+04  1.601958900000e+01  7.867357482751e-02
 5.426827875317e+04  1.593606600000e+01  8.047445287619e-02
 5.426828731552e+04  1.580340800000e+01  9.455695021497e-02
 5.417645865433e+04  1.543852000000e+01  6.192729547371e-02
 5.417646737306e+04  1.532695900000e+01  6.104903413386e-02
 5.417647603714e+04  1.523276800000e+01  6.035081589942e-02
 5.417648470042e+04  1.518371600000e+01  5.969403966355e-02
 5.423426737110e+04  1.586537200000e+01  8.488102626690e-02
 5.423427132708e+04  1.592506400000e+01  7.335857749669e-02
 5.423427528341e+04  1.584430900000e+01  7.363986246724e-02
 5.423427922782e+04  1.589783200000e+01  8.980340728009e-02
 5.424437476816e+04  1.570265800000e+01  6.490203447241e-02
 5.424438206123e+04  1.555672900000e+01  6.348088734594e-02
 5.424438935777e+04  1.551124000000e+01  6.306196537810e-02
 5.424439667156e+04  1.544357200000e+01  6.248026066570e-02
 5.438109408855e+04  1.561293300000e+01  7.280832844356e-02
 5.438109697538e+04  1.552465100000e+01  7.156278101419e-02
 5.438109986639e+04  1.561004400000e+01  7.286425027629e-02
 5.438110274813e+04  1.567638800000e+01  7.388899367797e-02
 5.439107400219e+04  1.582577400000e+01  6.576763561646e-02
 5.439107940407e+04  1.579419500000e+01  6.570647912113e-02
 5.439108477170e+04  1.579348700000e+01  6.574873295222e-02
 5.439109020149e+04  1.575211800000e+01  6.535504028383e-02
 5.434811795000e+04  1.597901700000e+01  6.479496790487e-02
 5.434812551287e+04  1.603350700000e+01  6.531061274909e-02
 5.434813311024e+04  1.590899400000e+01  6.413526777770e-02
 5.434814069719e+04  1.582748600000e+01  6.336139185539e-02
 5.435811494426e+04  1.525163900000e+01  6.116590460070e-02
 5.435811981360e+04  1.528256000000e+01  6.140823112646e-02
 5.435812467032e+04  1.528706500000e+01  6.147643180450e-02
 5.435812955980e+04  1.527821600000e+01  6.143808466691e-02
 5.455936945122e+04  1.588732100000e+01  6.662325166947e-02
 5.455937809250e+04  1.571769300000e+01  6.473360671769e-02
 5.455938673436e+04  1.549840500000e+01  6.263295087871e-02
 5.455939545159e+04  1.547319400000e+01  6.244598161443e-02
 5.456647921976e+04  1.577847900000e+01  6.541053436504e-02
 5.456648257028e+04  1.580836300000e+01  6.568237983512e-02
 5.456648594046e+04  1.579328600000e+01  6.562729069814e-02
 5.456648930094e+04  1.580111800000e+01  6.565007357251e-02
 5.457132535808e+04  1.559333000000e+01  6.346819496779e-02
 5.457133132470e+04  1.563976800000e+01  6.388354262123e-02
 5.457133723957e+04  1.564855500000e+01  6.394739425012e-02
 5.457134324936e+04  1.562249500000e+01  6.367059489588e-02
 5.458342020128e+04  1.608256800000e+01  6.945795884309e-02
 5.458342449235e+04  1.609052700000e+01  6.959151585940e-02
 5.458342886711e+04  1.604414700000e+01  6.896414209509e-02
 5.458343318572e+04  1.605302800000e+01  6.914913657256e-02
 5.450550062684e+04  1.593888500000e+01  6.664658515209e-02
 5.450550811321e+04  1.594767400000e+01  6.674420082983e-02
 5.450551562284e+04  1.590172300000e+01  6.618907368188e-02
 5.450552315955e+04  1.593971000000e+01  6.656880292444e-02
 5.451546476970e+04  1.609381200000e+01  6.933355951503e-02
 5.451547027425e+04  1.611350700000e+01  6.929575616221e-02
 5.451547578645e+04  1.597100300000e+01  6.745204595615e-02
 5.451548131635e+04  1.614312000000e+01  6.959033920833e-02
 5.462730852598e+04  1.589863400000e+01  6.708765399163e-02
 5.462731678948e+04  1.576221500000e+01  6.563079082505e-02
 5.462732494058e+04  1.555415600000e+01  6.369226664449e-02
 5.462733335488e+04  1.549943000000e+01  6.325166999697e-02
 5.464033088942e+04  1.524598300000e+01  6.122347377619e-02
 5.464033745433e+04  1.520208700000e+01  6.081709452375e-02
 5.464034401241e+04  1.522498200000e+01  6.095754829532e-02
 5.464035056435e+04  1.524090300000e+01  6.110860042397e-02
 5.452847334715e+04  1.602724400000e+01  6.766537843445e-02
 5.452848074301e+04  1.596662800000e+01  6.693299300543e-02
 5.452848814801e+04  1.583550900000e+01  6.546723849410e-02
 5.452849559005e+04  1.573887300000e+01  6.444884121341e-02
 5.453649714813e+04  1.559962300000e+01  6.322047471318e-02
 5.453650211052e+04  1.602751200000e+01  6.774925330522e-02
 5.453650705463e+04  1.598985300000e+01  6.731476132125e-02
 5.453651201078e+04  1.591944100000e+01  6.650389002509e-02
 5.454847259870e+04  1.564016900000e+01  6.389880025452e-02
 5.454847931443e+04  1.562655100000e+01  6.377453431633e-02
 5.454848611986e+04  1.562843600000e+01  6.379120740930e-02
 5.454849293281e+04  1.562307100000e+01  6.371614856258e-02
 5.458928444995e+04  1.571209900000e+01  6.453987055714e-02
 5.458929275778e+04  1.539658700000e+01  6.131349288291e-02
 5.458930105344e+04  1.570573400000e+01  6.446149766880e-02
 5.458930942122e+04  1.574413000000e+01  6.483499728147e-02
 5.459623942265e+04  1.586323200000e+01  6.787051486944e-02
 5.459624649788e+04  1.589757900000e+01  6.817496343146e-02
 5.459625354568e+04  1.586330000000e+01  6.762663969785e-02
 5.459626058122e+04  1.587470900000e+01  6.767966603505e-02
 5.474608757784e+04  1.547260400000e+01  6.195932416640e-02
 5.474609240110e+04  1.551586000000e+01  6.238986823186e-02
 5.474609724428e+04  1.547371100000e+01  6.205490635918e-02
 5.474610198573e+04  1.552330400000e+01  6.252872949745e-02
 5.473210025185e+04  1.585186800000e+01  7.114153396018e-02
 5.473210547942e+04  1.586115800000e+01  7.136001878916e-02
 5.473211122080e+04  1.593890400000e+01  7.265431598351e-02
 5.473211635948e+04  1.581955400000e+01  7.090953826612e-02
 5.494742751051e+04  1.553373300000e+01  6.298892623301e-02
 5.494743409939e+04  1.553162500000e+01  6.295480795993e-02
 5.494744072936e+04  1.557285800000e+01  6.335409135853e-02
 5.494744746522e+04  1.557554200000e+01  6.343906548988e-02
 5.504523415313e+04  1.594658400000e+01  7.471600027691e-02
 5.504523958638e+04  1.585885100000e+01  7.336318037610e-02
 5.504524497199e+04  1.590874200000e+01  7.422207396522e-02
 5.504525040316e+04  1.585476900000e+01  7.349168848530e-02
 5.489047599483e+04  1.529766800000e+01  6.277877211147e-02
 5.489048205832e+04  1.520073900000e+01  6.464403176963e-02
 5.489048808652e+04  1.517611300000e+01  6.112313318473e-02
 5.489049410428e+04  1.517317200000e+01  6.114465253964e-02
 5.499733150094e+04  1.523643200000e+01  6.057089948405e-02
 5.499733691675e+04  1.518410300000e+01  6.018377305843e-02
 5.499734232650e+04  1.519530100000e+01  6.028131716468e-02
 5.499734774103e+04  1.518795400000e+01  6.022797137654e-02
 5.491237870552e+04  1.578788500000e+01  6.560409571712e-02
 5.491238418692e+04  1.581441500000e+01  6.660127845573e-02
 5.491238962575e+04  1.580437900000e+01  6.787946667383e-02
 5.491239493898e+04  1.582113200000e+01  6.564726543323e-02
 5.492034290899e+04  1.571191900000e+01  6.483692416598e-02
 5.492035078347e+04  1.572920200000e+01  6.495195930091e-02
 5.492035868677e+04  1.572973500000e+01  6.495284549385e-02
 5.492036665883e+04  1.574235500000e+01  6.502628646947e-02
 5.496540129822e+04  1.570847200000e+01  6.774794120181e-02
 5.496540756000e+04  1.568118400000e+01  6.744673039803e-02
 5.496541374572e+04  1.568331600000e+01  6.752313299751e-02
 5.496541983726e+04  1.568083800000e+01  6.752131359723e-02
 5.498018469980e+04  1.555301100000e+01  6.401546632315e-02
 5.512008749648e+04  1.593708600000e+01  6.799505346373e-02
 5.512009297176e+04  1.590680900000e+01  6.772614302577e-02
 5.512009848177e+04  1.593822800000e+01  6.822888207095e-02
 5.512010397718e+04  1.593661600000e+01  6.828056117786e-02
 5.508913772812e+04  1.584534600000e+01  7.076471760786e-02
 5.508914258010e+04  1.567025900000e+01  7.117824469758e-02
 5.508914742470e+04  1.589544800000e+01  6.791346571129e-02
 5.508915232367e+04  1.605433000000e+01  7.104504864306e-02
 5.510209291656e+04  1.587111200000e+01  7.303326531866e-02
 5.510209687789e+04  1.576265300000e+01  7.150812910221e-02
 5.510210084013e+04  1.585118300000e+01  7.283012198338e-02
 5.510210480809e+04  1.583325500000e+01  7.273143468575e-02
 5.529639733093e+04  1.549704700000e+01  6.261866927876e-02
 5.529640306061e+04  1.548108900000e+01  6.246875530491e-02
 5.529640885705e+04  1.551321400000e+01  6.275519203893e-02
 5.529641461405e+04  1.554960900000e+01  6.309311709469e-02
 5.530340957138e+04  1.584185200000e+01  6.691812270376e-02
 5.530341711634e+04  1.590711100000e+01  6.774288428170e-02
 5.530342468523e+04  1.587602200000e+01  6.735647792721e-02
 5.530343223135e+04  1.591062400000e+01  6.776491785462e-02
 5.535230544131e+04  1.593431300000e+01  6.268267994881e-02
 5.535231359833e+04  1.594396300000e+01  6.279960283034e-02
 5.535232179943e+04  1.596270100000e+01  6.293554603808e-02
 5.535232997944e+04  1.598512300000e+01  6.311949621837e-02
 5.536529932132e+04  1.592447200000e+01  6.706039661217e-02
 5.536530385990e+04  1.593250700000e+01  6.714791975773e-02
 5.536530846615e+04  1.593897100000e+01  6.722737587423e-02
 5.536531307356e+04  1.598799900000e+01  6.783168196600e-02
 5.527142654694e+04  1.600700100000e+01  6.785131148315e-02
 5.527143412942e+04  1.603721500000e+01  6.823625796217e-02
 5.527144158517e+04  1.602201500000e+01  6.801713585902e-02
 5.527144915573e+04  1.601985700000e+01  6.795626956436e-02
 5.528040751485e+04  1.570882900000e+01  6.489707510707e-02
 5.528041439319e+04  1.567605200000e+01  6.453862279153e-02
 5.528042128509e+04  1.569706500000e+01  6.487646266471e-02
 5.528042821395e+04  1.572409300000e+01  6.497204972038e-02
 5.532840364538e+04  1.519969200000e+01  6.033296459818e-02
 5.532840998743e+04  1.519626300000e+01  6.031603304607e-02
 5.532841637860e+04  1.519792000000e+01  6.034641623048e-02
 5.532842279383e+04  1.521122600000e+01  6.040203850190e-02
 5.534132264432e+04  1.573647700000e+01  6.487977927196e-02
 5.534132956678e+04  1.558413300000e+01  6.340020024036e-02
 5.534133647883e+04  1.552839800000e+01  6.291203564480e-02
 5.534134331957e+04  1.548383100000e+01  6.253297155387e-02
 5.545514802132e+04  1.552407700000e+01  6.304108874704e-02
 5.545516387098e+04  1.557707000000e+01  6.362835555847e-02
 5.545517129833e+04  1.555457600000e+01  6.354207686315e-02
 5.565943011517e+04  1.548957700000e+01  6.316507141537e-02
 5.565943526705e+04  1.545504100000e+01  6.286633657302e-02
 5.565944050774e+04  1.542698000000e+01  6.259780832022e-02
 5.565944566633e+04  1.532686700000e+01  6.173816735510e-02
 5.567730267073e+04  1.602122800000e+01  6.982207665779e-02
 5.567730961771e+04  1.593414800000e+01  6.857183793864e-02
 5.567731657399e+04  1.587957500000e+01  6.776829840629e-02
 5.567732351279e+04  1.578023400000e+01  6.661398736603e-02
 5.562843818709e+04  1.594173000000e+01  6.954106696775e-02
 5.562844334429e+04  1.597146300000e+01  7.193391869897e-02
 5.562844846828e+04  1.598856500000e+01  7.375961414705e-02
 5.562845361922e+04  1.609046300000e+01  7.551937156491e-02
 5.564838473255e+04  1.528064200000e+01  6.149370326579e-02
 5.564839325332e+04  1.531561500000e+01  6.176122415143e-02
 5.564840186735e+04  1.531440300000e+01  6.171473704635e-02
 5.564841048794e+04  1.534556300000e+01  6.198428855161e-02
 5.568832584258e+04  1.593119800000e+01  6.838341739979e-02
 5.568833166509e+04  1.598613900000e+01  6.911260498539e-02
 5.568833744885e+04  1.597005000000e+01  6.890400380902e-02
 5.568834320262e+04  1.594231900000e+01  6.854473753173e-02
 5.570138770718e+04  1.608586300000e+01  7.044055516914e-02
 5.570139509284e+04  1.602563900000e+01  6.966217892225e-02
 5.570140246325e+04  1.593713700000e+01  6.847229576147e-02
 5.570140990567e+04  1.579100700000e+01  6.672463792721e-02
 5.498025191753e+04  1.570829500000e+01  6.505951932042e-02
 5.498025690238e+04  1.568104400000e+01  6.478237773890e-02
 5.498026187279e+04  1.569463900000e+01  6.490222213149e-02
 5.498026692002e+04  1.568062900000e+01  6.479039791038e-02
 5.583013513808e+04  1.569630300000e+01  6.480683907714e-02
 5.583014250741e+04  1.569163000000e+01  6.482611572921e-02
 5.583014989829e+04  1.563467900000e+01  6.438535377064e-02
 5.583015740343e+04  1.570195700000e+01  6.519802148795e-02
 5.598146796938e+04  1.572808400000e+01  6.498647302864e-02
 5.598147475082e+04  1.574348100000e+01  6.509466650093e-02
 5.598148152340e+04  1.573193100000e+01  6.500111977582e-02
 5.598148831610e+04  1.575343400000e+01  6.520682676261e-02
 5.601242495753e+04  1.581165100000e+01  6.701204478469e-02
 5.601243173149e+04  1.585633100000e+01  6.760987450060e-02
 5.601243850424e+04  1.584852600000e+01  6.748311609177e-02
 5.601244526291e+04  1.583484200000e+01  6.723578022376e-02
 5.601844003562e+04  1.550240200000e+01  6.284306380906e-02
 5.601844691443e+04  1.551415200000e+01  6.298644291970e-02
 5.601845378741e+04  1.550327700000e+01  6.287349956278e-02
 5.601846077500e+04  1.557174900000e+01  6.351107675400e-02
 5.603943343675e+04  1.550689600000e+01  6.339186608721e-02
 5.603943970535e+04  1.553094700000e+01  6.361862231484e-02
 5.603944585543e+04  1.553897000000e+01  6.370689571358e-02
 5.603945203959e+04  1.554593200000e+01  6.377900037321e-02
 5.604637959066e+04  1.579500500000e+01  6.650849017986e-02
 5.604638640359e+04  1.581110100000e+01  6.669486291781e-02
 5.604639332234e+04  1.580557500000e+01  6.661922225690e-02
 5.604640008346e+04  1.582369700000e+01  6.682239931054e-02
 5.606337299932e+04  1.551111300000e+01  6.259669235958e-02
 5.606337975109e+04  1.545510400000e+01  6.215016090700e-02
 5.606338658831e+04  1.537594700000e+01  6.149321452780e-02
 5.606339339825e+04  1.529147900000e+01  6.085713074626e-02
 5.607231890611e+04  1.574931400000e+01  6.479589459790e-02
 5.607232403000e+04  1.576749500000e+01  6.503422703649e-02
 5.607232909575e+04  1.578497300000e+01  6.519152254705e-02
 5.607233419082e+04  1.578640800000e+01  6.518404679913e-02
 5.608833914747e+04  1.571300600000e+01  6.448305972903e-02
 5.608834361528e+04  1.573738900000e+01  6.477233637139e-02
 5.608834805685e+04  1.576702900000e+01  6.506157860953e-02
 5.608835264505e+04  1.574113800000e+01  6.483543311789e-02
 5.609329984840e+04  1.575462200000e+01  6.560102723708e-02
 5.609330833091e+04  1.578563800000e+01  6.606275024904e-02
 5.609331689491e+04  1.578473600000e+01  6.622489845253e-02
 5.609332535194e+04  1.579949200000e+01  6.646183051696e-02
 5.609925109816e+04  1.521054300000e+01  6.073355448530e-02
 5.609925971016e+04  1.520604000000e+01  6.073865863676e-02
 5.609926825683e+04  1.524169500000e+01  6.099637726758e-02
 5.609927680131e+04  1.528303400000e+01  6.131642873626e-02
 5.618812947983e+04  1.582152200000e+01  6.350338905286e-02
 5.618813421617e+04  1.546651200000e+01  6.056353694607e-02
 5.618813908193e+04  1.561235000000e+01  6.174454582785e-02
 5.618814393565e+04  1.555837400000e+01  6.132058296537e-02
 5.619413369339e+04  1.583776200000e+01  6.505444105946e-02
 5.619413649358e+04  1.591313700000e+01  6.596506531701e-02
 5.619413922601e+04  1.585126900000e+01  6.538509282984e-02
 5.619414195681e+04  1.588919200000e+01  6.600604508241e-02
 5.620908939312e+04  1.608550100000e+01  7.032359381407e-02
 5.620909445347e+04  1.609043000000e+01  7.047684870111e-02
 5.620909963567e+04  1.609742800000e+01  7.064143574415e-02
 5.620910470852e+04  1.606202800000e+01  7.018506556591e-02
