# time mag mag_err
 5.355234772253e+04  1.627791400000e+01  7.261335929061e-02
 5.355235644809e+04  1.628276100000e+01  7.267824650746e-02
 5.355236520083e+04  1.630453500000e+01  7.317371794410e-02
 5.355237390057e+04  1.628326000000e+01  7.290255516844e-02
 5.356121409295e+04  1.606068400000e+01  6.869699110573e-02
 5.356122177632e+04  1.607950800000e+01  6.901406487190e-02
 5.356122944036e+04  1.607072200000e+01  6.885215960037e-02
 5.356123707834e+04  1.605898700000e+01  6.870354322239e-02
 5.353133233856e+04  1.565580400000e+01  6.603990909752e-02
 5.353133829060e+04  1.567405800000e+01  6.618702535201e-02
 5.353134420814e+04  1.564675000000e+01  6.590331417062e-02
 5.353135003610e+04  1.572718300000e+01  6.678200075974e-02
 5.350735548523e+04  1.632375700000e+01  7.790508117994e-02
 5.350736409341e+04  1.628392500000e+01  8.489056190092e-02
 5.350737268539e+04  1.613345300000e+01  8.716876373617e-02
 5.350738125676e+04  1.575946300000e+01  8.837680392023e-02
 5.368806252079e+04  1.631812700000e+01  7.287048390208e-02
 5.368806789027e+04  1.625446600000e+01  7.201730891619e-02
 5.368807329481e+04  1.627704200000e+01  7.246642161801e-02
 5.368807868038e+04  1.632192300000e+01  7.326115985920e-02
 5.365711740037e+04  1.633042400000e+01  7.509363321198e-02
 5.365712389676e+04  1.632402400000e+01  7.556408015212e-02
 5.365713025355e+04  1.634404200000e+01  7.598667181939e-02
 5.365713662043e+04  1.633144300000e+01  7.576366386071e-02
 5.383429821258e+04  1.579008800000e+01  7.258058615456e-02
 5.383430596308e+04  1.582360400000e+01  7.299974262373e-02
 5.383431371138e+04  1.587447300000e+01  7.373496212799e-02
 5.383432144405e+04  1.584053600000e+01  7.307188941885e-02
 5.384821713836e+04  1.633915400000e+01  7.706000215838e-02
 5.384822313819e+04  1.630716300000e+01  7.535434943241e-02
 5.384822912564e+04  1.629385700000e+01  7.563489831067e-02
 5.384823510916e+04  1.631414300000e+01  7.935027964359e-02
 5.385446183893e+04  1.611515300000e+01  7.023171572111e-02
 5.385446783137e+04  1.610427000000e+01  7.014355567548e-02
 5.385447375434e+04  1.615408900000e+01  7.078439707004e-02
 5.385447974365e+04  1.611748500000e+01  7.033923506336e-02
 5.390143547451e+04  1.565276800000e+01  1.098245088460e-01
 5.390143647792e+04  1.562719700000e+01  1.030313323806e-01
 5.390143754302e+04  1.573111200000e+01  1.130068696087e-01
 5.390143858880e+04  1.557148300000e+01  1.063862971206e-01
 5.388340610937e+04  1.585660400000e+01  6.680394811586e-02
 5.388341352294e+04  1.584944000000e+01  6.673592771872e-02
 5.388342092966e+04  1.590739000000e+01  6.742783889334e-02
 5.388342832448e+04  1.590971100000e+01  6.748329727834e-02
 5.420243497347e+04  1.572861100000e+01  6.683691101727e-02
 5.420243883442e+04  1.567354400000e+01  6.614814725053e-02
 5.420244267582e+04  1.579845000000e+01  6.521834506160e-02
 5.420244654094e+04  1.582459500000e+01  6.642134831792e-02
 5.428616380940e+04  1.634540000000e+01  7.477859024950e-02
 5.428617255381e+04  1.629132900000e+01  7.312569896261e-02
 5.428618127612e+04  1.632998700000e+01  7.726809001000e-02
 5.428619003847e+04  1.631837500000e+01  7.374378702214e-02
 5.429531006847e+04  1.641086100000e+01  7.493062006399e-02
 5.429531731988e+04  1.642128100000e+01  7.524047763458e-02
 5.429532452464e+04  1.632204000000e+01  7.423209763046e-02
 5.429533177234e+04  1.623730000000e+01  7.258254974584e-02
 5.426136182271e+04  1.611358900000e+01  6.906186269600e-02
 5.426136859469e+04  1.613854500000e+01  6.941210055905e-02
 5.426137539201e+04  1.611658900000e+01  6.913486130261e-02
 5.426138224074e+04  1.615789100000e+01  6.970858150760e-02
 5.427330294907e+04  1.644166200000e+01  7.473581077065e-02
 5.427330956260e+04  1.644888800000e+01  7.490571373326e-02
 5.427331617497e+04  1.641647400000e+01  7.439477782270e-02
 5.427332279023e+04  1.644430800000e+01  7.492526401335e-02
 5.427931566632e+04  1.588662000000e+01  6.638701942346e-02
 5.427932215912e+04  1.581187500000e+01  6.604793574983e-02
 5.427932866303e+04  1.583451000000e+01  6.635666002491e-02
 5.427933514773e+04  1.587236700000e+01  6.681337475547e-02
 5.417842885740e+04  1.624357400000e+01  6.992986875788e-02
 5.417843482031e+04  1.614521200000e+01  6.875987448399e-02
 5.417844076875e+04  1.600717100000e+01  6.698176142911e-02
 5.417844666558e+04  1.596000700000e+01  6.694485985869e-02
 5.422841736632e+04  1.606494300000e+01  7.142479524472e-02
 5.422842584337e+04  1.609840800000e+01  7.184534938604e-02
 5.422843359190e+04  1.609376200000e+01  7.189912255774e-02
 5.422844103035e+04  1.612846900000e+01  7.246723000611e-02
 5.424037815378e+04  1.644581900000e+01  7.422573595215e-02
 5.424038628370e+04  1.644704800000e+01  7.422188205780e-02
 5.424039433909e+04  1.641114100000e+01  7.370725552237e-02
 5.424040228230e+04  1.643024500000e+01  7.397629126060e-02
 5.440708681064e+04  1.599221600000e+01  7.349761118174e-02
 5.440709065527e+04  1.596392900000e+01  7.311843804791e-02
 5.440709453255e+04  1.592039800000e+01  7.251488318026e-02
 5.440709837152e+04  1.591931800000e+01  7.257273736373e-02
 5.440907136684e+04  1.567177200000e+01  7.364077265728e-02
 5.440907389104e+04  1.569785600000e+01  7.403307430616e-02
 5.440907643133e+04  1.563963600000e+01  7.300367026838e-02
 5.440907895819e+04  1.568704000000e+01  7.373624876581e-02
 5.438909481434e+04  1.575151000000e+01  6.940139429631e-02
 5.438909749687e+04  1.576285800000e+01  6.959905075845e-02
 5.438910018150e+04  1.581770900000e+01  7.033102656733e-02
 5.438910287272e+04  1.580930300000e+01  7.026473655802e-02
 5.439009933766e+04  1.628088300000e+01  6.672136897246e-02
 5.439010658594e+04  1.634776900000e+01  6.757013262765e-02
 5.439011389638e+04  1.633154500000e+01  6.741204165578e-02
 5.439012120044e+04  1.630431200000e+01  6.723289051459e-02
 5.439210518436e+04  1.630471300000e+01  7.107314841286e-02
 5.439210969339e+04  1.626353000000e+01  7.053924556315e-02
 5.439211417127e+04  1.636203800000e+01  7.201175804942e-02
 5.439211866594e+04  1.631180800000e+01  7.132242930921e-02
 5.436313050609e+04  1.639372700000e+01  7.239314049963e-02
 5.436313757461e+04  1.637116600000e+01  7.211312069793e-02
 5.436314461964e+04  1.631136900000e+01  7.128798885768e-02
 5.436315167543e+04  1.621840300000e+01  7.002317181605e-02
 5.456947092362e+04  1.612179500000e+01  6.835522470549e-02
 5.456947538773e+04  1.614755800000e+01  6.864571021721e-02
 5.456947983934e+04  1.615562300000e+01  6.876168462319e-02
 5.456948429836e+04  1.612141900000e+01  6.835886957161e-02
 5.462736812860e+04  1.566220000000e+01  6.407110839807e-02
 5.462737692302e+04  1.566346300000e+01  6.399408973221e-02
 5.462738558757e+04  1.563546600000e+01  6.375879793247e-02
 5.462739431475e+04  1.572052600000e+01  6.461963604623e-02
 5.464138130655e+04  1.633076100000e+01  7.304578151875e-02
 5.464138678795e+04  1.629831800000e+01  7.205316360250e-02
 5.464139230270e+04  1.629806700000e+01  7.259204417028e-02
 5.464139780020e+04  1.632371900000e+01  7.310773110638e-02
 5.459630625907e+04  1.622815600000e+01  7.111056334764e-02
 5.459631392693e+04  1.611501000000e+01  6.943540284904e-02
 5.459632166863e+04  1.598288800000e+01  6.765963374306e-02
 5.459632944332e+04  1.594292500000e+01  6.718950116610e-02
 5.459745906215e+04  1.627819000000e+01  7.453677395774e-02
 5.459746117290e+04  1.632791200000e+01  7.826548783806e-02
 5.459746319765e+04  1.628799200000e+01  8.077361619294e-02
 5.459746521141e+04  1.637136900000e+01  8.047676262380e-02
 5.492343870664e+04  1.618745600000e+01  6.922246158718e-02
 5.492344409962e+04  1.617718300000e+01  6.908176802134e-02
 5.492344957144e+04  1.620147100000e+01  6.937061759850e-02
 5.492345507021e+04  1.617119700000e+01  6.899048876141e-02
 5.494343990853e+04  1.615509300000e+01  6.892983195607e-02
 5.494344527373e+04  1.616380100000e+01  6.903925105264e-02
 5.494345068546e+04  1.617005700000e+01  6.917742634070e-02
 5.494345616061e+04  1.615811300000e+01  6.903550638414e-02
 5.486553399024e+04  1.630633300000e+01  7.028652300278e-02
 5.486553650773e+04  1.635770600000e+01  7.100541306612e-02
 5.486553894490e+04  1.635267400000e+01  7.091405436434e-02
 5.486554141955e+04  1.633539500000e+01  7.065366120113e-02
 5.500337810777e+04  1.591300200000e+01  6.685494481585e-02
 5.500338287733e+04  1.592602000000e+01  6.706339167614e-02
 5.500338769831e+04  1.592640200000e+01  6.707281259742e-02
 5.500339257968e+04  1.595225200000e+01  6.735407501454e-02
 5.489249873372e+04  1.624676300000e+01  7.303446502314e-02
 5.489250646455e+04  1.625884500000e+01  7.312466208656e-02
 5.489251424167e+04  1.624255200000e+01  7.280899894481e-02
 5.489252220317e+04  1.623562500000e+01  7.269958659932e-02
 5.491544450938e+04  1.566141200000e+01  6.821305545488e-02
 5.491545178823e+04  1.567532900000e+01  6.824893382609e-02
 5.491545929684e+04  1.570884000000e+01  6.866388957568e-02
 5.491546681260e+04  1.573162500000e+01  6.894669679948e-02
 5.495442709598e+04  1.617887600000e+01  7.121241626567e-02
 5.495443435237e+04  1.619341700000e+01  7.131069600030e-02
 5.495444167613e+04  1.615175900000e+01  7.207129719953e-02
 5.495444895811e+04  1.619740000000e+01  7.670889006073e-02
 5.495541517860e+04  1.617774700000e+01  6.944326143773e-02
 5.495542243314e+04  1.601801700000e+01  6.744673039803e-02
 5.495542963294e+04  1.595933100000e+01  6.673281672868e-02
 5.495543690760e+04  1.592621500000e+01  6.639365335452e-02
 5.496737928412e+04  1.618818200000e+01  7.003592811610e-02
 5.496738848679e+04  1.621070300000e+01  7.030235403905e-02
 5.496739769759e+04  1.622991700000e+01  7.059521259298e-02
 5.496740681101e+04  1.625815600000e+01  7.106242668354e-02
 5.498138423179e+04  1.583251500000e+01  6.542770586546e-02
 5.498139157941e+04  1.585685500000e+01  6.569127453849e-02
 5.498139879515e+04  1.586566800000e+01  6.583344823302e-02
 5.498140615640e+04  1.590383600000e+01  6.630464924916e-02
 5.508516282270e+04  1.637824400000e+01  8.203230951509e-02
 5.508516676005e+04  1.644011200000e+01  8.303547473203e-02
 5.508517070994e+04  1.645170800000e+01  8.324664570962e-02
 5.508517463167e+04  1.646131800000e+01  8.378564984375e-02
 5.510411640350e+04  1.586779500000e+01  7.212356502178e-02
 5.510412136266e+04  1.589508000000e+01  7.256211847498e-02
 5.510412632461e+04  1.584556900000e+01  7.187310989399e-02
 5.510413123249e+04  1.590463400000e+01  7.280849688261e-02
 5.529738760881e+04  1.617339600000e+01  6.953779256409e-02
 5.529739396284e+04  1.620255100000e+01  6.993476727004e-02
 5.529740030807e+04  1.617601900000e+01  6.953896193020e-02
 5.529740662206e+04  1.619727000000e+01  6.978515988446e-02
 5.535715137172e+04  1.609340000000e+01  6.924467621278e-02
 5.535715480870e+04  1.600821200000e+01  6.836251709518e-02
 5.535715839385e+04  1.594197400000e+01  8.258454777540e-02
 5.535716234556e+04  1.595755000000e+01  9.133676268152e-02
 5.536229943913e+04  1.633312600000e+01  7.171837563170e-02
 5.536230760819e+04  1.631227500000e+01  7.141322024618e-02
 5.536231575931e+04  1.615446100000e+01  6.926004624819e-02
 5.536232400882e+04  1.598973700000e+01  6.729443061996e-02
 5.536715170350e+04  1.618426400000e+01  6.996655318289e-02
 5.536715732363e+04  1.619424600000e+01  7.018531675899e-02
 5.536716299637e+04  1.617241300000e+01  6.990126770057e-02
 5.536716863411e+04  1.621480000000e+01  7.046603650909e-02
 5.528142831819e+04  1.632049300000e+01  7.706524666784e-02
 5.528143189742e+04  1.630154000000e+01  7.672658095437e-02
 5.528143551009e+04  1.637584000000e+01  7.807398915769e-02
 5.528143917078e+04  1.633219500000e+01  7.717971191693e-02
 5.532945250209e+04  1.565105300000e+01  6.336889791856e-02
 5.532945544957e+04  1.565979500000e+01  6.344761487160e-02
 5.532945836928e+04  1.567969500000e+01  6.364781812774e-02
 5.532946128507e+04  1.571022400000e+01  6.399485107371e-02
 5.534137588304e+04  1.625066300000e+01  7.041126608476e-02
 5.534138162639e+04  1.625882200000e+01  7.056303727641e-02
 5.534138736661e+04  1.628192200000e+01  7.086981037288e-02
 5.534139308391e+04  1.627176200000e+01  7.073621961398e-02
 5.545616394757e+04  1.595819000000e+01  6.924648259274e-02
 5.545617738602e+04  1.599150500000e+01  6.969927980211e-02
 5.545618410036e+04  1.603702700000e+01  7.041566677463e-02
 5.565241023325e+04  1.573152200000e+01  6.505939118559e-02
 5.565241712597e+04  1.573826600000e+01  6.512272485227e-02
 5.565242406174e+04  1.575408800000e+01  6.527298215970e-02
 5.565243103758e+04  1.577930300000e+01  6.550906621018e-02
 5.567834468341e+04  1.597715100000e+01  6.770543079844e-02
 5.567834981642e+04  1.598325500000e+01  6.779558767300e-02
 5.567835502613e+04  1.599490300000e+01  6.792323354648e-02
 5.567836015498e+04  1.601684300000e+01  6.819289577653e-02
 5.571434490646e+04  1.583953600000e+01  6.874211575303e-02
 5.571435045847e+04  1.578551200000e+01  6.667843749886e-02
 5.571436649299e+04  1.567403700000e+01  6.505977685310e-02
 5.571437160921e+04  1.564499000000e+01  6.468319695274e-02
 5.568842181278e+04  1.640806900000e+01  7.442930981133e-02
 5.568842818730e+04  1.641580600000e+01  7.454432149222e-02
 5.568843464422e+04  1.642553100000e+01  7.459750931538e-02
 5.568844105149e+04  1.644914500000e+01  7.497874774475e-02
 5.585710963212e+04  1.568192700000e+01  6.421638043860e-02
 5.585711590297e+04  1.566445300000e+01  6.409015425769e-02
 5.585712216127e+04  1.568745400000e+01  6.435921160301e-02
 5.585712836463e+04  1.568600300000e+01  6.445452142927e-02
 5.600843244735e+04  1.606777100000e+01  6.821375173483e-02
 5.600843978660e+04  1.608493900000e+01  6.841701364462e-02
 5.600844726162e+04  1.608619600000e+01  6.842834563751e-02
 5.600845470787e+04  1.606760800000e+01  6.866841433568e-02
 5.603946318193e+04  1.611843000000e+01  6.948882484935e-02
 5.603946992744e+04  1.613194300000e+01  6.965043951445e-02
 5.603947673391e+04  1.613225000000e+01  6.968284966545e-02
 5.603948355931e+04  1.615034500000e+01  6.989968180295e-02
 5.604741246877e+04  1.631977100000e+01  7.217063487635e-02
 5.604742042506e+04  1.634088300000e+01  7.254564044833e-02
 5.604742854363e+04  1.632645100000e+01  7.231436437656e-02
 5.604743655133e+04  1.631742800000e+01  7.219952190504e-02
 5.606541064135e+04  1.624699500000e+01  6.971633991518e-02
 5.606541743758e+04  1.629407700000e+01  7.034039060651e-02
 5.606542432126e+04  1.624866700000e+01  6.973857951508e-02
 5.606543113285e+04  1.628084700000e+01  7.022310029325e-02
 5.607238705302e+04  1.611144300000e+01  6.824553795994e-02
 5.607239219865e+04  1.610758500000e+01  6.817169868489e-02
 5.607239730701e+04  1.613670700000e+01  6.850358664643e-02
 5.607240240947e+04  1.612856600000e+01  6.843816019602e-02
 5.608840579635e+04  1.585413500000e+01  6.542471597839e-02
 5.608841100035e+04  1.582438200000e+01  6.516055998227e-02
 5.608841622179e+04  1.588509400000e+01  6.582710544473e-02
 5.608842130105e+04  1.586623300000e+01  6.564186355122e-02
 5.610020552264e+04  1.616929100000e+01  7.005578146301e-02
 5.610021467579e+04  1.617086400000e+01  7.021841567403e-02
 5.610022397255e+04  1.618241700000e+01  7.030657190903e-02
 5.610023426953e+04  1.620213500000e+01  7.045081706233e-02
 5.618919107161e+04  1.591573600000e+01  6.754910672878e-02
 5.618919567959e+04  1.591353300000e+01  6.753916300317e-02
 5.618920020635e+04  1.592812500000e+01  6.775459643540e-02
 5.618920481272e+04  1.594253300000e+01  6.802256882056e-02
 5.619517053365e+04  1.614921700000e+01  6.676225467184e-02
 5.619517604039e+04  1.621115200000e+01  6.759645086085e-02
 5.619518154814e+04  1.620502500000e+01  6.754463530467e-02
 5.619518703590e+04  1.621066600000e+01  6.765361588330e-02
 5.621112341986e+04  1.587243400000e+01  6.703571247988e-02
 5.621113160688e+04  1.585107000000e+01  6.687761305921e-02
 5.621113969735e+04  1.589562700000e+01  6.745475047882e-02
 5.621114699565e+04  1.590156300000e+01  6.757581057433e-02
