# time mag mag_err
 5.347019686044e+04  1.482973900000e+01  5.939559435932e-02
 5.347020417470e+04  1.486535300000e+01  5.962966454537e-02
 5.347021150573e+04  1.489480300000e+01  5.986561258336e-02
 5.347021880529e+04  1.491284200000e+01  5.995189399006e-02
 5.349019437230e+04  1.476498100000e+01  5.795989052300e-02
 5.349020251796e+04  1.479405700000e+01  5.814396967832e-02
 5.349021064464e+04  1.479748800000e+01  5.818117156629e-02
 5.349021876310e+04  1.486005400000e+01  5.859183604877e-02
 5.370849127904e+04  1.537720300000e+01  6.231845842548e-02
 5.370849951858e+04  1.539442400000e+01  6.246238219369e-02
 5.370850779167e+04  1.540955200000e+01  6.257659709871e-02
 5.370851605481e+04  1.541377700000e+01  6.260777714273e-02
 5.372835991427e+04  1.515062000000e+01  6.106994627139e-02
 5.372836852836e+04  1.516913200000e+01  6.135165928981e-02
 5.372837720287e+04  1.518962100000e+01  6.196131132522e-02
 5.372838582344e+04  1.519753400000e+01  6.251128656443e-02
 5.373534500295e+04  1.537742400000e+01  9.322155391860e-02
 5.373534913475e+04  1.554713000000e+01  1.043205404274e-01
 5.353216211929e+04  1.518706500000e+01  6.153359653206e-02
 5.353216860399e+04  1.514557100000e+01  6.124776014050e-02
 5.353217509876e+04  1.518050800000e+01  6.157553969889e-02
 5.353218166922e+04  1.519493000000e+01  6.176081955389e-02
 5.367547572709e+04  1.531160800000e+01  6.224824925164e-02
 5.367847302815e+04  1.535212000000e+01  6.274028885789e-02
 5.367847839439e+04  1.534952800000e+01  6.265151549134e-02
 5.367848373400e+04  1.531191100000e+01  6.231380661936e-02
 5.367848907733e+04  1.529098500000e+01  6.210864307762e-02
 5.370251154326e+04  1.468361100000e+01  5.768045455357e-02
 5.370251700557e+04  1.466619200000e+01  5.757028779666e-02
 5.370252241799e+04  1.461271400000e+01  5.730268954302e-02
 5.370252784326e+04  1.459480600000e+01  5.718142313548e-02
 5.383110876814e+04  1.549976200000e+01  6.426895781048e-02
 5.383111530075e+04  1.538192900000e+01  6.394350588830e-02
 5.383112177874e+04  1.545227100000e+01  6.398223302186e-02
 5.383112831899e+04  1.538935300000e+01  6.336016634224e-02
 5.384918533222e+04  1.500754600000e+01  6.012836913910e-02
 5.384919200095e+04  1.500576000000e+01  6.012064444128e-02
 5.384919862918e+04  1.502357500000e+01  6.024122988207e-02
 5.384920527429e+04  1.501515300000e+01  6.018337246197e-02
 5.408152069065e+04  1.479857700000e+01  5.787827777053e-02
 5.408152624174e+04  1.481591300000e+01  5.797421527940e-02
 5.408153178796e+04  1.485223300000e+01  5.817190307118e-02
 5.408153740769e+04  1.484841900000e+01  5.815638973613e-02
 5.409534408063e+04  1.535903200000e+01  6.317441897764e-02
 5.409535496021e+04  1.537321300000e+01  6.227313083539e-02
 5.409536584501e+04  1.533786100000e+01  6.192680159053e-02
 5.409537677889e+04  1.529995200000e+01  6.121933263112e-02
 5.377029720028e+04  1.536714300000e+01  6.328453177526e-02
 5.377030581020e+04  1.538001700000e+01  6.261940156121e-02
 5.377031435461e+04  1.539654400000e+01  6.313768331656e-02
 5.377032296441e+04  1.537670000000e+01  6.269651422299e-02
 5.379330158781e+04  1.530391300000e+01  6.204511611467e-02
 5.379330805978e+04  1.518480500000e+01  6.105643286006e-02
 5.379331455791e+04  1.510088800000e+01  6.042679198048e-02
 5.379332103657e+04  1.503175800000e+01  5.993064784911e-02
 5.373735716273e+04  1.525789600000e+01  6.150206336196e-02
 5.373736521891e+04  1.526832900000e+01  6.157419025011e-02
 5.373737323679e+04  1.526537400000e+01  6.180270958712e-02
 5.373738129519e+04  1.527817800000e+01  6.173278437559e-02
 5.374039957976e+04  1.491175900000e+01  5.890183783145e-02
 5.374041052498e+04  1.480869300000e+01  5.827441554888e-02
 5.374042143837e+04  1.473765400000e+01  5.784056447706e-02
 5.374043233116e+04  1.472477300000e+01  5.776812591406e-02
 5.375742473542e+04  1.528593500000e+01  6.181276968410e-02
 5.375743231172e+04  1.532862400000e+01  6.215839925813e-02
 5.375743996915e+04  1.532295100000e+01  6.211858955603e-02
 5.375744759569e+04  1.534840100000e+01  6.236367025038e-02
 5.376229320903e+04  1.510925500000e+01  6.069580204942e-02
 5.376229967475e+04  1.510756800000e+01  6.092098770838e-02
 5.376230612066e+04  1.511035100000e+01  6.242717228920e-02
 5.376231256867e+04  1.512034400000e+01  6.104999440056e-02
 5.390215988763e+04  1.498195200000e+01  9.092562357228e-02
 5.390216087159e+04  1.499463000000e+01  9.131573470724e-02
 5.390216185288e+04  1.498318400000e+01  9.108676756640e-02
 5.390216284008e+04  1.500682900000e+01  9.168015234819e-02
 5.380034473905e+04  1.524461000000e+01  6.157429702813e-02
 5.380035118987e+04  1.524881100000e+01  6.164920913463e-02
 5.380035781263e+04  1.525566200000e+01  6.172021060698e-02
 5.380036431203e+04  1.526011800000e+01  6.175346605879e-02
 5.381824758745e+04  1.538182600000e+01  6.310305420912e-02
 5.381825427240e+04  1.536133600000e+01  6.265836772293e-02
 5.381826092318e+04  1.533335900000e+01  6.261380160918e-02
 5.381826760812e+04  1.530633100000e+01  6.283647597131e-02
 5.388021037975e+04  1.549396200000e+01  6.474671565797e-02
 5.388021680020e+04  1.549676100000e+01  6.487027266739e-02
 5.388022326429e+04  1.543951300000e+01  6.436625753229e-02
 5.388022970177e+04  1.549647100000e+01  6.492928164171e-02
 5.406248320176e+04  1.546559000000e+01  6.233231447107e-02
 5.406249169941e+04  1.546141900000e+01  6.223894793063e-02
 5.406250016047e+04  1.543982200000e+01  6.204589249082e-02
 5.406250859388e+04  1.539549500000e+01  6.168219663258e-02
 5.403648524769e+04  1.506229800000e+01  6.073139458585e-02
 5.403649008831e+04  1.510215800000e+01  6.090110008368e-02
 5.403649497767e+04  1.507951700000e+01  6.043834304821e-02
 5.403649992237e+04  1.509096300000e+01  6.080334503305e-02
 5.444039110086e+04  1.489371600000e+01  5.845507531911e-02
 5.444039765245e+04  1.483287700000e+01  5.807516835252e-02
 5.444040417546e+04  1.476343500000e+01  5.764768846503e-02
 5.444041071954e+04  1.470538500000e+01  5.732417897905e-02
 5.414028033188e+04  1.525206000000e+01  6.094571787851e-02
 5.414028677757e+04  1.523672700000e+01  6.080952930943e-02
 5.414029325890e+04  1.527706700000e+01  6.112735814119e-02
 5.414029973642e+04  1.529086300000e+01  6.215792391063e-02
 5.410947374049e+04  1.488745300000e+01  5.854009719034e-02
 5.410948085566e+04  1.493191100000e+01  5.919958795706e-02
 5.410948795716e+04  1.489431900000e+01  5.906650823326e-02
 5.410949513715e+04  1.495549600000e+01  5.930981997682e-02
 5.411733144551e+04  1.507118600000e+01  5.954435980917e-02
 5.411733943861e+04  1.505992100000e+01  5.945139875279e-02
 5.411734740440e+04  1.508860600000e+01  5.961870084598e-02
 5.411735541267e+04  1.510190600000e+01  5.972811701880e-02
 5.412938004601e+04  1.504064200000e+01  6.964203111352e-02
 5.412938471788e+04  1.494958700000e+01  6.555890959691e-02
 5.412938964104e+04  1.491554000000e+01  6.667372731546e-02
 5.412939362933e+04  1.478693100000e+01  6.874158465864e-02
 5.425819080518e+04  1.477686200000e+01  5.672937124047e-02
 5.425819670501e+04  1.479084400000e+01  5.682278752419e-02
 5.425820261388e+04  1.480329700000e+01  5.690726173129e-02
 5.425820851266e+04  1.481660100000e+01  5.701126435317e-02
 5.417426219719e+04  1.522436900000e+01  6.064506643963e-02
 5.417426983079e+04  1.523144700000e+01  6.072521964961e-02
 5.417427747341e+04  1.524813800000e+01  6.084950316463e-02
 5.417428512032e+04  1.527912100000e+01  6.109226954401e-02
 5.418517022247e+04  1.450840300000e+01  5.660644040302e-02
 5.418517943958e+04  1.447070300000e+01  5.642626281731e-02
 5.418518865995e+04  1.451060300000e+01  5.662713000465e-02
 5.418519788517e+04  1.457406500000e+01  5.692786449705e-02
 5.423021124243e+04  1.539631500000e+01  6.269725671550e-02
 5.423021768870e+04  1.539420400000e+01  6.274517848603e-02
 5.423022412745e+04  1.539200000000e+01  6.278777928318e-02
 5.423023056584e+04  1.536411700000e+01  6.258969982766e-02
 5.423619952148e+04  1.539179200000e+01  6.329829098949e-02
 5.423620596752e+04  1.539642500000e+01  6.339211248589e-02
 5.423621239098e+04  1.538081000000e+01  6.328516126537e-02
 5.423621879328e+04  1.541341500000e+01  6.359558172915e-02
 5.441351698247e+04  1.532188500000e+01  6.143888019659e-02
 5.441352198388e+04  1.531782100000e+01  6.139882156670e-02
 5.441352697637e+04  1.531381200000e+01  6.135686318409e-02
 5.441353197326e+04  1.532373700000e+01  6.138672511574e-02
 5.438548807758e+04  1.520559900000e+01  6.248143813625e-02
 5.438549476622e+04  1.521830600000e+01  6.251213206334e-02
 5.438550140995e+04  1.521888900000e+01  6.245785921891e-02
 5.438550804801e+04  1.520081300000e+01  6.226342316252e-02
 5.455714452472e+04  1.521313700000e+01  6.080928521648e-02
 5.455715376257e+04  1.522453500000e+01  6.087622210391e-02
 5.455716299427e+04  1.525593500000e+01  6.109886025612e-02
 5.455717223814e+04  1.524687300000e+01  6.102168101896e-02
 5.456424441196e+04  1.480508500000e+01  5.813212936861e-02
 5.456425096587e+04  1.483507000000e+01  5.830688235651e-02
 5.456425740936e+04  1.484487200000e+01  5.835836473801e-02
 5.456426387959e+04  1.486176500000e+01  5.850728129913e-02
 5.457423917740e+04  1.478130000000e+01  5.819147478563e-02
 5.457424455000e+04  1.479599000000e+01  5.831362509986e-02
 5.457424994472e+04  1.477402000000e+01  5.820858220468e-02
 5.457425534858e+04  1.484200200000e+01  5.859023605427e-02
 5.458522299706e+04  1.533191100000e+01  6.212114785720e-02
 5.458522947134e+04  1.536905100000e+01  6.219303656934e-02
 5.458523594030e+04  1.536487000000e+01  6.216002535431e-02
 5.458524242766e+04  1.536480900000e+01  6.222464435490e-02
 5.483136397590e+04  1.523104900000e+01  6.055751611353e-02
 5.483137182248e+04  1.522021100000e+01  6.048409190082e-02
 5.483137963317e+04  1.525760100000e+01  6.073805786849e-02
 5.483138755972e+04  1.526140500000e+01  6.077175604787e-02
 5.450224742814e+04  1.499051200000e+01  5.906996387004e-02
 5.450225506139e+04  1.491303400000e+01  5.854942249569e-02
 5.450226267508e+04  1.485803200000e+01  5.820926503701e-02
 5.450227029178e+04  1.480289400000e+01  5.787417839124e-02
 5.452339281928e+04  1.544594000000e+01  6.237500053606e-02
 5.452340109307e+04  1.544558700000e+01  6.239073659188e-02
 5.452340936027e+04  1.542615800000e+01  6.225296613441e-02
 5.452341766473e+04  1.536212900000e+01  6.175218025510e-02
 5.447636142580e+04  1.525565200000e+01  6.087983938160e-02
 5.447637049558e+04  1.525670300000e+01  6.082130973714e-02
 5.447637953839e+04  1.525733900000e+01  6.079884118953e-02
 5.447638859683e+04  1.528564300000e+01  6.102734956243e-02
 5.449630580284e+04  1.509393700000e+01  5.967179299457e-02
 5.449631119929e+04  1.509717000000e+01  5.968807855067e-02
 5.449631654203e+04  1.510701600000e+01  5.976258042075e-02
 5.449632386751e+04  1.511735000000e+01  5.983422453642e-02
 5.452824507145e+04  1.528376900000e+01  6.114351075507e-02
 5.452825159515e+04  1.532730800000e+01  6.146554095334e-02
 5.452825807013e+04  1.530771200000e+01  6.129426474040e-02
 5.452826452925e+04  1.532966900000e+01  6.147103548233e-02
 5.453615438131e+04  1.540416500000e+01  5.987805505393e-02
 5.453616103916e+04  1.540130800000e+01  5.984556349063e-02
 5.453616768660e+04  1.542058900000e+01  5.995913390263e-02
 5.453617439110e+04  1.542119400000e+01  5.996781158316e-02
 5.454936067480e+04  1.526819900000e+01  6.141869123571e-02
 5.454936798524e+04  1.526539000000e+01  6.142499846867e-02
 5.454937531778e+04  1.529546000000e+01  6.170380706690e-02
 5.454938266282e+04  1.531740900000e+01  6.194924903727e-02
 5.479246969406e+04  1.529438900000e+01  7.511751486534e-02
 5.479247507708e+04  1.531962200000e+01  7.277723166138e-02
 5.479248057052e+04  1.526202900000e+01  6.410271738283e-02
 5.479248596999e+04  1.529900400000e+01  6.144735911162e-02
 5.480043496501e+04  1.506057800000e+01  5.926267080526e-02
 5.480044772734e+04  1.493096300000e+01  5.844069351358e-02
 5.480046052693e+04  1.473320900000e+01  5.729427622651e-02
 5.480047336090e+04  1.460290400000e+01  5.660367549224e-02
 5.476648893676e+04  1.471409000000e+01  5.735670022538e-02
 5.476649685625e+04  1.468374700000e+01  5.717521350613e-02
 5.476650475456e+04  1.468456000000e+01  5.715439612198e-02
 5.476651273192e+04  1.468833300000e+01  5.716620152549e-02
 5.494017724597e+04  1.537256700000e+01  6.188045748903e-02
 5.494018330335e+04  1.539784800000e+01  6.211174698543e-02
 5.494018933932e+04  1.537018500000e+01  6.188991257156e-02
 5.494019537446e+04  1.537480200000e+01  6.190603700678e-02
 5.518240049058e+04  1.502263000000e+01  5.923499308267e-02
 5.518240628612e+04  1.506701200000e+01  5.952005084639e-02
 5.518241208215e+04  1.505700000000e+01  5.944347588280e-02
 5.518241788280e+04  1.506750600000e+01  5.951561040237e-02
 5.486629708109e+04  1.488197300000e+01  5.824328164416e-02
 5.486630493646e+04  1.489774200000e+01  5.833518061721e-02
 5.486631272295e+04  1.490407900000e+01  5.837689801397e-02
 5.486632054395e+04  1.494781100000e+01  5.861031191507e-02
 5.487728607231e+04  1.541094100000e+01  6.273663579672e-02
 5.487729157328e+04  1.535136900000e+01  6.397653054793e-02
 5.487729707228e+04  1.541536000000e+01  6.519112914682e-02
 5.487730233897e+04  1.531685900000e+01  6.740729131103e-02
 5.488327345971e+04  1.530319000000e+01  6.219666795926e-02
 5.488327996339e+04  1.534352600000e+01  6.223673563014e-02
 5.488328668988e+04  1.533450800000e+01  6.161628666521e-02
 5.488329333466e+04  1.532819200000e+01  6.141074121313e-02
 5.485145937455e+04  1.521683800000e+01  5.836020153643e-02
 5.485146670733e+04  1.521434500000e+01  5.834615028404e-02
 5.485147401961e+04  1.523859000000e+01  5.851093814748e-02
 5.485148129554e+04  1.525337900000e+01  5.862481016607e-02
 5.485923738002e+04  1.521945600000e+01  6.047842713199e-02
 5.485924279280e+04  1.523251200000e+01  6.056698496733e-02
 5.485924822883e+04  1.526892100000e+01  6.088881593038e-02
 5.485925369774e+04  1.527931200000e+01  6.126026423092e-02
 5.489321507698e+04  1.517330800000e+01  6.013211799880e-02
 5.489322118145e+04  1.518211000000e+01  6.025756519426e-02
 5.489322734982e+04  1.518816900000e+01  6.036534634892e-02
 5.489323347697e+04  1.523129700000e+01  6.063776521014e-02
 5.490728952208e+04  1.533706600000e+01  6.144050540635e-02
 5.490729535582e+04  1.535735000000e+01  6.160834710781e-02
 5.490730119187e+04  1.534501400000e+01  6.154015188030e-02
 5.490730696913e+04  1.534122200000e+01  6.152346223005e-02
 5.491723399834e+04  1.531502100000e+01  6.169696895118e-02
 5.491723942546e+04  1.529442100000e+01  6.145883648478e-02
 5.491724493825e+04  1.533775800000e+01  6.178357056334e-02
 5.491725033378e+04  1.532600900000e+01  6.166656178913e-02
 5.497519221095e+04  1.526578400000e+01  6.177024692644e-02
 5.497519825245e+04  1.529383000000e+01  6.203731991212e-02
 5.497520421780e+04  1.530193600000e+01  6.218490417961e-02
 5.497521025664e+04  1.527316200000e+01  6.207903146858e-02
 5.515350933190e+04  1.526848400000e+01  6.542111739316e-02
 5.515351412059e+04  1.526897600000e+01  6.541324644977e-02
 5.515351907836e+04  1.530838900000e+01  6.581041083490e-02
 5.515352408522e+04  1.528178200000e+01  6.551154253436e-02
 5.513148758128e+04  1.488850900000e+01  6.253870345823e-02
 5.530211864852e+04  1.466946800000e+01  5.750946882620e-02
 5.530212551324e+04  1.472034900000e+01  5.786145119129e-02
 5.530213237042e+04  1.473821000000e+01  5.798446548553e-02
 5.530213924788e+04  1.475940100000e+01  5.845903926416e-02
 5.553142974507e+04  1.533112700000e+01  6.211524591273e-02
 5.553144139466e+04  1.538775700000e+01  6.253017160004e-02
 5.553144723176e+04  1.537954000000e+01  6.243817430664e-02
 5.554143956479e+04  1.520120200000e+01  5.884802203474e-02
 5.554145614958e+04  1.522592300000e+01  5.900466940108e-02
 5.554146445715e+04  1.526677700000e+01  5.926603208110e-02
 5.524040762669e+04  1.519431600000e+01  6.151117332435e-02
 5.524041520832e+04  1.520411500000e+01  6.161825544612e-02
 5.524042270743e+04  1.520685500000e+01  6.161109981709e-02
 5.524043026716e+04  1.522487900000e+01  6.178272043008e-02
 5.524631917355e+04  1.471114100000e+01  5.755544063275e-02
 5.524632626212e+04  1.469595600000e+01  5.747861171729e-02
 5.524633339940e+04  1.467378700000e+01  5.735445004954e-02
 5.524634056234e+04  1.468636200000e+01  5.747613042689e-02
 5.520251089179e+04  1.522718200000e+01  6.060975396575e-02
 5.520251603290e+04  1.518927200000e+01  6.030398435352e-02
 5.520252126387e+04  1.519652600000e+01  6.037482634596e-02
 5.520252649006e+04  1.521446400000e+01  6.053938494304e-02
 5.520842125887e+04  1.478905500000e+01  5.793358850452e-02
 5.520842819368e+04  1.474341600000e+01  5.768937330181e-02
 5.520843516139e+04  1.470057700000e+01  5.747388281348e-02
 5.520844204324e+04  1.470807300000e+01  5.750545427250e-02
 5.526028954918e+04  1.472798900000e+01  5.771005723820e-02
 5.526029522796e+04  1.472920600000e+01  5.773222310750e-02
 5.526030101193e+04  1.476148500000e+01  5.785894756298e-02
 5.526030681348e+04  1.475833900000e+01  5.789597868010e-02
 5.527431600703e+04  1.503085000000e+01  5.965198280553e-02
 5.527432354421e+04  1.503924400000e+01  5.969327332401e-02
 5.527433111368e+04  1.505791900000e+01  5.983093751928e-02
 5.527433865670e+04  1.509122500000e+01  6.007962834540e-02
 5.532822930988e+04  1.482616200000e+01  5.859181736535e-02
 5.532823618152e+04  1.480980300000e+01  5.854263987561e-02
 5.532824312552e+04  1.481703300000e+01  5.857055401198e-02
 5.532824998003e+04  1.481274800000e+01  5.854693012683e-02
 5.534717476972e+04  1.508374800000e+01  6.006695772804e-02
 5.534718624705e+04  1.494150700000e+01  5.917486745727e-02
 5.534719200962e+04  1.489466900000e+01  5.889348037934e-02
 5.550845377554e+04  1.511483900000e+01  6.048150024277e-02
 5.550845958481e+04  1.515071800000e+01  6.070754709475e-02
 5.550846254839e+04  1.515364200000e+01  6.073274455648e-02
 5.551646661093e+04  1.523784900000e+01  6.129409668872e-02
 5.551647820278e+04  1.523286600000e+01  6.122410365797e-02
 5.551648401218e+04  1.521625100000e+01  6.106320126948e-02
 5.565730427954e+04  1.521541700000e+01  6.171736335639e-02
 5.565730945307e+04  1.522215500000e+01  6.187458956185e-02
 5.565731459791e+04  1.525425300000e+01  6.445340809189e-02
 5.565731980372e+04  1.527758400000e+01  6.566251286787e-02
 5.568024311441e+04  1.527250500000e+01  6.201979014368e-02
 5.568025042869e+04  1.527864000000e+01  6.212595255697e-02
 5.568025782859e+04  1.527427100000e+01  6.214102589284e-02
 5.568026528303e+04  1.527894500000e+01  6.219004536137e-02
 5.559738559299e+04  1.513858800000e+01  5.898434200309e-02
 5.559739389457e+04  1.496887500000e+01  5.745869196650e-02
 5.559740222267e+04  1.487411100000e+01  5.693564764450e-02
 5.559741054220e+04  1.481017900000e+01  5.662943032007e-02
 5.561819663664e+04  1.502964700000e+01  6.220525763795e-02
 5.561820268355e+04  1.503706300000e+01  6.070751736395e-02
 5.561820847458e+04  1.506119500000e+01  6.050198410289e-02
 5.561821427781e+04  1.507195900000e+01  6.104065594630e-02
 5.556939565065e+04  1.527427200000e+01  6.157802593550e-02
 5.556940171104e+04  1.522954700000e+01  6.122009460468e-02
 5.556940796797e+04  1.519402600000e+01  6.093091452567e-02
 5.556941447929e+04  1.518204000000e+01  6.083937153737e-02
 5.558745891737e+04  1.447564800000e+01  5.651444649268e-02
 5.558746729453e+04  1.452476700000e+01  5.677050942294e-02
 5.558747563096e+04  1.457838800000e+01  5.705816580195e-02
 5.558748393741e+04  1.463233100000e+01  5.734479363652e-02
 5.562519080012e+04  1.533050800000e+01  5.828846139721e-02
 5.562519887137e+04  1.536502200000e+01  5.847561352583e-02
 5.562520693878e+04  1.537015900000e+01  5.849701437810e-02
 5.562521497738e+04  1.540129500000e+01  5.867632195006e-02
 5.563420874003e+04  1.491595800000e+01  5.946667456880e-02
 5.563421780484e+04  1.482720200000e+01  5.886143913540e-02
 5.563422689045e+04  1.471681800000e+01  5.818580625861e-02
 5.563423594520e+04  1.455883600000e+01  5.728016277247e-02
 5.564714832594e+04  1.492515700000e+01  5.976333463727e-02
 5.564715511366e+04  1.493546500000e+01  5.978724698039e-02
 5.564716190847e+04  1.494921400000e+01  5.987094445438e-02
 5.564716867999e+04  1.497827400000e+01  6.005949142773e-02
 5.570820799780e+04  1.538337500000e+01  6.337135282180e-02
 5.570821723728e+04  1.537763600000e+01  6.343127147908e-02
 5.570822646287e+04  1.540098800000e+01  6.371209197492e-02
 5.570823576891e+04  1.538572800000e+01  6.365275769969e-02
 5.513149851102e+04  1.487493100000e+01  5.998913132534e-02
 5.513150166385e+04  1.486618900000e+01  5.987338842404e-02
 5.513150497640e+04  1.472066700000e+01  5.865166866120e-02
 5.513150818038e+04  1.481155200000e+01  5.953709668322e-02
 5.585649877968e+04  1.538062200000e+01  6.262306609487e-02
 5.585650458532e+04  1.544176300000e+01  6.341388504761e-02
 5.585650885845e+04  1.542150400000e+01  6.314344310338e-02
 5.585651314573e+04  1.545553200000e+01  6.341027599433e-02
 5.592250844678e+04  1.506202300000e+01  5.976832606039e-02
 5.592251360873e+04  1.509762100000e+01  6.002139049589e-02
 5.592251866094e+04  1.509011200000e+01  5.996394112332e-02
 5.592252377534e+04  1.513245700000e+01  6.024829365253e-02
 5.592835278683e+04  1.528328600000e+01  6.157330282902e-02
 5.592835973569e+04  1.531699900000e+01  6.181421919416e-02
 5.592836669995e+04  1.533830900000e+01  6.198785843307e-02
 5.592837358061e+04  1.534096100000e+01  6.199031697098e-02
 5.594435547181e+04  1.527176700000e+01  5.905308488479e-02
 5.594436503920e+04  1.527153900000e+01  5.905500214766e-02
 5.594437456514e+04  1.532611100000e+01  5.940105498947e-02
 5.594438410312e+04  1.532960600000e+01  5.940795793406e-02
 5.596924324597e+04  1.498304000000e+01  5.940264513896e-02
 5.596925112913e+04  1.499243500000e+01  5.944182550080e-02
 5.596925905453e+04  1.500030800000e+01  5.951933735400e-02
 5.596926715523e+04  1.504416600000e+01  5.987067033383e-02
 5.597522051264e+04  1.523607600000e+01  6.164949755582e-02
 5.597522778882e+04  1.520355100000e+01  6.134612180465e-02
 5.597523504894e+04  1.518103400000e+01  6.113080562619e-02
 5.597524244213e+04  1.513795900000e+01  6.078414274532e-02
 5.598025214508e+04  1.519581800000e+01  5.868768890698e-02
 5.598026093536e+04  1.516237300000e+01  5.846908206606e-02
 5.598026965847e+04  1.510245600000e+01  5.809733104814e-02
 5.598027850316e+04  1.501468300000e+01  5.759606521566e-02
 5.598627776025e+04  1.537052000000e+01  6.390947659297e-02
 5.598628230424e+04  1.533555800000e+01  6.357537197493e-02
 5.598628680538e+04  1.531413000000e+01  6.316829586427e-02
 5.598629128119e+04  1.528850800000e+01  6.284862655586e-02
 5.601032731585e+04  1.543112000000e+01  6.299058207132e-02
 5.601033520545e+04  1.540712900000e+01  6.282381621224e-02
 5.601034303779e+04  1.540124600000e+01  6.281484152712e-02
 5.601035091469e+04  1.536022300000e+01  6.247089496517e-02
 5.601617235403e+04  1.510563000000e+01  6.052410734449e-02
 5.601618086457e+04  1.512833400000e+01  6.622695776912e-02
 5.601618940014e+04  1.522101300000e+01  6.443428183270e-02
 5.601619795427e+04  1.513062000000e+01  6.440049782486e-02
 5.604426367394e+04  1.542669300000e+01  6.318206960977e-02
 5.604427214672e+04  1.542386200000e+01  6.323859613600e-02
 5.604428065340e+04  1.543150900000e+01  6.333732073905e-02
 5.604428923554e+04  1.543322200000e+01  6.338408477935e-02
 5.606517985237e+04  1.506046700000e+01  5.771926951643e-02
 5.606518730888e+04  1.506881200000e+01  5.782027754418e-02
 5.606519474668e+04  1.508518700000e+01  5.791475079521e-02
 5.606520213318e+04  1.511851400000e+01  5.815920128263e-02
 5.608620435608e+04  1.498997000000e+01  5.968568683681e-02
 5.608620895507e+04  1.492378100000e+01  5.931868440249e-02
 5.608621337983e+04  1.486535100000e+01  5.898703992418e-02
 5.608621797323e+04  1.481116600000e+01  5.867682995183e-02
