# time mag mag_err
 5.371136476531e+04  1.576893100000e+01  6.634447459167e-02
 5.371137299512e+04  1.578251500000e+01  6.646987564982e-02
 5.371138124679e+04  1.575546900000e+01  6.614927881198e-02
 5.371138950196e+04  1.576797300000e+01  6.629455463139e-02
 5.373430123530e+04  1.574582900000e+01  6.605195288631e-02
 5.373430829677e+04  1.569229500000e+01  6.545508229709e-02
 5.373431537339e+04  1.570991800000e+01  6.560018987516e-02
 5.373432241865e+04  1.577092700000e+01  6.624697057674e-02
 5.367839724833e+04  1.596360900000e+01  6.953101365794e-02
 5.367840389045e+04  1.597133400000e+01  6.954551405783e-02
 5.367841048580e+04  1.597878200000e+01  6.965269164952e-02
 5.367841709770e+04  1.597117900000e+01  6.945622161831e-02
 5.385425048850e+04  1.593709300000e+01  7.088330576866e-02
 5.385425704403e+04  1.594487900000e+01  7.113634134971e-02
 5.385426359458e+04  1.589941800000e+01  7.063241076482e-02
 5.385427019214e+04  1.598314800000e+01  7.206090863347e-02
 5.408934482664e+04  1.585308600000e+01  6.717958372059e-02
 5.408935131389e+04  1.576959000000e+01  6.896086827791e-02
 5.408935783690e+04  1.582450000000e+01  6.650904574393e-02
 5.408936435701e+04  1.584413200000e+01  6.664731333695e-02
 5.377019575924e+04  1.589568500000e+01  6.852165475732e-02
 5.377020296422e+04  1.591037000000e+01  6.865064533676e-02
 5.377021021969e+04  1.590786800000e+01  6.843447795035e-02
 5.377021745002e+04  1.587865200000e+01  6.842232071163e-02
 5.378815499177e+04  1.573738500000e+01  6.712510147536e-02
 5.378816152358e+04  1.570009700000e+01  6.620449184270e-02
 5.378816967896e+04  1.570290300000e+01  6.600205489183e-02
 5.378817622558e+04  1.569958900000e+01  6.709882548628e-02
 5.374130128397e+04  1.557884300000e+01  6.423180153437e-02
 5.374130840667e+04  1.563080500000e+01  6.474542835553e-02
 5.374131551536e+04  1.560375100000e+01  6.445815572186e-02
 5.374132262277e+04  1.561734600000e+01  6.460420246468e-02
 5.375727538690e+04  1.571593000000e+01  6.621941085888e-02
 5.375728239432e+04  1.570243200000e+01  6.603664198755e-02
 5.375728939848e+04  1.569972900000e+01  6.612502759709e-02
 5.375729647140e+04  1.573218000000e+01  6.639865267972e-02
 5.376223312317e+04  1.585245300000e+01  6.771811319429e-02
 5.376223959410e+04  1.586773300000e+01  6.779389123320e-02
 5.376224607057e+04  1.589065700000e+01  6.917473822725e-02
 5.376225255388e+04  1.589002100000e+01  6.802742320669e-02
 5.379818473813e+04  1.559302400000e+01  6.478071373399e-02
 5.379819127375e+04  1.552443100000e+01  6.412019356102e-02
 5.379819787906e+04  1.552092200000e+01  6.407612620093e-02
 5.379820483774e+04  1.548760500000e+01  6.374984660027e-02
 5.382320264554e+04  1.578392000000e+01  6.710768849223e-02
 5.382321222275e+04  1.583160900000e+01  6.785634516484e-02
 5.382322176582e+04  1.587211400000e+01  6.828216653062e-02
 5.382323130646e+04  1.583109900000e+01  7.038942664082e-02
 5.405946467284e+04  1.596436600000e+01  6.739055363099e-02
 5.405947125661e+04  1.597459000000e+01  6.748764263668e-02
 5.405947783727e+04  1.595615300000e+01  6.726210301709e-02
 5.405948442694e+04  1.596559200000e+01  6.736752202682e-02
 5.420919701095e+04  1.599232100000e+01  6.936947138897e-02
 5.420920294226e+04  1.602176500000e+01  6.911593962121e-02
 5.420920887253e+04  1.598151600000e+01  6.918112309631e-02
 5.420921480882e+04  1.593420100000e+01  6.856300197998e-02
 5.445144809603e+04  1.585608600000e+01  6.643672792715e-02
 5.445145176242e+04  1.588010800000e+01  6.670088998885e-02
 5.445145523065e+04  1.585796800000e+01  6.645978081395e-02
 5.445145864193e+04  1.586939600000e+01  6.656384404778e-02
 5.426114080096e+04  1.560073000000e+01  7.306037359428e-02
 5.426114413619e+04  1.583518600000e+01  7.853563780689e-02
 5.426114749308e+04  1.581105200000e+01  7.922910737844e-02
 5.426115082414e+04  1.577304600000e+01  7.893841540619e-02
 5.417025175448e+04  1.589253600000e+01  6.732574450233e-02
 5.417025889858e+04  1.591064300000e+01  6.754290162878e-02
 5.417026602451e+04  1.589800300000e+01  6.743556937688e-02
 5.417027313309e+04  1.588264500000e+01  6.721548687673e-02
 5.417617653382e+04  1.556382800000e+01  6.379552719642e-02
 5.417618546979e+04  1.557819100000e+01  6.391194687796e-02
 5.417619477685e+04  1.559762600000e+01  6.408711404358e-02
 5.417620350044e+04  1.559584700000e+01  6.403127412327e-02
 5.440941619441e+04  1.582448600000e+01  6.644144266332e-02
 5.440943238271e+04  1.584489200000e+01  6.661286003176e-02
 5.440944851234e+04  1.574585800000e+01  6.500864735641e-02
 5.440946472807e+04  1.584714400000e+01  6.646790300825e-02
 5.441634866818e+04  1.571415200000e+01  6.564333624519e-02
 5.441635588000e+04  1.572077200000e+01  6.564312525332e-02
 5.441636310455e+04  1.567891700000e+01  6.512688231145e-02
 5.441637031347e+04  1.575994200000e+01  6.626780709771e-02
 5.442532916174e+04  1.586820400000e+01  6.734544908270e-02
 5.442533359656e+04  1.592368600000e+01  6.793829367869e-02
 5.442533806090e+04  1.589992000000e+01  6.758415225347e-02
 5.442534250811e+04  1.586550500000e+01  6.714506376030e-02
 5.438946795141e+04  1.569239900000e+01  6.496088725523e-02
 5.438947392172e+04  1.572251400000e+01  6.526063909303e-02
 5.438947983568e+04  1.574723200000e+01  6.549038384336e-02
 5.438948581167e+04  1.573234300000e+01  6.532833546033e-02
 5.455718412634e+04  1.551435300000e+01  6.333736937506e-02
 5.455719304796e+04  1.553196500000e+01  6.350650356766e-02
 5.455720187491e+04  1.556055500000e+01  6.376980912225e-02
 5.455721068970e+04  1.556782200000e+01  6.388086975599e-02
 5.456618466345e+04  1.582916000000e+01  6.694258577823e-02
 5.456619020898e+04  1.582748700000e+01  6.691719906794e-02
 5.456619565045e+04  1.584605000000e+01  6.712389299686e-02
 5.456620114147e+04  1.582390300000e+01  6.689457625299e-02
 5.457218880692e+04  1.554151700000e+01  6.372499837936e-02
 5.457219747876e+04  1.551615100000e+01  6.347588719609e-02
 5.457220614460e+04  1.548549400000e+01  6.319377888996e-02
 5.457221476678e+04  1.552315600000e+01  6.355695355673e-02
 5.480531610032e+04  1.568944700000e+01  6.501394623756e-02
 5.480532214518e+04  1.571319800000e+01  6.521610669263e-02
 5.480532817963e+04  1.574271200000e+01  6.576820762706e-02
 5.480533419278e+04  1.571472800000e+01  6.516265089575e-02
 5.482250349838e+04  1.551212000000e+01  6.525712721689e-02
 5.482250953028e+04  1.549245700000e+01  6.507297596995e-02
 5.482251565222e+04  1.548807800000e+01  6.502795033274e-02
 5.482252165495e+04  1.550148600000e+01  6.520847101697e-02
 5.450622907394e+04  1.596568200000e+01  6.781692199965e-02
 5.450623573087e+04  1.597758000000e+01  6.792352179282e-02
 5.450624287567e+04  1.598236500000e+01  6.801238439921e-02
 5.450625024154e+04  1.598247600000e+01  6.799495618076e-02
 5.446646192557e+04  1.588496500000e+01  6.668079294085e-02
 5.446646961727e+04  1.585349600000e+01  6.635386441265e-02
 5.446647735308e+04  1.581713300000e+01  6.599622056663e-02
 5.446648503147e+04  1.588345800000e+01  6.673158932383e-02
 5.447823230818e+04  1.576828100000e+01  6.590848824247e-02
 5.447823721039e+04  1.579656200000e+01  6.614799624154e-02
 5.447824208645e+04  1.576658800000e+01  6.579425846740e-02
 5.447824703449e+04  1.581898800000e+01  6.643884932837e-02
 5.452926860684e+04  1.594549500000e+01  6.753779554086e-02
 5.452927519976e+04  1.589129100000e+01  6.693459052464e-02
 5.452928173203e+04  1.590077500000e+01  6.703588319326e-02
 5.452928824439e+04  1.581747900000e+01  6.613571203729e-02
 5.453425625694e+04  1.557045300000e+01  6.393083041408e-02
 5.453426187088e+04  1.561170100000e+01  6.434917792243e-02
 5.453426744986e+04  1.562450800000e+01  6.448211837991e-02
 5.453427301692e+04  1.560031800000e+01  6.426975461700e-02
 5.459818154090e+04  1.598747600000e+01  6.945170605990e-02
 5.477835293124e+04  1.571260000000e+01  6.536311306681e-02
 5.477836539157e+04  1.570702600000e+01  6.504910831691e-02
 5.477837775723e+04  1.569773400000e+01  6.490429532588e-02
 5.477839014895e+04  1.569934200000e+01  6.481699687406e-02
 5.479044167214e+04  1.582477200000e+01  6.599444959656e-02
 5.479044898455e+04  1.586494900000e+01  6.641672479578e-02
 5.479045615192e+04  1.584096500000e+01  6.617285590657e-02
 5.479046326095e+04  1.587123000000e+01  6.648638767473e-02
 5.474947599269e+04  1.598427600000e+01  6.781021290517e-02
 5.474948211093e+04  1.598837300000e+01  6.786556674219e-02
 5.474948822604e+04  1.593935700000e+01  6.723718143713e-02
 5.474949434464e+04  1.594058800000e+01  6.724743844045e-02
 5.476745411125e+04  1.582983500000e+01  6.607714756804e-02
 5.476746264490e+04  1.588706800000e+01  6.668819108141e-02
 5.476747117148e+04  1.584253900000e+01  6.618892179642e-02
 5.476747966252e+04  1.585924800000e+01  6.633827352156e-02
 5.494322583414e+04  1.576755500000e+01  6.698811317558e-02
 5.494323130447e+04  1.575121000000e+01  6.615388206989e-02
 5.494323679131e+04  1.576932300000e+01  6.635883523012e-02
 5.494324223165e+04  1.578635700000e+01  6.722343981459e-02
 5.518235310572e+04  1.564479800000e+01  6.480145753135e-02
 5.518235830450e+04  1.567937800000e+01  6.507890880567e-02
 5.518236353764e+04  1.566824000000e+01  6.481445624084e-02
 5.518236874404e+04  1.563447100000e+01  6.427470775312e-02
 5.487532319299e+04  1.588658200000e+01  6.676809035006e-02
 5.487532923194e+04  1.585659600000e+01  6.644309401367e-02
 5.487533520227e+04  1.592255500000e+01  6.718062717730e-02
 5.487534123637e+04  1.591905900000e+01  6.718723770280e-02
 5.488924779116e+04  1.568114700000e+01  6.445346758673e-02
 5.488925772278e+04  1.565618100000e+01  6.420865493739e-02
 5.488926760071e+04  1.569234600000e+01  6.456891262552e-02
 5.488927642152e+04  1.573883700000e+01  6.503679046879e-02
 5.485143204438e+04  1.583220300000e+01  6.303403884680e-02
 5.485143859944e+04  1.586419700000e+01  6.335462980806e-02
 5.485144512419e+04  1.580201500000e+01  6.280222889764e-02
 5.485145168910e+04  1.583730500000e+01  6.315687428702e-02
 5.486119780818e+04  1.592009100000e+01  6.721513713399e-02
 5.486120694742e+04  1.586700900000e+01  6.653766745293e-02
 5.486121612854e+04  1.583378300000e+01  6.613638931539e-02
 5.486122529149e+04  1.572391800000e+01  6.450924438577e-02
 5.491310917848e+04  1.578440500000e+01  6.567462378722e-02
 5.491311457435e+04  1.575260000000e+01  6.530066815222e-02
 5.491311994084e+04  1.574044400000e+01  6.525646465888e-02
 5.491312545317e+04  1.576698600000e+01  6.551890965672e-02
 5.496518734828e+04  1.556612200000e+01  6.476907401472e-02
 5.496519334804e+04  1.552320500000e+01  6.434076948123e-02
 5.496519938560e+04  1.559807400000e+01  6.513715581036e-02
 5.496520540685e+04  1.557187700000e+01  6.498170395473e-02
 5.497915859400e+04  1.597289700000e+01  8.299441636434e-02
 5.497916187773e+04  1.598318200000e+01  8.302150907424e-02
 5.497916496759e+04  1.596590800000e+01  8.262247404095e-02
 5.497916785189e+04  1.595197300000e+01  8.240141769457e-02
 5.515138628069e+04  1.565195300000e+01  6.504686107127e-02
 5.515139864568e+04  1.562138100000e+01  6.465835031041e-02
 5.515141091900e+04  1.565563500000e+01  6.496278843927e-02
 5.515142302912e+04  1.566253400000e+01  6.501100881685e-02
 5.513042103971e+04  1.594507200000e+01  6.844665469948e-02
 5.513043019413e+04  1.588052800000e+01  6.758745420062e-02
 5.513043932237e+04  1.597195300000e+01  6.865842069570e-02
 5.513044848616e+04  1.598829100000e+01  6.882196045189e-02
 5.529327581000e+04  1.573735600000e+01  6.586068795929e-02
 5.553335771756e+04  1.575084800000e+01  6.290854175160e-02
 5.553336977700e+04  1.575152500000e+01  6.298658120256e-02
 5.553337580591e+04  1.576005200000e+01  6.275828333522e-02
 5.522933569580e+04  1.580580200000e+01  1.051078799752e-01
 5.522933925281e+04  1.582489800000e+01  1.113315714440e-01
 5.522934692823e+04  1.607568300000e+01  1.334910302179e-01
 5.522935047749e+04  1.631610400000e+01  1.413611106442e-01
 5.524022267204e+04  1.573383100000e+01  6.604414446345e-02
 5.524023016103e+04  1.569182300000e+01  6.555468329641e-02
 5.524023768547e+04  1.571211200000e+01  6.579583628722e-02
 5.524024522209e+04  1.575996800000e+01  6.629255306213e-02
 5.524625322006e+04  1.566033700000e+01  6.491322123700e-02
 5.524626124347e+04  1.564662500000e+01  6.475058029952e-02
 5.524626920197e+04  1.563102400000e+01  6.455848254282e-02
 5.524627642310e+04  1.562059900000e+01  6.445159261335e-02
 5.520626932966e+04  1.577591300000e+01  7.237935261812e-02
 5.520627569730e+04  1.571320000000e+01  7.421032895695e-02
 5.520628201135e+04  1.569056800000e+01  7.383374154594e-02
 5.520628839235e+04  1.579646700000e+01  8.190043157893e-02
 5.527421504325e+04  1.565802900000e+01  6.493843160792e-02
 5.527422246911e+04  1.567887600000e+01  6.519526292680e-02
 5.527422991424e+04  1.567163700000e+01  6.509305015424e-02
 5.527423733694e+04  1.570294300000e+01  6.540132035816e-02
 5.532415621003e+04  1.568247000000e+01  6.540396128527e-02
 5.532416311641e+04  1.566359000000e+01  6.522764103100e-02
 5.532416999085e+04  1.565918900000e+01  6.519381933786e-02
 5.532417680576e+04  1.570160100000e+01  6.572285248565e-02
 5.550342754604e+04  1.582976700000e+01  6.719228744962e-02
 5.550343900574e+04  1.587271200000e+01  6.765768935672e-02
 5.550344479642e+04  1.589313600000e+01  6.784125298363e-02
 5.551041357926e+04  1.578769500000e+01  6.666561455980e-02
 5.551042395366e+04  1.576325100000e+01  6.635510660363e-02
 5.551042915383e+04  1.578069700000e+01  6.651118781452e-02
 5.559821722787e+04  1.563212800000e+01  6.211520674144e-02
 5.559822473682e+04  1.565532500000e+01  6.228423504453e-02
 5.559823232102e+04  1.563385400000e+01  6.210805395879e-02
 5.559823992309e+04  1.566034500000e+01  6.229849243381e-02
 5.556427912189e+04  1.578500300000e+01  6.659999223287e-02
 5.556428653494e+04  1.574798800000e+01  6.669942372177e-02
 5.556429406731e+04  1.578602600000e+01  6.662010822133e-02
 5.556430154546e+04  1.582660200000e+01  6.701893268988e-02
 5.557134875824e+04  1.568065200000e+01  6.542308689339e-02
 5.557135349227e+04  1.573724200000e+01  6.613119557178e-02
 5.557135834659e+04  1.570336600000e+01  6.718375757190e-02
 5.557136339881e+04  1.573395000000e+01  6.861972065945e-02
 5.558924520454e+04  1.569088700000e+01  6.549655999810e-02
 5.558925099362e+04  1.567307000000e+01  6.528042438794e-02
 5.558925675259e+04  1.567214500000e+01  6.525182858921e-02
 5.558926253843e+04  1.567857500000e+01  6.535356184874e-02
 5.563017123602e+04  1.581713000000e+01  6.772175321040e-02
 5.563017868848e+04  1.582828300000e+01  6.785112140470e-02
 5.563018612253e+04  1.585329000000e+01  6.813971507515e-02
 5.563019375939e+04  1.580808400000e+01  6.762203002056e-02
 5.569319789272e+04  1.556862000000e+01  6.777788590138e-02
 5.569320559361e+04  1.555517000000e+01  6.768728364835e-02
 5.569321335626e+04  1.567533200000e+01  6.936133713519e-02
 5.569322120840e+04  1.557517400000e+01  6.815105263546e-02
 5.529327982281e+04  1.566590100000e+01  6.557007372929e-02
 5.529328498455e+04  1.572109200000e+01  6.579217906982e-02
 5.529329014209e+04  1.567465000000e+01  6.531990193639e-02
 5.529329533186e+04  1.572267000000e+01  6.584405691909e-02
 5.583446755838e+04  1.585108300000e+01  6.808092347338e-02
 5.583447277358e+04  1.585820300000e+01  6.806500123153e-02
 5.583447796561e+04  1.583020400000e+01  6.766556399355e-02
 5.583448310021e+04  1.585791500000e+01  6.800066486353e-02
 5.592244955169e+04  1.585688900000e+01  6.702191106991e-02
 5.592245571659e+04  1.582865900000e+01  6.675519226987e-02
 5.592246194667e+04  1.586143300000e+01  6.705825801947e-02
 5.592246809627e+04  1.585392100000e+01  6.697211687519e-02
 5.592827595470e+04  1.581516000000e+01  6.671826498216e-02
 5.592828518821e+04  1.581357500000e+01  6.665402918605e-02
 5.592829442001e+04  1.565927900000e+01  6.497967069800e-02
 5.592830363799e+04  1.566836800000e+01  6.504025168061e-02
 5.594049447728e+04  1.588880500000e+01  6.734758272132e-02
 5.594049957175e+04  1.575000000000e+01  6.579239398148e-02
 5.594050473150e+04  1.573400900000e+01  6.563086057206e-02
 5.594050986093e+04  1.590464500000e+01  6.760904600838e-02
 5.596719480252e+04  1.552607800000e+01  6.391200038537e-02
 5.596720302247e+04  1.547184500000e+01  6.328583903532e-02
 5.596721093662e+04  1.547364700000e+01  6.327795451567e-02
 5.596721883759e+04  1.549794800000e+01  6.348253772989e-02
 5.598019168234e+04  1.580260300000e+01  6.660706653647e-02
 5.598019905617e+04  1.577581600000e+01  6.630326146368e-02
 5.598020634611e+04  1.581245500000e+01  6.668493843453e-02
 5.598021363903e+04  1.584318500000e+01  6.703955071846e-02
 5.598714435524e+04  1.561209100000e+01  6.630773452147e-02
 5.598715110770e+04  1.559691200000e+01  6.604399567097e-02
 5.598715795934e+04  1.563807800000e+01  6.659677885135e-02
 5.598716478905e+04  1.563585900000e+01  6.658498175294e-02
 5.604417594419e+04  1.558974100000e+01  6.472174697031e-02
 5.604417651759e+04  1.561004300000e+01  6.494512962092e-02
 5.604417705987e+04  1.561195500000e+01  6.496057044471e-02
 5.604417762715e+04  1.564752300000e+01  6.532672819655e-02
 5.604418502625e+04  1.567980300000e+01  6.572995274383e-02
 5.604419356083e+04  1.563631400000e+01  6.524640107314e-02
 5.604420203663e+04  1.562938000000e+01  6.519493469428e-02
 5.604421064008e+04  1.567694100000e+01  6.573293787016e-02
 5.606916824726e+04  1.586549300000e+01  6.758974830763e-02
 5.606917388747e+04  1.593693100000e+01  6.862579121881e-02
 5.606917952505e+04  1.591769100000e+01  6.850884760968e-02
 5.606918522094e+04  1.595498400000e+01  6.908010741088e-02
 5.607415834493e+04  1.549378300000e+01  6.340084122149e-02
 5.607416348617e+04  1.553830500000e+01  6.385665318459e-02
 5.607416850669e+04  1.551434200000e+01  6.364344774559e-02
 5.607417360000e+04  1.550831500000e+01  6.364154573113e-02
 5.622739643021e+04  1.580510600000e+01  7.064993897166e-02
 5.622740406184e+04  1.583755900000e+01  7.094696886021e-02
 5.622741168192e+04  1.586339100000e+01  7.125211338937e-02
 5.622741930374e+04  1.586115500000e+01  7.118092349715e-02
