# time mag mag_err
 5.370548106442e+04  1.536762500000e+01  6.333697839315e-02
 5.370548773536e+04  1.543235500000e+01  6.376409211927e-02
 5.370549447910e+04  1.543235600000e+01  6.346345483172e-02
 5.370550130247e+04  1.540991000000e+01  6.320527390518e-02
 5.373147959267e+04  1.583335400000e+01  6.690562778262e-02
 5.373148766737e+04  1.565861600000e+01  6.500871093309e-02
 5.373149572727e+04  1.553671400000e+01  6.383041150623e-02
 5.373150380395e+04  1.547992900000e+01  6.345483208782e-02
 5.355316185365e+04  1.589134800000e+01  6.930667029252e-02
 5.355316828580e+04  1.595088000000e+01  7.031399149765e-02
 5.355317475972e+04  1.588856300000e+01  6.953346708695e-02
 5.355318117718e+04  1.584776900000e+01  6.909761573301e-02
 5.349920598935e+04  1.524886000000e+01  6.124689381801e-02
 5.352119123718e+04  1.597213800000e+01  6.903297469703e-02
 5.352119932091e+04  1.598106700000e+01  7.024338601081e-02
 5.352120742259e+04  1.601188900000e+01  6.952680911059e-02
 5.352121552576e+04  1.594123700000e+01  7.070019078414e-02
 5.382728828139e+04  1.593945800000e+01  6.892700683241e-02
 5.382730454447e+04  1.591243300000e+01  6.852454922855e-02
 5.382731268052e+04  1.594919000000e+01  6.901121064487e-02
 5.383326399610e+04  1.603971900000e+01  7.065432609496e-02
 5.383327307213e+04  1.601922700000e+01  7.039329942278e-02
 5.383328214584e+04  1.600645900000e+01  7.052966810318e-02
 5.383331716263e+04  1.542323100000e+01  6.357760862946e-02
 5.384326323056e+04  1.548889000000e+01  6.461026287074e-02
 5.384327130074e+04  1.551559300000e+01  6.485728774293e-02
 5.384327941087e+04  1.556614600000e+01  6.536095990433e-02
 5.384328748905e+04  1.555623000000e+01  6.527823005722e-02
 5.408949776295e+04  1.581433100000e+01  6.569035571775e-02
 5.408950420378e+04  1.580069700000e+01  6.550411626926e-02
 5.408951063628e+04  1.580383600000e+01  6.550672776657e-02
 5.408951708567e+04  1.576304500000e+01  6.507800550310e-02
 5.378937448662e+04  1.533737300000e+01  9.650630262303e-02
 5.374444525131e+04  1.596640700000e+01  6.963989968539e-02
 5.374445074221e+04  1.601703900000e+01  7.030376060269e-02
 5.374445623345e+04  1.598335300000e+01  6.978431702386e-02
 5.374446175919e+04  1.602591300000e+01  7.031488626843e-02
 5.376345174083e+04  1.602425100000e+01  6.934680777690e-02
 5.376345942976e+04  1.597148300000e+01  6.866041884756e-02
 5.376346715873e+04  1.580694000000e+01  6.669233999698e-02
 5.376347475400e+04  1.561488400000e+01  6.461656960287e-02
 5.379733893634e+04  1.608671900000e+01  7.198020743335e-02
 5.379734677296e+04  1.610432900000e+01  7.289427512739e-02
 5.379735422958e+04  1.606070300000e+01  7.056869870948e-02
 5.379736186388e+04  1.609961200000e+01  7.082537514643e-02
 5.381727491328e+04  1.573546900000e+01  6.831825841325e-02
 5.381728298718e+04  1.577906400000e+01  6.806275729796e-02
 5.381729107970e+04  1.578224400000e+01  6.809864174380e-02
 5.381729917571e+04  1.579397500000e+01  6.840681802671e-02
 5.385823658660e+04  1.541820300000e+01  6.391087262776e-02
 5.385825378329e+04  1.542228800000e+01  6.399457885154e-02
 5.385826240223e+04  1.554659800000e+01  6.490743703740e-02
 5.420526583978e+04  1.599589200000e+01  6.859579571183e-02
 5.420527904588e+04  1.601617000000e+01  6.889220156642e-02
 5.420528566970e+04  1.601189700000e+01  6.883849711138e-02
 5.445044457264e+04  1.573487300000e+01  6.540247208293e-02
 5.445045126382e+04  1.574960300000e+01  6.549553024868e-02
 5.445045795374e+04  1.580281000000e+01  6.603589957594e-02
 5.445046464088e+04  1.578896900000e+01  6.582285576801e-02
 5.411539178204e+04  1.534961900000e+01  6.144922995766e-02
 5.411540210015e+04  1.538948900000e+01  6.173809365668e-02
 5.411541239881e+04  1.539427100000e+01  6.172006442870e-02
 5.411542275152e+04  1.541597600000e+01  6.188467491500e-02
 5.412736576251e+04  1.578348600000e+01  6.755221161812e-02
 5.412737479942e+04  1.582772700000e+01  6.798258656801e-02
 5.412738392209e+04  1.579576500000e+01  6.757571932124e-02
 5.412739301606e+04  1.578920100000e+01  6.750659315362e-02
 5.417133262652e+04  1.596880600000e+01  6.780200031551e-02
 5.417134103168e+04  1.600770700000e+01  6.833803348355e-02
 5.417134943696e+04  1.602146500000e+01  6.853344613483e-02
 5.417135783471e+04  1.601048900000e+01  6.840213280785e-02
 5.417932218677e+04  1.532356600000e+01  6.159860114944e-02
 5.417932991134e+04  1.532572400000e+01  6.161009853619e-02
 5.417933677951e+04  1.535928000000e+01  6.190270972655e-02
 5.417934367013e+04  1.536279400000e+01  6.189134580480e-02
 5.456236857744e+04  1.607510500000e+01  7.051158950540e-02
 5.482253234032e+04  1.580187500000e+01  6.837925357884e-02
 5.482253842002e+04  1.582243200000e+01  6.857787254655e-02
 5.482254442796e+04  1.580130300000e+01  6.828016062499e-02
 5.482255061288e+04  1.582737000000e+01  6.863448643171e-02
 5.447643152766e+04  1.554590900000e+01  6.325792902020e-02
 5.447644088774e+04  1.553581300000e+01  6.312900645333e-02
 5.447644935170e+04  1.558982600000e+01  6.359343991526e-02
 5.447645778487e+04  1.558700900000e+01  6.356328980660e-02
 5.449638948490e+04  1.603917900000e+01  6.845228869153e-02
 5.449639385317e+04  1.602288600000e+01  6.820113207443e-02
 5.449639818313e+04  1.605513700000e+01  6.857641606367e-02
 5.449640256054e+04  1.603333400000e+01  6.831584101484e-02
 5.453540911497e+04  1.590105400000e+01  6.374514056051e-02
 5.453541755381e+04  1.591362700000e+01  6.394890764095e-02
 5.453542591985e+04  1.592170100000e+01  6.401595820531e-02
 5.453543437108e+04  1.594102400000e+01  6.422840888195e-02
 5.455422802124e+04  1.576359800000e+01  6.585070398488e-02
 5.455423511465e+04  1.575384800000e+01  6.568880255511e-02
 5.455424217403e+04  1.578082100000e+01  6.597860076691e-02
 5.455424927948e+04  1.580424300000e+01  6.622802601844e-02
 5.458715230804e+04  1.610379100000e+01  6.983659709584e-02
 5.458715771515e+04  1.608062800000e+01  6.951105896789e-02
 5.458716309331e+04  1.605562200000e+01  6.912506136934e-02
 5.458716846406e+04  1.608024400000e+01  6.941221530635e-02
 5.518349355669e+04  1.579015200000e+01  6.576527831653e-02
 5.518349876111e+04  1.576885800000e+01  6.563457324750e-02
 5.518350399785e+04  1.583408800000e+01  6.618406835798e-02
 5.518350922171e+04  1.580719600000e+01  6.587003285859e-02
 5.485641773050e+04  1.576186200000e+01  6.492197109725e-02
 5.485642689044e+04  1.575153900000e+01  6.477011961762e-02
 5.485643616521e+04  1.577873200000e+01  6.507065642043e-02
 5.485644540572e+04  1.578626300000e+01  6.510035968602e-02
 5.489333236730e+04  1.556043000000e+01  6.317081107911e-02
 5.489334257707e+04  1.547468600000e+01  6.235499278312e-02
 5.489335287874e+04  1.538376700000e+01  6.164694030877e-02
 5.489336321686e+04  1.528328200000e+01  6.115569260426e-02
 5.491226125837e+04  1.555052900000e+01  6.394048318850e-02
 5.491226669683e+04  1.553925600000e+01  6.339102879315e-02
 5.491227217282e+04  1.548145000000e+01  6.283114965800e-02
 5.491227758594e+04  1.544073700000e+01  6.245325577847e-02
 5.491928275488e+04  1.590602600000e+01  6.703417790712e-02
 5.491928813073e+04  1.591787800000e+01  6.722221619624e-02
 5.491929362269e+04  1.588999800000e+01  6.689800758967e-02
 5.491929910641e+04  1.589695000000e+01  6.698472489911e-02
 5.496820510488e+04  1.593889100000e+01  6.916310124263e-02
 5.496821988331e+04  1.591309700000e+01  6.884914569048e-02
 5.496822722222e+04  1.589594400000e+01  6.869868100210e-02
 5.515850240928e+04  1.553756000000e+01  6.117961936532e-02
 5.515851039800e+04  1.553645400000e+01  6.112121675656e-02
 5.515851830685e+04  1.555120100000e+01  6.120359441843e-02
 5.515852620101e+04  1.557486100000e+01  6.133336973818e-02
 5.529020829483e+04  1.536949300000e+01  6.226398912783e-02
 5.529021522934e+04  1.532572200000e+01  6.187086881116e-02
 5.529022216245e+04  1.520902000000e+01  6.093016448202e-02
 5.529022908363e+04  1.514413300000e+01  6.044715192856e-02
 5.529921100322e+04  1.592156500000e+01  8.913446950861e-02
 5.529921910358e+04  1.593563700000e+01  8.941882150171e-02
 5.529922321038e+04  1.592406900000e+01  8.908982750584e-02
 5.553648473625e+04  1.558067300000e+01  7.138045622394e-02
 5.554250842065e+04  1.588818000000e+01  7.119573853259e-02
 5.554252588447e+04  1.588860200000e+01  6.935572909002e-02
 5.554253457768e+04  1.583027700000e+01  7.020943427019e-02
 5.534915176656e+04  1.555597500000e+01  5.939056518685e-02
 5.534916782181e+04  1.561305800000e+01  5.981800945874e-02
 5.534917581398e+04  1.556657100000e+01  6.612006672574e-02
 5.526750166304e+04  1.545823900000e+01  6.844460695814e-02
 5.526750729597e+04  1.544283000000e+01  6.836545552045e-02
 5.526751011231e+04  1.545659700000e+01  6.858755931534e-02
 5.552853354270e+04  1.525741000000e+01  6.570223259709e-02
 5.552853726939e+04  1.521489900000e+01  6.517638380937e-02
 5.552853913858e+04  1.524437200000e+01  6.551133692357e-02
 5.566421423295e+04  1.545337400000e+01  6.371302818177e-02
 5.566422078896e+04  1.540701400000e+01  6.326935746936e-02
 5.566422752402e+04  1.537204900000e+01  6.291857369892e-02
 5.566423421558e+04  1.531354600000e+01  6.241457083558e-02
 5.567412172581e+04  1.541999800000e+01  6.821832715163e-02
 5.567412908193e+04  1.549676300000e+01  6.774709860900e-02
 5.567413642381e+04  1.541678000000e+01  7.279393843230e-02
 5.567414377174e+04  1.555335400000e+01  7.266322181347e-02
 5.557744720682e+04  1.517811900000e+01  6.411192071483e-02
 5.557745450683e+04  1.518825300000e+01  6.426361281525e-02
 5.557746184444e+04  1.519980500000e+01  6.439469114004e-02
 5.557746928896e+04  1.525467200000e+01  6.508142408977e-02
 5.559139774558e+04  1.577588500000e+01  6.633695709386e-02
 5.559140291737e+04  1.576461800000e+01  6.619879151005e-02
 5.559140815444e+04  1.585739200000e+01  6.726825829640e-02
 5.559141337693e+04  1.577480100000e+01  6.628647360824e-02
 5.562439137586e+04  1.548802000000e+01  6.115167208348e-02
 5.562441354877e+04  1.526523600000e+01  5.954123567733e-02
 5.564427876838e+04  1.574991800000e+01  6.683923539291e-02
 5.564429203389e+04  1.579171500000e+01  6.734829377807e-02
 5.564429872299e+04  1.574495400000e+01  6.680485762861e-02
 5.570514392921e+04  1.586606900000e+01  6.854971454232e-02
 5.570516226339e+04  1.589176900000e+01  6.885657472185e-02
 5.570517138620e+04  1.588640200000e+01  6.878290084821e-02
 5.589249388001e+04  1.592770600000e+01  6.793176751283e-02
 5.589249912101e+04  1.591835200000e+01  6.777374837131e-02
 5.589250436367e+04  1.591129300000e+01  6.762903836671e-02
 5.589250955976e+04  1.594538400000e+01  6.802625863883e-02
 5.593548006081e+04  1.587735100000e+01  7.011424043662e-02
 5.593548664794e+04  1.577447000000e+01  6.874137202243e-02
 5.593549326900e+04  1.581043300000e+01  6.920064283855e-02
 5.593549989017e+04  1.583005300000e+01  6.942558964958e-02
 5.595937170822e+04  1.545001000000e+01  6.274328425406e-02
 5.595937831516e+04  1.549011800000e+01  6.305409862333e-02
 5.595938500959e+04  1.548042600000e+01  6.293750618288e-02
 5.595939173841e+04  1.552121200000e+01  6.331179093550e-02
 5.599933653324e+04  1.570136900000e+01  6.536129637282e-02
 5.599934158407e+04  1.575731900000e+01  6.597322712384e-02
 5.599934663677e+04  1.571473900000e+01  6.552138956965e-02
 5.599935169003e+04  1.567836000000e+01  6.513644025243e-02
 5.600737447441e+04  1.661131400000e+01  7.309634363602e-02
 5.601530521473e+04  1.609669700000e+01  7.040208505240e-02
 5.601531773530e+04  1.612359000000e+01  7.067456283913e-02
 5.601532397111e+04  1.614635100000e+01  7.101565113800e-02
 5.602919863036e+04  1.533313200000e+01  6.216744499507e-02
 5.602920369832e+04  1.537609100000e+01  6.254116819769e-02
 5.602920882916e+04  1.537680300000e+01  6.252995952710e-02
 5.602921389132e+04  1.538942100000e+01  6.265619823082e-02
 5.603522058015e+04  1.571232900000e+01  6.589130575406e-02
 5.603522620103e+04  1.572241700000e+01  6.596381596525e-02
 5.603523177657e+04  1.573243000000e+01  6.607505713174e-02
 5.603523738056e+04  1.574227000000e+01  6.618884622476e-02
