# time mag mag_err
 5.347022630450e+04  1.534788600000e+01  6.332634505258e-02
 5.347023430791e+04  1.528092700000e+01  6.271625419590e-02
 5.347024235519e+04  1.523864500000e+01  6.234747744242e-02
 5.347025041172e+04  1.521019800000e+01  6.214849835634e-02
 5.349022876881e+04  1.562001800000e+01  6.440758873674e-02
 5.349023693345e+04  1.564314500000e+01  6.468216529641e-02
 5.349024506279e+04  1.563401900000e+01  6.461404663641e-02
 5.349025324410e+04  1.562554700000e+01  6.456730277084e-02
 5.371048430405e+04  1.556657800000e+01  6.382871595011e-02
 5.371049187919e+04  1.556160400000e+01  6.376907524166e-02
 5.371049950978e+04  1.552241900000e+01  6.342304259189e-02
 5.371050713238e+04  1.550590900000e+01  6.324777370573e-02
 5.372843961257e+04  1.560254400000e+01  6.584152960181e-02
 5.372844771042e+04  1.560751400000e+01  6.529986712542e-02
 5.372845587773e+04  1.561776700000e+01  6.668778442105e-02
 5.372846410545e+04  1.563239600000e+01  6.648828658235e-02
 5.350022924833e+04  1.539205100000e+01  6.246141904458e-02
 5.350024223845e+04  1.542044400000e+01  6.276296748232e-02
 5.367348650641e+04  1.513335500000e+01  6.104167825849e-02
 5.367349138432e+04  1.515525300000e+01  6.118290591691e-02
 5.367349625424e+04  1.515397300000e+01  6.114103247635e-02
 5.367350111293e+04  1.515567600000e+01  6.109721191825e-02
 5.383114761799e+04  1.518624000000e+01  6.160391777389e-02
 5.383115394388e+04  1.517075200000e+01  6.146081597635e-02
 5.385112997198e+04  1.551657400000e+01  6.434906199964e-02
 5.385113750557e+04  1.549028700000e+01  6.402443197234e-02
 5.385114504517e+04  1.549369100000e+01  6.408567758485e-02
 5.385115260609e+04  1.548251400000e+01  6.392905212412e-02
 5.409438832441e+04  1.554060200000e+01  6.381611652273e-02
 5.409439703295e+04  1.551496700000e+01  6.328564524362e-02
 5.409440574090e+04  1.550744800000e+01  6.295947401927e-02
 5.409441447144e+04  1.547594900000e+01  6.253929838159e-02
 5.379232960591e+04  1.533794700000e+01  6.364735503030e-02
 5.379233440499e+04  1.536863300000e+01  6.502603023904e-02
 5.379233920720e+04  1.539265900000e+01  6.669453776648e-02
 5.379234402272e+04  1.544460600000e+01  6.833177277642e-02
 5.379433389910e+04  1.548208600000e+01  6.367245363951e-02
 5.379433876948e+04  1.528529200000e+01  6.892146660047e-02
 5.379434364530e+04  1.559000300000e+01  7.161731341701e-02
 5.379434850122e+04  1.533697200000e+01  8.156567716596e-02
 5.373736455708e+04  1.552453700000e+01  6.376183753385e-02
 5.373737257113e+04  1.550500700000e+01  6.371094882068e-02
 5.373738062837e+04  1.550963900000e+01  6.365497202122e-02
 5.373738873536e+04  1.556949300000e+01  7.071972734107e-02
 5.373945035987e+04  1.544562100000e+01  6.268843676545e-02
 5.373945859732e+04  1.548065600000e+01  6.303468712941e-02
 5.373946692204e+04  1.549369200000e+01  6.311813192765e-02
 5.373947520324e+04  1.551098500000e+01  6.331811431471e-02
 5.375746405427e+04  1.542133900000e+01  6.286165702182e-02
 5.375747048839e+04  1.546617500000e+01  6.323293290524e-02
 5.375747695421e+04  1.548080200000e+01  6.338743266265e-02
 5.375748344331e+04  1.551065100000e+01  6.367126651937e-02
 5.376243928713e+04  1.517689600000e+01  6.170591798987e-02
 5.376244578108e+04  1.519936800000e+01  6.192721983086e-02
 5.376245375787e+04  1.524329800000e+01  6.226564631415e-02
 5.376246024106e+04  1.526202200000e+01  6.182791517630e-02
 5.390221879414e+04  1.546122900000e+01  1.077967022343e-01
 5.390221977475e+04  1.548712700000e+01  1.088416127612e-01
 5.390222075014e+04  1.550374400000e+01  1.097198853120e-01
 5.390222174822e+04  1.553295700000e+01  1.109690324607e-01
 5.380322213384e+04  1.558678500000e+01  6.951933825707e-02
 5.380322833670e+04  1.560913200000e+01  6.983235942629e-02
 5.380323458586e+04  1.560489200000e+01  6.974672455323e-02
 5.380324085734e+04  1.556054400000e+01  6.916489107420e-02
 5.381828793367e+04  1.557097300000e+01  6.489161863300e-02
 5.381829501933e+04  1.554432600000e+01  6.470350905022e-02
 5.381830207465e+04  1.555180700000e+01  6.460066450120e-02
 5.381830912222e+04  1.555208100000e+01  6.439811666764e-02
 5.385918667921e+04  1.511703500000e+01  6.108169155087e-02
 5.385919258216e+04  1.508182700000e+01  6.083848206775e-02
 5.385919846255e+04  1.501458700000e+01  6.036570762602e-02
 5.385920433750e+04  1.497861400000e+01  6.009647283508e-02
 5.406245205299e+04  1.519855800000e+01  6.029456526302e-02
 5.406245965105e+04  1.521359500000e+01  6.035366870803e-02
 5.406246724240e+04  1.522169600000e+01  6.038418668663e-02
 5.406247482137e+04  1.522487600000e+01  6.039289457493e-02
 5.420121027738e+04  1.549313700000e+01  6.321602550324e-02
 5.420122007231e+04  1.549583500000e+01  6.321884733641e-02
 5.420122984861e+04  1.549684900000e+01  6.325114088170e-02
 5.420123966495e+04  1.550033600000e+01  6.330445478697e-02
 5.445037767127e+04  1.529257100000e+01  6.131558485033e-02
 5.445038434962e+04  1.530986800000e+01  6.138744382286e-02
 5.445039099311e+04  1.534653900000e+01  6.165483059857e-02
 5.445039771694e+04  1.534664100000e+01  6.163194986273e-02
 5.414137653303e+04  1.550128300000e+01  6.403658842286e-02
 5.414138250867e+04  1.558902800000e+01  6.469662944654e-02
 5.414138845168e+04  1.536862700000e+01  6.295691226478e-02
 5.414139441597e+04  1.538855300000e+01  6.238800757452e-02
 5.411050124932e+04  1.556353800000e+01  6.357618592921e-02
 5.411050783066e+04  1.555895400000e+01  6.338226452515e-02
 5.411051443076e+04  1.554407900000e+01  6.378199771238e-02
 5.411052100782e+04  1.550882300000e+01  6.465786597654e-02
 5.411736226243e+04  1.559460000000e+01  6.361069368056e-02
 5.411736877167e+04  1.556549000000e+01  6.332288508787e-02
 5.411737532824e+04  1.557846900000e+01  6.342705636885e-02
 5.411738185716e+04  1.553485200000e+01  6.303542966484e-02
 5.412938245157e+04  1.491992700000e+01  6.594173486402e-02
 5.412938717715e+04  1.489348700000e+01  6.485915908096e-02
 5.412939183896e+04  1.489134400000e+01  6.649968824093e-02
 5.412939546714e+04  1.492592400000e+01  7.429670845833e-02
 5.427515688977e+04  1.517112800000e+01  6.121999498536e-02
 5.427516233216e+04  1.520148100000e+01  6.152409529863e-02
 5.427516776843e+04  1.517497500000e+01  6.135887136766e-02
 5.427517319706e+04  1.520542100000e+01  6.166078313440e-02
 5.417129427519e+04  1.566435800000e+01  6.438529604216e-02
 5.417129968089e+04  1.568371200000e+01  6.458312530223e-02
 5.417130505153e+04  1.567425500000e+01  6.449519591420e-02
 5.417131039844e+04  1.570371100000e+01  6.439678070672e-02
 5.418520951758e+04  1.517778000000e+01  6.058062719703e-02
 5.418521929434e+04  1.524202700000e+01  6.110908631894e-02
 5.418522906728e+04  1.527342200000e+01  6.131450514512e-02
 5.418523883316e+04  1.529501300000e+01  6.146369876008e-02
 5.423024247280e+04  1.525808600000e+01  6.147371593524e-02
 5.423024890947e+04  1.528532500000e+01  6.171225729806e-02
 5.423025532854e+04  1.531746800000e+01  6.202380965575e-02
 5.423026175061e+04  1.532824300000e+01  6.217141705496e-02
 5.423622673024e+04  1.561875700000e+01  6.524481462477e-02
 5.423623427517e+04  1.561137200000e+01  6.527563933465e-02
 5.423624179361e+04  1.557854900000e+01  6.499220048383e-02
 5.423624931019e+04  1.556045800000e+01  6.487589947353e-02
 5.441247676072e+04  1.535289700000e+01  6.209930376304e-02
 5.441248270523e+04  1.536263500000e+01  6.208947071420e-02
 5.441248869348e+04  1.530272500000e+01  6.187417617941e-02
 5.441249466994e+04  1.531476200000e+01  6.176089357208e-02
 5.442245464056e+04  1.557191400000e+01  6.419334666537e-02
 5.442246172238e+04  1.558176100000e+01  6.349140133111e-02
 5.442246885341e+04  1.559379600000e+01  6.389756710806e-02
 5.442247601778e+04  1.557212900000e+01  6.364447578579e-02
 5.455732661294e+04  1.528569900000e+01  6.136353692201e-02
 5.455733526672e+04  1.528748100000e+01  6.129735762467e-02
 5.455734387664e+04  1.532594700000e+01  6.179096630673e-02
 5.455735249802e+04  1.536226300000e+01  6.204247697160e-02
 5.456424175894e+04  1.549318000000e+01  6.296240352035e-02
 5.456424828877e+04  1.549327300000e+01  6.298175583440e-02
 5.456425473376e+04  1.547964300000e+01  6.284104647572e-02
 5.456426119068e+04  1.551994200000e+01  6.323945987984e-02
 5.458219681047e+04  1.558548600000e+01  6.411558461128e-02
 5.458220325743e+04  1.558910500000e+01  6.413766345460e-02
 5.458220969745e+04  1.560058700000e+01  6.423989520712e-02
 5.458221611594e+04  1.565072100000e+01  6.479021344135e-02
 5.480451020331e+04  1.564237000000e+01  6.499315554447e-02
 5.480451337510e+04  1.556744000000e+01  6.448965536752e-02
 5.480451657029e+04  1.557747400000e+01  6.431223339990e-02
 5.480451977230e+04  1.557570800000e+01  6.500373389358e-02
 5.449929588318e+04  1.511729800000e+01  5.984229230568e-02
 5.449930312810e+04  1.515480700000e+01  6.009739007312e-02
 5.449931034560e+04  1.517772500000e+01  6.022252794058e-02
 5.449931752500e+04  1.520226300000e+01  6.040455836800e-02
 5.451031354719e+04  1.556407400000e+01  6.338694026471e-02
 5.451032016672e+04  1.557960600000e+01  6.310549371343e-02
 5.451032683708e+04  1.557979400000e+01  6.351595514406e-02
 5.451033347282e+04  1.563765400000e+01  6.369506549895e-02
 5.452338900579e+04  1.516241800000e+01  5.997923739945e-02
 5.452339731441e+04  1.514972300000e+01  5.988695285018e-02
 5.452340556251e+04  1.514306700000e+01  5.985104503168e-02
 5.452341385701e+04  1.516381700000e+01  6.002059161994e-02
 5.447639659803e+04  1.555128700000e+01  6.310422709597e-02
 5.447640312208e+04  1.556110900000e+01  6.320627636568e-02
 5.447641148222e+04  1.554033300000e+01  6.299767170608e-02
 5.447641800766e+04  1.554789600000e+01  6.307483540716e-02
 5.463017643424e+04  1.548339800000e+01  6.340133477604e-02
 5.463018293375e+04  1.548753700000e+01  6.350715610484e-02
 5.463018945931e+04  1.546135400000e+01  6.315730060900e-02
 5.463019611913e+04  1.548477200000e+01  6.356597780518e-02
 5.464115734981e+04  1.524698100000e+01  6.191769743750e-02
 5.464116384100e+04  1.521837600000e+01  6.169504259572e-02
 5.464117035914e+04  1.530110300000e+01  6.249124366339e-02
 5.464117688863e+04  1.531687400000e+01  6.268067551525e-02
 5.452824240963e+04  1.555342300000e+01  6.338118263283e-02
 5.452824890243e+04  1.553859600000e+01  6.319682929234e-02
 5.452825537439e+04  1.553826700000e+01  6.317541615610e-02
 5.452826185781e+04  1.552678100000e+01  6.307829116534e-02
 5.453618247727e+04  1.552283900000e+01  6.063062252529e-02
 5.453618989522e+04  1.550863900000e+01  6.051928445330e-02
 5.453619735196e+04  1.550377700000e+01  6.046065191995e-02
 5.453620475082e+04  1.548484500000e+01  6.030516334901e-02
 5.459321328443e+04  1.524527000000e+01  6.143798135170e-02
 5.459321970027e+04  1.523613500000e+01  6.136674089667e-02
 5.459322611539e+04  1.521946100000e+01  6.119633701420e-02
 5.459323254488e+04  1.521779600000e+01  6.118833343874e-02
 5.492418838912e+04  1.486840900000e+01  5.832692198676e-02
 5.492419388047e+04  1.480384700000e+01  5.789754180401e-02
 5.492419935484e+04  1.477300800000e+01  5.773209151518e-02
 5.492420478208e+04  1.474375700000e+01  5.756357583922e-02
 5.494020471532e+04  1.554059100000e+01  6.320517786447e-02
 5.494021195159e+04  1.552628800000e+01  6.310953095169e-02
 5.494021911736e+04  1.553041500000e+01  6.313178742438e-02
 5.494022645314e+04  1.553205000000e+01  6.316601976110e-02
 5.518448091969e+04  1.550067800000e+01  6.268773803668e-02
 5.518448907484e+04  1.551850000000e+01  6.285531709917e-02
 5.518449728615e+04  1.550797100000e+01  6.270937399860e-02
 5.518450558426e+04  1.550558100000e+01  6.268294130150e-02
 5.486632964961e+04  1.528538700000e+01  6.084474174872e-02
 5.486633690483e+04  1.528247400000e+01  6.080754834231e-02
 5.486634416942e+04  1.531561700000e+01  6.105989610071e-02
 5.486635142163e+04  1.545103400000e+01  6.216379357853e-02
 5.487739879481e+04  1.560381700000e+01  6.746043381888e-02
 5.487740406163e+04  1.561005300000e+01  6.659597572871e-02
 5.487740931710e+04  1.560914400000e+01  6.642769999963e-02
 5.487741466643e+04  1.560416200000e+01  7.234704289236e-02
 5.488330249889e+04  1.517284000000e+01  6.063132765043e-02
 5.488330861331e+04  1.537631900000e+01  6.337120511534e-02
 5.488331472126e+04  1.540018500000e+01  6.209836268108e-02
 5.488332150169e+04  1.539606100000e+01  6.291793836783e-02
 5.483339685060e+04  1.553324700000e+01  6.291507670322e-02
 5.483340463595e+04  1.551253100000e+01  6.268991972152e-02
 5.483341258565e+04  1.552767900000e+01  6.282824204821e-02
 5.483342053407e+04  1.553951500000e+01  6.290799787819e-02
 5.485936506878e+04  1.551825700000e+01  6.253131660171e-02
 5.485937019473e+04  1.551889200000e+01  6.251547238008e-02
 5.485937501488e+04  1.551115800000e+01  6.246317853446e-02
 5.485937989117e+04  1.548387500000e+01  6.220469774034e-02
 5.500416411387e+04  1.524345400000e+01  6.121784265284e-02
 5.500417015863e+04  1.531396800000e+01  6.183253745964e-02
 5.500417623093e+04  1.511941300000e+01  6.036481858779e-02
 5.500418225613e+04  1.513615600000e+01  6.055474005179e-02
 5.489324606139e+04  1.507341000000e+01  5.931567637888e-02
 5.489325274460e+04  1.504677500000e+01  5.910735408986e-02
 5.489325944019e+04  1.508183100000e+01  5.933106911491e-02
 5.489326608738e+04  1.508793300000e+01  5.947621246631e-02
 5.490734709023e+04  1.496005000000e+01  5.871042487055e-02
 5.490735181847e+04  1.498275300000e+01  5.885937361431e-02
 5.490735662900e+04  1.500161900000e+01  5.900420137834e-02
 5.490736141559e+04  1.489547600000e+01  5.809616653499e-02
 5.491816682458e+04  1.542669400000e+01  6.241461221380e-02
 5.491817232464e+04  1.544846500000e+01  6.260141596146e-02
 5.491817770247e+04  1.546838200000e+01  6.273932055429e-02
 5.491818318214e+04  1.546370800000e+01  6.267427461769e-02
 5.495225067693e+04  1.548748900000e+01  6.298501807984e-02
 5.495225847465e+04  1.542100200000e+01  6.278631379929e-02
 5.495226623362e+04  1.537787300000e+01  6.242821327066e-02
 5.495227417801e+04  1.531770300000e+01  6.193649184769e-02
 5.497516705125e+04  1.563416800000e+01  6.468088959136e-02
 5.497517374638e+04  1.566332900000e+01  6.505771938163e-02
 5.497518036325e+04  1.565350000000e+01  6.499175533348e-02
 5.497518703130e+04  1.566217000000e+01  6.507761877050e-02
 5.515445162174e+04  1.517557700000e+01  6.102591579626e-02
 5.515445895523e+04  1.519175600000e+01  6.112072967864e-02
 5.515446624193e+04  1.520195500000e+01  6.111420754419e-02
 5.515447360597e+04  1.518748200000e+01  6.096188624695e-02
 5.513048649238e+04  1.557418300000e+01  6.441655169638e-02
 5.513049297794e+04  1.554021200000e+01  6.402875554507e-02
 5.513049934457e+04  1.559472500000e+01  6.444737794425e-02
 5.513050564488e+04  1.558479600000e+01  6.431160348894e-02
 5.529625292370e+04  1.520527700000e+01  6.067506386288e-02
 5.529625855535e+04  1.516656700000e+01  6.040173072014e-02
 5.529626427412e+04  1.515397500000e+01  6.030889344652e-02
 5.529627000242e+04  1.513210700000e+01  6.015557617725e-02
 5.530323683045e+04  1.539855000000e+01  6.273672346329e-02
 5.530324373071e+04  1.539782400000e+01  6.275329359101e-02
 5.530325053025e+04  1.541147000000e+01  6.292211900228e-02
 5.530325743661e+04  1.543053400000e+01  6.300168118754e-02
 5.554146875701e+04  1.570268600000e+01  6.254482416002e-02
 5.554148395341e+04  1.570591600000e+01  6.360895569323e-02
 5.554149159238e+04  1.573699100000e+01  6.298731667220e-02
 5.524431723961e+04  1.554508700000e+01  6.352542267870e-02
 5.524432533652e+04  1.558385900000e+01  6.389778168716e-02
 5.524433338459e+04  1.556083900000e+01  6.366600142414e-02
 5.524434129162e+04  1.555757100000e+01  6.365548700269e-02
 5.535017588697e+04  1.561084800000e+01  6.458557657411e-02
 5.535018220304e+04  1.565026300000e+01  6.583294332851e-02
 5.535018850895e+04  1.560247600000e+01  6.498450164089e-02
 5.535019480150e+04  1.564161200000e+01  6.518443978072e-02
 5.525942217742e+04  1.557450300000e+01  6.371240470449e-02
 5.525942747619e+04  1.562931700000e+01  6.420657074033e-02
 5.525943287206e+04  1.562776400000e+01  6.425231023205e-02
 5.525943825718e+04  1.556671800000e+01  6.368667281920e-02
 5.527432059615e+04  1.502140800000e+01  5.937709416282e-02
 5.527432820833e+04  1.500755000000e+01  5.930246102512e-02
 5.527433575169e+04  1.499928500000e+01  5.924107110807e-02
 5.527434323795e+04  1.498266100000e+01  5.912172954406e-02
 5.528021855060e+04  1.564065700000e+01  6.483742206718e-02
 5.528022527659e+04  1.566646900000e+01  6.508613714865e-02
 5.528023200398e+04  1.568306900000e+01  6.528241938562e-02
 5.528023877955e+04  1.572348800000e+01  6.573578125754e-02
 5.532825840167e+04  1.550117400000e+01  6.361770063408e-02
 5.532827133058e+04  1.548108100000e+01  6.355735828232e-02
 5.532827784491e+04  1.544497300000e+01  6.321549866291e-02
 5.534123404948e+04  1.554030500000e+01  6.382140705674e-02
 5.534123977630e+04  1.544811400000e+01  6.302810808770e-02
 5.534124554370e+04  1.546018500000e+01  6.315427079437e-02
 5.534125149324e+04  1.542222400000e+01  6.287990467336e-02
 5.553049759223e+04  1.494763500000e+01  5.891391916667e-02
 5.553050918345e+04  1.499161700000e+01  5.918170877367e-02
 5.553051506061e+04  1.496430000000e+01  5.898442358811e-02
 5.565923172150e+04  1.563939100000e+01  6.554140186906e-02
 5.565923683912e+04  1.560269800000e+01  6.490467200603e-02
 5.565924200769e+04  1.563404600000e+01  6.539212023080e-02
 5.565924712414e+04  1.558595600000e+01  6.491731132888e-02
 5.568027324951e+04  1.519239100000e+01  6.125522500234e-02
 5.568028078044e+04  1.519695600000e+01  6.130934445611e-02
 5.568028837507e+04  1.522377700000e+01  6.151685810120e-02
 5.568029591366e+04  1.522265200000e+01  6.159902889857e-02
 5.559742744689e+04  1.504384100000e+01  5.648200099779e-02
 5.559743785403e+04  1.502718500000e+01  5.645274375091e-02
 5.559744830560e+04  1.504261400000e+01  5.656934775991e-02
 5.559745877810e+04  1.504397700000e+01  5.675697598128e-02
 5.560235420919e+04  1.563597200000e+01  6.193812792712e-02
 5.560236185144e+04  1.564595000000e+01  6.199000931065e-02
 5.560236950770e+04  1.562394600000e+01  6.182054159215e-02
 5.560237710041e+04  1.561908100000e+01  6.175857579037e-02
 5.561820006433e+04  1.553441900000e+01  6.721042232302e-02
 5.561820617748e+04  1.548990000000e+01  6.490869414427e-02
 5.561821198036e+04  1.550265400000e+01  6.447124147126e-02
 5.561821766733e+04  1.550114800000e+01  6.581184842814e-02
 5.557143536745e+04  1.550984800000e+01  6.367297011469e-02
 5.557144165076e+04  1.547503900000e+01  6.363954299151e-02
 5.557144795200e+04  1.547227000000e+01  6.379073322180e-02
 5.557145430685e+04  1.542676500000e+01  6.293258483705e-02
 5.558945340286e+04  1.549496200000e+01  6.323269307456e-02
 5.558946093630e+04  1.542824600000e+01  6.265468008433e-02
 5.558946849870e+04  1.538290000000e+01  6.224881364544e-02
 5.558947614834e+04  1.538051200000e+01  6.222035206198e-02
 5.562522760441e+04  1.549360900000e+01  5.918270897382e-02
 5.562523563144e+04  1.551237600000e+01  5.928407675314e-02
 5.562524367410e+04  1.552230900000e+01  5.931943180650e-02
 5.562525173586e+04  1.554674100000e+01  5.947664511263e-02
 5.563425031069e+04  1.555003000000e+01  6.455348189802e-02
 5.563425772113e+04  1.554546600000e+01  6.448217699500e-02
 5.563426517927e+04  1.555606500000e+01  6.453749583648e-02
 5.563427262551e+04  1.560252000000e+01  6.539807252191e-02
 5.564717803699e+04  1.556193700000e+01  6.501081677648e-02
 5.564718540310e+04  1.556913600000e+01  6.505514781439e-02
 5.564719287914e+04  1.558349400000e+01  6.519001314532e-02
 5.564720024586e+04  1.559151500000e+01  6.525189453729e-02
 5.570724209485e+04  1.515437500000e+01  6.124829288597e-02
 5.570725127809e+04  1.514239800000e+01  6.120534461945e-02
 5.570726052843e+04  1.517730900000e+01  6.152181057635e-02
 5.570726978644e+04  1.514694900000e+01  6.137786759925e-02
 5.586249617253e+04  1.547379700000e+01  6.779521116575e-02
 5.586250074362e+04  1.545596200000e+01  6.751431366931e-02
 5.586250530553e+04  1.543451600000e+01  6.721574876797e-02
 5.586250990970e+04  1.542298400000e+01  6.707915736491e-02
 5.588047270571e+04  1.557012500000e+01  6.404997785378e-02
 5.588047786348e+04  1.558941000000e+01  6.423332949018e-02
 5.588048302036e+04  1.559308600000e+01  6.426901559474e-02
 5.588048813925e+04  1.561195500000e+01  6.442646034494e-02
 5.592348163235e+04  1.532000400000e+01  6.148232213946e-02
 5.592348953297e+04  1.533792800000e+01  6.162373574401e-02
 5.592349742031e+04  1.533336100000e+01  6.162101271362e-02
 5.592350533333e+04  1.529364800000e+01  6.124552894618e-02
 5.597541128152e+04  1.561951200000e+01  6.460420246468e-02
 5.597541801358e+04  1.563530500000e+01  6.475856125418e-02
 5.597542476924e+04  1.562410400000e+01  6.466924680747e-02
 5.597543156427e+04  1.562923500000e+01  6.473440276228e-02
 5.598041743125e+04  1.550442400000e+01  6.321808194298e-02
 5.598042415959e+04  1.549189000000e+01  6.312650922371e-02
 5.598043088641e+04  1.549815700000e+01  6.317931281575e-02
 5.598043767656e+04  1.553225600000e+01  6.352456638406e-02
 5.598632374385e+04  1.549853100000e+01  6.163166241233e-02
 5.598632920189e+04  1.549635200000e+01  6.159314661186e-02
 5.598633465027e+04  1.543901600000e+01  6.111359132612e-02
 5.598634009579e+04  1.545152600000e+01  6.124313302417e-02
 5.601123081771e+04  1.521525800000e+01  6.099862664256e-02
 5.601123644623e+04  1.522018900000e+01  6.102244511297e-02
 5.601124207728e+04  1.526272300000e+01  6.136292338434e-02
 5.601124768334e+04  1.527388700000e+01  6.142213670010e-02
 5.601831106300e+04  1.563438100000e+01  6.458695268646e-02
 5.601831961243e+04  1.563995300000e+01  6.471429858061e-02
 5.601832825034e+04  1.563272000000e+01  6.468301432588e-02
 5.601833691421e+04  1.562312400000e+01  6.459766795033e-02
 5.603619068656e+04  1.551927200000e+01  6.768979396100e-02
 5.603619885028e+04  1.553818700000e+01  6.438633862498e-02
 5.603620336149e+04  1.546448600000e+01  6.329998887301e-02
 5.603620676016e+04  1.544756400000e+01  6.376980912225e-02
 5.606520917909e+04  1.492423400000e+01  5.692144099999e-02
 5.606521661742e+04  1.497456100000e+01  5.726481254198e-02
 5.606522406191e+04  1.499122000000e+01  5.746485268576e-02
 5.606523149987e+04  1.501435300000e+01  5.761075852174e-02
 5.609715698461e+04  1.556705700000e+01  6.186951665860e-02
 5.609716304868e+04  1.555711300000e+01  6.183056149938e-02
 5.609716914706e+04  1.552994100000e+01  6.162922252754e-02
 5.609717522433e+04  1.557813200000e+01  6.198751266316e-02
