# time mag mag_err
 5.346427071378e+04  1.502904400000e+01  5.962407288650e-02
 5.346427878595e+04  1.504650000000e+01  5.974958265232e-02
 5.346428685255e+04  1.504672300000e+01  5.977264053792e-02
 5.346429490075e+04  1.506554700000e+01  5.992473998732e-02
 5.370646810355e+04  1.460244300000e+01  5.757518998776e-02
 5.370647705677e+04  1.463211100000e+01  5.756212348078e-02
 5.370648595791e+04  1.467586400000e+01  6.102260428821e-02
 5.370649461841e+04  1.464077900000e+01  5.753193663065e-02
 5.372944108285e+04  1.473737400000e+01  5.800282771308e-02
 5.372945043610e+04  1.475897500000e+01  5.811140009082e-02
 5.372945977846e+04  1.479596600000e+01  5.833931659353e-02
 5.372946920381e+04  1.482552500000e+01  5.852216359321e-02
 5.352615889497e+04  1.500467400000e+01  6.020465220618e-02
 5.352616545594e+04  1.501895800000e+01  6.036970903126e-02
 5.352617196494e+04  1.503007700000e+01  6.049284395140e-02
 5.352617844374e+04  1.505641300000e+01  6.077021384547e-02
 5.353316767868e+04  1.513534100000e+01  6.202605207861e-02
 5.353317407888e+04  1.513227700000e+01  6.203476177756e-02
 5.353318048765e+04  1.511642500000e+01  6.204154577471e-02
 5.353318697698e+04  1.511303700000e+01  6.206911880777e-02
 5.349421070877e+04  1.498199300000e+01  6.007167244314e-02
 5.349421884853e+04  1.497009500000e+01  5.994339874985e-02
 5.349422691155e+04  1.495878400000e+01  5.985481892067e-02
 5.349423501473e+04  1.493172900000e+01  5.969737090731e-02
 5.367749213361e+04  1.505979100000e+01  6.244928315673e-02
 5.384523608340e+04  1.517297300000e+01  6.192016160760e-02
 5.384524413207e+04  1.517560800000e+01  6.198586212517e-02
 5.384525219091e+04  1.516987300000e+01  6.197228946712e-02
 5.384526021956e+04  1.513972400000e+01  6.178745203318e-02
 5.377338756900e+04  1.487488800000e+01  5.907904144251e-02
 5.377339402951e+04  1.490882900000e+01  5.929701633142e-02
 5.377340048249e+04  1.494075900000e+01  5.950873963661e-02
 5.377340694288e+04  1.494493200000e+01  5.953367782206e-02
 5.374141801848e+04  1.513841900000e+01  6.060428842021e-02
 5.374142652353e+04  1.513100200000e+01  6.056052557795e-02
 5.374143498275e+04  1.514812400000e+01  6.065476934125e-02
 5.374144337970e+04  1.514431600000e+01  6.063885411146e-02
 5.375837277237e+04  1.514884300000e+01  6.094280356341e-02
 5.375838015422e+04  1.516754500000e+01  6.109055908875e-02
 5.375838754765e+04  1.520020200000e+01  6.131673270157e-02
 5.375839490576e+04  1.520275800000e+01  6.132578879658e-02
 5.376638941712e+04  1.517036400000e+01  6.102043969493e-02
 5.376639475998e+04  1.515555000000e+01  6.091487856489e-02
 5.376640008189e+04  1.515213000000e+01  6.085919392846e-02
 5.376640539882e+04  1.513321100000e+01  6.073748709066e-02
 5.390418975847e+04  1.498829500000e+01  9.412160779037e-02
 5.390419149027e+04  1.495209700000e+01  9.334952131480e-02
 5.390419322334e+04  1.501839100000e+01  9.531923824100e-02
 5.390419496845e+04  1.501292500000e+01  9.520976154307e-02
 5.379730993479e+04  1.494344000000e+01  8.563517804414e-02
 5.379731016698e+04  1.494827800000e+01  8.582931335417e-02
 5.379731040229e+04  1.495940500000e+01  8.602940008093e-02
 5.379731063321e+04  1.494456900000e+01  8.570408862715e-02
 5.387615574116e+04  1.506771400000e+01  6.131781288155e-02
 5.387616238697e+04  1.499776500000e+01  6.078217210273e-02
 5.387616901045e+04  1.493058800000e+01  6.028309049320e-02
 5.387617563103e+04  1.484071400000e+01  5.965191190038e-02
 5.405551575043e+04  1.521751500000e+01  7.108485954798e-02
 5.405551958523e+04  1.521346200000e+01  7.097256119019e-02
 5.405552339826e+04  1.520462600000e+01  7.081237085030e-02
 5.405552720344e+04  1.524741100000e+01  7.016617290142e-02
 5.443944342595e+04  1.499337200000e+01  5.929387007078e-02
 5.443945054772e+04  1.498689200000e+01  5.924685419965e-02
 5.443945765362e+04  1.498852500000e+01  5.922924722560e-02
 5.443946484530e+04  1.500779200000e+01  5.929168689548e-02
 5.445340678522e+04  1.512374700000e+01  6.014187340640e-02
 5.445341386543e+04  1.512076500000e+01  6.008529702843e-02
 5.445342101613e+04  1.514189600000e+01  6.021609535548e-02
 5.445342817308e+04  1.512871500000e+01  6.009870073258e-02
 5.446547628513e+04  1.487451600000e+01  5.838816245580e-02
 5.446548338640e+04  1.488655800000e+01  5.849942117893e-02
 5.446549046130e+04  1.491094300000e+01  5.860903713353e-02
 5.446549753282e+04  1.492983300000e+01  5.873199467100e-02
 5.414129528929e+04  1.507202800000e+01  5.993140581575e-02
 5.414130170917e+04  1.506623300000e+01  5.987428637505e-02
 5.414130810590e+04  1.507646600000e+01  6.030031328310e-02
 5.414131456709e+04  1.506251600000e+01  6.106166058915e-02
 5.411534681719e+04  1.497120000000e+01  5.895391782417e-02
 5.411535635262e+04  1.496999400000e+01  5.892415637876e-02
 5.411536594499e+04  1.497201200000e+01  5.889691294956e-02
 5.411537549176e+04  1.501677400000e+01  5.915825683129e-02
 5.412728894735e+04  1.513904600000e+01  6.166204666795e-02
 5.412729920318e+04  1.509577900000e+01  6.126617667934e-02
 5.412730943807e+04  1.506015100000e+01  6.088915662362e-02
 5.412731971149e+04  1.502165900000e+01  6.059710777397e-02
 5.416835592455e+04  1.459139000000e+01  5.694709452868e-02
 5.416836343778e+04  1.457015900000e+01  5.688263818611e-02
 5.416837099301e+04  1.463556200000e+01  5.724299197902e-02
 5.416837853726e+04  1.466145400000e+01  5.738961148151e-02
 5.417422524200e+04  1.449915000000e+01  5.647415845316e-02
 5.417423458240e+04  1.454157700000e+01  5.665353588644e-02
 5.417424389779e+04  1.454952600000e+01  5.668304075671e-02
 5.417425325647e+04  1.458887100000e+01  5.686773932160e-02
 5.418019098912e+04  1.484804800000e+01  5.852626897256e-02
 5.418019896937e+04  1.486287400000e+01  5.866440690251e-02
 5.418020693597e+04  1.488796800000e+01  5.927180703762e-02
 5.418021580551e+04  1.493841500000e+01  6.005959550075e-02
 5.441250578508e+04  1.507844800000e+01  6.013156354550e-02
 5.441251009351e+04  1.508801600000e+01  6.040738826638e-02
 5.441251440623e+04  1.505546500000e+01  6.107039576180e-02
 5.441251870065e+04  1.506485700000e+01  5.997946733775e-02
 5.442348288705e+04  1.465794400000e+01  5.725930590401e-02
 5.442349033580e+04  1.469455100000e+01  5.743154578133e-02
 5.442349785181e+04  1.471116500000e+01  5.750787373256e-02
 5.442350539118e+04  1.474172400000e+01  5.765837644951e-02
 5.456021320833e+04  1.516352600000e+01  6.047771597126e-02
 5.456021800117e+04  1.516870700000e+01  6.051162870774e-02
 5.456022280315e+04  1.516090600000e+01  6.045611942450e-02
 5.456022758764e+04  1.517615000000e+01  6.057406198873e-02
 5.456721709812e+04  1.515644900000e+01  6.054120041335e-02
 5.456722209513e+04  1.516127600000e+01  6.027502007489e-02
 5.456722706632e+04  1.519585400000e+01  6.050395737416e-02
 5.456723206206e+04  1.515155400000e+01  6.053261780607e-02
 5.449843943296e+04  1.520270700000e+01  6.056234970223e-02
 5.449844661677e+04  1.520807900000e+01  6.054717186685e-02
 5.449845380959e+04  1.520464400000e+01  6.056947817448e-02
 5.449846101007e+04  1.515883100000e+01  6.021278819401e-02
 5.450540034280e+04  1.462591000000e+01  5.699855018262e-02
 5.450540838231e+04  1.463087600000e+01  5.703390822467e-02
 5.450541645066e+04  1.464945500000e+01  5.713481618951e-02
 5.450542450406e+04  1.465520100000e+01  5.716072860709e-02
 5.447737431436e+04  1.518313000000e+01  6.041903218572e-02
 5.447738161368e+04  1.519979100000e+01  6.053336592421e-02
 5.447738897516e+04  1.517827600000e+01  6.036362497116e-02
 5.447739627737e+04  1.520770400000e+01  6.057481721940e-02
 5.452725530140e+04  1.514445900000e+01  6.021434748441e-02
 5.452726349556e+04  1.513971500000e+01  6.016727056941e-02
 5.452727174075e+04  1.510306600000e+01  5.991340066529e-02
 5.452727995020e+04  1.505707100000e+01  5.960297524233e-02
 5.453329026272e+04  1.487664500000e+01  5.868706690439e-02
 5.453329679291e+04  1.490394000000e+01  5.882059964365e-02
 5.453330333931e+04  1.492631600000e+01  5.891383897322e-02
 5.453330985444e+04  1.491502500000e+01  5.885561871769e-02
 5.458820640005e+04  1.503923400000e+01  5.778048468656e-02
 5.458821294204e+04  1.500391800000e+01  5.757475584737e-02
 5.458821949826e+04  1.497448700000e+01  5.740611839273e-02
 5.458822602799e+04  1.494896500000e+01  5.728940607466e-02
 5.459421606855e+04  1.468474000000e+01  5.766317176076e-02
 5.459422249064e+04  1.472515800000e+01  5.787994002448e-02
 5.459422893297e+04  1.474285700000e+01  5.797527987560e-02
 5.459423538155e+04  1.475481000000e+01  5.788206153739e-02
 5.494424775738e+04  1.504724800000e+01  6.000746732268e-02
 5.495020697773e+04  1.468052300000e+01  5.769018412054e-02
 5.495021313269e+04  1.469857800000e+01  5.780722871590e-02
 5.495021944378e+04  1.472208900000e+01  5.771136760598e-02
 5.495022570463e+04  1.471530500000e+01  5.793868482466e-02
 5.486434734409e+04  1.452891400000e+01  5.640044972374e-02
 5.486435278995e+04  1.451933900000e+01  5.633493027063e-02
 5.486435822750e+04  1.451328200000e+01  5.631001215582e-02
 5.486436365010e+04  1.451967700000e+01  5.633374062564e-02
 5.488128094084e+04  1.496038200000e+01  5.891651112423e-02
 5.488128897550e+04  1.495671300000e+01  5.889044702742e-02
 5.488129704199e+04  1.493906100000e+01  5.874627296292e-02
 5.488130502745e+04  1.493263300000e+01  5.868365755014e-02
 5.488929266016e+04  1.469376400000e+01  5.521044007204e-02
 5.488930285697e+04  1.473133900000e+01  5.536126574184e-02
 5.488931304949e+04  1.477586000000e+01  5.554214699220e-02
 5.488932320288e+04  1.481481100000e+01  5.571045074958e-02
 5.484946285906e+04  1.505196300000e+01  5.949482511770e-02
 5.484947075830e+04  1.502136200000e+01  5.930828588086e-02
 5.484947866193e+04  1.503360900000e+01  5.936257735058e-02
 5.484948655029e+04  1.503057200000e+01  5.937059644235e-02
 5.490726540966e+04  1.455645400000e+01  5.666515099910e-02
 5.490727079535e+04  1.455812900000e+01  5.668382426373e-02
 5.490727620800e+04  1.456183900000e+01  5.670007108237e-02
 5.490728164171e+04  1.457891300000e+01  5.677407586451e-02
 5.496616604625e+04  1.508644200000e+01  6.041296769813e-02
 5.496617269799e+04  1.506588700000e+01  6.029754744517e-02
 5.496617927495e+04  1.509201300000e+01  6.048283871808e-02
 5.496618589472e+04  1.511093400000e+01  6.061739358547e-02
 5.515251802150e+04  1.505710500000e+01  5.995974371293e-02
 5.515252284042e+04  1.507221000000e+01  6.004192855376e-02
 5.515252777793e+04  1.504980200000e+01  5.988097721819e-02
 5.515253273002e+04  1.505605300000e+01  5.988722796903e-02
 5.529127332303e+04  1.495686700000e+01  5.946724305906e-02
 5.529127965194e+04  1.499223800000e+01  5.971560505741e-02
 5.529128601869e+04  1.500400400000e+01  5.983795958333e-02
 5.529129247392e+04  1.502180300000e+01  5.992754132217e-02
 5.530127136336e+04  1.503474500000e+01  5.986887557485e-02
 5.530127953946e+04  1.501519500000e+01  5.976061017816e-02
 5.530128763075e+04  1.494148600000e+01  5.929116344155e-02
 5.530129574171e+04  1.491252600000e+01  5.911469214990e-02
 5.554049380188e+04  1.489265300000e+01  5.898706053175e-02
 5.554050774287e+04  1.492752800000e+01  5.919267414577e-02
 5.554051469729e+04  1.497559200000e+01  5.949631302085e-02
 5.555939722264e+04  1.455565100000e+01  5.713259702117e-02
 5.555941133182e+04  1.459642200000e+01  5.733254869097e-02
 5.524334282564e+04  1.468377400000e+01  5.754103093387e-02
 5.524334916773e+04  1.469310500000e+01  5.758858691545e-02
 5.524335556888e+04  1.466537400000e+01  5.747026275055e-02
 5.524336192336e+04  1.469184100000e+01  5.758646288660e-02
 5.520443617208e+04  1.499464800000e+01  5.917081507813e-02
 5.520444192439e+04  1.503307700000e+01  5.940486358456e-02
 5.520444775118e+04  1.505244400000e+01  5.952982271000e-02
 5.520445352576e+04  1.503945400000e+01  5.946419673812e-02
 5.535216771063e+04  1.474495500000e+01  5.815175827437e-02
 5.535217290186e+04  1.477434400000e+01  5.832341703355e-02
 5.535217806395e+04  1.478388400000e+01  5.842969959349e-02
 5.535218316328e+04  1.480268000000e+01  5.856006567851e-02
 5.526727609139e+04  1.476119300000e+01  5.812392487205e-02
 5.526728131340e+04  1.477379200000e+01  5.818613752539e-02
 5.526728650260e+04  1.476946100000e+01  5.815448423926e-02
 5.526729174429e+04  1.477340900000e+01  5.819144174045e-02
 5.532617844957e+04  1.493298200000e+01  5.935610210036e-02
 5.532618592529e+04  1.482271800000e+01  5.867694227906e-02
 5.532619338066e+04  1.479294600000e+01  5.848324693404e-02
 5.532620082087e+04  1.472225700000e+01  5.814467421688e-02
 5.551353584311e+04  1.458820600000e+01  6.668103654079e-02
 5.551353904084e+04  1.459455300000e+01  6.671875550196e-02
 5.551354048385e+04  1.461369700000e+01  6.665913086717e-02
 5.560039773112e+04  1.473603300000e+01  5.633321321001e-02
 5.560040393524e+04  1.474826000000e+01  5.640345113404e-02
 5.560041012406e+04  1.477613100000e+01  5.653616189252e-02
 5.560041637461e+04  1.482031300000e+01  5.675009361120e-02
 5.561539563442e+04  1.487175600000e+01  5.905473464409e-02
 5.561540299547e+04  1.484870000000e+01  5.894641693938e-02
 5.561541055315e+04  1.482749900000e+01  5.884590437045e-02
 5.561541806153e+04  1.477862900000e+01  5.852621455459e-02
 5.562422849809e+04  1.453155800000e+01  5.568654020647e-02
 5.562423671426e+04  1.452244100000e+01  5.567544100570e-02
 5.562424492865e+04  1.453309900000e+01  5.574476623522e-02
 5.562425320472e+04  1.455258900000e+01  5.580440481870e-02
 5.563132329093e+04  1.511743300000e+01  6.084167233236e-02
 5.563132903530e+04  1.509260100000e+01  6.087202130642e-02
 5.563133485459e+04  1.510617300000e+01  6.095519244830e-02
 5.563134066727e+04  1.510908900000e+01  6.100839384390e-02
 5.564519487602e+04  1.452717100000e+01  5.722382995147e-02
 5.564520061000e+04  1.451357800000e+01  5.714824870127e-02
 5.564520636434e+04  1.451265900000e+01  5.712000002413e-02
 5.564521210853e+04  1.453541800000e+01  5.720371782416e-02
 5.568226492485e+04  1.476117500000e+01  5.878999695884e-02
 5.568227366792e+04  1.475692600000e+01  5.878155770684e-02
 5.568228241894e+04  1.475080000000e+01  5.877348203656e-02
 5.568229121521e+04  1.476655300000e+01  5.887144656263e-02
 5.568913227466e+04  1.465892200000e+01  5.795873658884e-02
 5.568913740596e+04  1.465876900000e+01  5.795758362378e-02
 5.568914260969e+04  1.468630600000e+01  5.815694892428e-02
 5.568914776157e+04  1.468983300000e+01  5.817277725387e-02
 5.551353584311e+04  1.456291900000e+01  6.677903576820e-02
 5.551353904084e+04  1.456240300000e+01  6.657600712300e-02
 5.551354048385e+04  1.458688000000e+01  6.657000312589e-02
 5.592247553231e+04  1.522265700000e+01  6.112544009075e-02
 5.592248234889e+04  1.523684700000e+01  6.120501439490e-02
 5.592248906404e+04  1.522441100000e+01  6.110092981563e-02
 5.592249589836e+04  1.526631700000e+01  6.144995750515e-02
 5.592839716381e+04  1.519412200000e+01  6.105976767332e-02
 5.592840742645e+04  1.520252400000e+01  6.108617120965e-02
 5.592841781053e+04  1.520329700000e+01  6.105887002814e-02
 5.592842819652e+04  1.522491600000e+01  6.119116452937e-02
 5.598230740311e+04  1.485650500000e+01  5.864595764140e-02
 5.598231299896e+04  1.484263500000e+01  5.856674988942e-02
 5.598231869751e+04  1.487699600000e+01  5.877063340781e-02
 5.598232432459e+04  1.488450200000e+01  5.881742559601e-02
 5.598821506535e+04  1.506488500000e+01  6.015496548987e-02
 5.598821957973e+04  1.507621000000e+01  6.024588376163e-02
 5.598822416630e+04  1.505776100000e+01  6.009644673318e-02
 5.598822867937e+04  1.510013600000e+01  6.038865036240e-02
 5.600027316719e+04  1.464171200000e+01  5.750865748882e-02
 5.600027820471e+04  1.462179200000e+01  5.739679618897e-02
 5.600028329362e+04  1.461081400000e+01  5.734198689033e-02
 5.600028842721e+04  1.461556500000e+01  5.735834624710e-02
 5.601317987466e+04  1.521759800000e+01  6.188723642212e-02
 5.601318499460e+04  1.522662800000e+01  6.195245279751e-02
 5.601319019943e+04  1.520953000000e+01  6.182359363834e-02
 5.601319531983e+04  1.520314600000e+01  6.171419000488e-02
 5.603112683895e+04  1.497978800000e+01  1.031792110119e-01
 5.603212639392e+04  1.507335100000e+01  6.071516416846e-02
 5.603213143128e+04  1.504835000000e+01  6.055624338626e-02
 5.603213652138e+04  1.507172600000e+01  6.069696293493e-02
 5.603214157718e+04  1.510200600000e+01  6.091522168285e-02
 5.604020557023e+04  1.492336400000e+01  6.005702279845e-02
 5.604021134466e+04  1.488481500000e+01  5.969775441702e-02
 5.604021711683e+04  1.483962700000e+01  5.964648156080e-02
 5.604022288222e+04  1.477957800000e+01  5.923071005740e-02
 5.604620210392e+04  1.480236700000e+01  5.878283072329e-02
 5.604621160029e+04  1.473320100000e+01  5.839186608304e-02
 5.604622111387e+04  1.484160500000e+01  5.910240565387e-02
 5.604623049909e+04  1.484787200000e+01  5.913985868239e-02
 5.606218900259e+04  1.455622100000e+01  5.686000321916e-02
 5.606219687532e+04  1.454314000000e+01  5.682309028822e-02
 5.606220480957e+04  1.451063200000e+01  5.666138464389e-02
 5.606221276495e+04  1.450569400000e+01  5.666225904490e-02
 5.606818974516e+04  1.489036400000e+01  5.887889036514e-02
 5.606819648855e+04  1.492347900000e+01  5.911707888508e-02
 5.606820328147e+04  1.494939200000e+01  5.934474933998e-02
 5.606821013413e+04  1.497080400000e+01  5.949775536283e-02
