# time mag mag_err
 5.346928607869e+04  1.566208200000e+01  6.506531058484e-02
 5.346929417562e+04  1.565960800000e+01  6.504936544478e-02
 5.346930233784e+04  1.565227700000e+01  6.504429372648e-02
 5.346931047597e+04  1.565338700000e+01  6.511746737461e-02
 5.371051496216e+04  1.545869000000e+01  6.317793444306e-02
 5.371052099719e+04  1.546225000000e+01  6.319073100887e-02
 5.371052694054e+04  1.547456700000e+01  6.330785460225e-02
 5.371053306978e+04  1.549368800000e+01  6.346430239935e-02
 5.373347103524e+04  1.563772800000e+01  6.817832911022e-02
 5.373347766208e+04  1.562066500000e+01  6.763549859743e-02
 5.373349413744e+04  1.558905400000e+01  7.098152157903e-02
 5.352417416074e+04  1.559986300000e+01  6.462932278960e-02
 5.352418063109e+04  1.556876000000e+01  6.436579485614e-02
 5.352418706277e+04  1.561902800000e+01  6.493445527654e-02
 5.352419353716e+04  1.563535100000e+01  6.520511742432e-02
 5.349920919831e+04  1.513197100000e+01  6.043397284873e-02
 5.349921349643e+04  1.516067500000e+01  6.063403092313e-02
 5.349921778381e+04  1.516103800000e+01  6.064689319787e-02
 5.349922205126e+04  1.517369300000e+01  6.073235429161e-02
 5.382728775162e+04  1.558184800000e+01  6.490938541012e-02
 5.382729578720e+04  1.558834600000e+01  6.512252954003e-02
 5.382730392869e+04  1.560614200000e+01  6.517010136796e-02
 5.382731215318e+04  1.559101600000e+01  6.503159955093e-02
 5.383326346992e+04  1.510815400000e+01  6.096065986326e-02
 5.383327254456e+04  1.516966900000e+01  6.143086437174e-02
 5.383328161781e+04  1.518725100000e+01  6.160020643552e-02
 5.383331663355e+04  1.527097000000e+01  6.228395140032e-02
 5.408949404054e+04  1.506899600000e+01  5.941024619324e-02
 5.408950044503e+04  1.509121800000e+01  5.955455778893e-02
 5.408950687613e+04  1.511317800000e+01  5.969157316214e-02
 5.408951332715e+04  1.510946300000e+01  5.963885756109e-02
 5.378743014497e+04  1.581593300000e+01  6.711897598826e-02
 5.378743843854e+04  1.584727300000e+01  6.750477769848e-02
 5.378744670424e+04  1.579786200000e+01  6.718749945841e-02
 5.378747576228e+04  1.535400900000e+01  6.353379424583e-02
 5.379441297502e+04  1.530124900000e+01  6.262272160089e-02
 5.379442052817e+04  1.530017700000e+01  6.340661896215e-02
 5.379442806744e+04  1.532537300000e+01  6.335977384890e-02
 5.379443562615e+04  1.534920500000e+01  6.283885046067e-02
 5.373948306706e+04  1.533625400000e+01  6.200251005630e-02
 5.373948852334e+04  1.536065000000e+01  6.217519320872e-02
 5.373949396759e+04  1.537073500000e+01  6.225429767887e-02
 5.373949945271e+04  1.533182400000e+01  6.193059958952e-02
 5.376345227257e+04  1.505285700000e+01  5.996923816891e-02
 5.376345999112e+04  1.508183600000e+01  6.014573886039e-02
 5.376346768537e+04  1.509709700000e+01  6.027093589984e-02
 5.376347528043e+04  1.505141600000e+01  5.994423458697e-02
 5.390522349691e+04  1.556541000000e+01  1.103927984184e-01
 5.390522454928e+04  1.565079800000e+01  1.137135385886e-01
 5.390522558312e+04  1.568888900000e+01  1.155256579013e-01
 5.390522661894e+04  1.567267600000e+01  1.149591722900e-01
 5.381928236588e+04  1.558139400000e+01  6.728551958945e-02
 5.381929053365e+04  1.563770900000e+01  6.611833905819e-02
 5.381929870535e+04  1.563014800000e+01  6.566497539907e-02
 5.381930686165e+04  1.560057200000e+01  6.598287258264e-02
 5.385823235317e+04  1.566490100000e+01  6.663575709212e-02
 5.385824093589e+04  1.563354400000e+01  6.624383539550e-02
 5.385824955148e+04  1.562773400000e+01  6.625378193251e-02
 5.385825815353e+04  1.562065300000e+01  6.614618586515e-02
 5.387624433618e+04  1.567902300000e+01  6.700448326861e-02
 5.387625079495e+04  1.566020400000e+01  6.682645921029e-02
 5.387625715708e+04  1.571599800000e+01  6.747217334274e-02
 5.387626352267e+04  1.568566000000e+01  6.720222089986e-02
 5.405651217949e+04  1.569009600000e+01  6.483617859930e-02
 5.405651829762e+04  1.568942300000e+01  6.478669506260e-02
 5.405652430289e+04  1.570785900000e+01  6.490574081665e-02
 5.405653057878e+04  1.567754200000e+01  6.454652400466e-02
 5.420431614013e+04  1.507319600000e+01  5.993284610638e-02
 5.420432312844e+04  1.504992200000e+01  5.975089294215e-02
 5.420433013341e+04  1.504197500000e+01  5.976138828831e-02
 5.420433713654e+04  1.505353800000e+01  5.980573296351e-02
 5.421428566763e+04  1.525492700000e+01  6.135580855674e-02
 5.421429216135e+04  1.525105500000e+01  6.134962010369e-02
 5.421429868205e+04  1.530079500000e+01  6.173373656087e-02
 5.421430516686e+04  1.531343300000e+01  6.183526116958e-02
 5.445044291191e+04  1.567720700000e+01  6.486827368055e-02
 5.445044963156e+04  1.568754500000e+01  6.500099277015e-02
 5.445045630019e+04  1.566345400000e+01  6.469340618742e-02
 5.445046300642e+04  1.569749700000e+01  6.496000121388e-02
 5.411539231251e+04  1.509106000000e+01  5.962595947434e-02
 5.411540263177e+04  1.504159900000e+01  5.927463208932e-02
 5.411541293020e+04  1.501952200000e+01  5.907987141998e-02
 5.411542328558e+04  1.504727800000e+01  5.924776200438e-02
 5.412841957718e+04  1.514910500000e+01  6.015831126928e-02
 5.412842669756e+04  1.517061000000e+01  6.030250487413e-02
 5.412843384826e+04  1.517853400000e+01  6.035477698028e-02
 5.412844106274e+04  1.520711800000e+01  6.053218618832e-02
 5.417528844197e+04  1.507621300000e+01  5.982247070032e-02
 5.417529488350e+04  1.504202300000e+01  5.958176879016e-02
 5.417530132502e+04  1.501008700000e+01  5.935980413411e-02
 5.417530776492e+04  1.501422100000e+01  5.938625623989e-02
 5.423320203644e+04  1.574299900000e+01  6.779549377401e-02
 5.423321059124e+04  1.577339200000e+01  6.850771291685e-02
 5.423321917928e+04  1.576741500000e+01  6.742164159032e-02
 5.423322776755e+04  1.569541200000e+01  6.590229489608e-02
 5.424227090174e+04  1.559137000000e+01  6.636762169609e-02
 5.424227813635e+04  1.558063200000e+01  6.608813348118e-02
 5.424228537664e+04  1.562360000000e+01  6.644293661562e-02
 5.424229264263e+04  1.564851000000e+01  6.678356659312e-02
 5.456328855524e+04  1.549219500000e+01  6.329678774831e-02
 5.456329396338e+04  1.548673100000e+01  6.322646092081e-02
 5.456329940428e+04  1.550683300000e+01  6.341670563544e-02
 5.456330483059e+04  1.551681700000e+01  6.350143190881e-02
 5.458533675411e+04  1.508809400000e+01  6.021805934814e-02
 5.458534289284e+04  1.511820600000e+01  6.048694102640e-02
 5.458534904697e+04  1.513715000000e+01  6.065276206195e-02
 5.458535518662e+04  1.515287600000e+01  6.080812683477e-02
 5.480551265814e+04  1.566674700000e+01  6.455925723102e-02
 5.480551631583e+04  1.565939200000e+01  6.444205471487e-02
 5.480551990144e+04  1.567315400000e+01  6.452699757611e-02
 5.480552345207e+04  1.567924700000e+01  6.464197993849e-02
 5.482252850900e+04  1.528299600000e+01  6.295247679672e-02
 5.482253452284e+04  1.529714400000e+01  6.310033365767e-02
 5.482254062755e+04  1.530370200000e+01  6.317332645115e-02
 5.482254672067e+04  1.530725300000e+01  6.315479121479e-02
 5.450236125081e+04  1.569609700000e+01  6.484905949474e-02
 5.450237054988e+04  1.569190800000e+01  6.474616358376e-02
 5.450237994284e+04  1.565948600000e+01  6.441532898735e-02
 5.450238929122e+04  1.566481500000e+01  6.443872182600e-02
 5.451035944264e+04  1.567937100000e+01  6.465702025093e-02
 5.451036593625e+04  1.568530800000e+01  6.475991236904e-02
 5.451037238576e+04  1.569206900000e+01  6.479397981940e-02
 5.451037885623e+04  1.568327200000e+01  6.469632522950e-02
 5.452528501002e+04  1.574431700000e+01  6.928338276425e-02
 5.452529219498e+04  1.574987400000e+01  6.887912078423e-02
 5.452529932323e+04  1.576697300000e+01  6.983998850283e-02
 5.452530650125e+04  1.578808400000e+01  7.096911725005e-02
 5.447642724574e+04  1.569544300000e+01  6.481730680478e-02
 5.447643656206e+04  1.566931300000e+01  6.451752306754e-02
 5.447644552187e+04  1.567258400000e+01  6.453618942035e-02
 5.447645400066e+04  1.564295200000e+01  6.422982226399e-02
 5.449641356097e+04  1.507989900000e+01  5.951046202605e-02
 5.449641897722e+04  1.507652200000e+01  5.948300850599e-02
 5.449642438293e+04  1.509266300000e+01  5.959345943214e-02
 5.449642981213e+04  1.512476700000e+01  5.979476474109e-02
 5.453541316076e+04  1.530864400000e+01  5.921209920764e-02
 5.453542153572e+04  1.536506500000e+01  5.957166978686e-02
 5.453542995083e+04  1.537050500000e+01  5.963240376891e-02
 5.453543840738e+04  1.537093800000e+01  5.964693194227e-02
 5.455422482225e+04  1.568046900000e+01  6.509971254418e-02
 5.455423190789e+04  1.567186300000e+01  6.497998843048e-02
 5.455423893231e+04  1.568924200000e+01  6.513813204157e-02
 5.455424604332e+04  1.567585200000e+01  6.498094172003e-02
 5.459123776213e+04  1.566803300000e+01  6.497217616859e-02
 5.459124486122e+04  1.566756400000e+01  6.494715221481e-02
 5.459125197499e+04  1.567732300000e+01  6.506511821540e-02
 5.459125908426e+04  1.567261400000e+01  6.503550862818e-02
 5.493931929910e+04  1.547549200000e+01  6.303468712941e-02
 5.493932514154e+04  1.547098300000e+01  6.301917729930e-02
 5.493933091162e+04  1.550091300000e+01  6.329150434963e-02
 5.493933670475e+04  1.546836600000e+01  6.306774429070e-02
 5.494829891789e+04  1.580443800000e+01  6.671834713200e-02
 5.494830539589e+04  1.583159800000e+01  6.705184593189e-02
 5.494831211451e+04  1.578263400000e+01  6.656664290701e-02
 5.494831870421e+04  1.573563700000e+01  6.604607687760e-02
 5.518349297309e+04  1.566385300000e+01  6.461939532718e-02
 5.518349818898e+04  1.574300800000e+01  6.565428794024e-02
 5.518350341344e+04  1.571112200000e+01  6.502519787225e-02
 5.518350863477e+04  1.573934300000e+01  6.523212755190e-02
 5.486732705580e+04  1.571006600000e+01  6.773857813311e-02
 5.486733458512e+04  1.569783700000e+01  6.757581057433e-02
 5.486734221755e+04  1.568861800000e+01  6.742442562813e-02
 5.486734956861e+04  1.573471000000e+01  6.795569253634e-02
 5.487746998447e+04  1.525006400000e+01  6.380649992664e-02
 5.487747538311e+04  1.525876100000e+01  6.445147594672e-02
 5.487748080907e+04  1.526757600000e+01  6.308385261116e-02
 5.487750594829e+04  1.536622200000e+01  6.482828859508e-02
 5.488637195845e+04  1.564193700000e+01  6.537760104505e-02
 5.488637678311e+04  1.560225000000e+01  6.834783824241e-02
 5.488638162132e+04  1.563107700000e+01  6.579777246123e-02
 5.488638650223e+04  1.566388600000e+01  6.604057793633e-02
 5.485641528906e+04  1.508302300000e+01  5.939423039810e-02
 5.485642451185e+04  1.509888500000e+01  5.950401242069e-02
 5.485643377424e+04  1.514053300000e+01  5.978619534573e-02
 5.485644297493e+04  1.515794300000e+01  5.988365176563e-02
 5.489333478987e+04  1.581095500000e+01  6.578673359221e-02
 5.489334505381e+04  1.582150600000e+01  6.589552510029e-02
 5.489335532145e+04  1.576262200000e+01  6.527796522769e-02
 5.489336565206e+04  1.570676900000e+01  6.553863805029e-02
 5.490541879353e+04  1.558298200000e+01  6.375665065922e-02
 5.490542437876e+04  1.558906500000e+01  6.382341907734e-02
 5.490542997082e+04  1.557797300000e+01  6.377689829090e-02
 5.490543560976e+04  1.562266800000e+01  6.421835546716e-02
 5.491226186892e+04  1.560568100000e+01  6.426674017401e-02
 5.491226730867e+04  1.562826000000e+01  6.438297829699e-02
 5.491227277667e+04  1.560550000000e+01  6.406119458768e-02
 5.491227819835e+04  1.560932200000e+01  6.411847172068e-02
 5.491928456655e+04  1.580993900000e+01  6.613330274814e-02
 5.491928995050e+04  1.579813700000e+01  6.601462566761e-02
 5.491929545275e+04  1.577277800000e+01  6.575985400635e-02
 5.491930092572e+04  1.570281000000e+01  6.500928564025e-02
 5.496726440889e+04  1.565142600000e+01  6.550033708270e-02
 5.496727358403e+04  1.564823100000e+01  6.553028459450e-02
 5.496728281863e+04  1.566985000000e+01  6.584752431155e-02
 5.496729198844e+04  1.567965800000e+01  6.605701426401e-02
 5.514552481611e+04  1.537755200000e+01  6.511513219488e-02
 5.514552820447e+04  1.541753800000e+01  6.538806521953e-02
 5.514553175826e+04  1.544953300000e+01  6.566546883624e-02
 5.514553522302e+04  1.544159300000e+01  6.520991906723e-02
 5.515850168656e+04  1.543064700000e+01  6.041998698597e-02
 5.515850966428e+04  1.545178800000e+01  6.054544033667e-02
 5.515851758043e+04  1.546119700000e+01  6.060250693272e-02
 5.515852554890e+04  1.546411200000e+01  6.060297405963e-02
 5.529020657657e+04  1.566820300000e+01  6.520281673856e-02
 5.529021348249e+04  1.566868400000e+01  6.514353695786e-02
 5.529022043240e+04  1.568542400000e+01  6.530673952611e-02
 5.529022735693e+04  1.568375700000e+01  6.533992986534e-02
 5.529920940059e+04  1.527060800000e+01  7.559493875898e-02
 5.529921332683e+04  1.527480800000e+01  7.561226445474e-02
 5.529921745042e+04  1.530346200000e+01  7.614033030031e-02
 5.529922145253e+04  1.530797700000e+01  7.614447496914e-02
 5.554250784354e+04  1.527240500000e+01  6.413916747923e-02
 5.554252530539e+04  1.527609000000e+01  6.281162957131e-02
 5.554253399850e+04  1.532184500000e+01  6.452350198465e-02
 5.524235261396e+04  1.510308900000e+01  6.030894864636e-02
 5.524236063693e+04  1.513758200000e+01  6.052278632333e-02
 5.524236874970e+04  1.517019400000e+01  6.078784341487e-02
 5.524237679015e+04  1.517678400000e+01  6.081370698490e-02
 5.520848343448e+04  1.536233400000e+01  6.199985421010e-02
 5.520849180118e+04  1.536427700000e+01  6.203530433301e-02
 5.520850013482e+04  1.537861700000e+01  6.213103806742e-02
 5.520850852600e+04  1.539376200000e+01  6.228354576727e-02
 5.535818825830e+04  1.569518500000e+01  6.561861782835e-02
 5.535819451197e+04  1.567550000000e+01  6.548537788447e-02
 5.535820083459e+04  1.569867900000e+01  6.577035099636e-02
 5.535820711199e+04  1.569131100000e+01  6.572256835085e-02
 5.537019220300e+04  1.519854700000e+01  6.115327339339e-02
 5.537019797970e+04  1.517836800000e+01  6.108008096777e-02
 5.537020373597e+04  1.522531100000e+01  6.142044799778e-02
 5.537020946370e+04  1.519994800000e+01  6.128640576532e-02
 5.526040651723e+04  1.542818100000e+01  6.263973740343e-02
 5.526041163091e+04  1.548219700000e+01  6.310568162177e-02
 5.526041676485e+04  1.549794400000e+01  6.324892813639e-02
 5.526042179950e+04  1.547652100000e+01  6.317270979265e-02
 5.526834420372e+04  1.527645400000e+01  6.136026712684e-02
 5.526834997472e+04  1.528327100000e+01  6.142610185561e-02
 5.526835580920e+04  1.531441000000e+01  6.168603987986e-02
 5.526836158067e+04  1.533062200000e+01  6.181065238831e-02
 5.527630471264e+04  1.511480600000e+01  6.024536936963e-02
 5.527631397591e+04  1.512967900000e+01  6.038485553153e-02
 5.527632326292e+04  1.517491400000e+01  6.069618878622e-02
 5.527633256234e+04  1.517652900000e+01  6.072692725682e-02
 5.532425625340e+04  1.564390300000e+01  6.486109311670e-02
 5.532426445274e+04  1.566046300000e+01  6.504743911244e-02
 5.532427275687e+04  1.567173600000e+01  6.519060379582e-02
 5.532428112049e+04  1.570835300000e+01  6.560318851302e-02
 5.533619428485e+04  1.506766100000e+01  5.990990375032e-02
 5.533620288966e+04  1.508510600000e+01  6.007370595061e-02
 5.533621083358e+04  1.510444400000e+01  6.022562626051e-02
 5.533621883282e+04  1.514397500000e+01  6.050730482187e-02
 5.552853400267e+04  1.566617200000e+01  7.085810201557e-02
 5.552853772682e+04  1.565056400000e+01  7.055961619329e-02
 5.552853960596e+04  1.562624600000e+01  7.024681412212e-02
 5.565630180530e+04  1.559156900000e+01  6.193383002046e-02
 5.565630804590e+04  1.560077400000e+01  6.199512177075e-02
 5.565631425317e+04  1.559815300000e+01  6.200185574757e-02
 5.565632049341e+04  1.560232100000e+01  6.202133569512e-02
 5.566421477846e+04  1.536749400000e+01  6.304805468349e-02
 5.566422136179e+04  1.543614500000e+01  6.367250609175e-02
 5.566422809777e+04  1.542277400000e+01  6.353404658927e-02
 5.566423479720e+04  1.545130600000e+01  6.377080656221e-02
 5.567412229228e+04  1.543718600000e+01  6.861972065945e-02
 5.567412965221e+04  1.546557400000e+01  6.711983835737e-02
 5.567413700659e+04  1.537789000000e+01  7.289630116905e-02
 5.567414431969e+04  1.548548000000e+01  7.065047118029e-02
 5.568131122429e+04  1.525091000000e+01  6.203623444814e-02
 5.568132034965e+04  1.517765300000e+01  6.143110578346e-02
 5.568132903646e+04  1.508398400000e+01  6.081291393951e-02
 5.568133776839e+04  1.503663900000e+01  6.048671281061e-02
 5.561543829476e+04  1.542219300000e+01  6.554928518388e-02
 5.561544535483e+04  1.539869800000e+01  6.534207761996e-02
 5.561545259584e+04  1.540773900000e+01  6.541643401140e-02
 5.561545976184e+04  1.543531000000e+01  6.581321399709e-02
 5.557644444304e+04  1.521093500000e+01  6.409701423832e-02
 5.557645168638e+04  1.523607800000e+01  6.432611187846e-02
 5.557645888863e+04  1.526528700000e+01  6.456003084902e-02
 5.557646618841e+04  1.527340700000e+01  6.488610308357e-02
 5.562230120870e+04  1.553853700000e+01  6.147963787443e-02
 5.562231367882e+04  1.554205000000e+01  6.146867025965e-02
 5.562232619846e+04  1.556261900000e+01  6.161789743045e-02
 5.562233876949e+04  1.557730800000e+01  6.170664623906e-02
 5.563140277510e+04  1.523227400000e+01  5.941172750860e-02
 5.563140901061e+04  1.524330100000e+01  5.950506749517e-02
 5.563141525155e+04  1.526564400000e+01  5.969530970455e-02
 5.563142149818e+04  1.525581100000e+01  5.964498864373e-02
 5.564433230620e+04  1.511139300000e+01  6.094521653235e-02
 5.564433805154e+04  1.514756300000e+01  6.121542690301e-02
 5.564434387208e+04  1.515747700000e+01  6.131734068653e-02
 5.564434965284e+04  1.517333100000e+01  6.145196810378e-02
 5.570514449522e+04  1.566062700000e+01  6.623764453161e-02
 5.570515365067e+04  1.565174300000e+01  6.623741550960e-02
 5.570516283436e+04  1.566468500000e+01  6.629540144491e-02
 5.570517195707e+04  1.566299500000e+01  6.628801214333e-02
 5.529922657860e+04  1.530365300000e+01  6.155197983722e-02
 5.529923345068e+04  1.532267100000e+01  6.170038689143e-02
 5.529924042988e+04  1.535173200000e+01  6.194974500620e-02
 5.529924740326e+04  1.534352000000e+01  6.182817574576e-02
 5.593547956368e+04  1.565982800000e+01  6.751640391761e-02
 5.593548616979e+04  1.570084800000e+01  6.799592339664e-02
 5.593549276690e+04  1.567008500000e+01  6.756592317279e-02
 5.593549939281e+04  1.569702800000e+01  6.788356515820e-02
 5.595937116433e+04  1.539249800000e+01  6.235877438885e-02
 5.595937776063e+04  1.541913300000e+01  6.253229277363e-02
 5.595938443086e+04  1.544313000000e+01  6.272872047826e-02
 5.595939116744e+04  1.545704600000e+01  6.283929852251e-02
 5.597546696405e+04  1.548510000000e+01  6.355401541475e-02
 5.597547426473e+04  1.552242600000e+01  6.390148095179e-02
 5.597548157715e+04  1.551464500000e+01  6.384001301069e-02
 5.597548885137e+04  1.551399700000e+01  6.384840738594e-02
 5.598246237741e+04  1.565784700000e+01  6.509382670916e-02
 5.598246799412e+04  1.565452600000e+01  6.504416588661e-02
 5.598247367734e+04  1.567063500000e+01  6.522276096481e-02
 5.598247935690e+04  1.568728400000e+01  6.545133032953e-02
 5.598831327331e+04  1.524543800000e+01  6.140359292882e-02
 5.598831894569e+04  1.529270500000e+01  6.175438468282e-02
 5.598832468220e+04  1.528038800000e+01  6.162983221596e-02
 5.598833035319e+04  1.531106900000e+01  6.188369508499e-02
 5.599933823565e+04  1.505669300000e+01  5.989110781565e-02
 5.599934324307e+04  1.501870500000e+01  5.963531044595e-02
 5.599934832795e+04  1.503285900000e+01  5.973101498776e-02
 5.599935337333e+04  1.503274300000e+01  5.971170658830e-02
 5.600737792227e+04  1.503259600000e+01  5.780679530141e-02
 5.600738824752e+04  1.503313700000e+01  5.784831504024e-02
 5.600739856073e+04  1.507610600000e+01  5.808354065017e-02
 5.600740890815e+04  1.512171600000e+01  5.836256025799e-02
 5.601530180007e+04  1.577957000000e+01  6.662180098097e-02
 5.601530805052e+04  1.582786300000e+01  6.715814149000e-02
 5.601531436963e+04  1.580009300000e+01  6.680477450071e-02
 5.601532056287e+04  1.578679900000e+01  6.657200390445e-02
 5.602919694155e+04  1.549241100000e+01  6.369397718259e-02
 5.602920200264e+04  1.549772100000e+01  6.379157567528e-02
 5.602920713611e+04  1.551020500000e+01  6.387461918003e-02
 5.602921222307e+04  1.549817500000e+01  6.376152326907e-02
 5.603528651645e+04  1.534950700000e+01  6.244188864047e-02
 5.603529228725e+04  1.535272800000e+01  6.246401673902e-02
 5.603529814309e+04  1.536483100000e+01  6.261427506674e-02
 5.603530396748e+04  1.534872100000e+01  6.247018110703e-02
 5.604221466647e+04  1.558941300000e+01  6.551422679685e-02
 5.604221969354e+04  1.558564900000e+01  6.609404478768e-02
 5.604222471774e+04  1.559537600000e+01  6.751513106139e-02
 5.604222977003e+04  1.559885700000e+01  6.823506111443e-02
 5.608920698985e+04  1.565385800000e+01  6.195088903862e-02
 5.608921439914e+04  1.565595100000e+01  6.201314964779e-02
 5.608922188793e+04  1.564975700000e+01  6.199919947432e-02
 5.608922940149e+04  1.568728100000e+01  6.236148895233e-02
