# time mag mag_err
 5.355732593084e+04  1.574338200000e+01  6.637244623944e-02
 5.355733003997e+04  1.579201200000e+01  6.692568004441e-02
 5.355733418115e+04  1.578950000000e+01  6.695387836022e-02
 5.355733834015e+04  1.581301100000e+01  6.718175739971e-02
 5.356224597678e+04  1.598617200000e+01  6.887231839263e-02
 5.356225304241e+04  1.602066300000e+01  6.937382759452e-02
 5.356226014080e+04  1.593160200000e+01  6.821544267964e-02
 5.356226717853e+04  1.598926600000e+01  6.899016048441e-02
 5.352630884270e+04  1.571658300000e+01  6.570747063112e-02
 5.352631949219e+04  1.575762300000e+01  6.614497969563e-02
 5.352632984097e+04  1.576484000000e+01  6.625883675128e-02
 5.352634011312e+04  1.579613600000e+01  6.660521702026e-02
 5.353431797176e+04  1.569342600000e+01  6.536264241490e-02
 5.353432649823e+04  1.574341100000e+01  6.588861637048e-02
 5.353433488661e+04  1.577507400000e+01  6.623367313294e-02
 5.353434325670e+04  1.577611300000e+01  6.628824280227e-02
 5.354925388466e+04  1.565833400000e+01  6.604540823977e-02
 5.354926048649e+04  1.568614200000e+01  6.625209754241e-02
 5.354926707630e+04  1.568203000000e+01  6.619734859936e-02
 5.354927364653e+04  1.572795300000e+01  6.670879763957e-02
 5.368605844034e+04  1.544583800000e+01  6.844634770454e-02
 5.368606267863e+04  1.549811300000e+01  6.930541840138e-02
 5.368606691843e+04  1.553619800000e+01  6.990639438178e-02
 5.368607115255e+04  1.557649600000e+01  7.055264574306e-02
 5.364413424652e+04  1.598982700000e+01  7.068376483882e-02
 5.364414082149e+04  1.599047700000e+01  7.069725028202e-02
 5.364414735446e+04  1.596942000000e+01  7.043432648192e-02
 5.364415389691e+04  1.597083900000e+01  7.054909647558e-02
 5.365711577922e+04  1.514375700000e+01  6.228386979589e-02
 5.365712228615e+04  1.516551100000e+01  6.254116819769e-02
 5.365712867455e+04  1.499149400000e+01  6.311606267510e-02
 5.365713502822e+04  1.523695200000e+01  6.333395250034e-02
 5.367307683465e+04  1.608850300000e+01  7.122855704740e-02
 5.367308173223e+04  1.614471800000e+01  7.206199374478e-02
 5.367308662056e+04  1.609565900000e+01  7.149163455139e-02
 5.367309151061e+04  1.609957600000e+01  7.157189687169e-02
 5.362714875747e+04  1.541236000000e+01  6.579834697388e-02
 5.362715577947e+04  1.526026000000e+01  6.422739210659e-02
 5.362716277947e+04  1.514461200000e+01  6.317280437329e-02
 5.362716980736e+04  1.512758600000e+01  6.304484912870e-02
 5.385143131566e+04  1.594372300000e+01  6.906440326664e-02
 5.385143778277e+04  1.598331000000e+01  6.957787720489e-02
 5.385144426087e+04  1.596769400000e+01  6.936465879556e-02
 5.385145071374e+04  1.595570800000e+01  6.923711418649e-02
 5.390031601365e+04  1.544377300000e+01  1.059551294656e-01
 5.390031700733e+04  1.543959700000e+01  1.061331176821e-01
 5.390031798804e+04  1.534707800000e+01  1.026067733544e-01
 5.390031896622e+04  1.536099600000e+01  1.033156342306e-01
 5.379647342971e+04  1.596812300000e+01  6.884118472991e-02
 5.379647984530e+04  1.598841200000e+01  6.917820953407e-02
 5.379648631657e+04  1.598267700000e+01  6.944302996583e-02
 5.379649280822e+04  1.597687700000e+01  6.895715910222e-02
 5.386238002227e+04  1.518118500000e+01  6.140843723230e-02
 5.386238780737e+04  1.512541200000e+01  6.097013188009e-02
 5.386239500113e+04  1.512143700000e+01  6.092910277670e-02
 5.386240227186e+04  1.513962700000e+01  6.106991362859e-02
 5.388636355263e+04  1.608820300000e+01  7.129826363746e-02
 5.388637274694e+04  1.608668600000e+01  7.130340674218e-02
 5.388638188374e+04  1.608558600000e+01  7.128057425226e-02
 5.388639097992e+04  1.601195100000e+01  7.030682786853e-02
 5.399515890267e+04  1.576217700000e+01  6.505405444808e-02
 5.399516851346e+04  1.575162400000e+01  6.501567188118e-02
 5.399517811093e+04  1.577812900000e+01  6.545344455317e-02
 5.399518770909e+04  1.580728900000e+01  6.574980153199e-02
 5.400315694021e+04  1.571076800000e+01  6.494595068416e-02
 5.400316336657e+04  1.568778500000e+01  6.476089528466e-02
 5.400316983287e+04  1.573941800000e+01  6.536069047855e-02
 5.400317633713e+04  1.572303600000e+01  6.522328756720e-02
 5.415744838787e+04  1.585033300000e+01  6.652238825003e-02
 5.415745759852e+04  1.552531300000e+01  6.316568726681e-02
 5.415746686727e+04  1.541122600000e+01  6.212800235440e-02
 5.415747611704e+04  1.520420500000e+01  6.045026163123e-02
 5.429526313235e+04  1.593248900000e+01  6.964250393742e-02
 5.429526740409e+04  1.593661200000e+01  6.964771483578e-02
 5.429527168635e+04  1.593868700000e+01  6.935561399500e-02
 5.429527597442e+04  1.593653800000e+01  6.976580096572e-02
 5.425838693311e+04  1.596603300000e+01  6.816724866979e-02
 5.425839348760e+04  1.598701800000e+01  6.842497506949e-02
 5.425840008226e+04  1.596052900000e+01  6.813331410035e-02
 5.425840660029e+04  1.596226100000e+01  6.820738941250e-02
 5.427035995563e+04  1.544283600000e+01  6.343832045295e-02
 5.427036747139e+04  1.547368600000e+01  6.375481804716e-02
 5.427037499654e+04  1.548202600000e+01  6.380950980285e-02
 5.427038252226e+04  1.550069400000e+01  6.402864541404e-02
 5.417741875253e+04  1.570518800000e+01  6.525143161946e-02
 5.417742766582e+04  1.569903600000e+01  6.512649271621e-02
 5.417743657773e+04  1.572384600000e+01  6.531816347871e-02
 5.417744625332e+04  1.577092300000e+01  6.575300826547e-02
 5.423433508569e+04  1.596416600000e+01  7.042978731722e-02
 5.423434005064e+04  1.597070800000e+01  7.147298748026e-02
 5.423434501142e+04  1.594937100000e+01  6.949266181421e-02
 5.423434992926e+04  1.597114800000e+01  6.957329611134e-02
 5.440606161556e+04  1.530672900000e+01  6.128204500992e-02
 5.440606590535e+04  1.518931800000e+01  6.055722685308e-02
 5.440607019851e+04  1.513193800000e+01  6.019489673018e-02
 5.440607448946e+04  1.511430300000e+01  6.007263664244e-02
 5.438510526421e+04  1.594199800000e+01  6.759222689522e-02
 5.438510960887e+04  1.593294600000e+01  6.755358166622e-02
 5.438511394855e+04  1.595612300000e+01  6.785653537131e-02
 5.438511825074e+04  1.595573400000e+01  6.790437853418e-02
 5.434719907851e+04  1.610409600000e+01  6.653169522327e-02
 5.434720635420e+04  1.607011400000e+01  6.631846654619e-02
 5.434721362806e+04  1.605056700000e+01  6.617225051483e-02
 5.434722090539e+04  1.592750800000e+01  6.455282760324e-02
 5.435818484299e+04  1.584603300000e+01  6.777685177074e-02
 5.435819023307e+04  1.587137000000e+01  6.812947562712e-02
 5.435819562234e+04  1.586746400000e+01  6.816962208443e-02
 5.435820099205e+04  1.587435600000e+01  6.836241517525e-02
 5.455948843988e+04  1.522016800000e+01  6.070223755108e-02
 5.455949175615e+04  1.513947500000e+01  6.012375366084e-02
 5.455949503953e+04  1.512933700000e+01  6.005203785371e-02
 5.455949832186e+04  1.510571700000e+01  5.988367666844e-02
 5.456835369654e+04  1.599187700000e+01  6.831171139483e-02
 5.456836350420e+04  1.596140000000e+01  6.787279904035e-02
 5.456837331823e+04  1.598723300000e+01  6.815657905992e-02
 5.456838311559e+04  1.594631100000e+01  6.761585811749e-02
 5.458428328934e+04  1.581961000000e+01  6.666601998267e-02
 5.458429091322e+04  1.578507500000e+01  6.626082885010e-02
 5.458429850942e+04  1.580379600000e+01  6.639302887459e-02
 5.458430633655e+04  1.585382000000e+01  6.689867704628e-02
 5.452551206980e+04  1.585800500000e+01  6.919772352037e-02
 5.452551807091e+04  1.585286000000e+01  6.909184911708e-02
 5.452552403788e+04  1.586252400000e+01  6.923339245712e-02
 5.452553005021e+04  1.587528000000e+01  6.979166339361e-02
 5.462634613183e+04  1.515532800000e+01  6.053117923276e-02
 5.462635341009e+04  1.518397000000e+01  6.077835389310e-02
 5.462636068580e+04  1.524869500000e+01  6.128727823646e-02
 5.462636793454e+04  1.529741800000e+01  6.169685962544e-02
 5.464135770885e+04  1.542040900000e+01  6.338600462889e-02
 5.464136373345e+04  1.538997500000e+01  6.306872333617e-02
 5.464136979417e+04  1.545894200000e+01  6.374582050521e-02
 5.464137581947e+04  1.548875600000e+01  6.410526618343e-02
 5.453140105385e+04  1.589295600000e+01  6.772829187220e-02
 5.453141090365e+04  1.589353500000e+01  6.762037139589e-02
 5.453142075911e+04  1.589272900000e+01  6.748773284097e-02
 5.453143056503e+04  1.593560400000e+01  6.803150340873e-02
 5.454844244292e+04  1.576292100000e+01  6.574303665643e-02
 5.454844914221e+04  1.573761200000e+01  6.547243550653e-02
 5.454845587623e+04  1.573182800000e+01  6.537355475359e-02
 5.454846263837e+04  1.575453800000e+01  6.561771006010e-02
 5.459443490907e+04  1.574245400000e+01  6.547544654666e-02
 5.459444196845e+04  1.576166100000e+01  6.557944929423e-02
 5.459444901532e+04  1.578292000000e+01  6.590382422013e-02
 5.459445606256e+04  1.580836700000e+01  6.617013168051e-02
 5.460027973854e+04  1.569595400000e+01  6.532485332238e-02
 5.460028686483e+04  1.569472200000e+01  6.530280208469e-02
 5.460029399909e+04  1.572526800000e+01  6.560967780905e-02
 5.460030118058e+04  1.574721600000e+01  6.580947670031e-02
 5.474111566694e+04  1.601646400000e+01  6.874572853039e-02
 5.474112053964e+04  1.599523800000e+01  6.848350141158e-02
 5.474112542576e+04  1.596378400000e+01  6.811816907134e-02
 5.474113022126e+04  1.594831900000e+01  6.801762082542e-02
 5.474808392728e+04  1.584742200000e+01  7.146934980331e-02
 5.474809118782e+04  1.594280700000e+01  7.300332830828e-02
 5.474809846748e+04  1.594176800000e+01  7.309634363602e-02
 5.474810570626e+04  1.594469800000e+01  7.322895701013e-02
 5.494235089962e+04  1.545150600000e+01  6.259583395094e-02
 5.494235638415e+04  1.548752800000e+01  6.292894237950e-02
 5.494236187980e+04  1.551767800000e+01  6.319954779143e-02
 5.494236730589e+04  1.549928800000e+01  6.298451269235e-02
 5.489052064149e+04  1.555382300000e+01  6.609681436055e-02
 5.489052395242e+04  1.554151500000e+01  6.492789497824e-02
 5.489052727249e+04  1.556968600000e+01  6.543334951304e-02
 5.489053058897e+04  1.554546500000e+01  6.500341501276e-02
 5.485153867387e+04  1.566289900000e+01  6.688412621169e-02
 5.485154454128e+04  1.568193500000e+01  6.708353269506e-02
 5.485155030766e+04  1.566768800000e+01  6.694056560041e-02
 5.485155637660e+04  1.566382100000e+01  6.686018957804e-02
 5.503417547475e+04  1.597288300000e+01  7.640663688931e-02
 5.503417943619e+04  1.591924300000e+01  7.558376626056e-02
 5.503418334576e+04  1.575416100000e+01  7.304458044080e-02
 5.503418721008e+04  1.561175500000e+01  7.109504860715e-02
 5.504320257591e+04  1.597936700000e+01  7.493721721680e-02
 5.504320854249e+04  1.602372700000e+01  7.564061781650e-02
 5.504321447994e+04  1.601491600000e+01  7.550610416584e-02
 5.504322036226e+04  1.607041800000e+01  7.651395089070e-02
 5.499335648485e+04  1.597642600000e+01  7.150842014332e-02
 5.499336176822e+04  1.598087200000e+01  7.158529182355e-02
 5.499336719351e+04  1.599072000000e+01  7.174291319825e-02
 5.499337261461e+04  1.594270200000e+01  7.106187088592e-02
 5.491942582172e+04  1.558495400000e+01  6.705073523338e-02
 5.491942941160e+04  1.570060600000e+01  7.675231724835e-02
 5.492041809608e+04  1.542262200000e+01  6.240232997209e-02
 5.492042667637e+04  1.544280300000e+01  6.255299500514e-02
 5.492043528132e+04  1.547315900000e+01  6.281510905443e-02
 5.492044368049e+04  1.550753600000e+01  6.309419466204e-02
 5.495533018661e+04  1.585693000000e+01  7.282240553526e-02
 5.495533601470e+04  1.592366200000e+01  7.374654592189e-02
 5.495534185064e+04  1.587929600000e+01  7.300247429675e-02
 5.495534776437e+04  1.593416700000e+01  7.380373109685e-02
 5.496734309521e+04  1.601088800000e+01  6.912472769465e-02
 5.496735312096e+04  1.586606800000e+01  6.724989497522e-02
 5.496736321002e+04  1.554888200000e+01  6.391963261846e-02
 5.496737218086e+04  1.541896500000e+01  6.270049153864e-02
 5.497935398197e+04  1.575205500000e+01  6.589072419712e-02
 5.497936122865e+04  1.581023600000e+01  6.651817644648e-02
 5.497936851803e+04  1.581666800000e+01  6.658281768325e-02
 5.497937576193e+04  1.581725100000e+01  6.655289877090e-02
 5.508916860081e+04  1.605842300000e+01  7.651133270904e-02
 5.508917469486e+04  1.592378800000e+01  6.922144769034e-02
 5.508918084247e+04  1.593839000000e+01  6.872704596138e-02
 5.509516818509e+04  1.509947500000e+01  6.267719094608e-02
 5.509517314471e+04  1.510479000000e+01  6.279475462089e-02
 5.509517793653e+04  1.513518700000e+01  6.312147202224e-02
 5.509518286304e+04  1.514670100000e+01  6.330508546372e-02
 5.510212981211e+04  1.510121800000e+01  6.042021199576e-02
 5.510213472404e+04  1.514357400000e+01  6.077717329457e-02
 5.510213956620e+04  1.517990200000e+01  6.105572798249e-02
 5.510214447142e+04  1.518837400000e+01  6.112290540778e-02
 5.529937338155e+04  1.514539600000e+01  6.026052423466e-02
 5.529938032127e+04  1.509831200000e+01  5.993471700055e-02
 5.529938732223e+04  1.513136700000e+01  6.015228574954e-02
 5.529939425997e+04  1.514532100000e+01  6.025960095552e-02
 5.535038336672e+04  1.582934900000e+01  6.852124091349e-02
 5.535038910176e+04  1.586330800000e+01  6.885549754047e-02
 5.535039483560e+04  1.583352100000e+01  6.907689741077e-02
 5.535040061807e+04  1.593911300000e+01  7.599916855355e-02
 5.536338643764e+04  1.596113200000e+01  6.853903825968e-02
 5.536339167193e+04  1.597541100000e+01  6.870586854000e-02
 5.536339692348e+04  1.594402200000e+01  6.835502204249e-02
 5.536340216413e+04  1.593955200000e+01  6.829481501674e-02
 5.536829831648e+04  1.593958700000e+01  6.813301802658e-02
 5.536830513389e+04  1.570597100000e+01  6.546771782551e-02
 5.536831203204e+04  1.550934300000e+01  6.354976310352e-02
 5.536831897413e+04  1.540740600000e+01  6.264293932228e-02
 5.527345674646e+04  1.592157900000e+01  6.759314502812e-02
 5.527346198626e+04  1.593425000000e+01  6.772175321040e-02
 5.527346722471e+04  1.597021500000e+01  6.820222391408e-02
 5.527347244774e+04  1.597219700000e+01  6.815055935866e-02
 5.528040467035e+04  1.593172400000e+01  6.814986862967e-02
 5.528041151944e+04  1.595385400000e+01  6.837397505863e-02
 5.528041840010e+04  1.592187000000e+01  6.788776175938e-02
 5.528042531515e+04  1.594997000000e+01  6.826172966729e-02
 5.533038542230e+04  1.510524800000e+01  6.010213634105e-02
 5.533039111833e+04  1.510670400000e+01  6.011695790658e-02
 5.533039679005e+04  1.510619300000e+01  6.011327433804e-02
 5.533040249970e+04  1.515167900000e+01  6.044328202245e-02
 5.534032263258e+04  1.597148800000e+01  6.820282032032e-02
 5.534032790172e+04  1.601991600000e+01  6.884473353188e-02
 5.534033315892e+04  1.595883200000e+01  6.805349488396e-02
 5.534033852125e+04  1.596547700000e+01  6.812180525213e-02
 5.550207680487e+04  1.547450100000e+01  6.361457976328e-02
 5.550208367282e+04  1.548788900000e+01  6.382336633831e-02
 5.550208708758e+04  1.549225300000e+01  6.387275077591e-02
 5.547810059419e+04  1.570726800000e+01  6.561163180034e-02
 5.547810971255e+04  1.569818900000e+01  6.561526446296e-02
 5.547811425502e+04  1.571901200000e+01  6.583611702324e-02
 5.545014403264e+04  1.512793500000e+01  5.989393866146e-02
 5.545015431799e+04  1.516935300000e+01  6.022616531081e-02
 5.545015948645e+04  1.518810800000e+01  6.037730389542e-02
 5.567742743060e+04  1.550770400000e+01  6.410255182819e-02
 5.567743631819e+04  1.555259000000e+01  6.475653390888e-02
 5.567744521381e+04  1.555690700000e+01  6.464783427690e-02
 5.567745305659e+04  1.558872700000e+01  6.515155450156e-02
 5.571433928499e+04  1.555195300000e+01  6.795222844413e-02
 5.571434876302e+04  1.560668600000e+01  6.609202386222e-02
 5.571436478295e+04  1.564923400000e+01  6.636381026849e-02
 5.571436991966e+04  1.565490400000e+01  6.602588470751e-02
 5.564842347762e+04  1.597132900000e+01  6.908608760413e-02
 5.564843213316e+04  1.572579700000e+01  6.612427579214e-02
 5.564844075873e+04  1.547846700000e+01  6.358401744323e-02
 5.564844938730e+04  1.535023600000e+01  6.240917321124e-02
 5.568939850497e+04  1.596961800000e+01  6.914355728306e-02
 5.568940539812e+04  1.596880400000e+01  6.913330206486e-02
 5.568941230740e+04  1.598003500000e+01  6.931224553972e-02
 5.568941927233e+04  1.597869300000e+01  6.937199236032e-02
 5.582212104862e+04  1.609717700000e+01  6.932523292995e-02
 5.582212853116e+04  1.603039700000e+01  6.860164031557e-02
 5.582213593197e+04  1.607352200000e+01  6.926117754981e-02
 5.582214282745e+04  1.607325700000e+01  6.927816551734e-02
 5.586407956264e+04  1.573336100000e+01  6.593331687711e-02
 5.586408470917e+04  1.573875000000e+01  6.603166918497e-02
 5.586408984912e+04  1.573782300000e+01  6.605463177035e-02
 5.586409506509e+04  1.575278800000e+01  6.627386985794e-02
 5.585308471899e+04  1.593903100000e+01  6.744456863579e-02
 5.585308976103e+04  1.597969300000e+01  6.795290197510e-02
 5.585309482032e+04  1.601232100000e+01  6.841303540681e-02
 5.585310000670e+04  1.595677500000e+01  6.774691107400e-02
 5.600843074426e+04  1.575672700000e+01  6.588062535859e-02
 5.600843809392e+04  1.577565400000e+01  6.605507883518e-02
 5.600844555552e+04  1.578702500000e+01  6.624398771571e-02
 5.600845300362e+04  1.580788500000e+01  6.733701071721e-02
 5.601937745567e+04  1.602480300000e+01  6.441300023591e-02
 5.601938937561e+04  1.608940300000e+01  6.498768199180e-02
 5.601940125238e+04  1.608506100000e+01  6.493174165828e-02
 5.601941322249e+04  1.607910900000e+01  6.483823093420e-02
 5.604143533096e+04  1.529005700000e+01  6.177662773917e-02
 5.604144052700e+04  1.530316200000e+01  6.187658276784e-02
 5.604144570840e+04  1.534585800000e+01  6.219806535417e-02
 5.604145076197e+04  1.535384200000e+01  6.226572764692e-02
 5.604730379775e+04  1.523113300000e+01  6.159635430477e-02
 5.604730947384e+04  1.526051100000e+01  6.183335850533e-02
 5.604731513201e+04  1.529227600000e+01  6.203414210507e-02
 5.604732089039e+04  1.530720600000e+01  6.214335703434e-02
 5.606340565316e+04  1.550894200000e+01  6.315725344358e-02
 5.606341247928e+04  1.551308800000e+01  6.319234964893e-02
 5.606341930619e+04  1.554078200000e+01  6.344179809120e-02
 5.606342620770e+04  1.557495900000e+01  6.377931656927e-02
 5.607039496683e+04  1.563688000000e+01  6.134642688965e-02
 5.607040311140e+04  1.565697200000e+01  6.152462268603e-02
 5.607041128319e+04  1.567628200000e+01  6.169438904540e-02
 5.607041942784e+04  1.569782500000e+01  6.185260469053e-02
 5.607731225916e+04  1.554432700000e+01  6.562638041178e-02
 5.607731841476e+04  1.554532100000e+01  6.567828863903e-02
 5.607732466249e+04  1.553958000000e+01  6.557069863688e-02
 5.607733093086e+04  1.558971400000e+01  6.616551782173e-02
 5.608837856723e+04  1.598217500000e+01  6.807183512884e-02
 5.608838413892e+04  1.600876100000e+01  6.839917984641e-02
 5.608838990306e+04  1.597072900000e+01  6.797332242990e-02
 5.608839552096e+04  1.589896400000e+01  6.711811371888e-02
 5.609928415876e+04  1.567734000000e+01  6.537146538469e-02
 5.609929144697e+04  1.572785700000e+01  6.596903516165e-02
 5.609929883178e+04  1.573441800000e+01  6.602351276433e-02
 5.609930616765e+04  1.573452200000e+01  6.594708359134e-02
 5.618719885413e+04  1.598544200000e+01  6.578365448073e-02
 5.618720362463e+04  1.602263900000e+01  6.621255659328e-02
 5.618720842162e+04  1.604022400000e+01  6.643138845473e-02
 5.618721318973e+04  1.596102000000e+01  6.559984134504e-02
 5.619313089664e+04  1.611968400000e+01  6.885743635806e-02
 5.619313430608e+04  1.604225500000e+01  6.804424339943e-02
 5.619313769155e+04  1.611148300000e+01  6.989455912075e-02
 5.619314113050e+04  1.609155300000e+01  6.980782124126e-02
 5.621112228381e+04  1.592753800000e+01  6.915259827302e-02
 5.621113034419e+04  1.594359600000e+01  6.942420495417e-02
 5.621113855748e+04  1.594075500000e+01  6.945610513748e-02
 5.621114585553e+04  1.597905800000e+01  7.001414238946e-02
 5.622207409047e+04  1.533844600000e+01  6.249204333497e-02
 5.622207910890e+04  1.526152800000e+01  6.187624414928e-02
 5.622208418175e+04  1.516905800000e+01  6.112482248417e-02
 5.622208925098e+04  1.513591800000e+01  6.091612461201e-02
