# time mag mag_err
 5.346619560707e+04  1.460236100000e+01  5.704554624542e-02
 5.346620323292e+04  1.460761000000e+01  5.708220112902e-02
 5.346621074012e+04  1.460703000000e+01  5.709074668415e-02
 5.346621838980e+04  1.460716200000e+01  5.710537189211e-02
 5.372635128818e+04  1.415602100000e+01  5.525356672789e-02
 5.372635819362e+04  1.405542600000e+01  5.484786431284e-02
 5.372636510300e+04  1.390248000000e+01  5.429332174578e-02
 5.372637203309e+04  1.379452000000e+01  5.393440094436e-02
 5.350014322716e+04  1.385753700000e+01  5.424246533744e-02
 5.350015059258e+04  1.390071600000e+01  5.440804531453e-02
 5.350015591228e+04  1.392556400000e+01  5.450977315345e-02
 5.350016124935e+04  1.396313100000e+01  5.466070817575e-02
 5.368846739531e+04  1.415782100000e+01  5.531972552553e-02
 5.368847490656e+04  1.405028400000e+01  5.489426375066e-02
 5.368848242639e+04  1.388992200000e+01  5.431503219416e-02
 5.368848994516e+04  1.377159700000e+01  5.392343227680e-02
 5.370046354963e+04  1.462475800000e+01  5.758049211393e-02
 5.370047148845e+04  1.461880900000e+01  6.031751736654e-02
 5.370047940412e+04  1.461049400000e+01  5.761750411483e-02
 5.370048738740e+04  1.465657400000e+01  6.071665912394e-02
 5.365547222481e+04  1.426993900000e+01  5.644036321135e-02
 5.365547715828e+04  1.428273500000e+01  5.646021203178e-02
 5.365548214395e+04  1.428942300000e+01  5.647198023940e-02
 5.365548696883e+04  1.431639500000e+01  5.658713627329e-02
 5.367345840200e+04  1.449480800000e+01  5.696897135339e-02
 5.367346494457e+04  1.451628600000e+01  5.705127842342e-02
 5.367347148877e+04  1.453032000000e+01  5.713869073221e-02
 5.367347812116e+04  1.454969100000e+01  5.721317187884e-02
 5.364247303073e+04  1.461880500000e+01  5.898203135932e-02
 5.364247959031e+04  1.460522600000e+01  5.876628804076e-02
 5.364248612756e+04  1.462848800000e+01  5.880782204382e-02
 5.364249275081e+04  1.461825400000e+01  5.867213413586e-02
 5.384515620594e+04  1.462614500000e+01  5.810940311598e-02
 5.384516569900e+04  1.461275700000e+01  5.804925307601e-02
 5.384517522076e+04  1.461228300000e+01  5.806309391533e-02
 5.384518472425e+04  1.461694400000e+01  5.810940311598e-02
 5.408242825291e+04  1.461800600000e+01  5.714216224271e-02
 5.408243476145e+04  1.461753400000e+01  5.712683395580e-02
 5.408244129256e+04  1.459417500000e+01  5.699704725664e-02
 5.408244781036e+04  1.459780800000e+01  5.701997423549e-02
 5.409338482509e+04  1.454992800000e+01  5.653856000074e-02
 5.409339300628e+04  1.457076500000e+01  5.663089769642e-02
 5.409340125171e+04  1.458913100000e+01  5.672433122650e-02
 5.409340951787e+04  1.459003900000e+01  5.672335246804e-02
 5.378818984976e+04  1.455860400000e+01  5.730333757921e-02
 5.378819868226e+04  1.458586300000e+01  5.734223627464e-02
 5.378820752622e+04  1.459895400000e+01  5.740326186248e-02
 5.378821634192e+04  1.460226400000e+01  5.744632130597e-02
 5.374335950854e+04  1.432046600000e+01  5.611371663494e-02
 5.374336479851e+04  1.431999200000e+01  5.606854293472e-02
 5.374337007910e+04  1.434772900000e+01  5.620014263199e-02
 5.374337538376e+04  1.435823400000e+01  5.623965980341e-02
 5.375537733604e+04  1.403158300000e+01  5.475244468051e-02
 5.375538374249e+04  1.405310200000e+01  5.487794103557e-02
 5.375539015554e+04  1.408195500000e+01  5.495526317379e-02
 5.375539656234e+04  1.410350100000e+01  5.503914230955e-02
 5.376523839993e+04  1.474364800000e+01  5.929446040321e-02
 5.376524596338e+04  1.476294700000e+01  5.911892117926e-02
 5.376525358054e+04  1.474525200000e+01  5.894505083603e-02
 5.376526120465e+04  1.471455800000e+01  5.845546604922e-02
 5.379918091035e+04  1.441102500000e+01  5.650239402080e-02
 5.379918695544e+04  1.445005000000e+01  5.667942437454e-02
 5.379919309648e+04  1.445731600000e+01  5.671640107538e-02
 5.379919916925e+04  1.444641400000e+01  5.666385933811e-02
 5.386617500520e+04  1.466308900000e+01  8.369250418133e-02
 5.386617582781e+04  1.457012100000e+01  8.146956304887e-02
 5.386617656593e+04  1.460237800000e+01  8.229277498380e-02
 5.386617738911e+04  1.462950100000e+01  8.280661288491e-02
 5.402743635587e+04  1.408359400000e+01  5.470923917900e-02
 5.402744563399e+04  1.412636900000e+01  5.484243719607e-02
 5.402745485078e+04  1.414090700000e+01  5.486004609465e-02
 5.402746409510e+04  1.417384100000e+01  5.494679810443e-02
 5.420116537932e+04  1.433836000000e+01  5.599611399972e-02
 5.420117467596e+04  1.436679400000e+01  5.612583759168e-02
 5.420118398719e+04  1.439991400000e+01  5.632533242736e-02
 5.420119325559e+04  1.440012500000e+01  5.633993264738e-02
 5.443743207535e+04  1.434034200000e+01  5.561476182435e-02
 5.443744277229e+04  1.437452000000e+01  5.576249745821e-02
 5.443745350593e+04  1.440191800000e+01  5.587850106106e-02
 5.443746426932e+04  1.441739600000e+01  5.596029065540e-02
 5.444935635150e+04  1.398668500000e+01  5.427937153606e-02
 5.444936290194e+04  1.384191300000e+01  5.380985855785e-02
 5.444936947624e+04  1.377596400000e+01  5.360499525703e-02
 5.444937609913e+04  1.376974500000e+01  5.357585388137e-02
 5.446541676087e+04  1.457342700000e+01  5.674005417261e-02
 5.446542336038e+04  1.458595300000e+01  5.681416260071e-02
 5.446542997275e+04  1.459890900000e+01  5.687879014599e-02
 5.446543661255e+04  1.460126900000e+01  5.689441620969e-02
 5.413929843189e+04  1.459919000000e+01  5.809899788538e-02
 5.413930599106e+04  1.461564400000e+01  5.779075689466e-02
 5.413931358484e+04  1.462540900000e+01  5.779281134704e-02
 5.413932113152e+04  1.460865000000e+01  5.801925208023e-02
 5.410928914601e+04  1.464945100000e+01  5.928298754474e-02
 5.410929724502e+04  1.465005100000e+01  5.808629756844e-02
 5.410930534300e+04  1.466187500000e+01  6.007871466790e-02
 5.410931345012e+04  1.464468700000e+01  5.947876534995e-02
 5.412525575237e+04  1.382923100000e+01  5.383662904780e-02
 5.412526548527e+04  1.388833300000e+01  5.400884253233e-02
 5.412527521457e+04  1.394824700000e+01  5.419875281953e-02
 5.412528497385e+04  1.399163900000e+01  5.434521183521e-02
 5.417022201700e+04  1.457535000000e+01  5.695284486814e-02
 5.417023014727e+04  1.457778500000e+01  5.696135468674e-02
 5.417023823124e+04  1.460099900000e+01  5.708158185035e-02
 5.417024630941e+04  1.460198300000e+01  5.709240210665e-02
 5.423914857251e+04  1.459126700000e+01  5.850729958534e-02
 5.423915616617e+04  1.458980900000e+01  5.860480788774e-02
 5.423916376829e+04  1.458371000000e+01  5.871226359769e-02
 5.423917140721e+04  1.461964000000e+01  5.911220302924e-02
 5.440849915101e+04  1.434285800000e+01  5.570182030992e-02
 5.440850401294e+04  1.437994200000e+01  5.565884116313e-02
 5.440850889166e+04  1.437617500000e+01  5.584289131629e-02
 5.440851381308e+04  1.439560700000e+01  5.593586129482e-02
 5.442238812856e+04  1.463196900000e+01  5.724838306271e-02
 5.442239566933e+04  1.463525500000e+01  5.723264205445e-02
 5.442240325200e+04  1.461952400000e+01  5.713300385499e-02
 5.442241085192e+04  1.461165600000e+01  5.708318434018e-02
 5.438448656505e+04  1.461728900000e+01  5.707611244854e-02
 5.438449363333e+04  1.462130100000e+01  5.708280819082e-02
 5.438450070150e+04  1.462849200000e+01  5.709430250383e-02
 5.438450779156e+04  1.461716600000e+01  5.702513736738e-02
 5.455915320782e+04  1.462258300000e+01  5.729509086662e-02
 5.455916078633e+04  1.461651400000e+01  5.726476097610e-02
 5.455916836459e+04  1.462639600000e+01  5.733158112743e-02
 5.455917595745e+04  1.461775600000e+01  5.729108468814e-02
 5.456512115069e+04  1.396660800000e+01  5.459166135862e-02
 5.456512658152e+04  1.384438600000e+01  5.414985249092e-02
 5.456513199545e+04  1.377999900000e+01  5.393571874376e-02
 5.456513754456e+04  1.376309000000e+01  5.387584141564e-02
 5.457314549465e+04  1.423360600000e+01  5.537096862852e-02
 5.457315255797e+04  1.424376400000e+01  5.542384303922e-02
 5.457315960659e+04  1.425716400000e+01  5.554039546171e-02
 5.457316666353e+04  1.427969400000e+01  5.559949754949e-02
 5.458113252811e+04  1.446786400000e+01  5.954225375647e-02
 5.458113836256e+04  1.446845200000e+01  5.957045875102e-02
 5.458114423889e+04  1.449205400000e+01  5.976065862775e-02
 5.458115010284e+04  1.450884500000e+01  5.997002803530e-02
 5.480740792020e+04  1.455020000000e+01  5.714615694304e-02
 5.480741323123e+04  1.450123900000e+01  5.755786696637e-02
 5.480741864644e+04  1.450283100000e+01  5.682919807881e-02
 5.480742398778e+04  1.452204200000e+01  5.643216053586e-02
 5.482931511778e+04  1.388950700000e+01  5.397691364396e-02
 5.482932232450e+04  1.392782800000e+01  5.409674243092e-02
 5.482932954465e+04  1.395715900000e+01  5.418010324297e-02
 5.482933673703e+04  1.398792000000e+01  5.428150784046e-02
 5.450326553549e+04  1.449331400000e+01  5.635732832775e-02
 5.450327212065e+04  1.450708500000e+01  5.641518044623e-02
 5.450327869377e+04  1.452315100000e+01  5.649088286373e-02
 5.450328526898e+04  1.453189100000e+01  5.652379005893e-02
 5.451020211433e+04  1.461452900000e+01  5.708201903205e-02
 5.451020866396e+04  1.461285900000e+01  5.704385397703e-02
 5.451021523569e+04  1.461380800000e+01  5.703341751480e-02
 5.451022180131e+04  1.462769000000e+01  5.710049796370e-02
 5.447531534288e+04  1.435242100000e+01  5.576215098070e-02
 5.447534067019e+04  1.440273800000e+01  5.598112345120e-02
 5.447535217168e+04  1.444183300000e+01  5.626205028222e-02
 5.447535859122e+04  1.445948100000e+01  5.618429935210e-02
 5.449527836911e+04  1.426906400000e+01  5.539505376341e-02
 5.449528637726e+04  1.428951800000e+01  5.548732209734e-02
 5.449529439757e+04  1.430534400000e+01  5.554863926646e-02
 5.449530242852e+04  1.433466900000e+01  5.572239087945e-02
 5.453320647811e+04  1.437408700000e+01  5.632622167065e-02
 5.453321347894e+04  1.438669100000e+01  5.663171127572e-02
 5.453322045995e+04  1.438933400000e+01  5.638846438328e-02
 5.453322745671e+04  1.441425800000e+01  5.645126815575e-02
 5.453719229530e+04  1.471410300000e+01  5.602611493878e-02
 5.453720619380e+04  1.457242200000e+01  5.534195964857e-02
 5.453721408829e+04  1.429742000000e+01  5.437881093567e-02
 5.453722197061e+04  1.412200700000e+01  5.379992849508e-02
 5.477646834134e+04  1.461823200000e+01  5.690421238866e-02
 5.477647430332e+04  1.460960000000e+01  5.684664241988e-02
 5.477648041208e+04  1.461555000000e+01  5.688308363453e-02
 5.477648653808e+04  1.462880800000e+01  5.691204285683e-02
 5.479243940690e+04  1.391887200000e+01  5.700957746293e-02
 5.479244680519e+04  1.384126100000e+01  5.550164153360e-02
 5.479245400578e+04  1.376613800000e+01  5.455307843369e-02
 5.479246128553e+04  1.376409000000e+01  5.458602400336e-02
 5.494418744863e+04  1.441995400000e+01  5.642426611396e-02
 5.494419477540e+04  1.443691400000e+01  5.653529118487e-02
 5.494420197890e+04  1.445404100000e+01  5.661084441655e-02
 5.494420912661e+04  1.448106700000e+01  5.677379968902e-02
 5.517639678501e+04  1.462575100000e+01  5.702809821675e-02
 5.517640222510e+04  1.463365200000e+01  5.706632315966e-02
 5.517640773558e+04  1.461541800000e+01  5.697582954977e-02
 5.517641316166e+04  1.462199100000e+01  5.699449233045e-02
 5.487524520172e+04  1.439276800000e+01  5.705373326996e-02
 5.487525062712e+04  1.440125500000e+01  5.709974083880e-02
 5.487525601442e+04  1.441848500000e+01  5.718535178324e-02
 5.487526126479e+04  1.443729000000e+01  5.727914554993e-02
 5.488222526882e+04  1.462884700000e+01  5.703692464989e-02
 5.488223125373e+04  1.462860000000e+01  5.702436180090e-02
 5.488223725772e+04  1.462640800000e+01  5.701179914038e-02
 5.488224324089e+04  1.464119100000e+01  5.707556718548e-02
 5.484926173425e+04  1.400325900000e+01  5.438849631407e-02
 5.484926951925e+04  1.383842400000e+01  5.382373537584e-02
 5.484927739696e+04  1.376417500000e+01  5.358704461514e-02
 5.484928536691e+04  1.376342800000e+01  5.357603730432e-02
 5.490812748944e+04  1.471189200000e+01  5.765381651063e-02
 5.490813417983e+04  1.473737500000e+01  5.776434049446e-02
 5.490814089347e+04  1.472900000000e+01  5.777934197175e-02
 5.490814754878e+04  1.473979000000e+01  5.786348606084e-02
 5.491914401486e+04  1.460535100000e+01  5.697960559775e-02
 5.491915008058e+04  1.463264200000e+01  5.711825704688e-02
 5.491915609813e+04  1.464759500000e+01  5.719484230269e-02
 5.491916209149e+04  1.465776500000e+01  5.723862673968e-02
 5.496815276863e+04  1.472733300000e+01  6.202667157236e-02
 5.496815614079e+04  1.470921100000e+01  6.193645396055e-02
 5.496815952900e+04  1.463341800000e+01  6.140376463883e-02
 5.496816292351e+04  1.462160800000e+01  6.135774785710e-02
 5.515142781028e+04  1.422942800000e+01  5.545427808966e-02
 5.515143961922e+04  1.425460400000e+01  5.556528320977e-02
 5.515145133105e+04  1.428491400000e+01  5.565286077514e-02
 5.515146298708e+04  1.430975400000e+01  5.574108961357e-02
 5.529415044447e+04  1.453628700000e+01  5.680662074273e-02
 5.529415550964e+04  1.452672300000e+01  5.677011243878e-02
 5.529416067277e+04  1.455463100000e+01  5.691165106643e-02
 5.529416578888e+04  1.456062900000e+01  5.693814536551e-02
 5.530115043451e+04  1.461685700000e+01  5.733402583639e-02
 5.530115723835e+04  1.461363000000e+01  5.731473723336e-02
 5.530116409112e+04  1.460673100000e+01  5.729619015570e-02
 5.530117100102e+04  1.463615700000e+01  5.746350850657e-02
 5.553248406817e+04  1.443998600000e+01  5.646699673258e-02
 5.553249676377e+04  1.446768900000e+01  5.660515215350e-02
 5.553250316797e+04  1.450489300000e+01  5.710972693344e-02
 5.553941279891e+04  1.462362600000e+01  5.748912721369e-02
 5.553942769715e+04  1.460825900000e+01  5.729241535325e-02
 5.553943512299e+04  1.461832100000e+01  5.778391557823e-02
 5.554536395186e+04  1.473965400000e+01  5.809687796345e-02
 5.554538249681e+04  1.468549800000e+01  5.776233099485e-02
 5.554539174787e+04  1.461304500000e+01  5.735369980398e-02
 5.523230206164e+04  1.464691600000e+01  6.989431622443e-02
 5.523231012525e+04  1.449122400000e+01  6.295915317893e-02
 5.523231527303e+04  1.432171700000e+01  6.115801458870e-02
 5.523232037051e+04  1.415860100000e+01  6.043391615526e-02
 5.520329488372e+04  1.465732400000e+01  5.805654274422e-02
 5.520330082163e+04  1.462585200000e+01  5.979363715146e-02
 5.520330543900e+04  1.466620900000e+01  5.814187347958e-02
 5.521134117587e+04  1.392463700000e+01  5.421783505825e-02
 5.521134862253e+04  1.396454500000e+01  5.434886286405e-02
 5.521135613277e+04  1.399442300000e+01  5.444344268416e-02
 5.521136357642e+04  1.403134000000e+01  5.456454934922e-02
 5.527020513613e+04  1.423573200000e+01  5.541553810074e-02
 5.527021135858e+04  1.413097500000e+01  5.500056458966e-02
 5.527021765692e+04  1.401483400000e+01  5.458737732395e-02
 5.527022395205e+04  1.387530100000e+01  5.410604255752e-02
 5.532518188822e+04  1.448538900000e+01  5.687057231295e-02
 5.532518927519e+04  1.450387200000e+01  5.699974617084e-02
 5.532519675925e+04  1.453219700000e+01  5.718915967289e-02
 5.532520423682e+04  1.454050700000e+01  5.728327968424e-02
 5.533815635039e+04  1.394093800000e+01  5.586031003176e-02
 5.533815912894e+04  1.393973800000e+01  5.589388650681e-02
 5.533816203475e+04  1.397449300000e+01  5.606175367140e-02
 5.533816493571e+04  1.397711200000e+01  5.607686043639e-02
 5.550348154159e+04  1.428935000000e+01  5.580070503857e-02
 5.550349317378e+04  1.432160500000e+01  5.592429137562e-02
 5.550349895786e+04  1.433917300000e+01  5.600333425250e-02
 5.551244641829e+04  1.435460500000e+01  5.603401720401e-02
 5.551246160591e+04  1.439121700000e+01  5.616128962945e-02
 5.551246914277e+04  1.440970500000e+01  5.624620106590e-02
 5.548348665492e+04  1.429633600000e+01  5.698846815207e-02
 5.548349610127e+04  1.431407800000e+01  5.703386008523e-02
 5.548350079337e+04  1.432413600000e+01  5.706370241996e-02
 5.559622892856e+04  1.460709000000e+01  5.580847828024e-02
 5.559624001954e+04  1.462020400000e+01  5.584613591634e-02
 5.559625110460e+04  1.461693300000e+01  5.581849054226e-02
 5.559626219966e+04  1.463408100000e+01  5.590139931296e-02
 5.560323911914e+04  1.473021800000e+01  5.642411791877e-02
 5.560325023013e+04  1.473587400000e+01  5.645544714708e-02
 5.560326142829e+04  1.469539800000e+01  5.625796091717e-02
 5.560327254275e+04  1.459548500000e+01  5.580158365338e-02
 5.561721533271e+04  1.449324200000e+01  5.678312556537e-02
 5.561722338414e+04  1.451540100000e+01  5.689526514813e-02
 5.561723140273e+04  1.452643700000e+01  5.695828966732e-02
 5.561723936968e+04  1.454575900000e+01  5.704768426756e-02
 5.556333501630e+04  1.378358000000e+01  5.404385630136e-02
 5.556334251563e+04  1.380648900000e+01  5.411185114397e-02
 5.556335038102e+04  1.386340200000e+01  5.419428084545e-02
 5.556335794785e+04  1.389783900000e+01  5.430850881491e-02
 5.557245377647e+04  1.441977700000e+01  5.642385126267e-02
 5.557245963819e+04  1.441525500000e+01  5.641596859683e-02
 5.557246542413e+04  1.443663500000e+01  5.654588909221e-02
 5.557247125922e+04  1.444985400000e+01  5.660913483310e-02
 5.558543648524e+04  1.379231300000e+01  5.407164552658e-02
 5.558544356201e+04  1.382802900000e+01  5.420040258753e-02
 5.558545065324e+04  1.387275900000e+01  5.435957453254e-02
 5.558545768241e+04  1.391531900000e+01  5.452136090465e-02
 5.562419089253e+04  1.462764300000e+01  5.604384481486e-02
 5.562420045090e+04  1.463507200000e+01  5.609221368376e-02
 5.562421004910e+04  1.463395600000e+01  5.605681403815e-02
 5.562421961234e+04  1.465035900000e+01  5.613686845908e-02
 5.563111157203e+04  1.469210600000e+01  6.147416814035e-02
 5.563111694453e+04  1.468576400000e+01  6.139861584856e-02
 5.563113519626e+04  1.476842600000e+01  6.345363671506e-02
 5.563114292895e+04  1.470568500000e+01  6.155827585125e-02
 5.568320532853e+04  1.469078000000e+01  5.842185311676e-02
 5.568321399265e+04  1.472120200000e+01  5.865914605562e-02
 5.568322269690e+04  1.476315600000e+01  5.899508316803e-02
 5.568323144377e+04  1.478976000000e+01  5.927065565721e-02
 5.569415293943e+04  1.462820400000e+01  5.936231121690e-02
 5.569415963191e+04  1.461846000000e+01  5.932697326271e-02
 5.569416642472e+04  1.463763200000e+01  5.950270502286e-02
 5.569417315807e+04  1.463491900000e+01  5.952975376308e-02
 5.520333300037e+04  1.473659200000e+01  5.774748836472e-02
 5.520333853328e+04  1.474445200000e+01  5.775088804023e-02
 5.520334409078e+04  1.474966200000e+01  5.774997543507e-02
 5.520334961733e+04  1.473557500000e+01  5.765641139298e-02
 5.533815635039e+04  1.394666300000e+01  5.592756353065e-02
 5.533815912894e+04  1.394051100000e+01  5.594046360182e-02
 5.533816203475e+04  1.397113800000e+01  5.608641034527e-02
 5.533816493571e+04  1.397164900000e+01  5.610310090227e-02
 5.588742680635e+04  1.448126800000e+01  5.649196367890e-02
 5.588743715111e+04  1.417472600000e+01  5.514444685245e-02
 5.588744748429e+04  1.398795700000e+01  5.443222824152e-02
 5.588745791760e+04  1.380441700000e+01  5.382053524634e-02
 5.589341003998e+04  1.433361700000e+01  5.588134311284e-02
 5.589341524255e+04  1.435270000000e+01  5.595477914011e-02
 5.589342044950e+04  1.437160100000e+01  5.602909845074e-02
 5.589342569200e+04  1.438162600000e+01  5.607186873512e-02
 5.594036966223e+04  1.461207100000e+01  5.710239057361e-02
 5.594037581764e+04  1.462500700000e+01  5.716182209029e-02
 5.594038213497e+04  1.461789600000e+01  5.712765829233e-02
 5.594038846153e+04  1.461798500000e+01  5.713158664987e-02
 5.596834381113e+04  1.462917900000e+01  5.733484998359e-02
 5.596835289211e+04  1.462917000000e+01  5.734194746163e-02
 5.596836207198e+04  1.459883300000e+01  5.720137710654e-02
 5.596837113304e+04  1.460740900000e+01  5.726759475730e-02
 5.598332256402e+04  1.416994700000e+01  5.525238794363e-02
 5.598332860255e+04  1.419783600000e+01  5.536639167032e-02
 5.598333472310e+04  1.422378300000e+01  5.547856816632e-02
 5.598334078185e+04  1.422882000000e+01  5.552805888052e-02
 5.601515559727e+04  1.461829500000e+01  5.755467413861e-02
 5.601516290750e+04  1.464526800000e+01  5.773647326269e-02
 5.601517028005e+04  1.465059600000e+01  5.775827154885e-02
 5.601517767634e+04  1.464594400000e+01  5.770570756459e-02
 5.603414189221e+04  1.459326500000e+01  9.025809432757e-02
 5.603414459176e+04  1.465258500000e+01  9.186314206244e-02
 5.603414716291e+04  1.465629200000e+01  9.192830976092e-02
 5.603414973317e+04  1.466451800000e+01  9.226279309166e-02
 5.603415482394e+04  1.463492900000e+01  5.757252795419e-02
 5.603416054537e+04  1.464825700000e+01  5.763594898827e-02
 5.603416628594e+04  1.464398100000e+01  5.763833079582e-02
 5.603417194040e+04  1.468005100000e+01  5.784916232766e-02
 5.606215775343e+04  1.380568200000e+01  5.394717481899e-02
 5.606216626947e+04  1.377750900000e+01  5.389065166781e-02
 5.606217476855e+04  1.379083900000e+01  5.396480225047e-02
 5.606218331876e+04  1.383139000000e+01  5.416057541990e-02
 5.606814554169e+04  1.444184600000e+01  5.655117628652e-02
 5.606815065175e+04  1.444490200000e+01  5.659974139947e-02
 5.606815578082e+04  1.445266100000e+01  5.667032209423e-02
 5.606816087584e+04  1.448486300000e+01  5.687882402572e-02
 5.621545046944e+04  1.437383500000e+01  5.648053135862e-02
 5.621545782421e+04  1.438637100000e+01  5.651195496727e-02
 5.621546520053e+04  1.440638300000e+01  5.657709235272e-02
 5.621547263161e+04  1.442464800000e+01  5.662280843279e-02
 5.622742663513e+04  1.393536200000e+01  5.554610446903e-02
 5.622743370494e+04  1.398111900000e+01  5.573966696147e-02
 5.622744075432e+04  1.399092400000e+01  5.574531423334e-02
 5.622744780513e+04  1.403371400000e+01  5.592767217765e-02
