# time mag mag_err
 5.346433122304e+04  1.487478400000e+01  5.817426305440e-02
 5.346433928896e+04  1.486075700000e+01  5.809319212990e-02
 5.346434741205e+04  1.486623800000e+01  5.813871571274e-02
 5.346435547841e+04  1.488641500000e+01  5.826775865457e-02
 5.370951879366e+04  1.497595900000e+01  5.926384118839e-02
 5.370952797050e+04  1.498712300000e+01  5.926779002143e-02
 5.370953719330e+04  1.499504600000e+01  5.930108253427e-02
 5.370954637500e+04  1.498290200000e+01  5.916447788995e-02
 5.373248905178e+04  1.508144000000e+01  6.001706203994e-02
 5.373249761147e+04  1.508687100000e+01  5.999443195785e-02
 5.373250628528e+04  1.509590900000e+01  6.006042766411e-02
 5.373251499624e+04  1.508635500000e+01  6.003359900669e-02
 5.349428742104e+04  1.448821400000e+01  5.654152436117e-02
 5.349429580097e+04  1.450658400000e+01  5.663220769555e-02
 5.349430411921e+04  1.451368800000e+01  5.670183108791e-02
 5.349431246186e+04  1.451389400000e+01  5.676073621705e-02
 5.352119870977e+04  1.487997600000e+01  5.939241987951e-02
 5.352120681272e+04  1.488291000000e+01  5.866204732825e-02
 5.352121491602e+04  1.487324500000e+01  5.902841710469e-02
 5.352122301353e+04  1.486723200000e+01  5.964558093687e-02
 5.383232412997e+04  1.449474900000e+01  5.783741184491e-02
 5.383233180905e+04  1.448812000000e+01  5.777680505594e-02
 5.383233945086e+04  1.450330300000e+01  5.787612808940e-02
 5.383234712427e+04  1.453565300000e+01  5.808157482316e-02
 5.384530048684e+04  1.497768200000e+01  5.993216391003e-02
 5.384530743672e+04  1.499064900000e+01  6.005884165870e-02
 5.384531438324e+04  1.498480900000e+01  6.001783463983e-02
 5.384532137699e+04  1.497479200000e+01  5.999343267567e-02
 5.407051508646e+04  1.510061300000e+01  5.949029571130e-02
 5.407051843744e+04  1.507897300000e+01  5.932294834294e-02
 5.407052171550e+04  1.510013100000e+01  5.943911348434e-02
 5.407052502017e+04  1.509641000000e+01  5.939760768364e-02
 5.409548596429e+04  1.497689600000e+01  5.873128908487e-02
 5.409549627361e+04  1.498437800000e+01  5.875575023177e-02
 5.409550664947e+04  1.500306200000e+01  5.882038507174e-02
 5.409551699490e+04  1.499230200000e+01  5.873494935963e-02
 5.377344476942e+04  1.473333100000e+01  5.780210290552e-02
 5.377345130678e+04  1.471005300000e+01  5.765801776136e-02
 5.377345783338e+04  1.475589900000e+01  5.793874719558e-02
 5.377346440049e+04  1.475428200000e+01  5.791610647521e-02
 5.378644039968e+04  1.477420600000e+01  5.800958428638e-02
 5.378644984957e+04  1.467322900000e+01  5.735552894280e-02
 5.378645931810e+04  1.464846800000e+01  5.721612676102e-02
 5.378646878083e+04  1.464162500000e+01  5.718863339779e-02
 5.374350700674e+04  1.500602100000e+01  5.967871064961e-02
 5.374351128137e+04  1.505637100000e+01  5.996498511943e-02
 5.374351553286e+04  1.504590700000e+01  5.987249016626e-02
 5.374351980054e+04  1.506326300000e+01  5.997936508618e-02
 5.375843247708e+04  1.460791800000e+01  5.710902890402e-02
 5.375843951620e+04  1.457178900000e+01  5.691155875489e-02
 5.375844655775e+04  1.454198800000e+01  5.674974240828e-02
 5.375845403370e+04  1.448589300000e+01  5.645745411580e-02
 5.376547436734e+04  1.490173400000e+01  5.890744646207e-02
 5.376548034274e+04  1.489266400000e+01  5.890919743636e-02
 5.376548637406e+04  1.489504300000e+01  5.895359548085e-02
 5.376549246777e+04  1.489594300000e+01  5.888640658374e-02
 5.390324604024e+04  1.455182100000e+01  8.155205840794e-02
 5.390324704422e+04  1.454321300000e+01  8.116546069722e-02
 5.390324802356e+04  1.449189100000e+01  8.095317600202e-02
 5.390324900949e+04  1.452943100000e+01  8.156280946262e-02
 5.390616027045e+04  1.457032200000e+01  5.774100774915e-02
 5.387423160878e+04  1.504853500000e+01  6.077196754066e-02
 5.387423805240e+04  1.500300900000e+01  6.048369304910e-02
 5.387424449634e+04  1.496095100000e+01  6.017811421433e-02
 5.387425093139e+04  1.491539700000e+01  5.989664592768e-02
 5.388024639611e+04  1.443785000000e+01  5.665531259622e-02
 5.388025530385e+04  1.444952500000e+01  5.672928400464e-02
 5.388026420499e+04  1.445518200000e+01  5.681963713657e-02
 5.388027311747e+04  1.446490300000e+01  5.687496936865e-02
 5.388620746141e+04  1.451559500000e+01  5.710124238318e-02
 5.388621656071e+04  1.453083200000e+01  5.719263367752e-02
 5.388622566463e+04  1.455241000000e+01  5.734362588707e-02
 5.388623475003e+04  1.455109600000e+01  5.734754984715e-02
 5.406253066963e+04  1.444993900000e+01  6.031023825720e-02
 5.406253299370e+04  1.445537700000e+01  6.032395453058e-02
 5.406253530157e+04  1.441648200000e+01  6.006089534668e-02
 5.406253761766e+04  1.442980200000e+01  6.010339607911e-02
 5.419730068564e+04  1.495352000000e+01  5.880972560030e-02
 5.419730828612e+04  1.496552600000e+01  5.885949115499e-02
 5.419731588998e+04  1.494758500000e+01  5.873922291303e-02
 5.419732345528e+04  1.497145700000e+01  5.890114233946e-02
 5.420530280262e+04  1.486626000000e+01  5.834827560195e-02
 5.420530885176e+04  1.487477800000e+01  5.840634809254e-02
 5.420531489025e+04  1.489199200000e+01  5.850816406215e-02
 5.420532087655e+04  1.488962000000e+01  5.850379018007e-02
 5.443950187249e+04  1.508248300000e+01  5.961166546663e-02
 5.443950845372e+04  1.508153500000e+01  5.957407010751e-02
 5.443951498575e+04  1.508575400000e+01  5.953832193822e-02
 5.443952149406e+04  1.506475000000e+01  5.938650163860e-02
 5.445450180228e+04  1.457466500000e+01  5.634391397495e-02
 5.445450836163e+04  1.459360400000e+01  5.656939953459e-02
 5.445451490964e+04  1.457593800000e+01  5.646380266622e-02
 5.445452158625e+04  1.458523100000e+01  5.649776630784e-02
 5.412448935940e+04  1.454330600000e+01  5.634128809217e-02
 5.412449425513e+04  1.451019900000e+01  5.619755735257e-02
 5.412449915943e+04  1.451261000000e+01  5.618907461295e-02
 5.412450410123e+04  1.447854300000e+01  5.603124508709e-02
 5.426120227126e+04  1.465379300000e+01  5.745711934094e-02
 5.426120762153e+04  1.466681400000e+01  5.754293301854e-02
 5.426121295420e+04  1.466739100000e+01  5.756047597988e-02
 5.426121827946e+04  1.467549300000e+01  5.760485986607e-02
 5.422924621863e+04  1.468693000000e+01  5.759085244926e-02
 5.422925679521e+04  1.465188900000e+01  5.737248188860e-02
 5.422926604983e+04  1.463982200000e+01  5.736266925462e-02
 5.422927530365e+04  1.457543500000e+01  5.702064170494e-02
 5.424123735427e+04  1.460407600000e+01  5.736396201021e-02
 5.424124655323e+04  1.463174300000e+01  5.748561355155e-02
 5.424125576873e+04  1.462095600000e+01  5.747966173795e-02
 5.424126505727e+04  1.466393400000e+01  5.772032035141e-02
 5.458027988479e+04  1.491988400000e+01  5.856839539161e-02
 5.458028635074e+04  1.490916100000e+01  5.851967081746e-02
 5.458029281575e+04  1.491747500000e+01  5.860312912866e-02
 5.458029926654e+04  1.492263400000e+01  5.863805856942e-02
 5.483047114725e+04  1.493392700000e+01  5.825164788936e-02
 5.483047643154e+04  1.494095200000e+01  5.831670930564e-02
 5.483048165727e+04  1.492730500000e+01  5.823052343486e-02
 5.483048681192e+04  1.492999400000e+01  5.822145036817e-02
 5.450247803231e+04  1.456478900000e+01  5.638663900111e-02
 5.450248832877e+04  1.458500900000e+01  5.647204021285e-02
 5.450249860869e+04  1.459546900000e+01  5.653600822049e-02
 5.450250890631e+04  1.461993700000e+01  5.667465579659e-02
 5.448042623561e+04  1.467578100000e+01  5.701964101652e-02
 5.448043384050e+04  1.469433400000e+01  5.708221298473e-02
 5.448044148648e+04  1.470510100000e+01  5.710517611080e-02
 5.448044923872e+04  1.471572500000e+01  5.713664203654e-02
 5.449549218437e+04  1.498850400000e+01  5.863560268300e-02
 5.449549885993e+04  1.499316500000e+01  5.867978160780e-02
 5.449550550598e+04  1.500622400000e+01  5.876649900391e-02
 5.449551216002e+04  1.500639000000e+01  5.877727657118e-02
 5.462419322575e+04  1.448480900000e+01  5.501829085060e-02
 5.462420323713e+04  1.449965500000e+01  5.509663507948e-02
 5.462421323948e+04  1.450920400000e+01  5.516617539623e-02
 5.462422321880e+04  1.452653700000e+01  5.526145746625e-02
 5.459022204773e+04  1.444466700000e+01  5.629420140973e-02
 5.459022740564e+04  1.445464500000e+01  5.675511918464e-02
 5.459023273611e+04  1.446274400000e+01  5.619448902691e-02
 5.459023806462e+04  1.446159700000e+01  5.612474669710e-02
 5.492426707453e+04  1.496769800000e+01  5.883296815605e-02
 5.493822092042e+04  1.493136800000e+01  5.867517624680e-02
 5.493822573686e+04  1.492863000000e+01  5.865519968630e-02
 5.493823061293e+04  1.495200800000e+01  5.880601642887e-02
 5.493823541664e+04  1.492791900000e+01  5.864995099322e-02
 5.518052728992e+04  1.478835700000e+01  5.762512921729e-02
 5.518053366144e+04  1.469341100000e+01  5.709454619842e-02
 5.518054005272e+04  1.467006700000e+01  5.694737449911e-02
 5.518054647215e+04  1.465117000000e+01  5.684715093138e-02
 5.488143756102e+04  1.499489400000e+01  5.869525270156e-02
 5.488144572705e+04  1.500197100000e+01  5.850715540724e-02
 5.488145394620e+04  1.501045500000e+01  5.882399017419e-02
 5.488146211744e+04  1.501045200000e+01  5.883859945415e-02
 5.501815508588e+04  1.487986900000e+01  6.491964141401e-02
 5.501815751439e+04  1.486889000000e+01  6.534610503379e-02
 5.501816002551e+04  1.436341500000e+01  6.618778386876e-02
 5.501816248547e+04  1.479327600000e+01  6.412575183483e-02
 5.499615912331e+04  1.446632500000e+01  5.861739709736e-02
 5.499616439162e+04  1.450799400000e+01  5.887594653786e-02
 5.499616965429e+04  1.450499500000e+01  5.882516008672e-02
 5.499617488858e+04  1.450532000000e+01  5.889179499106e-02
 5.500619476728e+04  1.496030900000e+01  6.122897900722e-02
 5.500619974473e+04  1.496943600000e+01  6.131187341988e-02
 5.500620466407e+04  1.499320600000e+01  6.148818445688e-02
 5.500620964398e+04  1.498488400000e+01  6.148113645034e-02
 5.490633385650e+04  1.478767000000e+01  5.741205329610e-02
 5.490633984269e+04  1.480031700000e+01  5.750414912348e-02
 5.490634571473e+04  1.479389600000e+01  5.755659776657e-02
 5.490635161040e+04  1.480079400000e+01  5.758341313066e-02
 5.496625469420e+04  1.493642700000e+01  5.893858901319e-02
 5.496626262240e+04  1.492243000000e+01  5.887843572696e-02
 5.496627056457e+04  1.494914600000e+01  5.906479159006e-02
 5.496627851382e+04  1.492018000000e+01  5.890418366254e-02
 5.497821598021e+04  1.492176400000e+01  6.059392938929e-02
 5.497822379405e+04  1.505407100000e+01  5.985496835103e-02
 5.497823156934e+04  1.502371500000e+01  6.753050654608e-02
 5.497922372361e+04  1.456508200000e+01  5.690850539109e-02
 5.497923099182e+04  1.458435800000e+01  5.703157589834e-02
 5.497923832505e+04  1.458237300000e+01  5.708966332928e-02
 5.497924571225e+04  1.460086700000e+01  5.717911051244e-02
 5.515954429124e+04  1.490881200000e+01  8.165057279852e-02
 5.515954558575e+04  1.492046600000e+01  8.143755950899e-02
 5.515954689022e+04  1.498243000000e+01  8.215536376585e-02
 5.515954813345e+04  1.505729900000e+01  8.300038835964e-02
 5.516151837187e+04  1.459008100000e+01  5.702337163335e-02
 5.516152196698e+04  1.465940400000e+01  5.819167435828e-02
 5.516152560790e+04  1.460524000000e+01  5.713914750785e-02
 5.516152923552e+04  1.459853200000e+01  5.705728597644e-02
 5.529026109066e+04  1.494199400000e+01  5.887010609014e-02
 5.529026736956e+04  1.494495700000e+01  5.889322241404e-02
 5.529027370646e+04  1.494399300000e+01  5.886521865259e-02
 5.529028010758e+04  1.494434400000e+01  5.882198322144e-02
 5.520448190222e+04  1.478189400000e+01  5.752955620003e-02
 5.520448655222e+04  1.479046500000e+01  5.756856653187e-02
 5.520449121716e+04  1.480264700000e+01  5.762517197327e-02
 5.520449583082e+04  1.481140500000e+01  5.768343008011e-02
 5.535116143392e+04  1.454833400000e+01  5.664903977728e-02
 5.536415673909e+04  1.502208500000e+01  6.278276352098e-02
 5.536416164627e+04  1.505003700000e+01  6.307973920129e-02
 5.536416663078e+04  1.502293500000e+01  6.288586432115e-02
 5.536417164676e+04  1.504102100000e+01  6.305837932817e-02
 5.526737271766e+04  1.493494600000e+01  5.873321410983e-02
 5.526738030726e+04  1.494096600000e+01  5.878373768183e-02
 5.526738799463e+04  1.494140400000e+01  5.881481854945e-02
 5.526739565184e+04  1.493957200000e+01  5.882976533118e-02
 5.533218723335e+04  1.483521900000e+01  5.817854250699e-02
 5.533219352384e+04  1.482705300000e+01  5.812581560050e-02
 5.533219988587e+04  1.483897900000e+01  5.821673865165e-02
 5.533220625297e+04  1.483605300000e+01  5.821161585664e-02
 5.566323241806e+04  1.445775100000e+01  5.523861644190e-02
 5.566323955013e+04  1.443851200000e+01  5.512891557736e-02
 5.566324672691e+04  1.444332600000e+01  5.516167648032e-02
 5.566325384347e+04  1.442058400000e+01  5.505305499111e-02
 5.560340946198e+04  1.466017900000e+01  5.577496446089e-02
 5.560341846141e+04  1.464509800000e+01  5.570339325661e-02
 5.560342750668e+04  1.461027100000e+01  5.556001663406e-02
 5.560343656523e+04  1.454852200000e+01  5.529639347114e-02
 5.556349966015e+04  1.506338800000e+01  5.973771154106e-02
 5.556350720163e+04  1.503495200000e+01  5.951745056039e-02
 5.556351470622e+04  1.503262700000e+01  5.951002553276e-02
 5.556352229745e+04  1.499527900000e+01  5.924260209718e-02
 5.557452024036e+04  1.508040200000e+01  5.976601226323e-02
 5.557452610398e+04  1.506356500000e+01  5.959837886025e-02
 5.557453193138e+04  1.508500100000e+01  5.977730058098e-02
 5.557453776918e+04  1.508627300000e+01  5.975137829796e-02
 5.558846826010e+04  1.496492500000e+01  5.918819936848e-02
 5.558847343625e+04  1.498502800000e+01  5.931497421286e-02
 5.558847865236e+04  1.499143100000e+01  5.937562434673e-02
 5.558848388152e+04  1.500330200000e+01  5.943938443257e-02
 5.564440883565e+04  1.485583000000e+01  5.903288685172e-02
 5.564441455664e+04  1.489363900000e+01  5.929636077458e-02
 5.564442032466e+04  1.491680500000e+01  5.949814498955e-02
 5.564442608572e+04  1.490659800000e+01  5.944795634847e-02
 5.390616503759e+04  1.455475000000e+01  5.765098020396e-02
 5.390617144010e+04  1.457050100000e+01  5.773339506283e-02
 5.390617784703e+04  1.458948600000e+01  5.788091687630e-02
 5.390618425868e+04  1.459103500000e+01  5.793980160752e-02
 5.492427080480e+04  1.500641100000e+01  5.911174312147e-02
 5.492427778341e+04  1.498708800000e+01  5.898811562419e-02
 5.492428453353e+04  1.502178300000e+01  5.923213052355e-02
 5.492429158076e+04  1.500500200000e+01  5.916327114480e-02
 5.535119818088e+04  1.461508200000e+01  5.698595533870e-02
 5.535120603451e+04  1.462002400000e+01  5.700066958939e-02
 5.535121351381e+04  1.463114400000e+01  5.708853186311e-02
 5.535122105273e+04  1.463702100000e+01  5.715466894504e-02
 5.588851892178e+04  1.468306000000e+01  5.742989135163e-02
 5.588852119656e+04  1.467766100000e+01  5.741668474019e-02
 5.588852348140e+04  1.469497700000e+01  5.750828627054e-02
 5.588852581647e+04  1.469555800000e+01  5.748588682843e-02
 5.595847445542e+04  1.447160700000e+01  5.616756962475e-02
 5.595847953544e+04  1.448425000000e+01  5.622900905203e-02
 5.595848461046e+04  1.448442700000e+01  5.622880501980e-02
 5.595848974220e+04  1.449947300000e+01  5.630787201564e-02
 5.599935924825e+04  1.485320300000e+01  5.827050112563e-02
 5.599936455731e+04  1.483905300000e+01  5.822362446590e-02
 5.599936986818e+04  1.486463700000e+01  5.833807479516e-02
 5.599937519088e+04  1.487712100000e+01  5.841054321034e-02
 5.600732139163e+04  1.467595300000e+01  5.581460318115e-02
 5.600733346243e+04  1.468255400000e+01  5.583403647737e-02
 5.600734554590e+04  1.469701900000e+01  5.588656619870e-02
 5.600735758503e+04  1.471236400000e+01  5.594325892141e-02
 5.601325054249e+04  1.470376300000e+01  5.791091812635e-02
 5.601325637056e+04  1.471142800000e+01  5.791863384024e-02
 5.601326230429e+04  1.471466100000e+01  5.791787869958e-02
 5.601326817843e+04  1.474540000000e+01  5.806065754661e-02
 5.601931443422e+04  1.488667000000e+01  5.612819961507e-02
 5.601932620741e+04  1.492691400000e+01  5.635801478631e-02
 5.601933807330e+04  1.492523300000e+01  5.636129365450e-02
 5.601934990366e+04  1.492107100000e+01  5.635909765262e-02
 5.602827499940e+04  1.497648400000e+01  5.981532485388e-02
 5.602828206832e+04  1.497432700000e+01  5.992317617851e-02
 5.602828988584e+04  1.497348000000e+01  5.939434218900e-02
 5.602829575395e+04  1.498545800000e+01  5.938355691060e-02
 5.603321320361e+04  1.475587800000e+01  5.797576488533e-02
 5.603321835456e+04  1.477582800000e+01  5.807147119134e-02
 5.603322336295e+04  1.477357900000e+01  5.805423933574e-02
 5.603322842478e+04  1.476690600000e+01  5.801192383089e-02
 5.603823855211e+04  1.457454700000e+01  5.701322566320e-02
 5.603824640580e+04  1.458221000000e+01  5.706797875787e-02
 5.603825427689e+04  1.459402800000e+01  5.711982832328e-02
 5.603826215132e+04  1.459559600000e+01  5.713535868373e-02
 5.604626761338e+04  1.444160900000e+01  5.647258237811e-02
 5.604627347823e+04  1.444923700000e+01  5.648311843945e-02
 5.604627926845e+04  1.444269000000e+01  5.648999482708e-02
 5.604628494647e+04  1.445042900000e+01  5.653534239622e-02
 5.606226321369e+04  1.499187100000e+01  5.902776066774e-02
 5.606227092740e+04  1.500719200000e+01  5.916206474742e-02
 5.606227974567e+04  1.500591300000e+01  5.916250873413e-02
 5.606228729745e+04  1.503090200000e+01  5.937569130364e-02
 5.606827893065e+04  1.508291800000e+01  5.983813310154e-02
 5.606828681859e+04  1.511116200000e+01  6.009097327031e-02
 5.606829478915e+04  1.507866000000e+01  5.992383188736e-02
 5.606830275721e+04  1.501777200000e+01  5.956112979200e-02
 5.607518392094e+04  1.462141500000e+01  5.804043125931e-02
 5.607519134922e+04  1.465033200000e+01  5.820774917262e-02
 5.607519883799e+04  1.464144800000e+01  5.816497865159e-02
 5.607520625861e+04  1.466052500000e+01  5.830214940278e-02
 5.609218634466e+04  1.465841700000e+01  5.718556452417e-02
 5.609219316598e+04  1.466750200000e+01  5.724773243312e-02
 5.609220009492e+04  1.466841400000e+01  5.725812899540e-02
 5.609220683437e+04  1.468714200000e+01  5.738832257903e-02
 5.609818654002e+04  1.477152100000e+01  5.777123391551e-02
 5.609819345075e+04  1.477847200000e+01  5.784233114354e-02
 5.609820038326e+04  1.479331300000e+01  5.795274072437e-02
 5.609820718985e+04  1.481689700000e+01  5.813567423297e-02
