# time mag mag_err
 5.372850290831e+04  1.570505300000e+01  6.687752991810e-02
 5.372851210483e+04  1.571806400000e+01  6.783765066617e-02
 5.372852129915e+04  1.578052800000e+01  6.837326458434e-02
 5.372853046778e+04  1.586511300000e+01  6.971693700839e-02
 5.352918970135e+04  1.570252400000e+01  6.566335788922e-02
 5.352919536541e+04  1.565916000000e+01  6.523245761899e-02
 5.352920092274e+04  1.558329000000e+01  6.450239326122e-02
 5.352920643448e+04  1.558012900000e+01  6.452066040542e-02
 5.349816095093e+04  1.546931100000e+01  6.301118457480e-02
 5.349816741537e+04  1.544186100000e+01  6.275395564758e-02
 5.352018524178e+04  1.570754500000e+01  6.704885551725e-02
 5.352019166675e+04  1.565669000000e+01  7.458852628157e-02
 5.352020123957e+04  1.590636600000e+01  1.356435309222e-01
 5.352020764637e+04  1.561672300000e+01  1.794473245122e-01
 5.370446744422e+04  1.567117200000e+01  6.550480362007e-02
 5.370447387302e+04  1.568650700000e+01  6.562960112781e-02
 5.370448034638e+04  1.567664300000e+01  6.563023013762e-02
 5.370448682007e+04  1.570790300000e+01  6.592235215419e-02
 5.382725209615e+04  1.550709100000e+01  6.389537046156e-02
 5.382726061763e+04  1.552540900000e+01  6.408120305941e-02
 5.382726910613e+04  1.555045100000e+01  6.430639319297e-02
 5.382727762403e+04  1.558326200000e+01  6.465810813863e-02
 5.384421950079e+04  1.552606500000e+01  6.449448768063e-02
 5.385219614166e+04  1.591467700000e+01  6.863438202072e-02
 5.385220391416e+04  1.591086800000e+01  6.863312408491e-02
 5.385221172762e+04  1.590656600000e+01  6.852796194618e-02
 5.385221952708e+04  1.593074900000e+01  6.888301010620e-02
 5.409251629347e+04  1.610181500000e+01  6.912606356053e-02
 5.409252110633e+04  1.614239100000e+01  6.959175143988e-02
 5.409252590773e+04  1.615379500000e+01  6.966728247700e-02
 5.409253074882e+04  1.610540900000e+01  6.906097934295e-02
 5.378737900735e+04  1.603246400000e+01  6.934669392116e-02
 5.378738495950e+04  1.605782800000e+01  6.970917805747e-02
 5.378739092206e+04  1.603405000000e+01  6.940288985710e-02
 5.378739689111e+04  1.602392400000e+01  6.924862914154e-02
 5.374444311069e+04  1.620844000000e+01  7.265547022290e-02
 5.374444860183e+04  1.617360400000e+01  7.214011518087e-02
 5.374445408566e+04  1.621585600000e+01  7.272113882021e-02
 5.374445959034e+04  1.623633600000e+01  7.302299098047e-02
 5.376344949639e+04  1.611179300000e+01  7.025926705399e-02
 5.376345726703e+04  1.615126800000e+01  7.077940565437e-02
 5.376346499600e+04  1.611454800000e+01  7.031898264002e-02
 5.376347259476e+04  1.614358800000e+01  7.074857567210e-02
 5.390518932356e+04  1.590189200000e+01  1.243180257793e-01
 5.390519038554e+04  1.587479800000e+01  1.226061799345e-01
 5.390519141291e+04  1.585271600000e+01  1.216220544679e-01
 5.390519244352e+04  1.596329800000e+01  1.270420172709e-01
 5.379733340622e+04  1.608823200000e+01  1.240847356636e-01
 5.379733363759e+04  1.607699400000e+01  1.231343848040e-01
 5.379733386885e+04  1.604417000000e+01  1.214636397424e-01
 5.379733415197e+04  1.604283800000e+01  1.212935892754e-01
 5.381924961425e+04  1.618816300000e+01  7.769153274472e-02
 5.381925725977e+04  1.610913000000e+01  7.751366749570e-02
 5.381926490969e+04  1.599445700000e+01  7.526575056989e-02
 5.405648654396e+04  1.603715900000e+01  6.837671548822e-02
 5.405649256382e+04  1.604654400000e+01  6.841844246905e-02
 5.405649855671e+04  1.607649700000e+01  6.873914227866e-02
 5.405650459890e+04  1.609438300000e+01  6.890519534125e-02
 5.419822920935e+04  1.593409100000e+01  6.849719491520e-02
 5.419823516590e+04  1.596905900000e+01  6.971920564412e-02
 5.419824114617e+04  1.597065700000e+01  7.018405593652e-02
 5.419824710932e+04  1.588004200000e+01  7.162115690042e-02
 5.420524314039e+04  1.590949500000e+01  6.734065103368e-02
 5.420524853036e+04  1.590314200000e+01  6.726131164688e-02
 5.420525390748e+04  1.586649400000e+01  6.685120131236e-02
 5.420525932476e+04  1.589904000000e+01  6.721443855167e-02
 5.421425765223e+04  1.563860700000e+01  6.442611059257e-02
 5.421426423219e+04  1.566951600000e+01  6.474738994775e-02
 5.421427077267e+04  1.566304200000e+01  6.471362772879e-02
 5.421427728909e+04  1.568133200000e+01  6.489676136515e-02
 5.444045006015e+04  1.596836400000e+01  6.763457537402e-02
 5.444045841080e+04  1.598914500000e+01  6.780709701320e-02
 5.444046680207e+04  1.600764100000e+01  6.794732478560e-02
 5.444047518316e+04  1.599106200000e+01  6.777534674207e-02
 5.413937184249e+04  1.548811800000e+01  6.434105722570e-02
 5.413937721394e+04  1.558908600000e+01  6.646104227810e-02
 5.413938256918e+04  1.553016300000e+01  6.463576832638e-02
 5.413938792917e+04  1.551995900000e+01  6.541412731691e-02
 5.411535010427e+04  1.550264300000e+01  6.263463619038e-02
 5.411535966319e+04  1.551215300000e+01  6.269188396024e-02
 5.411536924538e+04  1.554978600000e+01  6.295933638608e-02
 5.411537881369e+04  1.554737000000e+01  6.289174009821e-02
 5.412729195433e+04  1.553287000000e+01  6.494127384990e-02
 5.412730222498e+04  1.545819400000e+01  6.408054099985e-02
 5.412731247190e+04  1.542607300000e+01  6.373819336532e-02
 5.412732278572e+04  1.545584800000e+01  6.389574506040e-02
 5.416843153572e+04  1.580553700000e+01  6.591899266661e-02
 5.416843465185e+04  1.577966200000e+01  6.569240460814e-02
 5.416843777828e+04  1.584749500000e+01  6.651444321464e-02
 5.416844086303e+04  1.581578000000e+01  6.614912777877e-02
 5.417430010081e+04  1.602212000000e+01  6.816517324043e-02
 5.417430725892e+04  1.603748100000e+01  6.830647844773e-02
 5.417431438068e+04  1.605569100000e+01  6.859120758425e-02
 5.417432153231e+04  1.600395000000e+01  6.790552505496e-02
 5.418429666895e+04  1.605021500000e+01  7.330349873268e-02
 5.418430150218e+04  1.610904200000e+01  7.430738675447e-02
 5.418430632233e+04  1.601285000000e+01  8.075505301058e-02
 5.418431114722e+04  1.670509200000e+01  1.382536477965e-01
 5.422928047797e+04  1.596418900000e+01  6.900550408561e-02
 5.422929068392e+04  1.592398900000e+01  6.863312408491e-02
 5.422930089439e+04  1.593832100000e+01  6.846592891819e-02
 5.422931112487e+04  1.595966400000e+01  6.935801790835e-02
 5.442448490726e+04  1.622876900000e+01  7.131298503300e-02
 5.442449314852e+04  1.620189800000e+01  7.078102436592e-02
 5.442450140216e+04  1.616990600000e+01  7.015774715329e-02
 5.442450967191e+04  1.611337000000e+01  6.938541709551e-02
 5.456224707534e+04  1.563732600000e+01  6.533563772282e-02
 5.456225251137e+04  1.559724100000e+01  6.431836573515e-02
 5.456225797772e+04  1.552709100000e+01  6.358498467409e-02
 5.456226339165e+04  1.547646400000e+01  6.311610950737e-02
 5.458126417911e+04  1.611036400000e+01  7.084668221637e-02
 5.458127126939e+04  1.611181600000e+01  7.094147476746e-02
 5.458127835331e+04  1.601610000000e+01  6.956778006904e-02
 5.458128544868e+04  1.589827300000e+01  6.816724866979e-02
 5.452331151397e+04  1.620319200000e+01  7.061783046290e-02
 5.452331851223e+04  1.617449500000e+01  7.025774097382e-02
 5.452332556235e+04  1.622281200000e+01  7.092186095801e-02
 5.452333258839e+04  1.621955200000e+01  7.084301412337e-02
 5.448240213907e+04  1.614820900000e+01  7.094477135761e-02
 5.448240642632e+04  1.609280000000e+01  7.115136540043e-02
 5.448241070779e+04  1.613439300000e+01  7.435274724557e-02
 5.448241497212e+04  1.604923000000e+01  7.818802620239e-02
 5.449633535373e+04  1.605780300000e+01  6.869054941863e-02
 5.449634186609e+04  1.602281500000e+01  6.822250756794e-02
 5.449635002378e+04  1.602738100000e+01  7.220329696973e-02
 5.449635766780e+04  1.602109200000e+01  6.804375678156e-02
 5.462517908821e+04  1.553702300000e+01  6.383316908513e-02
 5.462518630882e+04  1.553279800000e+01  6.377847478453e-02
 5.462519348406e+04  1.558327900000e+01  6.428376801802e-02
 5.462520060906e+04  1.554903500000e+01  6.398277638975e-02
 5.452832395662e+04  1.588654900000e+01  6.642338630863e-02
 5.452832990634e+04  1.580633500000e+01  6.557291948934e-02
 5.452833588186e+04  1.573274800000e+01  6.484644430908e-02
 5.452834186191e+04  1.570471500000e+01  6.451882567320e-02
 5.453627832809e+04  1.569485600000e+01  6.177028436160e-02
 5.453628424957e+04  1.568659600000e+01  6.169420739988e-02
 5.453629014986e+04  1.569789800000e+01  6.176107754400e-02
 5.453629602318e+04  1.572114300000e+01  6.194517133000e-02
 5.454928566436e+04  1.609304500000e+01  7.289292246349e-02
 5.454929146199e+04  1.611355000000e+01  7.321341670181e-02
 5.454929725534e+04  1.609010300000e+01  7.283969324179e-02
 5.454930304810e+04  1.604893500000e+01  7.222030017612e-02
 5.459120118415e+04  1.558809300000e+01  6.383836765398e-02
 5.459120924220e+04  1.555815900000e+01  6.357080000038e-02
 5.459121729317e+04  1.546546600000e+01  6.273069826909e-02
 5.459122534462e+04  1.542803700000e+01  6.241860140871e-02
 5.493924258404e+04  1.625240500000e+01  7.161184547218e-02
 5.493924726611e+04  1.622785900000e+01  7.126419845349e-02
 5.493925217065e+04  1.619714700000e+01  7.085810201557e-02
 5.493925696719e+04  1.616858500000e+01  7.043043562628e-02
 5.494823318707e+04  1.608354300000e+01  6.950884418268e-02
 5.494823994993e+04  1.608410000000e+01  6.960694578670e-02
 5.494824649146e+04  1.609647900000e+01  6.976267800996e-02
 5.494825305304e+04  1.606515500000e+01  6.941993738087e-02
 5.486341084497e+04  1.598182400000e+01  6.402640152198e-02
 5.486341738314e+04  1.596667800000e+01  6.385548255143e-02
 5.486342391182e+04  1.599252000000e+01  6.408899348862e-02
 5.486343046260e+04  1.599397800000e+01  6.410665195703e-02
 5.487743717878e+04  1.583674200000e+01  6.668900447029e-02
 5.487744252025e+04  1.587394400000e+01  6.639568424330e-02
 5.487744797110e+04  1.587166300000e+01  6.640123151182e-02
 5.487745347196e+04  1.589547600000e+01  6.660489585723e-02
 5.485637880113e+04  1.597732600000e+01  6.715788160770e-02
 5.485638667282e+04  1.598701600000e+01  6.723367804041e-02
 5.485639458884e+04  1.598456800000e+01  6.718254041799e-02
 5.485640245938e+04  1.601460300000e+01  6.754427000664e-02
 5.500617304532e+04  1.609225200000e+01  7.870565193347e-02
 5.500617800622e+04  1.601357300000e+01  7.748152179227e-02
 5.500618287567e+04  1.603654600000e+01  7.812772712236e-02
 5.500618775328e+04  1.607758600000e+01  7.916851529174e-02
 5.490538652190e+04  1.591647000000e+01  6.703409215352e-02
 5.490539208769e+04  1.579010200000e+01  6.563443230957e-02
 5.490539762512e+04  1.584493300000e+01  6.622474654173e-02
 5.490540321764e+04  1.566847200000e+01  6.443778701308e-02
 5.491127372541e+04  1.575469400000e+01  6.222283897031e-02
 5.491128068455e+04  1.574112700000e+01  6.210722945398e-02
 5.491128762425e+04  1.577358900000e+01  6.238742866980e-02
 5.491129449994e+04  1.580559900000e+01  6.288717472490e-02
 5.491820668438e+04  1.549217500000e+01  6.285846334923e-02
 5.491821149204e+04  1.550626700000e+01  6.297500746669e-02
 5.491821627087e+04  1.555395400000e+01  6.339088059496e-02
 5.491822116661e+04  1.553460300000e+01  6.322440153612e-02
 5.496820269076e+04  1.618498700000e+01  7.249475553802e-02
 5.496821003367e+04  1.618562200000e+01  7.249816056434e-02
 5.496821744040e+04  1.617663800000e+01  7.244010549753e-02
 5.496822484155e+04  1.608878700000e+01  7.128157226478e-02
 5.515448098101e+04  1.605562400000e+01  7.006000665429e-02
 5.515448743527e+04  1.608906200000e+01  7.042550992534e-02
 5.515449398060e+04  1.605650500000e+01  6.985903105918e-02
 5.515450060073e+04  1.608728200000e+01  7.018279529641e-02
 5.529029552101e+04  1.545237800000e+01  6.268137251751e-02
 5.529030250610e+04  1.545017800000e+01  6.266131991526e-02
 5.529030946987e+04  1.545478800000e+01  6.271726223812e-02
 5.529031641282e+04  1.548996700000e+01  6.305479640753e-02
 5.529919635234e+04  1.603200300000e+01  6.871581545713e-02
 5.553150178410e+04  1.606673300000e+01  6.997553297539e-02
 5.553151220660e+04  1.606156400000e+01  6.970846150351e-02
 5.553151743116e+04  1.610879100000e+01  7.009774719473e-02
 5.553846706968e+04  1.599834500000e+01  6.875327676205e-02
 5.553847868277e+04  1.600101300000e+01  6.865568815547e-02
 5.553848448295e+04  1.604008000000e+01  6.918078715925e-02
 5.535115795250e+04  1.572476300000e+01  6.591811722746e-02
 5.535321268080e+04  1.560740700000e+01  6.453642703629e-02
 5.535322011417e+04  1.561861600000e+01  6.476667457246e-02
 5.535322761014e+04  1.560606600000e+01  6.469638583448e-02
 5.535323503206e+04  1.565240900000e+01  6.524197081277e-02
 5.536020550738e+04  1.546534600000e+01  6.362932994938e-02
 5.536021005730e+04  1.545006600000e+01  6.349255340243e-02
 5.536021460429e+04  1.545592700000e+01  6.361974811677e-02
 5.536021919897e+04  1.547533400000e+01  6.389874686158e-02
 5.537016469174e+04  1.559157300000e+01  6.948103932652e-02
 5.537017008532e+04  1.561724300000e+01  6.991299049039e-02
 5.537017556464e+04  1.563640400000e+01  7.021892246515e-02
 5.537018100519e+04  1.556241000000e+01  6.931008367593e-02
 5.526031753963e+04  1.604620300000e+01  6.894462720518e-02
 5.526032335639e+04  1.608882600000e+01  6.948824360883e-02
 5.526032913770e+04  1.611144200000e+01  6.981591220714e-02
 5.526033485932e+04  1.614004400000e+01  7.018040132091e-02
 5.526730263015e+04  1.595160300000e+01  6.797409386501e-02
 5.526731025159e+04  1.594075300000e+01  6.789501475707e-02
 5.526731791506e+04  1.595018100000e+01  6.800598992040e-02
 5.526732554755e+04  1.596124100000e+01  6.810305314271e-02
 5.532422211168e+04  1.550511500000e+01  6.319325498013e-02
 5.532422950637e+04  1.550114100000e+01  6.321133978251e-02
 5.532423704620e+04  1.554187400000e+01  6.360420549593e-02
 5.532424454326e+04  1.554298400000e+01  6.363630750586e-02
 5.565627531339e+04  1.582385500000e+01  6.367705202333e-02
 5.565628150080e+04  1.587080600000e+01  6.414641626270e-02
 5.565628772866e+04  1.586038700000e+01  6.406587413435e-02
 5.565629388164e+04  1.585995800000e+01  6.404273134112e-02
 5.566415670266e+04  1.596224500000e+01  6.923113753976e-02
 5.566416194529e+04  1.602149100000e+01  6.997233281469e-02
 5.566416720413e+04  1.601571100000e+01  6.990627276428e-02
 5.566417239630e+04  1.597544700000e+01  6.940093365966e-02
 5.560246325602e+04  1.558058100000e+01  6.145006173895e-02
 5.560247228252e+04  1.559637300000e+01  6.159663980753e-02
 5.560248134503e+04  1.563663700000e+01  6.192744750421e-02
 5.560249040118e+04  1.565492000000e+01  6.209377754276e-02
 5.561743860123e+04  1.584094900000e+01  6.693358104879e-02
 5.561744660938e+04  1.585434700000e+01  6.711139160627e-02
 5.561745475587e+04  1.589219000000e+01  6.761585811749e-02
 5.561746288882e+04  1.588583500000e+01  6.756940049910e-02
 5.557448125781e+04  1.599606000000e+01  6.899607576878e-02
 5.557448700833e+04  1.598587300000e+01  6.887458487628e-02
 5.557449283071e+04  1.598663100000e+01  6.848566161931e-02
 5.557449866780e+04  1.604900500000e+01  6.919031687128e-02
 5.562434115198e+04  1.556330900000e+01  6.157585942987e-02
 5.562435148463e+04  1.555274700000e+01  6.150560018120e-02
 5.562436182603e+04  1.557897100000e+01  6.175872304628e-02
 5.562437216419e+04  1.562009300000e+01  6.211465607289e-02
 5.564433003039e+04  1.596864800000e+01  6.940818432595e-02
 5.564433577561e+04  1.593080400000e+01  6.892700683241e-02
 5.564434157440e+04  1.595650000000e+01  6.929064538111e-02
 5.564434733108e+04  1.591873700000e+01  6.887253341728e-02
 5.564925944550e+04  1.587376000000e+01  6.223014412253e-02
 5.564926991977e+04  1.589339800000e+01  6.238350308933e-02
 5.564928040949e+04  1.590075800000e+01  6.243588027836e-02
 5.564929087618e+04  1.593758900000e+01  6.272538109409e-02
 5.568917627193e+04  1.606929200000e+01  7.053845719374e-02
 5.568918141155e+04  1.602726200000e+01  7.002849483371e-02
 5.568918647696e+04  1.593975000000e+01  6.888268610102e-02
 5.568919169634e+04  1.585096400000e+01  6.776660794547e-02
 5.589247196950e+04  1.621632200000e+01  7.137512639495e-02
 5.589247721919e+04  1.616801800000e+01  7.070125994232e-02
 5.589248248885e+04  1.624035300000e+01  7.162870265366e-02
 5.589248775277e+04  1.619789500000e+01  7.104477059257e-02
 5.592351293061e+04  1.615031400000e+01  7.021537924709e-02
 5.592351863796e+04  1.615849500000e+01  7.030363204306e-02
 5.592352433475e+04  1.617077100000e+01  7.045484643552e-02
 5.592353005620e+04  1.617156100000e+01  7.048741286725e-02
 5.597538107532e+04  1.574143400000e+01  6.572718249502e-02
 5.597538838057e+04  1.575665500000e+01  6.594935598417e-02
 5.597539579263e+04  1.573549800000e+01  6.572370496185e-02
 5.597540303047e+04  1.578891600000e+01  6.629778976192e-02
 5.598234687969e+04  1.553444500000e+01  6.344453194918e-02
 5.598235195182e+04  1.555417300000e+01  6.362236046792e-02
 5.598235705233e+04  1.556114300000e+01  6.370258680965e-02
 5.598236209377e+04  1.558026400000e+01  6.387873230323e-02
 5.598924921360e+04  1.622132300000e+01  7.189714271293e-02
 5.598925431875e+04  1.618857100000e+01  7.133604122230e-02
 5.598925944377e+04  1.617791500000e+01  7.117190461196e-02
 5.598926462124e+04  1.612599500000e+01  7.049459361622e-02
 5.599928331440e+04  1.554828700000e+01  6.372197717062e-02
 5.599928837368e+04  1.556121700000e+01  6.383231982963e-02
 5.599929340422e+04  1.556727800000e+01  6.384059785632e-02
 5.599929843666e+04  1.556731300000e+01  6.390099813015e-02
 5.600724117086e+04  1.587593300000e+01  6.387413951270e-02
 5.600725140100e+04  1.588463900000e+01  6.394717898598e-02
 5.600726158725e+04  1.592234400000e+01  6.432301317573e-02
 5.600727176998e+04  1.590392500000e+01  6.411480720823e-02
 5.601626634420e+04  1.563116600000e+01  6.467245920609e-02
 5.601627320789e+04  1.561128100000e+01  6.447406226385e-02
 5.601628012167e+04  1.564893400000e+01  6.573805625743e-02
 5.601628702479e+04  1.563247500000e+01  6.482859906366e-02
 5.602820901442e+04  1.544921300000e+01  6.321616843088e-02
 5.602821412625e+04  1.547073700000e+01  6.338762982584e-02
 5.602821922096e+04  1.546565300000e+01  6.333600200602e-02
 5.602822429309e+04  1.549018800000e+01  6.358279694609e-02
 5.603519715634e+04  1.573057400000e+01  6.569431331686e-02
 5.603520279472e+04  1.573194000000e+01  6.570407215874e-02
 5.603520842915e+04  1.570639900000e+01  6.539225623217e-02
 5.603521406218e+04  1.566458900000e+01  6.499080047598e-02
 5.604616116573e+04  1.598789100000e+01  6.911671811307e-02
 5.604616950221e+04  1.596033000000e+01  6.879732573890e-02
 5.604617805771e+04  1.598052600000e+01  6.907424280805e-02
 5.604618661959e+04  1.603727000000e+01  6.991274587926e-02
 5.609615845868e+04  1.579330700000e+01  6.321707745816e-02
 5.609616526110e+04  1.578946000000e+01  6.327220509192e-02
 5.609617203042e+04  1.582325200000e+01  6.358870196204e-02
 5.609617887752e+04  1.583329200000e+01  6.373908057984e-02
