# time mag mag_err
 5.348147573311e+04  1.580548300000e+01  7.110329135592e-02
 5.348147965495e+04  1.573386700000e+01  7.003258331771e-02
 5.348148354716e+04  1.574714500000e+01  7.010998875548e-02
 5.348148740927e+04  1.574724000000e+01  7.008564703782e-02
 5.370608629104e+04  1.556597400000e+01  6.525626538620e-02
 5.370609213612e+04  1.553630100000e+01  6.497611215051e-02
 5.370609801374e+04  1.555941000000e+01  6.525712721689e-02
 5.370610396727e+04  1.560714200000e+01  6.575899844004e-02
 5.371306529131e+04  1.567695800000e+01  7.140758354446e-02
 5.371307172414e+04  1.577063900000e+01  6.954551405783e-02
 5.371307815282e+04  1.564753200000e+01  6.674174239602e-02
 5.371308456461e+04  1.566734900000e+01  6.823685694062e-02
 5.356233590706e+04  1.550306800000e+01  6.462878066093e-02
 5.356234399936e+04  1.550494200000e+01  6.469815074661e-02
 5.356235210729e+04  1.556193700000e+01  6.533577258836e-02
 5.356236019242e+04  1.547255900000e+01  6.440979959785e-02
 5.356338434103e+04  1.571449800000e+01  6.752049554175e-02
 5.356339081751e+04  1.557904900000e+01  6.594217405680e-02
 5.356339730279e+04  1.559806700000e+01  6.619446217659e-02
 5.356340371502e+04  1.552998500000e+01  6.560444446433e-02
 5.352841979652e+04  1.580031400000e+01  6.732955693134e-02
 5.352842741935e+04  1.578704800000e+01  6.712242606325e-02
 5.352843518409e+04  1.581512000000e+01  6.742667114028e-02
 5.352844284002e+04  1.580585200000e+01  6.729222406467e-02
 5.355137122074e+04  1.564974200000e+01  6.622901768328e-02
 5.355137880468e+04  1.545691800000e+01  6.433967707053e-02
 5.355138640402e+04  1.549030300000e+01  6.466385655653e-02
 5.355139395404e+04  1.545129300000e+01  6.424374784582e-02
 5.349446051505e+04  1.550805000000e+01  6.499423761668e-02
 5.349446707199e+04  1.550317200000e+01  6.481222628781e-02
 5.349447358366e+04  1.553767800000e+01  6.505527586634e-02
 5.349448013340e+04  1.551374600000e+01  6.472040259751e-02
 5.350544954809e+04  1.574637200000e+01  6.759332884790e-02
 5.350545492694e+04  1.568680900000e+01  6.680345265276e-02
 5.350546029365e+04  1.571286200000e+01  6.706433373288e-02
 5.350546564287e+04  1.578149400000e+01  6.775994326834e-02
 5.368613315030e+04  1.540243300000e+01  6.350519772575e-02
 5.368613896205e+04  1.542898100000e+01  6.378573233238e-02
 5.368614478063e+04  1.545789700000e+01  6.405541884385e-02
 5.368615058925e+04  1.547176200000e+01  6.423836675671e-02
 5.369607398032e+04  1.578682000000e+01  6.741473195035e-02
 5.369608040714e+04  1.572883500000e+01  6.675240159140e-02
 5.369608681464e+04  1.578718700000e+01  6.741966663898e-02
 5.369609324539e+04  1.572976600000e+01  6.680626287474e-02
 5.365313606354e+04  1.553212300000e+01  6.591600037276e-02
 5.365314357642e+04  1.554979200000e+01  6.601151770199e-02
 5.365315109601e+04  1.555714300000e+01  6.606185589834e-02
 5.365315860413e+04  1.555606200000e+01  6.599983886163e-02
 5.367011903850e+04  1.569328500000e+01  6.640521873698e-02
 5.367012538117e+04  1.570977600000e+01  6.667015706325e-02
 5.367013172223e+04  1.568996600000e+01  6.638148315426e-02
 5.367013808192e+04  1.576096000000e+01  6.720457578126e-02
 5.363717877167e+04  1.577818500000e+01  6.841466769879e-02
 5.363718626869e+04  1.578714400000e+01  6.841344369787e-02
 5.363719378284e+04  1.578965600000e+01  6.848113489280e-02
 5.363720128402e+04  1.580551600000e+01  6.868274314941e-02
 5.364312927969e+04  1.582233000000e+01  6.883967913419e-02
 5.364313565431e+04  1.576893500000e+01  6.813331410035e-02
 5.364314200647e+04  1.576324600000e+01  6.801083402953e-02
 5.364314839672e+04  1.578899900000e+01  6.835937598981e-02
 5.407009828657e+04  1.575917400000e+01  7.666587034451e-02
 5.407010265821e+04  1.574205300000e+01  7.651752179658e-02
 5.407010705484e+04  1.567134400000e+01  7.536163910308e-02
 5.407011143560e+04  1.576839300000e+01  7.711506064599e-02
 5.408107890792e+04  1.540375700000e+01  6.280129429256e-02
 5.408108385249e+04  1.543463100000e+01  6.312938379930e-02
 5.408108880506e+04  1.545524800000e+01  6.334885479849e-02
 5.408109374280e+04  1.546165500000e+01  6.304354944846e-02
 5.391734679271e+04  1.588031300000e+01  7.238159497376e-02
 5.391735160162e+04  1.583403200000e+01  7.149542774758e-02
 5.391735638230e+04  1.585941100000e+01  7.209272950560e-02
 5.391736118521e+04  1.590348600000e+01  7.242624869092e-02
 5.392539592821e+04  1.541969200000e+01  1.045663995204e-01
 5.392539739610e+04  1.547874500000e+01  1.068791458096e-01
 5.392539894375e+04  1.551110200000e+01  1.080377558498e-01
 5.392540041407e+04  1.543448200000e+01  1.054250607488e-01
 5.393730036223e+04  1.549073900000e+01  6.600190699059e-02
 5.393730736860e+04  1.543555200000e+01  6.536614285727e-02
 5.393731434800e+04  1.548518100000e+01  6.590936318439e-02
 5.393732134118e+04  1.544774100000e+01  6.543892873496e-02
 5.390337733994e+04  1.576195700000e+01  1.203536324024e-01
 5.390337842090e+04  1.567167800000e+01  1.164495315041e-01
 5.390337941435e+04  1.574038200000e+01  1.195272607474e-01
 5.390338043628e+04  1.572372900000e+01  1.187534823860e-01
 5.388343964889e+04  1.562084500000e+01  6.631576279082e-02
 5.388344299801e+04  1.562990800000e+01  6.640373338501e-02
 5.388344632781e+04  1.567409800000e+01  6.698286184291e-02
 5.388344966594e+04  1.557489100000e+01  6.589007026944e-02
 5.405507864050e+04  1.567695100000e+01  6.476280153224e-02
 5.405508747948e+04  1.559106600000e+01  6.396817623843e-02
 5.405509628524e+04  1.553605000000e+01  6.346629807032e-02
 5.405510509089e+04  1.548409600000e+01  6.300440076226e-02
 5.406108133980e+04  1.569992900000e+01  6.529693475071e-02
 5.406108948581e+04  1.571293800000e+01  6.542091318098e-02
 5.406109762186e+04  1.565604000000e+01  6.487339807248e-02
 5.406110574843e+04  1.559579700000e+01  6.431223339990e-02
 5.402408899544e+04  1.561934200000e+01  6.427823903625e-02
 5.402409642949e+04  1.559415500000e+01  6.403171163678e-02
 5.402410385845e+04  1.562750400000e+01  6.432772012632e-02
 5.402411127896e+04  1.562163000000e+01  6.428964524222e-02
 5.403012440887e+04  1.564861900000e+01  6.459317574497e-02
 5.403013082575e+04  1.560919300000e+01  6.417185355662e-02
 5.403013727884e+04  1.566063100000e+01  6.473195517706e-02
 5.403014370647e+04  1.563216600000e+01  6.442786068774e-02
 5.403713375725e+04  1.527983300000e+01  6.125896223079e-02
 5.403714019309e+04  1.527526400000e+01  6.123342644622e-02
 5.403714665001e+04  1.529503900000e+01  6.137728703136e-02
 5.403715311179e+04  1.532526700000e+01  6.165454258607e-02
 5.398915041161e+04  1.545323600000e+01  6.301658885174e-02
 5.398915777714e+04  1.554327400000e+01  6.380438833034e-02
 5.398916370382e+04  1.542657000000e+01  6.273250068749e-02
 5.398916963317e+04  1.554028400000e+01  6.373114920719e-02
 5.400115886181e+04  1.549517000000e+01  6.351535176026e-02
 5.400116524047e+04  1.550406800000e+01  6.359598906881e-02
 5.400117166765e+04  1.550467600000e+01  6.357415323461e-02
 5.400117807317e+04  1.554177900000e+01  6.389188925341e-02
 5.421248479503e+04  1.583691600000e+01  7.498164514439e-02
 5.421248834729e+04  1.585927700000e+01  7.531561706102e-02
 5.421249188440e+04  1.578527900000e+01  7.399191759852e-02
 5.421249544464e+04  1.589892800000e+01  7.529555833353e-02
 5.445306219528e+04  1.527032300000e+01  6.574168419959e-02
 5.445306724542e+04  1.528192400000e+01  6.590761341128e-02
 5.445307228583e+04  1.528415700000e+01  6.597411022823e-02
 5.445307732890e+04  1.525599000000e+01  6.573300866337e-02
 5.425938569331e+04  1.582421600000e+01  6.820182730471e-02
 5.425939217060e+04  1.582793100000e+01  6.810933178316e-02
 5.425939862381e+04  1.590072100000e+01  6.899629513403e-02
 5.425940508501e+04  1.580954600000e+01  6.779407991234e-02
 5.426633998362e+04  1.566478200000e+01  6.762110841774e-02
 5.426634880721e+04  1.568469000000e+01  6.767168362873e-02
 5.426635767675e+04  1.570567300000e+01  6.772904023208e-02
 5.426636651689e+04  1.571574900000e+01  6.771773953650e-02
 5.427736484581e+04  1.573865400000e+01  6.745790697305e-02
 5.427737081891e+04  1.580317100000e+01  6.817516154403e-02
 5.427737678137e+04  1.580487900000e+01  6.819845159780e-02
 5.427738276267e+04  1.586636300000e+01  6.912339204535e-02
 5.422743895176e+04  1.580478100000e+01  7.144088049459e-02
 5.423644730094e+04  1.575499200000e+01  6.865999781841e-02
 5.423645052992e+04  1.576532200000e+01  6.934898027102e-02
 5.423645377348e+04  1.568305700000e+01  6.961201624343e-02
 5.423645703522e+04  1.577146500000e+01  6.878471611944e-02
 5.424440549642e+04  1.582109900000e+01  6.824893382609e-02
 5.424441037259e+04  1.582534000000e+01  6.820570018930e-02
 5.424441523684e+04  1.574445000000e+01  6.720161036907e-02
 5.424442008510e+04  1.572156700000e+01  6.685611017589e-02
 5.440715869591e+04  1.571530900000e+01  6.580150413920e-02
 5.440716598818e+04  1.575533800000e+01  6.625225078866e-02
 5.440717321725e+04  1.575286900000e+01  6.628178343088e-02
 5.440718046703e+04  1.574756800000e+01  6.627425377948e-02
 5.441308380583e+04  1.574097700000e+01  6.593675618693e-02
 5.441308926444e+04  1.573500700000e+01  6.587851988346e-02
 5.441309468219e+04  1.572514500000e+01  6.578494316251e-02
 5.441310009021e+04  1.571070800000e+01  6.562799058032e-02
 5.438012475921e+04  1.575481000000e+01  6.606931109110e-02
 5.438013062918e+04  1.576652900000e+01  6.618550856250e-02
 5.438013651698e+04  1.573151200000e+01  6.579791608528e-02
 5.438014239470e+04  1.577162800000e+01  6.621171885829e-02
 5.439115744094e+04  1.523973800000e+01  6.124716046295e-02
 5.439116553880e+04  1.520956700000e+01  6.107412634118e-02
 5.439117366339e+04  1.522448300000e+01  6.116678907713e-02
 5.439118176924e+04  1.525363700000e+01  6.141934583002e-02
 5.434821933003e+04  1.576979100000e+01  6.741329735834e-02
 5.434822738808e+04  1.576061500000e+01  6.718601998276e-02
 5.434823545318e+04  1.576862800000e+01  6.729372376165e-02
 5.434824361562e+04  1.584267900000e+01  7.091118058581e-02
 5.435421828431e+04  1.576346000000e+01  6.685452877681e-02
 5.435422478683e+04  1.576964000000e+01  6.686118822956e-02
 5.435423131296e+04  1.578917500000e+01  6.714463110313e-02
 5.435423783458e+04  1.578410300000e+01  6.708087300557e-02
 5.458046894431e+04  1.545539900000e+01  6.952062130502e-02
 5.458047240397e+04  1.539164900000e+01  6.881049153069e-02
 5.458047584917e+04  1.542909200000e+01  6.935492792710e-02
 5.458047933325e+04  1.543132700000e+01  6.936958555472e-02
 5.482108191958e+04  1.554586000000e+01  6.402678417699e-02
 5.482108801514e+04  1.556449200000e+01  6.427613159838e-02
 5.482109403269e+04  1.556672900000e+01  6.445089035608e-02
 5.482109998310e+04  1.552252400000e+01  6.402541613446e-02
 5.462435775720e+04  1.535303000000e+01  6.070271448907e-02
 5.462436441355e+04  1.532680800000e+01  6.044932883641e-02
 5.462437102858e+04  1.530313600000e+01  6.023363741586e-02
 5.462437762057e+04  1.527439400000e+01  6.000258757458e-02
 5.458944832558e+04  1.569321200000e+01  6.627686529626e-02
 5.458945273147e+04  1.564347000000e+01  6.571356249436e-02
 5.458945711942e+04  1.561589400000e+01  6.533456544194e-02
 5.458946152520e+04  1.558017500000e+01  6.490687117233e-02
 5.460142023576e+04  1.586982100000e+01  6.925642689278e-02
 5.460142737409e+04  1.586269800000e+01  6.885819076025e-02
 5.460143286858e+04  1.588121100000e+01  6.900407833101e-02
 5.460143842208e+04  1.584500200000e+01  6.846367080146e-02
 5.479008517086e+04  1.580369200000e+01  6.635813639113e-02
 5.479009243059e+04  1.576396800000e+01  6.614603489812e-02
 5.479009955258e+04  1.580257200000e+01  6.658626531167e-02
 5.479010672019e+04  1.581146200000e+01  6.665095377486e-02
 5.474012362641e+04  1.574366000000e+01  6.680378349626e-02
 5.474013153248e+04  1.578093000000e+01  6.724735105882e-02
 5.476710622938e+04  1.571779600000e+01  6.526176696071e-02
 5.476711473523e+04  1.569413000000e+01  6.505399043299e-02
 5.476712326980e+04  1.570606700000e+01  6.517428857711e-02
 5.476713168700e+04  1.575449100000e+01  6.571880916808e-02
 5.473020211336e+04  1.538008000000e+01  6.240871689348e-02
 5.473020850199e+04  1.536808500000e+01  6.235351296478e-02
 5.473021492811e+04  1.539158000000e+01  6.255465640566e-02
 5.473022132601e+04  1.538112200000e+01  6.247278373096e-02
 5.505826559367e+04  1.573520100000e+01  6.362620304433e-02
 5.505827285529e+04  1.591434100000e+01  7.034436974369e-02
 5.505828003296e+04  1.585274100000e+01  6.936546088966e-02
 5.505828726785e+04  1.565568900000e+01  6.283553572283e-02
 5.505932273097e+04  1.580086800000e+01  6.690680119693e-02
 5.505933063706e+04  1.571504900000e+01  6.317304175978e-02
 5.505933851990e+04  1.573579500000e+01  6.339166878297e-02
 5.505934635473e+04  1.574791400000e+01  6.355614319772e-02
 5.507020642221e+04  1.577598700000e+01  6.709323764374e-02
 5.507021376009e+04  1.581411200000e+01  6.749344090118e-02
 5.507022108957e+04  1.573976600000e+01  6.665079178108e-02
 5.507022836933e+04  1.578641500000e+01  6.712432445334e-02
 5.504026531839e+04  1.567661200000e+01  6.625891307207e-02
 5.504027151271e+04  1.558330100000e+01  6.527942711180e-02
 5.504027772182e+04  1.552153500000e+01  6.464656652519e-02
 5.504028380106e+04  1.551036200000e+01  6.452421344474e-02
 5.499940212624e+04  1.555092800000e+01  7.378709587553e-02
 5.499940581021e+04  1.551098600000e+01  7.312933225719e-02
 5.499940948843e+04  1.549690300000e+01  7.288937673232e-02
 5.499941331396e+04  1.549377200000e+01  7.283616667895e-02
 5.495244303814e+04  1.588221700000e+01  6.936007815531e-02
 5.495245032415e+04  1.593461600000e+01  6.992423938985e-02
 5.495245768321e+04  1.579641200000e+01  6.797833953350e-02
 5.495246491170e+04  1.589507900000e+01  6.909306924651e-02
 5.497839456727e+04  1.542886500000e+01  6.401759738305e-02
 5.497840303819e+04  1.539125000000e+01  6.355163627968e-02
 5.497841148608e+04  1.536340900000e+01  6.324123747328e-02
 5.497841987147e+04  1.535594400000e+01  6.312820582432e-02
 5.514109348047e+04  1.572774800000e+01  6.631877591424e-02
 5.514110017052e+04  1.576770800000e+01  6.680394811586e-02
 5.514110666381e+04  1.576267300000e+01  6.676085785066e-02
 5.514111322825e+04  1.576704100000e+01  6.677697722944e-02
 5.515406545757e+04  1.552869100000e+01  6.939116062599e-02
 5.515407125877e+04  1.550396100000e+01  6.906617187884e-02
 5.515407693242e+04  1.551855900000e+01  6.916231947363e-02
 5.515408270574e+04  1.555344000000e+01  6.972458279697e-02
 5.512812164652e+04  1.532027200000e+01  6.229202912514e-02
 5.512813076162e+04  1.532255900000e+01  6.225349083437e-02
 5.512813999914e+04  1.531987400000e+01  6.228443788286e-02
 5.512814905332e+04  1.537084600000e+01  6.273399612571e-02
 5.508419978578e+04  1.539863400000e+01  6.894342992967e-02
 5.508420377359e+04  1.528673700000e+01  6.671622349836e-02
 5.508420771777e+04  1.531105700000e+01  6.676373362004e-02
 5.508421161579e+04  1.530653100000e+01  6.675478185632e-02
 5.509424469280e+04  1.580635100000e+01  6.767474527425e-02
 5.509425309162e+04  1.576398300000e+01  6.719768781416e-02
 5.509426148153e+04  1.578052200000e+01  6.739645728555e-02
 5.509426995059e+04  1.576530300000e+01  6.726263007216e-02
 5.538233572318e+04  1.543935700000e+01  6.378483828053e-02
 5.538234209306e+04  1.541848600000e+01  6.357130782551e-02
 5.538234853824e+04  1.543867300000e+01  6.373067968407e-02
 5.538235494021e+04  1.538800800000e+01  6.322578997430e-02
 5.535238083833e+04  1.547201000000e+01  6.396974875933e-02
 5.535238867001e+04  1.542983000000e+01  6.353677277424e-02
 5.535239609135e+04  1.546495000000e+01  6.387163021520e-02
 5.535240357216e+04  1.546560500000e+01  6.378499550073e-02
 5.536034482956e+04  1.573340900000e+01  6.708447730646e-02
 5.536035344631e+04  1.571496100000e+01  6.678513195633e-02
 5.536036219023e+04  1.574841400000e+01  6.710123368090e-02
 5.536037089735e+04  1.575208300000e+01  6.703801535204e-02
 5.532645701743e+04  1.537494600000e+01  6.651603152138e-02
 5.532646041434e+04  1.534451900000e+01  6.614234127545e-02
 5.532646384900e+04  1.535966000000e+01  6.627932393801e-02
 5.532646725126e+04  1.534581500000e+01  6.617755075066e-02
 5.534043104657e+04  1.557067700000e+01  6.477664702302e-02
 5.534043622299e+04  1.556319800000e+01  6.465962038322e-02
 5.534044139352e+04  1.557936400000e+01  6.473391269328e-02
 5.534044664031e+04  1.560246100000e+01  6.489513039495e-02
 5.551708999174e+04  1.550783500000e+01  6.981784616089e-02
 5.551710187551e+04  1.552817800000e+01  7.013866252470e-02
 5.551710768628e+04  1.552645000000e+01  7.008951291682e-02
 5.552809593213e+04  1.567432900000e+01  7.157984267300e-02
 5.552810683806e+04  1.563800500000e+01  7.121935000530e-02
 5.552811221934e+04  1.568740600000e+01  7.202178390477e-02
 5.547814689060e+04  1.557561200000e+01  6.479113945676e-02
 5.547816279396e+04  1.565626400000e+01  6.564361711994e-02
 5.547817081613e+04  1.564327800000e+01  6.554707066737e-02
 5.550006656855e+04  1.588543100000e+01  6.836717909550e-02
 5.550008017586e+04  1.576750500000e+01  6.693358104879e-02
 5.550008703199e+04  1.577602000000e+01  6.695328787441e-02
 5.545525150964e+04  1.558052900000e+01  6.457374578503e-02
 5.545526645237e+04  1.559941100000e+01  6.479490637157e-02
 5.545527385126e+04  1.561589000000e+01  6.500131153371e-02
 5.568045810902e+04  1.538511000000e+01  7.615253932787e-02
 5.568046508873e+04  1.530008000000e+01  6.877479181649e-02
 5.568047207618e+04  1.521119900000e+01  6.436267550016e-02
 5.568047901009e+04  1.522450400000e+01  6.137544233267e-02
 5.569442061882e+04  1.556369500000e+01  6.863029470069e-02
 5.569442892968e+04  1.555670100000e+01  6.841966623900e-02
 5.569443730764e+04  1.555293800000e+01  6.827604951600e-02
 5.569444569060e+04  1.554639000000e+01  6.803743349780e-02
 5.570741181288e+04  1.589758400000e+01  6.997664002884e-02
 5.570742176641e+04  1.581944200000e+01  6.915717757003e-02
 5.570743112188e+04  1.584012800000e+01  6.940415527965e-02
 5.570744035870e+04  1.584484500000e+01  6.941936087836e-02
 5.422745021366e+04  1.579982400000e+01  7.109155782337e-02
 5.422745797076e+04  1.581899100000e+01  7.123437016839e-02
 5.422746574939e+04  1.581331000000e+01  7.028333457355e-02
 5.422747350104e+04  1.578196400000e+01  7.052429260703e-02
 5.474015050483e+04  1.575109900000e+01  6.731883370666e-02
 5.474015845465e+04  1.575902800000e+01  6.701901743719e-02
 5.474016641130e+04  1.576329500000e+01  6.722676414673e-02
 5.474017433947e+04  1.577817200000e+01  6.731856819934e-02
 5.582416860524e+04  1.536208000000e+01  6.233010483447e-02
 5.582417536275e+04  1.540517700000e+01  6.273610724824e-02
 5.582418221940e+04  1.540824100000e+01  6.276836332181e-02
 5.582418899682e+04  1.544031900000e+01  6.303663513048e-02
 5.583312727441e+04  1.552155700000e+01  6.417538426585e-02
 5.583313234133e+04  1.552979400000e+01  6.423785698782e-02
 5.583313743922e+04  1.551481300000e+01  6.407629213008e-02
 5.583314254527e+04  1.549601000000e+01  6.390292859617e-02
 5.585112027150e+04  1.580103300000e+01  6.662510579408e-02
 5.585112825352e+04  1.571761800000e+01  6.565892646466e-02
 5.585113628206e+04  1.563339400000e+01  6.478867037548e-02
 5.585114438640e+04  1.556641700000e+01  6.413036940889e-02
 5.606245004171e+04  1.569273300000e+01  6.598508324218e-02
 5.606245524696e+04  1.567676600000e+01  6.578279525925e-02
 5.606246032789e+04  1.571371100000e+01  6.616975335773e-02
 5.606246564818e+04  1.573800400000e+01  6.638623936514e-02
 5.606840797486e+04  1.563306500000e+01  6.568329621130e-02
 5.606841363220e+04  1.565124700000e+01  6.581573100095e-02
 5.606841931137e+04  1.564509100000e+01  6.564635248762e-02
 5.606842502763e+04  1.567411000000e+01  6.591884722819e-02
 5.607639958119e+04  1.578087200000e+01  6.987324840829e-02
 5.607640754200e+04  1.582236300000e+01  7.031936649848e-02
 5.607641562563e+04  1.581133100000e+01  7.010599051041e-02
 5.607642360880e+04  1.584043700000e+01  7.047241739673e-02
 5.609141721861e+04  1.580609200000e+01  6.807046749231e-02
 5.609142400924e+04  1.575971200000e+01  6.713485990033e-02
 5.609143081887e+04  1.577742800000e+01  6.710656942628e-02
 5.609143765139e+04  1.578164100000e+01  6.744015819273e-02
 5.609835027704e+04  1.551608500000e+01  6.411092273126e-02
 5.609835819632e+04  1.551192700000e+01  6.403922050912e-02
 5.609836629116e+04  1.553650900000e+01  6.427231575160e-02
 5.609837424803e+04  1.555909500000e+01  6.442115460776e-02
 5.616417164218e+04  1.580739700000e+01  6.838230035432e-02
 5.616417672090e+04  1.578074900000e+01  6.799930959498e-02
 5.616418191420e+04  1.583061200000e+01  6.856819842832e-02
 5.616418708021e+04  1.578201000000e+01  6.794992084300e-02
 5.618523516654e+04  1.578394200000e+01  6.438210936123e-02
 5.618524423818e+04  1.582456100000e+01  6.479157116023e-02
 5.618525339024e+04  1.586640600000e+01  6.526329137304e-02
 5.618526256301e+04  1.587867900000e+01  6.539868178478e-02
 5.619216250808e+04  1.553443300000e+01  6.528215309156e-02
 5.619216764093e+04  1.556209000000e+01  6.559106452301e-02
 5.619217283956e+04  1.557099300000e+01  6.558042258388e-02
 5.619217790905e+04  1.555123200000e+01  6.537895034885e-02
 5.620419259971e+04  1.553784800000e+01  6.478792911077e-02
 5.620420225235e+04  1.552814700000e+01  6.492134123833e-02
 5.620421154784e+04  1.552693400000e+01  6.503614951737e-02
 5.620422081207e+04  1.558258400000e+01  6.624215336375e-02
 5.620920785284e+04  1.577722500000e+01  6.759277740366e-02
 5.620921232625e+04  1.581723000000e+01  6.812229673093e-02
 5.620921693644e+04  1.582149500000e+01  6.815904763762e-02
 5.620922145153e+04  1.578581600000e+01  6.776538733806e-02
 5.621617493569e+04  1.552685400000e+01  6.477393689635e-02
 5.621618002135e+04  1.549151500000e+01  6.439231216324e-02
 5.621618515054e+04  1.546677500000e+01  6.416866165750e-02
 5.621619028968e+04  1.547743800000e+01  6.430456127538e-02
 5.622716886880e+04  1.579190600000e+01  7.074441092363e-02
 5.622717332735e+04  1.577641500000e+01  7.063997567763e-02
 5.622717777617e+04  1.572463100000e+01  6.993819764790e-02
 5.622718227478e+04  1.576559300000e+01  7.051106683469e-02
