# time mag mag_err
 5.346636992662e+04  1.619337800000e+01  7.064927440519e-02
 5.346637905335e+04  1.609166500000e+01  6.927737175326e-02
 5.346638814894e+04  1.621652800000e+01  7.097890093081e-02
 5.346639727116e+04  1.620360700000e+01  7.077360888219e-02
 5.348033434186e+04  1.616363600000e+01  7.095521627203e-02
 5.348034312703e+04  1.623958200000e+01  7.199512344792e-02
 5.348035185326e+04  1.620904300000e+01  7.156263320107e-02
 5.348036059525e+04  1.627222700000e+01  7.246803846191e-02
 5.355425846755e+04  1.602051600000e+01  7.066443937438e-02
 5.355426509612e+04  1.603116300000e+01  7.096774004132e-02
 5.355427164726e+04  1.605029300000e+01  7.131126855318e-02
 5.355427817559e+04  1.609722500000e+01  7.207734994596e-02
 5.356026050537e+04  1.628668200000e+01  7.399323696976e-02
 5.356026809671e+04  1.620753000000e+01  7.290458456936e-02
 5.356027563216e+04  1.610889400000e+01  7.152450444761e-02
 5.356028313589e+04  1.575684700000e+01  6.704245153753e-02
 5.352829394894e+04  1.619676100000e+01  7.200497673505e-02
 5.352830214031e+04  1.618845900000e+01  7.192413920242e-02
 5.352831030947e+04  1.615261600000e+01  7.146484163807e-02
 5.352831848292e+04  1.617879500000e+01  7.183157661752e-02
 5.353725406615e+04  1.611978800000e+01  7.156924834400e-02
 5.353726212429e+04  1.619448600000e+01  7.276188626697e-02
 5.353727013280e+04  1.622266400000e+01  7.324084599168e-02
 5.353727813678e+04  1.620017900000e+01  7.295884803701e-02
 5.349931665956e+04  1.545846800000e+01  6.301598862790e-02
 5.349932311288e+04  1.532688500000e+01  6.187989296883e-02
 5.349932956043e+04  1.528056400000e+01  6.149345889099e-02
 5.349933594951e+04  1.530253400000e+01  6.169602413924e-02
 5.350917142588e+04  1.628998100000e+01  7.356333719034e-02
 5.350917783962e+04  1.627585600000e+01  7.323542478463e-02
 5.350918427640e+04  1.615417300000e+01  7.129812139617e-02
 5.350919069293e+04  1.619045100000e+01  7.173632426908e-02
 5.352033606306e+04  1.587895000000e+01  6.855853591823e-02
 5.352034251303e+04  1.595803400000e+01  6.978889321200e-02
 5.352034894078e+04  1.593032000000e+01  7.064900833331e-02
 5.352035537837e+04  1.603108900000e+01  7.136735311034e-02
 5.383140954189e+04  1.571979600000e+01  6.637213529722e-02
 5.383141616653e+04  1.576333400000e+01  6.690537659440e-02
 5.383142272229e+04  1.575116700000e+01  6.676924198213e-02
 5.383142927991e+04  1.577224500000e+01  6.700635177318e-02
 5.384539286921e+04  1.530246800000e+01  6.259870980285e-02
 5.384540098928e+04  1.533758300000e+01  6.293846335464e-02
 5.384540906457e+04  1.530184200000e+01  6.273575576945e-02
 5.384541716162e+04  1.537587300000e+01  6.347743659895e-02
 5.378849627830e+04  1.625227300000e+01  7.268849716694e-02
 5.378850277006e+04  1.628271900000e+01  7.324259561772e-02
 5.378850943197e+04  1.629579700000e+01  7.346141977792e-02
 5.378851602882e+04  1.635229200000e+01  7.431535520986e-02
 5.390429618286e+04  1.529473200000e+01  9.856493166163e-02
 5.390429724565e+04  1.526788900000e+01  9.777591174181e-02
 5.390429831062e+04  1.529830500000e+01  9.889924134620e-02
 5.390429938001e+04  1.531137000000e+01  9.930504941594e-02
 5.379945641317e+04  1.627307900000e+01  7.621981631884e-02
 5.379946504277e+04  1.629403800000e+01  7.478509375360e-02
 5.379947371785e+04  1.637095800000e+01  7.761351734375e-02
 5.379948235589e+04  1.626880600000e+01  7.485566338944e-02
 5.381842600350e+04  1.584203000000e+01  6.793100025293e-02
 5.381843318001e+04  1.584534100000e+01  6.757049916589e-02
 5.381844033153e+04  1.591192700000e+01  6.865684388042e-02
 5.381844747969e+04  1.594215700000e+01  6.912751053718e-02
 5.385730594772e+04  1.634680300000e+01  7.891534815891e-02
 5.385731476274e+04  1.635621800000e+01  7.623652376269e-02
 5.385732351781e+04  1.631290800000e+01  7.652609680051e-02
 5.385733229777e+04  1.628683900000e+01  7.451218077768e-02
 5.386340473608e+04  1.622611200000e+01  1.364663361007e-01
 5.386340567038e+04  1.616512600000e+01  1.332080008840e-01
 5.386340654103e+04  1.629733600000e+01  1.406306746069e-01
 5.386340748529e+04  1.621693400000e+01  1.359430315132e-01
 5.387630817571e+04  1.593492400000e+01  6.984568487526e-02
 5.387631667057e+04  1.592997000000e+01  6.983235942629e-02
 5.387632513697e+04  1.599576500000e+01  7.084831177945e-02
 5.387633359780e+04  1.600014400000e+01  7.095672992076e-02
 5.388222579987e+04  1.621136300000e+01  7.321882765362e-02
 5.388223434358e+04  1.623279800000e+01  7.348182739072e-02
 5.388224292120e+04  1.624176400000e+01  7.367779695405e-02
 5.388225144848e+04  1.624910200000e+01  7.367907458828e-02
 5.420133092933e+04  1.591882500000e+01  6.839836573681e-02
 5.420134024449e+04  1.566417800000e+01  6.539272895713e-02
 5.420134955780e+04  1.545196300000e+01  6.286206118947e-02
 5.420135884310e+04  1.522413900000e+01  6.129655040313e-02
 5.420742371756e+04  1.621627100000e+01  7.192673493554e-02
 5.421342452463e+04  1.565085100000e+01  6.565745041745e-02
 5.421343233301e+04  1.568115100000e+01  6.600989020177e-02
 5.421344014427e+04  1.570389700000e+01  6.633687917492e-02
 5.421344799756e+04  1.569159500000e+01  6.629170583540e-02
 5.426030412208e+04  1.549502700000e+01  6.355381266720e-02
 5.426031011718e+04  1.553585500000e+01  6.398538564681e-02
 5.426031609189e+04  1.557326600000e+01  6.435177154583e-02
 5.426032208050e+04  1.564377400000e+01  6.512395900472e-02
 5.427122766266e+04  1.537248900000e+01  6.281957259882e-02
 5.427123885060e+04  1.546312800000e+01  6.368165391032e-02
 5.427124632933e+04  1.548517000000e+01  6.391146323209e-02
 5.427125381998e+04  1.555326900000e+01  6.460918304139e-02
 5.417041954245e+04  1.627679400000e+01  7.222660546301e-02
 5.417042605123e+04  1.621367000000e+01  7.125452940515e-02
 5.417043258662e+04  1.623996400000e+01  7.164306846754e-02
 5.417043911368e+04  1.621652100000e+01  7.129212553958e-02
 5.417244600988e+04  1.619092000000e+01  7.075247449768e-02
 5.417245144766e+04  1.620739300000e+01  7.095879329668e-02
 5.417245697802e+04  1.619239900000e+01  7.079749413193e-02
 5.417246240689e+04  1.623265500000e+01  7.135082193768e-02
 5.418537497187e+04  1.597589500000e+01  6.863354371676e-02
 5.418538419549e+04  1.594725500000e+01  6.823675662069e-02
 5.418539339119e+04  1.602487800000e+01  6.923046052310e-02
 5.418540264339e+04  1.601896400000e+01  6.912172305783e-02
 5.423129317888e+04  1.604845200000e+01  6.970858150760e-02
 5.423130130023e+04  1.613470600000e+01  7.089928220815e-02
 5.423130940873e+04  1.611115900000e+01  7.052009970613e-02
 5.423131750740e+04  1.610678800000e+01  7.055330312302e-02
 5.424031087752e+04  1.608119700000e+01  7.058148396845e-02
 5.424031895721e+04  1.606115200000e+01  7.037872106933e-02
 5.424032703609e+04  1.618953500000e+01  7.227244357393e-02
 5.424033514297e+04  1.623646400000e+01  7.294780154433e-02
 5.456345621799e+04  1.619409100000e+01  7.138924895042e-02
 5.456346238009e+04  1.617864700000e+01  7.123437016839e-02
 5.456346859973e+04  1.621706400000e+01  7.181978722680e-02
 5.456347473823e+04  1.621268300000e+01  7.184474442678e-02
 5.456935712919e+04  1.543684200000e+01  6.248673820331e-02
 5.456936263838e+04  1.552049300000e+01  6.323135076618e-02
 5.456936816399e+04  1.550310000000e+01  6.306117303633e-02
 5.456937367145e+04  1.555825200000e+01  6.354814443946e-02
 5.458439419323e+04  1.601913400000e+01  6.897856262134e-02
 5.458440438448e+04  1.574037000000e+01  6.572072383564e-02
 5.458441459286e+04  1.553283300000e+01  6.363923401109e-02
 5.458442480587e+04  1.531943300000e+01  6.180196789388e-02
 5.449850176024e+04  1.560168000000e+01  6.375016026199e-02
 5.449850796692e+04  1.562502100000e+01  6.394571982207e-02
 5.449851422777e+04  1.565021000000e+01  6.417936499952e-02
 5.449852046639e+04  1.565585900000e+01  6.422908792815e-02
 5.450647201785e+04  1.606559600000e+01  6.900846671593e-02
 5.450648037509e+04  1.609992500000e+01  6.945598978962e-02
 5.450648876093e+04  1.611092200000e+01  6.952972903028e-02
 5.450649715602e+04  1.610074200000e+01  6.937313891466e-02
 5.451047927915e+04  1.554033100000e+01  6.321497280346e-02
 5.451048577497e+04  1.558731100000e+01  6.364761219054e-02
 5.451049229635e+04  1.561035800000e+01  6.382982867045e-02
 5.451049882492e+04  1.562002700000e+01  6.392404516226e-02
 5.462429977376e+04  1.618666700000e+01  6.736369038228e-02
 5.462430822348e+04  1.611260900000e+01  6.660923865304e-02
 5.462431667552e+04  1.618416100000e+01  6.754053071063e-02
 5.462432514435e+04  1.620504500000e+01  6.785311514489e-02
 5.452935640762e+04  1.597970200000e+01  6.832965379209e-02
 5.452936674123e+04  1.598662600000e+01  6.838362078612e-02
 5.452937708596e+04  1.596795600000e+01  6.799795550660e-02
 5.452938747872e+04  1.604067800000e+01  6.891679908002e-02
 5.455539196894e+04  1.589310500000e+01  6.707967168018e-02
 5.455539906212e+04  1.587778000000e+01  6.686368708081e-02
 5.455540616710e+04  1.591353600000e+01  6.729513668124e-02
 5.455541329257e+04  1.591347300000e+01  6.723954732570e-02
 5.459134274686e+04  1.584909300000e+01  6.670390539514e-02
 5.459135081486e+04  1.588300800000e+01  6.713062639326e-02
 5.459135886699e+04  1.588212700000e+01  6.712561897256e-02
 5.459136695420e+04  1.593446500000e+01  6.777572320070e-02
 5.459823935338e+04  1.615076200000e+01  7.124756757095e-02
 5.459925679159e+04  1.612690900000e+01  7.108862578289e-02
 5.459926383801e+04  1.611750900000e+01  7.106159231946e-02
 5.459927086127e+04  1.614990800000e+01  7.149732421675e-02
 5.459927792794e+04  1.620588300000e+01  7.230418443868e-02
 5.492434881139e+04  1.578444300000e+01  6.626880433605e-02
 5.492435360259e+04  1.581750400000e+01  6.660730846208e-02
 5.492435832993e+04  1.581054000000e+01  6.645048790568e-02
 5.492436321571e+04  1.585199600000e+01  6.688053498804e-02
 5.494141555983e+04  1.567201200000e+01  6.475438489567e-02
 5.494142247211e+04  1.550018400000e+01  6.311949621837e-02
 5.494142944480e+04  1.537753400000e+01  6.207489268549e-02
 5.494143632802e+04  1.533000400000e+01  6.171594031129e-02
 5.494939096287e+04  1.585233200000e+01  6.690906427186e-02
 5.494939903690e+04  1.588059000000e+01  6.730220266986e-02
 5.494940721858e+04  1.592118200000e+01  6.779436248021e-02
 5.494941530336e+04  1.586510400000e+01  6.712691371649e-02
 5.488948000167e+04  1.590985600000e+01  6.674092310200e-02
 5.488948801340e+04  1.593932000000e+01  6.710192175994e-02
 5.488949595593e+04  1.598369500000e+01  6.763116023363e-02
 5.488950393016e+04  1.596002200000e+01  6.730812571390e-02
 5.504018101933e+04  1.608348800000e+01  7.038555556237e-02
 5.504018590267e+04  1.610250500000e+01  7.077441701886e-02
 5.504019077169e+04  1.618860100000e+01  7.206431875352e-02
 5.504019551453e+04  1.611324900000e+01  7.095576690371e-02
 5.499627524314e+04  1.576818100000e+01  6.610213356493e-02
 5.499628164451e+04  1.582198300000e+01  6.668753979977e-02
 5.499628798024e+04  1.580075600000e+01  6.642636624613e-02
 5.499629438249e+04  1.578838900000e+01  6.635930191972e-02
 5.500428007887e+04  1.624431200000e+01  7.228258983208e-02
 5.500428722773e+04  1.622115300000e+01  7.202332728656e-02
 5.500429442020e+04  1.621145600000e+01  7.193162550976e-02
 5.500430175888e+04  1.623709500000e+01  7.235055678587e-02
 5.490841998096e+04  1.625543100000e+01  7.148114192714e-02
 5.490843292409e+04  1.615979000000e+01  7.031450260601e-02
 5.490844594962e+04  1.618415700000e+01  7.044016598583e-02
 5.490845883417e+04  1.618028800000e+01  7.054870248640e-02
 5.491743603259e+04  1.582446900000e+01  6.641617632287e-02
 5.491744089975e+04  1.567380500000e+01  6.484937095414e-02
 5.491744573726e+04  1.556651300000e+01  6.371162494069e-02
 5.491745047118e+04  1.547228400000e+01  6.281783122532e-02
 5.496440589672e+04  1.551028100000e+01  6.598220923378e-02
 5.496441126738e+04  1.550242700000e+01  6.593148822454e-02
 5.496441653675e+04  1.555475000000e+01  6.656552292139e-02
 5.496442186435e+04  1.562506400000e+01  6.737429981987e-02
 5.497421873442e+04  1.625250000000e+01  7.226705900015e-02
 5.497422413758e+04  1.625806000000e+01  7.236190421609e-02
 5.497422964178e+04  1.617916300000e+01  7.116120745785e-02
 5.497423505063e+04  1.602545400000e+01  7.195550285461e-02
 5.498125723990e+04  1.606518700000e+01  6.972864825108e-02
 5.498127560752e+04  1.606647200000e+01  6.969332310592e-02
 5.529537573131e+04  1.557390000000e+01  6.388257983733e-02
 5.529538289336e+04  1.556611200000e+01  6.381342032311e-02
 5.529539008973e+04  1.561848800000e+01  6.427858069886e-02
 5.529539731399e+04  1.564314600000e+01  6.454289937354e-02
 5.536521149272e+04  1.553558400000e+01  6.364164909703e-02
 5.536521653370e+04  1.558596200000e+01  6.408556643769e-02
 5.536522167360e+04  1.562815900000e+01  6.455300656923e-02
 5.536522681483e+04  1.562920500000e+01  6.452794556895e-02
 5.527246742050e+04  1.568700200000e+01  6.471661790588e-02
 5.527247439825e+04  1.569621300000e+01  6.486327766988e-02
 5.527248129551e+04  1.571717900000e+01  6.503807255838e-02
 5.527248821656e+04  1.573864700000e+01  6.529406872159e-02
 5.532234631318e+04  1.638564200000e+01  7.415218021863e-02
 5.532235258468e+04  1.635364200000e+01  7.358123718039e-02
 5.532235895029e+04  1.630083000000e+01  7.278892340549e-02
 5.532236526913e+04  1.630979200000e+01  7.301751703509e-02
 5.532933548795e+04  1.584960200000e+01  6.677829430555e-02
 5.532934182230e+04  1.593968400000e+01  6.766649095247e-02
 5.532934820620e+04  1.588275700000e+01  6.714506376030e-02
 5.532935459705e+04  1.593684400000e+01  6.800657067640e-02
 5.533435112082e+04  1.632596600000e+01  7.382725002026e-02
 5.533435742833e+04  1.626640700000e+01  7.325642914789e-02
 5.533436370457e+04  1.612734800000e+01  9.026255813368e-02
 5.533437678788e+04  1.583491500000e+01  7.376753694332e-02
 5.534731514758e+04  1.623320400000e+01  7.577903144271e-02
 5.534732069277e+04  1.619438600000e+01  7.510284490262e-02
 5.534732629862e+04  1.616902500000e+01  7.468735997837e-02
 5.534733189196e+04  1.628402800000e+01  7.670864886428e-02
 5.565443784257e+04  1.544570900000e+01  6.484059374106e-02
 5.565444298762e+04  1.546583200000e+01  6.463269536029e-02
 5.565444812613e+04  1.545626400000e+01  6.572043978872e-02
 5.565445422701e+04  1.551684100000e+01  6.857266985383e-02
 5.567443067924e+04  1.612440300000e+01  7.184913681346e-02
 5.567443873196e+04  1.608590800000e+01  7.144305621354e-02
 5.567444676813e+04  1.617250700000e+01  7.268899310030e-02
 5.567445481808e+04  1.613862400000e+01  7.227387027316e-02
 5.568035272317e+04  1.626893700000e+01  6.905722480143e-02
 5.568035996720e+04  1.625987700000e+01  6.889111968219e-02
 5.568036723737e+04  1.621580500000e+01  6.835623711069e-02
 5.568037452569e+04  1.626514700000e+01  6.894898395632e-02
 5.560348035675e+04  1.593500000000e+01  6.842099386423e-02
 5.560348728464e+04  1.589094700000e+01  6.784390927303e-02
 5.560349424822e+04  1.594939900000e+01  6.855635602571e-02
 5.560350124424e+04  1.597607600000e+01  6.886983546815e-02
 5.571320315502e+04  1.627230300000e+01  7.742985866597e-02
 5.571320826905e+04  1.609604000000e+01  8.475492676764e-02
 5.571321341910e+04  1.625176300000e+01  7.612100584466e-02
 5.571321855361e+04  1.622395800000e+01  7.695907882256e-02
 5.563446083047e+04  1.627537300000e+01  7.350263768747e-02
 5.563446954633e+04  1.620163200000e+01  7.447855878025e-02
 5.563447817315e+04  1.637041000000e+01  7.503707712602e-02
 5.563448691839e+04  1.614202500000e+01  7.150228736630e-02
 5.564741622047e+04  1.619424000000e+01  7.268667841698e-02
 5.564742140617e+04  1.618894800000e+01  7.257764231402e-02
 5.564742655075e+04  1.620799100000e+01  7.281636931723e-02
 5.564743177175e+04  1.624514200000e+01  7.335592255151e-02
 5.568735010041e+04  1.580172800000e+01  6.806002542353e-02
 5.568735620106e+04  1.580851400000e+01  6.806802655678e-02
 5.568736234791e+04  1.586375200000e+01  6.877777836019e-02
 5.568736848122e+04  1.582764200000e+01  6.832360153367e-02
 5.569433784912e+04  1.618613500000e+01  7.629963571867e-02
 5.569434613278e+04  1.619433600000e+01  7.650728751577e-02
 5.569435447778e+04  1.619415200000e+01  7.647498256959e-02
 5.569436280609e+04  1.619655900000e+01  7.657385298291e-02
 5.570131574082e+04  1.528192700000e+01  6.210200923615e-02
 5.570132449486e+04  1.535710900000e+01  6.277354370098e-02
 5.570133328431e+04  1.536997700000e+01  6.290020242532e-02
 5.570134207806e+04  1.537969900000e+01  6.303969656646e-02
 5.420743140382e+04  1.617523900000e+01  7.161701749760e-02
 5.420743818622e+04  1.622797000000e+01  7.247547880025e-02
 5.420744484639e+04  1.622186800000e+01  7.238111453623e-02
 5.420745158376e+04  1.623344900000e+01  7.264048061666e-02
 5.592653347241e+04  1.562449800000e+01  6.488234548080e-02
 5.592653682268e+04  1.561833600000e+01  6.477110528216e-02
 5.592654030492e+04  1.565558800000e+01  6.512785703322e-02
 5.592654372779e+04  1.565434700000e+01  6.509589544047e-02
 5.596743352928e+04  1.629170800000e+01  7.333576723987e-02
 5.596743580971e+04  1.631956500000e+01  7.370707299805e-02
 5.596743803691e+04  1.626419500000e+01  7.283012198338e-02
 5.596744029940e+04  1.619604300000e+01  7.175970851445e-02
 5.598743577270e+04  1.533754600000e+01  6.281680426564e-02
 5.598744150722e+04  1.534269100000e+01  6.276336555891e-02
 5.598744723587e+04  1.532155100000e+01  6.256843420125e-02
 5.598745287215e+04  1.536313700000e+01  6.285711474385e-02
 5.600340818043e+04  1.623803300000e+01  7.225945985557e-02
 5.600341677704e+04  1.619854600000e+01  7.172839299914e-02
 5.600342541163e+04  1.626801500000e+01  7.269759923969e-02
 5.600343393753e+04  1.623147100000e+01  7.216561950060e-02
 5.601439526911e+04  1.621062000000e+01  6.791030716169e-02
 5.601440352299e+04  1.622446400000e+01  6.807193241816e-02
 5.601441170898e+04  1.619135200000e+01  6.768626160088e-02
 5.601441994448e+04  1.618639100000e+01  6.759461391181e-02
 5.603544409536e+04  1.561014000000e+01  6.479731626643e-02
 5.603545009319e+04  1.565899500000e+01  6.534791763240e-02
 5.603545608516e+04  1.564173500000e+01  6.519047310497e-02
 5.603546224087e+04  1.569215900000e+01  6.574766453808e-02
 5.604239168735e+04  1.610573600000e+01  7.081819406579e-02
 5.604239677992e+04  1.613667200000e+01  7.127316564075e-02
 5.604240198029e+04  1.608631000000e+01  7.073903924229e-02
 5.604240708075e+04  1.611276700000e+01  7.192520724451e-02
 5.606037515111e+04  1.577100600000e+01  6.608364742083e-02
 5.606038359042e+04  1.563167000000e+01  6.495765675161e-02
 5.606039209862e+04  1.542170800000e+01  6.264068959144e-02
 5.606040070536e+04  1.535140300000e+01  6.192964983569e-02
 5.606939437194e+04  1.585780600000e+01  6.722256541513e-02
 5.606940230948e+04  1.585744500000e+01  6.730317441731e-02
 5.606941026251e+04  1.591800600000e+01  6.813833557881e-02
 5.606941828823e+04  1.590374300000e+01  6.805378702302e-02
 5.608827109859e+04  1.613176100000e+01  7.008165998714e-02
 5.608827618148e+04  1.614885600000e+01  7.031207229528e-02
 5.608828145061e+04  1.618562100000e+01  7.085252639521e-02
 5.608828653245e+04  1.623431500000e+01  7.157013158110e-02
 5.609530951171e+04  1.545180300000e+01  6.345448385872e-02
 5.609531756057e+04  1.533733400000e+01  6.253815090873e-02
 5.609532561331e+04  1.532892800000e+01  6.256181848211e-02
 5.609533377557e+04  1.535908300000e+01  6.285392448932e-02
