# time mag mag_err
 5.346619894035e+04  1.442111000000e+01  5.618893754998e-02
 5.346620644292e+04  1.442970500000e+01  5.623266011803e-02
 5.346621397697e+04  1.446105800000e+01  5.639386915010e-02
 5.346622159969e+04  1.448452300000e+01  5.651583056806e-02
 5.372635075494e+04  1.366845600000e+01  5.357762771607e-02
 5.372635765841e+04  1.370631500000e+01  5.369359274186e-02
 5.372636457229e+04  1.371818000000e+01  5.371464216916e-02
 5.372637149694e+04  1.373840000000e+01  5.377707920553e-02
 5.350012804771e+04  1.444480000000e+01  5.898140284827e-02
 5.350013183053e+04  1.440888400000e+01  5.887689465754e-02
 5.350013561648e+04  1.442120200000e+01  5.897456035645e-02
 5.350013942374e+04  1.443205200000e+01  5.908103318089e-02
 5.368840512255e+04  1.364647600000e+01  5.361277177626e-02
 5.368841320940e+04  1.369826300000e+01  5.375401895303e-02
 5.368842128804e+04  1.368219700000e+01  5.497011982336e-02
 5.368842940998e+04  1.373166700000e+01  5.383676179331e-02
 5.370046088839e+04  1.442954100000e+01  5.656055853380e-02
 5.370046882721e+04  1.439574300000e+01  5.703293902583e-02
 5.370047676047e+04  1.448021500000e+01  6.300666114615e-02
 5.370048471156e+04  1.460806900000e+01  7.412828692762e-02
 5.365547277669e+04  1.368595700000e+01  5.411562042680e-02
 5.365547770646e+04  1.365805300000e+01  5.400684958482e-02
 5.365548267314e+04  1.365308100000e+01  5.396366274039e-02
 5.365548749815e+04  1.366153900000e+01  5.398556435432e-02
 5.367046517052e+04  1.443544100000e+01  5.664317156508e-02
 5.367047002782e+04  1.446986400000e+01  5.679949710824e-02
 5.367047491626e+04  1.442730600000e+01  5.658728190983e-02
 5.367047977588e+04  1.442499800000e+01  5.655790603784e-02
 5.384314528071e+04  1.412868900000e+01  5.541355584525e-02
 5.384315060574e+04  1.416214100000e+01  5.555698883435e-02
 5.384315591642e+04  1.416089200000e+01  5.556520988924e-02
 5.384316122699e+04  1.419132400000e+01  5.572347818471e-02
 5.408142992282e+04  1.421084600000e+01  5.525387321860e-02
 5.408143657547e+04  1.422007400000e+01  5.530145313405e-02
 5.408144318853e+04  1.424347900000e+01  5.540052174101e-02
 5.408144974777e+04  1.425427000000e+01  5.545071371752e-02
 5.409338427367e+04  1.445478800000e+01  5.612306626195e-02
 5.409339246541e+04  1.446084700000e+01  5.614205303594e-02
 5.409340070065e+04  1.446440800000e+01  5.615589923557e-02
 5.409340896356e+04  1.444745600000e+01  5.607799515325e-02
 5.378818932403e+04  1.447358700000e+01  5.685312353381e-02
 5.378819815329e+04  1.450732000000e+01  5.695279835470e-02
 5.378820699898e+04  1.448077000000e+01  5.681706096048e-02
 5.378821581389e+04  1.439488000000e+01  5.637867649263e-02
 5.374437515813e+04  1.409988000000e+01  5.538132335581e-02
 5.374438327855e+04  1.412727300000e+01  5.547670159120e-02
 5.374439148035e+04  1.417042400000e+01  5.562865547383e-02
 5.374439987116e+04  1.418603700000e+01  5.570171252819e-02
 5.375423251163e+04  1.370704900000e+01  5.372419584913e-02
 5.375423912480e+04  1.369752000000e+01  5.370379479587e-02
 5.375424571623e+04  1.369574500000e+01  5.367434600431e-02
 5.375425231296e+04  1.370223500000e+01  5.368807410716e-02
 5.376523892669e+04  1.439265100000e+01  5.731528339277e-02
 5.376524649478e+04  1.442103700000e+01  5.711747192487e-02
 5.376525410858e+04  1.442686400000e+01  5.697800514142e-02
 5.376526173593e+04  1.442348800000e+01  5.684097519544e-02
 5.379918252038e+04  1.438387100000e+01  5.639009583607e-02
 5.379918854962e+04  1.442165900000e+01  5.655363751853e-02
 5.379919469031e+04  1.440576100000e+01  5.649076178862e-02
 5.379920076179e+04  1.437215200000e+01  5.633044354144e-02
 5.386618142531e+04  1.438020900000e+01  7.772954633476e-02
 5.386618224826e+04  1.440436600000e+01  7.822655666687e-02
 5.386618297550e+04  1.435567200000e+01  7.735919257158e-02
 5.386618370587e+04  1.442774400000e+01  7.877755645524e-02
 5.404148549170e+04  1.445956800000e+01  5.611916408768e-02
 5.404149087264e+04  1.445009500000e+01  5.609009238150e-02
 5.404149626399e+04  1.445672800000e+01  5.611250572348e-02
 5.404150166125e+04  1.444629800000e+01  5.608009908598e-02
 5.402743688692e+04  1.441619100000e+01  5.609009238150e-02
 5.402744617130e+04  1.442687300000e+01  5.610438804943e-02
 5.402745537753e+04  1.440228400000e+01  5.595065038864e-02
 5.402746462186e+04  1.443496800000e+01  5.606039771609e-02
 5.420113150263e+04  1.452228000000e+01  5.692803828051e-02
 5.420114068446e+04  1.448615600000e+01  5.675684420625e-02
 5.420114989729e+04  1.443856900000e+01  5.649531858673e-02
 5.420115908109e+04  1.435003000000e+01  5.608093571660e-02
 5.443742453238e+04  1.419758000000e+01  5.505491617304e-02
 5.443743528685e+04  1.420586200000e+01  5.507686181085e-02
 5.443744598287e+04  1.422666900000e+01  5.516469585310e-02
 5.443745673190e+04  1.423562300000e+01  5.520365016481e-02
 5.444840398169e+04  1.353862000000e+01  5.418164768733e-02
 5.444840940813e+04  1.357004600000e+01  5.302013910244e-02
 5.444841478756e+04  1.360550300000e+01  5.311010135934e-02
 5.444842016965e+04  1.363091900000e+01  5.317709673046e-02
 5.445436387425e+04  1.446921500000e+01  5.633973107206e-02
 5.445437043059e+04  1.445982100000e+01  5.626990800339e-02
 5.445437697652e+04  1.445912700000e+01  5.626820930030e-02
 5.445438349131e+04  1.442590100000e+01  5.605884126505e-02
 5.446447924955e+04  1.444370900000e+01  5.626652071835e-02
 5.446448588565e+04  1.445325200000e+01  5.630491621896e-02
 5.446449254292e+04  1.446774400000e+01  5.638687345201e-02
 5.446449916744e+04  1.445283000000e+01  5.633269562300e-02
 5.413921154643e+04  1.428895300000e+01  5.942517345940e-02
 5.413922014050e+04  1.423961600000e+01  5.645035137726e-02
 5.413922873721e+04  1.405058200000e+01  5.708960249310e-02
 5.413923733441e+04  1.394288600000e+01  5.513456925496e-02
 5.410928967601e+04  1.422586600000e+01  5.650126958406e-02
 5.410929777838e+04  1.419422100000e+01  5.596689651301e-02
 5.410930587659e+04  1.426603000000e+01  5.731641510884e-02
 5.410931398220e+04  1.417211100000e+01  5.681883054747e-02
 5.412525628747e+04  1.442236700000e+01  5.610494753837e-02
 5.412526602418e+04  1.429124100000e+01  5.551636888651e-02
 5.412527574689e+04  1.406439500000e+01  5.463971998132e-02
 5.412528551207e+04  1.385338000000e+01  5.391385540719e-02
 5.416916839782e+04  1.440337700000e+01  5.613651814267e-02
 5.416917491100e+04  1.438291900000e+01  5.604567163507e-02
 5.416918143597e+04  1.440345700000e+01  5.614523829567e-02
 5.416918796049e+04  1.441045400000e+01  5.616805052845e-02
 5.424415517205e+04  1.387693900000e+01  5.441879362551e-02
 5.424416224556e+04  1.378752500000e+01  5.414187399159e-02
 5.424416929313e+04  1.375066800000e+01  5.405811956249e-02
 5.424417631859e+04  1.373785800000e+01  5.405239544025e-02
 5.440844657154e+04  1.428982600000e+01  5.560920466721e-02
 5.440845310520e+04  1.429549900000e+01  5.559891839064e-02
 5.440845964522e+04  1.431029500000e+01  5.566969074572e-02
 5.440846616985e+04  1.432049700000e+01  5.570173570991e-02
 5.441540179124e+04  1.438414700000e+01  5.606731531555e-02
 5.441540890711e+04  1.433674400000e+01  5.582731262356e-02
 5.441541600734e+04  1.427796600000e+01  5.554531853645e-02
 5.441542310017e+04  1.419388700000e+01  5.517934021629e-02
 5.442141821610e+04  1.439271800000e+01  5.610472553368e-02
 5.442142969063e+04  1.441897700000e+01  5.618001463109e-02
 5.442144109524e+04  1.440558700000e+01  5.611283510033e-02
 5.442145663363e+04  1.438991000000e+01  5.807635840048e-02
 5.438047613155e+04  1.416029600000e+01  5.508283810063e-02
 5.438048103758e+04  1.414427900000e+01  5.498749322547e-02
 5.438048596514e+04  1.414866300000e+01  5.501135332315e-02
 5.438049087071e+04  1.417936200000e+01  5.511066171817e-02
 5.455912143032e+04  1.429325900000e+01  5.573891715659e-02
 5.455912954900e+04  1.430382300000e+01  5.578478583448e-02
 5.455913765578e+04  1.431919600000e+01  5.584367804256e-02
 5.455914573569e+04  1.433978800000e+01  5.592139798410e-02
 5.456712522179e+04  1.440439600000e+01  5.618898323693e-02
 5.456713317821e+04  1.439226700000e+01  5.612952475907e-02
 5.456714167828e+04  1.443203000000e+01  5.635166022620e-02
 5.456714886382e+04  1.444466100000e+01  5.640961991233e-02
 5.457314979510e+04  1.442388900000e+01  5.624101725327e-02
 5.457315683006e+04  1.437313200000e+01  5.602255610902e-02
 5.457316388932e+04  1.441872000000e+01  5.624481361689e-02
 5.457317092752e+04  1.440621500000e+01  5.620508129418e-02
 5.458113086762e+04  1.446774400000e+01  5.955550918448e-02
 5.458113669950e+04  1.449012100000e+01  5.972691009246e-02
 5.458114255212e+04  1.446167300000e+01  5.953118429899e-02
 5.458114842648e+04  1.443154300000e+01  5.938143872748e-02
 5.482237359609e+04  1.400450800000e+01  5.432028024920e-02
 5.482238032734e+04  1.401922900000e+01  5.436816809078e-02
 5.482238708449e+04  1.402675000000e+01  5.440724356328e-02
 5.482239385034e+04  1.404039600000e+01  5.444936268271e-02
 5.451019834944e+04  1.438445200000e+01  5.598805895323e-02
 5.451020491759e+04  1.439584800000e+01  5.603780709363e-02
 5.451021148794e+04  1.438923500000e+01  5.598821223612e-02
 5.451021805610e+04  1.442672200000e+01  5.614724675817e-02
 5.447540313718e+04  1.427308900000e+01  5.540299096448e-02
 5.447540962650e+04  1.428049800000e+01  5.544357107971e-02
 5.447541608100e+04  1.429313900000e+01  5.548901067754e-02
 5.447542259845e+04  1.430359400000e+01  5.553613437234e-02
 5.449531515277e+04  1.373632200000e+01  5.356965854475e-02
 5.449532258404e+04  1.376859900000e+01  5.364991079995e-02
 5.449533003892e+04  1.379920700000e+01  5.372393167031e-02
 5.449533748177e+04  1.382965000000e+01  5.383282551715e-02
 5.453318372653e+04  1.388700100000e+01  5.437992805299e-02
 5.453318917784e+04  1.373739200000e+01  5.416118110745e-02
 5.453319463101e+04  1.366551700000e+01  5.423396150220e-02
 5.453320005512e+04  1.356953600000e+01  5.388527537799e-02
 5.453719034532e+04  1.388161500000e+01  5.312342502411e-02
 5.453720424635e+04  1.391226400000e+01  5.329543326876e-02
 5.453721213645e+04  1.393346100000e+01  5.327224202229e-02
 5.453722002122e+04  1.396933500000e+01  5.336977195435e-02
 5.459416015999e+04  1.402842900000e+01  5.478548237021e-02
 5.459416611770e+04  1.402408100000e+01  5.478780388348e-02
 5.459417208222e+04  1.405886600000e+01  5.493577088352e-02
 5.459417803032e+04  1.407610200000e+01  5.500944122691e-02
 5.477748163895e+04  1.440342200000e+01  5.587801686788e-02
 5.477749347495e+04  1.440051600000e+01  5.583235598035e-02
 5.477750520541e+04  1.439878700000e+01  5.584327261672e-02
 5.477751721468e+04  1.443536300000e+01  5.599505361204e-02
 5.479243757591e+04  1.438163600000e+01  5.694680320265e-02
 5.479244498681e+04  1.437953400000e+01  5.777173713596e-02
 5.479245217235e+04  1.436873800000e+01  5.929055225893e-02
 5.479245947885e+04  1.436639600000e+01  5.669301935024e-02
 5.493814796296e+04  1.439316700000e+01  5.617307190788e-02
 5.493815340549e+04  1.442204900000e+01  5.630116643817e-02
 5.493815887059e+04  1.440316200000e+01  5.621808190440e-02
 5.493816431102e+04  1.440650900000e+01  5.623002797567e-02
 5.494418623353e+04  1.437059600000e+01  5.620634946657e-02
 5.494419355913e+04  1.436965000000e+01  5.623007429866e-02
 5.494420075487e+04  1.437730200000e+01  5.626759942480e-02
 5.494420798602e+04  1.437464900000e+01  5.628923624766e-02
 5.487524845663e+04  1.383773200000e+01  5.464124741269e-02
 5.487525380794e+04  1.375135800000e+01  5.433304519342e-02
 5.487525912071e+04  1.366089500000e+01  5.403028175644e-02
 5.487526439875e+04  1.361871500000e+01  5.389561389510e-02
 5.488824413072e+04  1.408792600000e+01  5.460767522213e-02
 5.488825218458e+04  1.411595800000e+01  5.470975688538e-02
 5.488826017723e+04  1.413129900000e+01  5.476332615349e-02
 5.488826818353e+04  1.415404500000e+01  5.485591919324e-02
 5.484843179669e+04  1.446158900000e+01  5.631253471616e-02
 5.484843963411e+04  1.438026400000e+01  5.595215815489e-02
 5.484844750105e+04  1.423066500000e+01  5.535684788435e-02
 5.484845526764e+04  1.402011500000e+01  5.484577145747e-02
 5.490715326196e+04  1.391299900000e+01  5.409636137066e-02
 5.490715807318e+04  1.392317800000e+01  5.413037727689e-02
 5.490716290769e+04  1.393675900000e+01  5.418602315656e-02
 5.490716779624e+04  1.394211800000e+01  5.419853648122e-02
 5.491916535740e+04  1.441044200000e+01  5.605409849201e-02
 5.491917131986e+04  1.440469300000e+01  5.603930890259e-02
 5.491917739657e+04  1.443006200000e+01  5.615533031779e-02
 5.491918335786e+04  1.442165700000e+01  5.612426373109e-02
 5.497714821829e+04  1.442849300000e+01  5.923820357928e-02
 5.497715262522e+04  1.444545000000e+01  5.936013682494e-02
 5.497715705403e+04  1.444890700000e+01  5.943841280518e-02
 5.497716148966e+04  1.446973300000e+01  5.961637009056e-02
 5.515041136274e+04  1.374921500000e+01  5.385227903669e-02
 5.515041804226e+04  1.379906600000e+01  5.400667465850e-02
 5.515042476609e+04  1.385067400000e+01  5.399292953633e-02
 5.515043142373e+04  1.384886400000e+01  5.413408696579e-02
 5.512647309418e+04  1.398446100000e+01  5.462984939946e-02
 5.512647851853e+04  1.400123500000e+01  5.466572967011e-02
 5.512648409926e+04  1.399830100000e+01  5.463808226833e-02
 5.512648959711e+04  1.402300400000e+01  5.471542929509e-02
 5.530115100260e+04  1.400878900000e+01  5.465794064366e-02
 5.530115781141e+04  1.402566000000e+01  5.471197393867e-02
 5.530116465909e+04  1.404678400000e+01  5.479840882718e-02
 5.530117157466e+04  1.406114100000e+01  5.485361418790e-02
 5.553248179120e+04  1.443825400000e+01  5.647009422176e-02
 5.553249446285e+04  1.446440100000e+01  5.660861050722e-02
 5.553250082700e+04  1.447830600000e+01  5.667072854435e-02
 5.553944647647e+04  1.411809300000e+01  5.508338656494e-02
 5.553946041380e+04  1.413529300000e+01  5.527557507290e-02
 5.553946740523e+04  1.415849300000e+01  5.542161159851e-02
 5.554536107521e+04  1.446963800000e+01  5.667189471538e-02
 5.554537957606e+04  1.428303300000e+01  5.578265067343e-02
 5.554538882469e+04  1.411178000000e+01  5.506441872119e-02
 5.555930039877e+04  1.453752700000e+01  5.713161119557e-02
 5.555931612576e+04  1.450793000000e+01  5.693193363522e-02
 5.523227553758e+04  1.441400000000e+01  5.953603378185e-02
 5.523228062846e+04  1.443723700000e+01  5.893213737380e-02
 5.523228577726e+04  1.444599300000e+01  5.917616298927e-02
 5.523229091767e+04  1.443873500000e+01  6.006490130586e-02
 5.520243378771e+04  1.413657800000e+01  5.487775046975e-02
 5.520243899381e+04  1.415358700000e+01  5.494469359600e-02
 5.520244421850e+04  1.417562800000e+01  5.502807174509e-02
 5.520244942025e+04  1.417187900000e+01  5.502615278387e-02
 5.521226694517e+04  1.413134000000e+01  5.795741198828e-02
 5.521227376973e+04  1.399383900000e+01  5.752249306754e-02
 5.521228052238e+04  1.387883400000e+01  5.679579108713e-02
 5.521228734745e+04  1.375584900000e+01  5.594949715231e-02
 5.526820990794e+04  1.399997000000e+01  5.454326419008e-02
 5.526821554549e+04  1.400539000000e+01  5.456823040210e-02
 5.526822126573e+04  1.403458200000e+01  5.467150747086e-02
 5.526822697723e+04  1.404526300000e+01  5.472290169503e-02
 5.527518484626e+04  1.444148500000e+01  5.651722520619e-02
 5.527519175788e+04  1.443832800000e+01  5.651062382403e-02
 5.527519860817e+04  1.445666400000e+01  5.660699588856e-02
 5.527520550851e+04  1.446453200000e+01  5.660392659833e-02
 5.533815770409e+04  1.440820300000e+01  5.829048717438e-02
 5.533816058988e+04  1.442767900000e+01  5.842701780314e-02
 5.533816349106e+04  1.437842700000e+01  5.814916562639e-02
 5.533816638172e+04  1.441858400000e+01  5.842035615373e-02
 5.550149095296e+04  1.403032400000e+01  5.473743683754e-02
 5.550150135061e+04  1.407184800000e+01  5.486909139273e-02
 5.550150658212e+04  1.407079900000e+01  5.487367201214e-02
 5.551244584326e+04  1.450070000000e+01  5.676250813052e-02
 5.551246104860e+04  1.432000100000e+01  5.588322547748e-02
 5.551246856008e+04  1.413132100000e+01  5.507474127483e-02
 5.548348716837e+04  1.367565700000e+01  5.436317325950e-02
 5.548349663105e+04  1.362896200000e+01  5.417508915930e-02
 5.548350131110e+04  1.361539200000e+01  5.412052386396e-02
 5.559622546022e+04  1.366219900000e+01  5.271207228470e-02
 5.559623648417e+04  1.370756800000e+01  5.281836780216e-02
 5.559624761449e+04  1.375455800000e+01  5.292433205588e-02
 5.559625871122e+04  1.381207800000e+01  5.306293547135e-02
 5.561724703516e+04  1.436180000000e+01  5.617748310909e-02
 5.561725505742e+04  1.437971700000e+01  5.625768038260e-02
 5.561726314557e+04  1.438731600000e+01  5.630653148716e-02
 5.561727114506e+04  1.438732000000e+01  5.628948209606e-02
 5.556632206477e+04  1.428386400000e+01  5.469915480585e-02
 5.556632813113e+04  1.431843200000e+01  5.623005547995e-02
 5.556633415588e+04  1.432621800000e+01  5.495309943971e-02
 5.556634015003e+04  1.432887800000e+01  5.529946923085e-02
 5.557239882054e+04  1.417122400000e+01  5.528841577890e-02
 5.557240529760e+04  1.419930400000e+01  5.540217679506e-02
 5.557241180920e+04  1.420045100000e+01  5.542634121206e-02
 5.557241833139e+04  1.422180000000e+01  5.550209976383e-02
 5.558543706780e+04  1.441428600000e+01  5.658675065422e-02
 5.558544413310e+04  1.441867000000e+01  5.660984772929e-02
 5.558545123116e+04  1.442454400000e+01  5.666543917245e-02
 5.558545826936e+04  1.441307700000e+01  5.662629701395e-02
 5.562418817365e+04  1.395276300000e+01  5.357753592516e-02
 5.562419771382e+04  1.397992100000e+01  5.365835126414e-02
 5.562420731225e+04  1.400234500000e+01  5.372287531273e-02
 5.562421689991e+04  1.402288000000e+01  5.377392306521e-02
 5.563114937998e+04  1.442231700000e+01  5.680598433461e-02
 5.563115622105e+04  1.442913700000e+01  5.683892305237e-02
 5.563116310464e+04  1.442382300000e+01  5.680173626714e-02
 5.563116998971e+04  1.441693800000e+01  5.675852549609e-02
 5.564613716873e+04  1.434228500000e+01  5.632036346724e-02
 5.564614405043e+04  1.434708800000e+01  5.634327880521e-02
 5.564615098412e+04  1.435159900000e+01  5.636641778779e-02
 5.564615789270e+04  1.438391600000e+01  5.650399569323e-02
 5.568320305029e+04  1.435532400000e+01  5.655690513536e-02
 5.568321166046e+04  1.422771700000e+01  5.600179976333e-02
 5.568322037341e+04  1.411185600000e+01  5.555679125107e-02
 5.568322910590e+04  1.394675300000e+01  5.492907316428e-02
 5.533815770409e+04  1.440406300000e+01  5.832194098471e-02
 5.533816058988e+04  1.442717900000e+01  5.848405227597e-02
 5.533816349106e+04  1.440753800000e+01  5.837033962139e-02
 5.533816638172e+04  1.442651400000e+01  5.852368247838e-02
 5.583448582998e+04  1.359546600000e+01  5.362728964562e-02
 5.583448810000e+04  1.359748200000e+01  5.362779223659e-02
 5.583449036975e+04  1.366049200000e+01  5.404083200224e-02
 5.583449263792e+04  1.360511800000e+01  5.396803775577e-02
 5.588742456019e+04  1.447815800000e+01  5.651156902363e-02
 5.588743482831e+04  1.438565200000e+01  5.606714854455e-02
 5.588744519795e+04  1.416601600000e+01  5.512866735385e-02
 5.588745560985e+04  1.400357700000e+01  5.450967727645e-02
 5.589340888494e+04  1.439701300000e+01  5.618893754998e-02
 5.589341407339e+04  1.442102800000e+01  5.629838826601e-02
 5.589341926900e+04  1.439796800000e+01  5.617727405380e-02
 5.589342452829e+04  1.441837000000e+01  5.626676434608e-02
 5.591942478381e+04  1.408721300000e+01  5.496267143682e-02
 5.591943329606e+04  1.411037600000e+01  5.506672444967e-02
 5.591944180860e+04  1.409466100000e+01  5.502670709140e-02
 5.591945024023e+04  1.413891300000e+01  5.519278319066e-02
 5.594037020323e+04  1.441380400000e+01  5.615555617769e-02
 5.594037640644e+04  1.442650300000e+01  5.620577974499e-02
 5.594038272087e+04  1.444102700000e+01  5.627450295259e-02
 5.594038902973e+04  1.446636500000e+01  5.640623910451e-02
 5.595817468068e+04  1.449800100000e+01  5.678821456030e-02
 5.595817918653e+04  1.450283800000e+01  5.679135643898e-02
 5.595818372309e+04  1.449790600000e+01  5.674069939699e-02
 5.595818825770e+04  1.448030800000e+01  5.664052228673e-02
 5.596834210630e+04  1.429947200000e+01  5.576666008963e-02
 5.596835121656e+04  1.408087200000e+01  5.487697697021e-02
 5.596836036679e+04  1.397078900000e+01  5.448580601916e-02
 5.596836937405e+04  1.385883100000e+01  5.411465136166e-02
 5.598332422698e+04  1.443668100000e+01  5.645337213575e-02
 5.598333032868e+04  1.441806800000e+01  5.637911452646e-02
 5.598333641856e+04  1.441738600000e+01  5.638927504050e-02
 5.598334249329e+04  1.444287800000e+01  5.651754104542e-02
 5.600020932992e+04  1.364210200000e+01  5.347852327445e-02
 5.600021442497e+04  1.368206400000e+01  5.359635404958e-02
 5.600021957715e+04  1.368462900000e+01  5.360636162189e-02
 5.600022473644e+04  1.369032200000e+01  5.362089317693e-02
 5.603012057953e+04  1.443932200000e+01  5.671530569923e-02
 5.603012566884e+04  1.445732700000e+01  5.679953060143e-02
 5.603013075752e+04  1.445044800000e+01  5.679950841754e-02
 5.603013586904e+04  1.443306600000e+01  5.671953843768e-02
 5.603517056355e+04  1.446449800000e+01  5.674608277305e-02
 5.603517567422e+04  1.445335000000e+01  5.669552986159e-02
 5.603518080424e+04  1.447498000000e+01  5.680702226783e-02
 5.603518593575e+04  1.447111900000e+01  5.680601789544e-02
 5.606215716068e+04  1.357957500000e+01  5.327426239680e-02
 5.606216568461e+04  1.362540700000e+01  5.342851324418e-02
 5.606217422698e+04  1.369401600000e+01  5.365420602671e-02
 5.606218274258e+04  1.371571000000e+01  5.376035646209e-02
 5.606816452082e+04  1.441188200000e+01  5.652377969525e-02
 5.606816952627e+04  1.441750900000e+01  5.657780853214e-02
 5.606817467087e+04  1.443911500000e+01  5.670189563586e-02
 5.606817978975e+04  1.444164900000e+01  5.677542385623e-02
 5.621544761880e+04  1.445982000000e+01  5.687411458653e-02
 5.621545494628e+04  1.442260800000e+01  5.674231794291e-02
 5.621546238083e+04  1.442497200000e+01  5.669521746503e-02
 5.621546978135e+04  1.443040400000e+01  5.669791300239e-02
 5.622644425301e+04  1.431995200000e+01  5.617150917313e-02
 5.622645005223e+04  1.433235000000e+01  5.622769393998e-02
 5.622645583829e+04  1.435772400000e+01  5.630449843900e-02
 5.622646159010e+04  1.436320200000e+01  5.632535147985e-02
