# time mag mag_err
 5.371152062329e+04  1.497690200000e+01  5.966398180155e-02
 5.371152522988e+04  1.498800900000e+01  5.971861527318e-02
 5.371152988382e+04  1.495240600000e+01  5.946331046370e-02
 5.371153462248e+04  1.495265200000e+01  5.948214153481e-02
 5.352724179650e+04  1.513257500000e+01  6.105899780599e-02
 5.352725199133e+04  1.515427400000e+01  6.127607996056e-02
 5.352726200353e+04  1.537981900000e+01  6.325383582648e-02
 5.352727203632e+04  1.513683100000e+01  6.125379144933e-02
 5.383322703708e+04  1.495389200000e+01  6.159033246558e-02
 5.383323580905e+04  1.516223500000e+01  6.335076324400e-02
 5.383324452314e+04  1.518695400000e+01  6.358686888626e-02
 5.383325325147e+04  1.496894500000e+01  6.167032149285e-02
 5.385219113655e+04  1.493864500000e+01  5.993047071251e-02
 5.385219894179e+04  1.493854200000e+01  5.990294357637e-02
 5.385220671997e+04  1.493437100000e+01  5.986135680617e-02
 5.385221453852e+04  1.495114300000e+01  5.996465399741e-02
 5.409651742520e+04  1.499293100000e+01  6.432674436195e-02
 5.409651924242e+04  1.498504100000e+01  6.414167571959e-02
 5.409652104228e+04  1.495808900000e+01  6.382866316529e-02
 5.409652282199e+04  1.504903400000e+01  6.451373696479e-02
 5.374047314128e+04  1.514569000000e+01  6.080965076531e-02
 5.374048106969e+04  1.515400000000e+01  6.088113817257e-02
 5.374048897552e+04  1.507290800000e+01  6.027191619940e-02
 5.374049700683e+04  1.514616100000e+01  6.082984259917e-02
 5.390228463619e+04  1.518431800000e+01  1.005240540025e-01
 5.390228561853e+04  1.509898800000e+01  9.765846731516e-02
 5.390228659334e+04  1.513054500000e+01  9.889519404524e-02
 5.390228757684e+04  1.512294100000e+01  9.872688551702e-02
 5.379739780432e+04  1.501476100000e+01  6.092061312491e-02
 5.379740474413e+04  1.502866100000e+01  6.174920588866e-02
 5.379741143937e+04  1.501513900000e+01  6.191777368531e-02
 5.379741801956e+04  1.498310900000e+01  6.153187079629e-02
 5.381738050071e+04  1.499143200000e+01  5.999199843787e-02
 5.381739000325e+04  1.509243800000e+01  6.080642071822e-02
 5.381739951646e+04  1.511132900000e+01  6.113103312836e-02
 5.381740906439e+04  1.514264000000e+01  6.124170225375e-02
 5.382323762645e+04  1.509763900000e+01  6.187921606492e-02
 5.382324624227e+04  1.516457300000e+01  6.232728274886e-02
 5.382325489594e+04  1.514234600000e+01  6.300135798563e-02
 5.382326353410e+04  1.502529900000e+01  6.410194158648e-02
 5.386119987527e+04  1.509415000000e+01  6.106952820669e-02
 5.386120766721e+04  1.507928300000e+01  6.095607207828e-02
 5.386121495044e+04  1.498416000000e+01  6.027512914166e-02
 5.386122220022e+04  1.502633700000e+01  6.059372558009e-02
 5.386630970843e+04  1.497558100000e+01  9.081397139459e-02
 5.386631063775e+04  1.493797200000e+01  8.984378688011e-02
 5.386631137749e+04  1.491669100000e+01  8.958518335005e-02
 5.386631212671e+04  1.513571600000e+01  9.589362958007e-02
 5.388521719087e+04  1.502181100000e+01  5.863279470346e-02
 5.388522905801e+04  1.500889100000e+01  5.858567815148e-02
 5.388524101718e+04  1.504026500000e+01  5.880514310722e-02
 5.388525286324e+04  1.497697000000e+01  5.845743903632e-02
 5.420929459647e+04  1.502316200000e+01  6.012098660423e-02
 5.420930264154e+04  1.504931500000e+01  6.007887118327e-02
 5.420931881353e+04  1.505572200000e+01  6.017030544220e-02
 5.445243769304e+04  1.495954900000e+01  5.919792243424e-02
 5.445244981737e+04  1.500627500000e+01  5.946753843707e-02
 5.414142901434e+04  1.512124100000e+01  6.250921547033e-02
 5.414143530979e+04  1.516769200000e+01  6.709005857535e-02
 5.414144158429e+04  1.509586000000e+01  6.665597263754e-02
 5.414144787801e+04  1.517073600000e+01  6.483027536462e-02
 5.415626654415e+04  1.513621100000e+01  6.207118596408e-02
 5.415627525025e+04  1.509970400000e+01  6.171896928932e-02
 5.415628398600e+04  1.509213000000e+01  6.163130347208e-02
 5.415629270575e+04  1.505736600000e+01  6.132748010777e-02
 5.427216013391e+04  1.503153900000e+01  5.840847182616e-02
 5.427216801787e+04  1.501862900000e+01  5.836410416590e-02
 5.427217591225e+04  1.492881000000e+01  5.786172453683e-02
 5.427218379366e+04  1.499470600000e+01  5.828984016542e-02
 5.416931152589e+04  1.506994300000e+01  6.016256286448e-02
 5.416932192282e+04  1.508700700000e+01  6.010814858910e-02
 5.416933232369e+04  1.514767000000e+01  6.137786759925e-02
 5.416934282780e+04  1.508078500000e+01  6.007175083392e-02
 5.417640977921e+04  1.516475300000e+01  6.073397474088e-02
 5.417642112897e+04  1.517476500000e+01  6.080562886009e-02
 5.417643242792e+04  1.520332800000e+01  6.104855407020e-02
 5.417644372847e+04  1.515809900000e+01  6.071226550873e-02
 5.423522005667e+04  1.507419600000e+01  6.236531684293e-02
 5.423522571134e+04  1.507957300000e+01  6.201596666828e-02
 5.423523131314e+04  1.501338800000e+01  6.039675161795e-02
 5.423523693668e+04  1.500024400000e+01  6.130597446621e-02
 5.424427155654e+04  1.498835100000e+01  5.986008839094e-02
 5.455736274507e+04  1.498522700000e+01  5.951227710752e-02
 5.455737142466e+04  1.497349000000e+01  5.942452034593e-02
 5.455738004454e+04  1.511730100000e+01  6.044978112792e-02
 5.455738873235e+04  1.503048200000e+01  5.985745312216e-02
 5.456435833834e+04  1.496948000000e+01  5.945090049114e-02
 5.456436521935e+04  1.497416700000e+01  5.953940843337e-02
 5.456437207468e+04  1.496361400000e+01  5.946719731055e-02
 5.456437902628e+04  1.496827200000e+01  5.952327494002e-02
 5.457116784898e+04  1.515935200000e+01  6.064332838485e-02
 5.457117485292e+04  1.518863700000e+01  6.082672100911e-02
 5.457118185859e+04  1.513658900000e+01  6.043216945154e-02
 5.457118886484e+04  1.516110600000e+01  6.056828944887e-02
 5.480745745171e+04  1.496178100000e+01  5.919325048663e-02
 5.480746294817e+04  1.497798700000e+01  5.928941792604e-02
 5.480746838050e+04  1.493970200000e+01  5.902940035470e-02
 5.480747380253e+04  1.495494000000e+01  5.926505595149e-02
 5.449940000804e+04  1.493492800000e+01  5.886307200929e-02
 5.449940552058e+04  1.495272000000e+01  5.898722301891e-02
 5.449941100049e+04  1.497064000000e+01  5.909825605038e-02
 5.449941651940e+04  1.495587000000e+01  5.900277535172e-02
 5.451429494880e+04  1.504486200000e+01  6.098821426179e-02
 5.451430094851e+04  1.506641000000e+01  6.090193852768e-02
 5.451430694094e+04  1.501965100000e+01  6.007683588171e-02
 5.451431292515e+04  1.513440200000e+01  6.104155030207e-02
 5.448249051465e+04  1.516207600000e+01  6.217933027537e-02
 5.448249484472e+04  1.511975800000e+01  6.135084338468e-02
 5.448249913649e+04  1.512476500000e+01  6.092363923616e-02
 5.448250342189e+04  1.513579200000e+01  6.056400027188e-02
 5.464020754613e+04  1.499163000000e+01  6.044105167689e-02
 5.464021406625e+04  1.502002800000e+01  6.068298579162e-02
 5.464022062120e+04  1.505539700000e+01  6.104369229404e-02
 5.464022720093e+04  1.502428600000e+01  6.087266962129e-02
 5.453544676036e+04  1.515706300000e+01  6.058519276690e-02
 5.453545408363e+04  1.514911100000e+01  6.051693170235e-02
 5.453546139059e+04  1.518087600000e+01  6.081596528095e-02
 5.453546872256e+04  1.521288400000e+01  6.106724704646e-02
 5.454944281813e+04  1.516374900000e+01  6.290763473359e-02
 5.458924861183e+04  1.501936300000e+01  5.965053573263e-02
 5.458925430574e+04  1.501316100000e+01  5.961246498750e-02
 5.458925995024e+04  1.507354300000e+01  6.004143652166e-02
 5.458926560503e+04  1.502211400000e+01  5.968776783473e-02
 5.492318951396e+04  1.498828800000e+01  5.950000055962e-02
 5.492319557630e+04  1.498596800000e+01  5.960767051416e-02
 5.492320149468e+04  1.498898800000e+01  5.943775811731e-02
 5.492320758942e+04  1.499474500000e+01  5.946028997953e-02
 5.494221332756e+04  1.509848300000e+01  6.012072316220e-02
 5.494221882321e+04  1.510848100000e+01  6.020017365164e-02
 5.494222432535e+04  1.511999000000e+01  6.024626285146e-02
 5.494222990966e+04  1.509598800000e+01  6.006823373522e-02
 5.518249727285e+04  1.511860800000e+01  6.022840272538e-02
 5.518250188617e+04  1.513440400000e+01  6.034815884706e-02
 5.518250654902e+04  1.515210000000e+01  6.046215393716e-02
 5.518251120053e+04  1.506458100000e+01  5.985228615465e-02
 5.488832931620e+04  1.498160200000e+01  5.903789662770e-02
 5.488833782368e+04  1.499146800000e+01  5.909981960808e-02
 5.488835496424e+04  1.501124100000e+01  5.920730367355e-02
 5.490743438265e+04  1.501761000000e+01  5.951814082124e-02
 5.490743910730e+04  1.500537000000e+01  5.943378448509e-02
 5.490744394377e+04  1.500846700000e+01  5.947427588258e-02
 5.490744882781e+04  1.503903900000e+01  5.972806845247e-02
 5.491428400145e+04  1.500970800000e+01  5.939541570507e-02
 5.491429002154e+04  1.498190000000e+01  5.926078549332e-02
 5.491429617429e+04  1.500821700000e+01  5.938893503033e-02
 5.491430228641e+04  1.504335000000e+01  5.965008498118e-02
 5.495425535025e+04  1.520751600000e+01  6.169635136113e-02
 5.495427894891e+04  1.517615800000e+01  6.464149683332e-02
 5.496919612701e+04  1.493534200000e+01  6.098786663394e-02
 5.496920228230e+04  1.502774600000e+01  6.091064449185e-02
 5.496920829302e+04  1.504730300000e+01  6.048765357603e-02
 5.496921438949e+04  1.506827300000e+01  6.084182575730e-02
 5.497714558448e+04  1.516373100000e+01  6.470375293098e-02
 5.497714607351e+04  1.516697000000e+01  6.479713039410e-02
 5.497714655709e+04  1.513715200000e+01  6.449531338507e-02
 5.497714705203e+04  1.512836700000e+01  6.444907559603e-02
 5.529333439230e+04  1.516128800000e+01  6.068741256697e-02
 5.529334015972e+04  1.516275500000e+01  6.069833355840e-02
 5.529334594567e+04  1.517105500000e+01  6.074220492519e-02
 5.529335172825e+04  1.517538000000e+01  6.080511133643e-02
 5.530216792061e+04  1.508154700000e+01  6.420583802514e-02
 5.524440138786e+04  1.516775700000e+01  6.083808320695e-02
 5.524441004069e+04  1.517152500000e+01  6.084679909871e-02
 5.524441842372e+04  1.516924100000e+01  6.087236083171e-02
 5.524442670943e+04  1.517338600000e+01  6.092788453942e-02
 5.526045111964e+04  1.506454600000e+01  6.024664144385e-02
 5.526045701715e+04  1.502850500000e+01  6.001016628096e-02
 5.526046892066e+04  1.501701700000e+01  5.997540847363e-02
 5.527628498382e+04  1.520755400000e+01  6.123864325008e-02
 5.527629044497e+04  1.519966300000e+01  6.118027650338e-02
 5.527629594253e+04  1.521193400000e+01  6.129977940421e-02
 5.527630135229e+04  1.519048100000e+01  6.111222996328e-02
 5.532533505933e+04  1.512153000000e+01  6.087888031012e-02
 5.533118013208e+04  1.494312900000e+01  6.596087753270e-02
 5.533118360471e+04  1.497625600000e+01  6.265246883084e-02
 5.533118709782e+04  1.495705500000e+01  6.995868747900e-02
 5.533119057997e+04  1.492606000000e+01  6.664432129681e-02
 5.533824103572e+04  1.498179500000e+01  5.965601841009e-02
 5.533824889630e+04  1.499514300000e+01  5.968659572176e-02
 5.533825692484e+04  1.499690700000e+01  5.971495483824e-02
 5.533826496483e+04  1.502161300000e+01  5.996964577643e-02
 5.560435502159e+04  1.503967400000e+01  6.014062939712e-02
 5.560436138429e+04  1.507037100000e+01  6.037029273113e-02
 5.560436774534e+04  1.507008200000e+01  6.033859462502e-02
 5.560437413211e+04  1.507938600000e+01  6.041372560544e-02
 5.562130717888e+04  1.501273200000e+01  5.998197098216e-02
 5.562131352043e+04  1.501938000000e+01  6.003207430106e-02
 5.562131985940e+04  1.500685000000e+01  5.993884074740e-02
 5.562132624804e+04  1.499746100000e+01  5.985392486777e-02
 5.564635856978e+04  1.508113600000e+01  6.076571054265e-02
 5.564636604448e+04  1.508627500000e+01  6.086440115887e-02
 5.564637362796e+04  1.500989200000e+01  6.030428630201e-02
 5.564638120937e+04  1.509462000000e+01  6.096544061474e-02
 5.565035219008e+04  1.515635200000e+01  5.922531329177e-02
 5.565035970792e+04  1.515107100000e+01  5.918466603563e-02
 5.565036718632e+04  1.517192500000e+01  5.933161988714e-02
 5.565037472905e+04  1.514706300000e+01  5.920557160200e-02
 5.568324934711e+04  1.505712100000e+01  6.059124868533e-02
 5.568325801035e+04  1.503963200000e+01  6.049741182149e-02
 5.568326667961e+04  1.503792100000e+01  6.047168929311e-02
 5.568327537126e+04  1.504720100000e+01  6.053748296181e-02
 5.588149387693e+04  1.521009300000e+01  6.138888154132e-02
 5.588149899663e+04  1.522533700000e+01  6.158022875043e-02
 5.588150428117e+04  1.520318400000e+01  6.138022591835e-02
 5.588150940804e+04  1.520372300000e+01  6.132129238690e-02
 5.593542643049e+04  1.530131500000e+01  6.191819047623e-02
 5.593543320518e+04  1.516909300000e+01  6.084351375034e-02
 5.593543996580e+04  1.543803800000e+01  6.304814725645e-02
 5.593544666093e+04  1.515952000000e+01  6.072623782122e-02
 5.597829277897e+04  1.513326800000e+01  6.222986327548e-02
 5.597829566557e+04  1.506238900000e+01  6.292898771797e-02
 5.597829854303e+04  1.507729100000e+01  6.247925254187e-02
 5.597830136678e+04  1.507161400000e+01  6.177043122607e-02
 5.598346453247e+04  1.500841200000e+01  5.977564072232e-02
 5.598347157949e+04  1.497283600000e+01  5.955915487950e-02
 5.598347860797e+04  1.496787600000e+01  5.955444176826e-02
 5.598348571662e+04  1.495700600000e+01  5.949123310262e-02
 5.600142544557e+04  1.507694400000e+01  6.027398539652e-02
 5.600143054150e+04  1.507267700000e+01  6.025176129298e-02
 5.600144086125e+04  1.501053800000e+01  5.981773856771e-02
 5.600822566443e+04  1.506467900000e+01  5.820511786310e-02
 5.600823452480e+04  1.501924800000e+01  5.793753811248e-02
 5.600824335321e+04  1.502707700000e+01  5.798619236039e-02
 5.600825215656e+04  1.499758000000e+01  5.779372028445e-02
 5.601526328184e+04  1.499800000000e+01  5.987990325994e-02
 5.601527112554e+04  1.499117400000e+01  5.984088080771e-02
 5.601527913392e+04  1.499848100000e+01  5.989794971879e-02
 5.601528709917e+04  1.498824000000e+01  5.981975885763e-02
 5.603718972603e+04  1.510310000000e+01  6.122261226652e-02
 5.603719655403e+04  1.511946800000e+01  6.120861514251e-02
 5.603720332289e+04  1.512866400000e+01  6.122562851903e-02
 5.603721014667e+04  1.513157500000e+01  6.122798373381e-02
 5.607120815575e+04  1.507722500000e+01  5.804137120885e-02
 5.607121579993e+04  1.506876200000e+01  5.801026395454e-02
 5.607122334822e+04  1.507572300000e+01  5.801934738756e-02
 5.607123087014e+04  1.502941500000e+01  5.777526337859e-02
 5.609721122258e+04  1.520443000000e+01  5.948666194894e-02
 5.609721798565e+04  1.518216900000e+01  5.938056937435e-02
 5.609722473138e+04  1.522676300000e+01  5.969224332630e-02
 5.609723153138e+04  1.518445600000e+01  5.944816019715e-02
