# time mag mag_err
 5.346640665866e+04  1.480080400000e+01  5.765481974581e-02
 5.346641558363e+04  1.479409200000e+01  5.763379642623e-02
 5.346642454080e+04  1.480167000000e+01  5.767472768500e-02
 5.346643347747e+04  1.482282400000e+01  5.779065222572e-02
 5.348134002405e+04  1.501876800000e+01  5.940298118003e-02
 5.348134809772e+04  1.503588700000e+01  5.947284091517e-02
 5.348135616987e+04  1.504392800000e+01  5.950646704184e-02
 5.348136428162e+04  1.505116600000e+01  5.954642074251e-02
 5.355428491424e+04  1.524055600000e+01  6.183488801555e-02
 5.355429150021e+04  1.525522400000e+01  6.198141098787e-02
 5.355429802275e+04  1.524567200000e+01  6.195901903187e-02
 5.355430451752e+04  1.524271600000e+01  6.199170016060e-02
 5.356029287145e+04  1.482125500000e+01  5.852229067386e-02
 5.356030046788e+04  1.480380400000e+01  5.843187133209e-02
 5.356030814373e+04  1.477999900000e+01  5.835741181634e-02
 5.356031571876e+04  1.479141500000e+01  5.848181562487e-02
 5.352832709214e+04  1.532063300000e+01  6.172638377542e-02
 5.352833521638e+04  1.530238400000e+01  6.163037048331e-02
 5.352834338670e+04  1.524129100000e+01  6.113881574114e-02
 5.352835150619e+04  1.519114600000e+01  6.079045382854e-02
 5.353731844666e+04  1.532539100000e+01  6.248964302126e-02
 5.353732644185e+04  1.525858500000e+01  6.193706241236e-02
 5.353733447118e+04  1.526032900000e+01  6.200120151882e-02
 5.353734249125e+04  1.514261700000e+01  6.108688104789e-02
 5.350919801609e+04  1.510656200000e+01  6.028000785115e-02
 5.350920656154e+04  1.510548200000e+01  6.026544176235e-02
 5.350921511624e+04  1.514572500000e+01  6.057116011309e-02
 5.350922365498e+04  1.514650700000e+01  6.051074078950e-02
 5.352036300282e+04  1.484910700000e+01  5.901454447883e-02
 5.352037050354e+04  1.485574300000e+01  5.911626189387e-02
 5.352037803887e+04  1.488183300000e+01  5.948264342088e-02
 5.352038555567e+04  1.490724300000e+01  5.958305322743e-02
 5.362812221051e+04  1.476809800000e+01  5.866930024841e-02
 5.362812917498e+04  1.478548900000e+01  5.879483294719e-02
 5.362813610160e+04  1.478017500000e+01  5.879694295168e-02
 5.362814305436e+04  1.479360600000e+01  5.892118048437e-02
 5.363910900934e+04  1.518530900000e+01  6.193843261133e-02
 5.363911326291e+04  1.520421800000e+01  6.209295521695e-02
 5.363911754032e+04  1.521662700000e+01  6.227608732707e-02
 5.363912179551e+04  1.515787200000e+01  6.181347588043e-02
 5.383143678896e+04  1.498018600000e+01  5.956626867372e-02
 5.383144340307e+04  1.496012700000e+01  5.938643451219e-02
 5.383144991381e+04  1.496232600000e+01  5.943778061517e-02
 5.383145642536e+04  1.495629700000e+01  5.935811898579e-02
 5.384543646223e+04  1.482409300000e+01  5.893530204743e-02
 5.384544555887e+04  1.481914000000e+01  5.889088287963e-02
 5.384545475677e+04  1.486856400000e+01  5.923762188984e-02
 5.384546400527e+04  1.486850400000e+01  5.927428394932e-02
 5.390431009872e+04  1.489132700000e+01  8.626545728222e-02
 5.390431116890e+04  1.491783700000e+01  8.679400174707e-02
 5.390431220403e+04  1.488115700000e+01  8.602940008093e-02
 5.390431325095e+04  1.486947200000e+01  8.574154865998e-02
 5.390725876698e+04  1.535024900000e+01  6.313357859095e-02
 5.390726963708e+04  1.535597400000e+01  6.322238963380e-02
 5.390728054178e+04  1.535539300000e+01  6.329586629093e-02
 5.390729141420e+04  1.537970400000e+01  6.357257757645e-02
 5.381845556689e+04  1.479322400000e+01  5.824212117249e-02
 5.381846444234e+04  1.481222300000e+01  5.879725311691e-02
 5.381847339069e+04  1.480300300000e+01  5.863298058172e-02
 5.381848231590e+04  1.481290200000e+01  5.870650290619e-02
 5.385735469645e+04  1.523785900000e+01  6.173234551340e-02
 5.385736265575e+04  1.528413300000e+01  6.212808088266e-02
 5.385737062709e+04  1.531235000000e+01  6.831261797716e-02
 5.385737860933e+04  1.530263300000e+01  6.251729206064e-02
 5.387635661735e+04  1.499380400000e+01  6.028513748283e-02
 5.387636430789e+04  1.498630900000e+01  6.027512914166e-02
 5.387637196013e+04  1.495836000000e+01  6.013795801072e-02
 5.387637959986e+04  1.492184900000e+01  6.001248095314e-02
 5.388226237889e+04  1.491585100000e+01  5.926551178942e-02
 5.388226957531e+04  1.492807200000e+01  5.932880051299e-02
 5.388227675542e+04  1.492474400000e+01  5.929483153594e-02
 5.388228393956e+04  1.493866900000e+01  5.936664076561e-02
 5.398912945653e+04  1.484705500000e+01  6.377175187285e-02
 5.398913317639e+04  1.484913300000e+01  6.382823883608e-02
 5.398913610454e+04  1.484605400000e+01  6.381770320117e-02
 5.398913902460e+04  1.481593300000e+01  6.356958218852e-02
 5.399710576315e+04  1.532804500000e+01  6.125129135931e-02
 5.399711159098e+04  1.532764200000e+01  6.129638227557e-02
 5.399711743965e+04  1.532450000000e+01  6.131133393359e-02
 5.399712328115e+04  1.533337300000e+01  6.141996551793e-02
 5.420147555944e+04  1.494236900000e+01  5.906948758908e-02
 5.420148156784e+04  1.493750200000e+01  5.900397693751e-02
 5.420148752578e+04  1.491635400000e+01  5.889453177635e-02
 5.420149342595e+04  1.489390900000e+01  5.878970698384e-02
 5.421231531288e+04  1.494358300000e+01  5.891681030213e-02
 5.421232413844e+04  1.496238000000e+01  5.901722074141e-02
 5.421233292822e+04  1.496165100000e+01  5.900579032417e-02
 5.421234169579e+04  1.497065000000e+01  5.903337978090e-02
 5.425633977683e+04  1.485974300000e+01  5.861819348198e-02
 5.425634479628e+04  1.488621300000e+01  5.880894859207e-02
 5.425634980117e+04  1.485868900000e+01  5.857590027146e-02
 5.425635481681e+04  1.486180100000e+01  5.863990129991e-02
 5.426331586252e+04  1.525763200000e+01  6.204534886396e-02
 5.426332180946e+04  1.524565300000e+01  6.194528592164e-02
 5.426332779135e+04  1.525412400000e+01  6.200197156180e-02
 5.426333374154e+04  1.529662300000e+01  6.198616879719e-02
 5.426926150321e+04  1.498139400000e+01  5.932242016190e-02
 5.426927008049e+04  1.495904300000e+01  5.917994488180e-02
 5.426927863854e+04  1.494064700000e+01  5.905597239498e-02
 5.426928721837e+04  1.491438800000e+01  5.891085035449e-02
 5.417247064977e+04  1.513627500000e+01  5.986105849456e-02
 5.417247931953e+04  1.511673800000e+01  5.971546071256e-02
 5.417248802147e+04  1.514218800000e+01  5.988920511743e-02
 5.417249670234e+04  1.515307300000e+01  5.994565373729e-02
 5.418546738932e+04  1.503930900000e+01  5.941246857735e-02
 5.418547608397e+04  1.506701000000e+01  5.958941074020e-02
 5.418548474921e+04  1.507239800000e+01  5.959371688732e-02
 5.418549343101e+04  1.509165000000e+01  5.969645979577e-02
 5.423043242751e+04  1.508788500000e+01  6.013417805710e-02
 5.423043888685e+04  1.510760700000e+01  6.032747909620e-02
 5.423044534806e+04  1.510025000000e+01  6.028573789096e-02
 5.423045189028e+04  1.513769800000e+01  6.057873817759e-02
 5.423641494597e+04  1.529200800000e+01  6.226423147658e-02
 5.423642248755e+04  1.530316700000e+01  6.240357356639e-02
 5.423643000481e+04  1.530874000000e+01  6.253093463231e-02
 5.423643914023e+04  1.536709300000e+01  6.323878838039e-02
 5.424238161510e+04  1.478720300000e+01  5.837357359439e-02
 5.424238911051e+04  1.476784600000e+01  5.829411457741e-02
 5.424239663461e+04  1.477207900000e+01  5.833390585098e-02
 5.424240417965e+04  1.478437700000e+01  5.841834964317e-02
 5.439207158328e+04  1.503699200000e+01  6.133930064755e-02
 5.439207588674e+04  1.501343700000e+01  6.124572854961e-02
 5.439208019933e+04  1.501400200000e+01  6.144368909608e-02
 5.439208448242e+04  1.498134900000e+01  6.127752050970e-02
 5.435612389848e+04  1.496084100000e+01  5.898969916678e-02
 5.435612925848e+04  1.495677100000e+01  5.900721739462e-02
 5.435613463003e+04  1.496460000000e+01  5.907197229111e-02
 5.435613997521e+04  1.498156400000e+01  5.919067089329e-02
 5.456345837862e+04  1.482417000000e+01  5.805855986268e-02
 5.456346459178e+04  1.483395900000e+01  5.812920728822e-02
 5.456347078688e+04  1.482720300000e+01  5.811330039105e-02
 5.456347694807e+04  1.484306900000e+01  5.823421220353e-02
 5.456937949269e+04  1.503634500000e+01  5.927289337276e-02
 5.456938593884e+04  1.505215700000e+01  5.937820773290e-02
 5.456939239078e+04  1.505862700000e+01  5.939839089880e-02
 5.456939885638e+04  1.505376900000e+01  5.936335417422e-02
 5.458439152725e+04  1.528266200000e+01  6.115719682076e-02
 5.458440171769e+04  1.525796800000e+01  6.099891129012e-02
 5.458441190823e+04  1.531248500000e+01  6.107187509758e-02
 5.458442213744e+04  1.529665200000e+01  6.129961116940e-02
 5.451449964149e+04  1.484556700000e+01  5.790867233691e-02
 5.451450583509e+04  1.488757100000e+01  5.839088711275e-02
 5.451451200877e+04  1.488174000000e+01  5.832111703166e-02
 5.451451817286e+04  1.488975600000e+01  5.836432990741e-02
 5.447653565009e+04  1.525110400000e+01  6.482524654372e-02
 5.447653870939e+04  1.524892000000e+01  6.478947200061e-02
 5.447654176012e+04  1.525702800000e+01  6.486034478261e-02
 5.447654488562e+04  1.526951800000e+01  6.495816392627e-02
 5.449651455824e+04  1.487564100000e+01  6.112563497307e-02
 5.449652100903e+04  1.487686900000e+01  6.109637186062e-02
 5.449652739639e+04  1.487495900000e+01  6.106621882716e-02
 5.449653383466e+04  1.489966000000e+01  6.124483007219e-02
 5.464821814391e+04  1.535214700000e+01  6.259222990441e-02
 5.464822561708e+04  1.532661500000e+01  6.240444408706e-02
 5.464823310022e+04  1.529247000000e+01  6.218382829996e-02
 5.464824053566e+04  1.524728600000e+01  6.186602452190e-02
 5.462324927626e+04  1.500662500000e+01  5.725988176297e-02
 5.462325717203e+04  1.499198900000e+01  5.719445342097e-02
 5.462326499638e+04  1.502034500000e+01  5.735245044257e-02
 5.462327287108e+04  1.502149500000e+01  5.731083790011e-02
 5.452944748240e+04  1.512872300000e+01  5.985944193370e-02
 5.452945838375e+04  1.515212800000e+01  5.995273140366e-02
 5.452946931994e+04  1.516175600000e+01  5.999489339367e-02
 5.452948032141e+04  1.515915500000e+01  5.996114241613e-02
 5.455632275272e+04  1.506145300000e+01  5.999637961602e-02
 5.455633803786e+04  1.506667500000e+01  5.997260265462e-02
 5.455634712257e+04  1.508295800000e+01  6.004952159253e-02
 5.455635618159e+04  1.509859800000e+01  6.007091660048e-02
 5.459134009025e+04  1.495395600000e+01  5.879585907311e-02
 5.459134812826e+04  1.495465300000e+01  5.880758918711e-02
 5.459135618561e+04  1.496042700000e+01  5.883854060323e-02
 5.459136427583e+04  1.496003600000e+01  5.881629668302e-02
 5.459928750839e+04  1.493642300000e+01  5.913115149452e-02
 5.459929400733e+04  1.488296200000e+01  5.877783593327e-02
 5.459930052605e+04  1.487729700000e+01  5.873176541645e-02
 5.459930704189e+04  1.485146300000e+01  5.856773753669e-02
 5.472909571759e+04  1.530662300000e+01  6.116905089771e-02
 5.472910010288e+04  1.527045900000e+01  6.098849892697e-02
 5.472910442590e+04  1.527918100000e+01  6.109030064872e-02
 5.472910875169e+04  1.525914000000e+01  6.098774006177e-02
 5.473710288605e+04  1.529805800000e+01  6.574346343702e-02
 5.473710725514e+04  1.524573200000e+01  6.529613416959e-02
 5.473711170675e+04  1.527925100000e+01  6.583193362917e-02
 5.473711596912e+04  1.528054400000e+01  6.598832637589e-02
 5.492439662126e+04  1.491102000000e+01  5.858134552197e-02
 5.492440206911e+04  1.487564000000e+01  5.839279271479e-02
 5.492440755944e+04  1.486895600000e+01  5.866137300325e-02
 5.493741884931e+04  1.513686800000e+01  6.036218121576e-02
 5.493742373693e+04  1.509063700000e+01  6.005401038710e-02
 5.493742850559e+04  1.503082000000e+01  5.964302308166e-02
 5.493743326554e+04  1.500289500000e+01  5.941291766597e-02
 5.494540694904e+04  1.525344700000e+01  6.108820336774e-02
 5.494632507409e+04  1.535061900000e+01  6.279431005414e-02
 5.494633229944e+04  1.532108900000e+01  6.630680940266e-02
 5.494633963987e+04  1.542096800000e+01  7.348935716135e-02
 5.494634696213e+04  1.535040300000e+01  6.176041498788e-02
 5.506219054331e+04  1.526574900000e+01  6.574809160537e-02
 5.506219633712e+04  1.525411600000e+01  6.569325331774e-02
 5.506220219140e+04  1.524200900000e+01  6.566075445824e-02
 5.506220789318e+04  1.524351600000e+01  6.571958910216e-02
 5.488948238847e+04  1.493999900000e+01  5.839093967316e-02
 5.488949039361e+04  1.493849100000e+01  5.837468753392e-02
 5.488949838440e+04  1.494635900000e+01  5.839102704797e-02
 5.488950630483e+04  1.495455300000e+01  5.841175568906e-02
 5.503924674627e+04  1.520853900000e+01  6.132108977928e-02
 5.503925459387e+04  1.524069800000e+01  6.200763447803e-02
 5.503926243294e+04  1.522389200000e+01  6.180044789390e-02
 5.503927021214e+04  1.523162500000e+01  6.179903908064e-02
 5.498335941969e+04  1.487172600000e+01  5.832180353521e-02
 5.498336606617e+04  1.487719300000e+01  5.836006339051e-02
 5.498337280921e+04  1.490570600000e+01  5.854316720614e-02
 5.498337950752e+04  1.489572800000e+01  5.850623771457e-02
 5.499332764240e+04  1.503887600000e+01  6.131575361628e-02
 5.499333304822e+04  1.506722900000e+01  6.150738763978e-02
 5.499333846597e+04  1.504513500000e+01  6.182504612425e-02
 5.499334389310e+04  1.506415800000e+01  6.153011057665e-02
 5.491746079463e+04  1.514801300000e+01  5.998803076436e-02
 5.491746566605e+04  1.516909800000e+01  6.015088043093e-02
 5.491747054223e+04  1.517831700000e+01  6.022821416991e-02
 5.491747527209e+04  1.519026600000e+01  6.030571172115e-02
 5.508513495191e+04  1.528984500000e+01  6.702267746527e-02
 5.508513887088e+04  1.531076700000e+01  6.821594002784e-02
 5.508514274375e+04  1.516395900000e+01  6.839348183153e-02
 5.508514667976e+04  1.487880600000e+01  7.003196387304e-02
 5.508912139336e+04  1.523382700000e+01  6.538272957360e-02
 5.508912531024e+04  1.524977100000e+01  6.575585994785e-02
 5.508912925581e+04  1.527505000000e+01  6.592768602121e-02
 5.508913302694e+04  1.536017600000e+01  6.858099577581e-02
 5.509910415140e+04  1.535466200000e+01  6.684430179142e-02
 5.509910992191e+04  1.540915700000e+01  6.761944999253e-02
 5.509911577397e+04  1.536106800000e+01  6.715025760258e-02
 5.509912168120e+04  1.540042200000e+01  6.776595038964e-02
 5.529544145742e+04  1.493869600000e+01  5.867382399226e-02
 5.529544860479e+04  1.496075300000e+01  5.880962846610e-02
 5.529545581185e+04  1.494732000000e+01  5.875665185587e-02
 5.529546301522e+04  1.497797000000e+01  5.897187061095e-02
 5.534929915824e+04  1.488496500000e+01  5.866438860572e-02
 5.534930544067e+04  1.489345000000e+01  5.858722103265e-02
 5.534931174353e+04  1.490736100000e+01  5.867145810076e-02
 5.534931808618e+04  1.492076600000e+01  5.872946094361e-02
 5.535630114204e+04  1.529165000000e+01  6.169976818726e-02
 5.535631026068e+04  1.532422500000e+01  6.240776223278e-02
 5.535631949566e+04  1.532378700000e+01  6.155084910800e-02
 5.535632875331e+04  1.531563900000e+01  6.151956185510e-02
 5.536328822260e+04  1.498530100000e+01  5.920792465228e-02
 5.536329276730e+04  1.497743700000e+01  5.918500601773e-02
 5.536329737517e+04  1.499327900000e+01  5.926323478430e-02
 5.536330193350e+04  1.499424500000e+01  5.929531192377e-02
 5.536815397344e+04  1.496797700000e+01  5.919359116488e-02
 5.536815905251e+04  1.495400900000e+01  5.911686951067e-02
 5.536816422130e+04  1.495154300000e+01  5.908915755701e-02
 5.536816934016e+04  1.499335400000e+01  5.935364278253e-02
 5.527249974274e+04  1.485526900000e+01  5.806328616322e-02
 5.527250668293e+04  1.485797800000e+01  5.806793819527e-02
 5.527251366331e+04  1.488052400000e+01  5.823349080461e-02
 5.527252061424e+04  1.489206400000e+01  5.826498446135e-02
 5.532334004968e+04  1.506610300000e+01  5.955759854343e-02
 5.532334745444e+04  1.506988600000e+01  5.954459131578e-02
 5.532335501465e+04  1.508263500000e+01  5.964946845751e-02
 5.532336248516e+04  1.507627800000e+01  5.962277632904e-02
 5.532940236363e+04  1.537658300000e+01  6.180445268739e-02
 5.532940930419e+04  1.536309900000e+01  6.169395268100e-02
 5.532941618346e+04  1.536664700000e+01  6.176402197122e-02
 5.532942320475e+04  1.539445200000e+01  6.222460360197e-02
 5.533834155169e+04  1.530251900000e+01  6.144040204229e-02
 5.533834989749e+04  1.531879700000e+01  6.156957732085e-02
 5.533835811297e+04  1.534366600000e+01  6.181548321326e-02
 5.533836629306e+04  1.534958200000e+01  6.184302904413e-02
 5.545412722993e+04  1.518303300000e+01  6.067450049484e-02
 5.545413756287e+04  1.517389600000e+01  6.067785156590e-02
 5.545414269634e+04  1.516780400000e+01  6.074497121505e-02
 5.567542056667e+04  1.506955700000e+01  6.236255859664e-02
 5.567542770223e+04  1.506947800000e+01  6.237768201434e-02
 5.567543486324e+04  1.509441300000e+01  6.260932550490e-02
 5.567544200228e+04  1.507614500000e+01  6.251708047773e-02
 5.560352989400e+04  1.503498300000e+01  5.968384628912e-02
 5.560353512795e+04  1.505277700000e+01  5.979309834489e-02
 5.560354032682e+04  1.506019500000e+01  5.982701066137e-02
 5.560354560103e+04  1.503919200000e+01  5.966631430950e-02
 5.562845960878e+04  1.524388800000e+01  6.493439241399e-02
 5.562846591535e+04  1.518217100000e+01  6.361120489011e-02
 5.562847226752e+04  1.514377300000e+01  6.269079263199e-02
 5.562847854990e+04  1.505526600000e+01  6.455693461147e-02
 5.565041585723e+04  1.531336800000e+01  6.277243649552e-02
 5.565042378994e+04  1.535806300000e+01  6.256531710119e-02
 5.565043184500e+04  1.532532900000e+01  6.225268410917e-02
 5.565043989508e+04  1.534234300000e+01  6.286453602116e-02
 5.570637193887e+04  1.498032600000e+01  5.969689144997e-02
 5.570638120775e+04  1.500391400000e+01  5.987002234610e-02
 5.570639060292e+04  1.498527300000e+01  5.979006148274e-02
 5.570639983267e+04  1.498761800000e+01  5.984083147618e-02
 5.494544746315e+04  1.532972700000e+01  6.145019981844e-02
 5.494545341890e+04  1.530429100000e+01  6.135870116312e-02
 5.582510446309e+04  1.521770200000e+01  5.856819466627e-02
 5.582511199205e+04  1.524475700000e+01  5.880721982978e-02
 5.582511951494e+04  1.523771000000e+01  5.880368799063e-02
 5.582512710734e+04  1.523369300000e+01  5.882428262061e-02
 5.598844234633e+04  1.522930200000e+01  6.104359613093e-02
 5.598844944611e+04  1.526374700000e+01  6.130607579676e-02
 5.598845659277e+04  1.522272200000e+01  6.096367877757e-02
 5.598846379065e+04  1.523983000000e+01  6.105880551415e-02
 5.601443578939e+04  1.507960100000e+01  5.798843862523e-02
 5.601444333203e+04  1.510845000000e+01  5.812602701393e-02
 5.601445083172e+04  1.512246000000e+01  5.822282209974e-02
 5.601445842505e+04  1.513574500000e+01  5.827280534437e-02
 5.603546913694e+04  1.489199600000e+01  5.875895326258e-02
 5.603547210723e+04  1.488684100000e+01  5.872658611756e-02
 5.603547512150e+04  1.489393600000e+01  5.880021753275e-02
 5.603547803809e+04  1.491631700000e+01  5.894103598452e-02
 5.604241158666e+04  1.520704400000e+01  6.161392455391e-02
 5.604241662613e+04  1.525132300000e+01  6.159499942514e-02
 5.604242168890e+04  1.525824400000e+01  6.209444390976e-02
 5.604242683013e+04  1.524169700000e+01  6.235047432611e-02
 5.606940000520e+04  1.528316700000e+01  6.120362730183e-02
 5.606940792524e+04  1.529819000000e+01  6.130152977208e-02
 5.606941601407e+04  1.530619900000e+01  6.145103175714e-02
 5.606942402705e+04  1.532295900000e+01  6.164006883285e-02
 5.608737048949e+04  1.529855400000e+01  6.119445865365e-02
 5.608737557840e+04  1.529959700000e+01  6.123631679288e-02
 5.608738070771e+04  1.531848900000e+01  6.137370098913e-02
 5.608738583705e+04  1.529751000000e+01  6.125022464072e-02
 5.609729810319e+04  1.533740400000e+01  6.178297877536e-02
 5.609730591865e+04  1.533475300000e+01  6.174458236429e-02
 5.609731385578e+04  1.527331800000e+01  6.129046787139e-02
 5.609732169494e+04  1.527037500000e+01  6.130557048142e-02
 5.616717027383e+04  1.509817400000e+01  5.766827588449e-02
 5.616717699963e+04  1.507937500000e+01  5.762392115608e-02
 5.616718371448e+04  1.511508400000e+01  5.788730114050e-02
 5.616719032894e+04  1.510835700000e+01  5.792958151713e-02
