# time mag mag_err
 5.352619898561e+04  1.460894300000e+01  5.727172744569e-02
 5.352620720628e+04  1.461827300000e+01  5.733800431330e-02
 5.352621538736e+04  1.463556700000e+01  5.743061733341e-02
 5.352622360235e+04  1.465259600000e+01  5.754600390491e-02
 5.353416427870e+04  1.449266100000e+01  5.663282059112e-02
 5.353417249462e+04  1.450606500000e+01  5.669512021588e-02
 5.353418066690e+04  1.452732400000e+01  5.681384931443e-02
 5.353418883478e+04  1.454369200000e+01  5.690401695766e-02
 5.383322847037e+04  1.446854600000e+01  5.791379616236e-02
 5.383323724581e+04  1.429977500000e+01  5.698839762143e-02
 5.383324596812e+04  1.421630800000e+01  5.657157484724e-02
 5.383325469309e+04  1.408605400000e+01  5.594404013144e-02
 5.385225650578e+04  1.472341600000e+01  5.817897194594e-02
 5.385226383252e+04  1.471590300000e+01  5.813966404313e-02
 5.385227111922e+04  1.470361700000e+01  5.807039500511e-02
 5.385227832931e+04  1.468818000000e+01  5.800367931573e-02
 5.377040557998e+04  1.450433700000e+01  5.671465500839e-02
 5.377041415795e+04  1.452051100000e+01  5.687484380848e-02
 5.377042280630e+04  1.454129200000e+01  5.691282702922e-02
 5.377043153427e+04  1.456613600000e+01  5.696565291003e-02
 5.374636623665e+04  1.462847000000e+01  5.865553631179e-02
 5.374637266579e+04  1.466514300000e+01  5.878099782776e-02
 5.374637909481e+04  1.464790200000e+01  5.858999686521e-02
 5.374638550705e+04  1.464949300000e+01  5.860781759683e-02
 5.388723356696e+04  1.440410500000e+01  5.675531695702e-02
 5.390229625562e+04  1.463696700000e+01  8.390485341111e-02
 5.390229724561e+04  1.458136300000e+01  8.350430040523e-02
 5.390229829890e+04  1.466950800000e+01  8.452363665850e-02
 5.390229929478e+04  1.470719400000e+01  8.527615866689e-02
 5.379634158345e+04  1.443281500000e+01  5.637895862182e-02
 5.379635024580e+04  1.444975800000e+01  5.645945224568e-02
 5.379635888604e+04  1.446853800000e+01  5.654676277401e-02
 5.379636766183e+04  1.448648200000e+01  5.662552725006e-02
 5.380333648397e+04  1.470305000000e+01  6.063735384783e-02
 5.380334338119e+04  1.471137200000e+01  6.067254456333e-02
 5.380335036684e+04  1.472906800000e+01  6.080078830120e-02
 5.380335755007e+04  1.474892700000e+01  6.096320693101e-02
 5.382324134712e+04  1.475540300000e+01  5.865023102093e-02
 5.382324996954e+04  1.477709000000e+01  5.898846051026e-02
 5.382325862031e+04  1.479712700000e+01  6.220961775178e-02
 5.382326725975e+04  1.480220400000e+01  6.051168634148e-02
 5.386122995976e+04  1.432902100000e+01  5.614310538634e-02
 5.386123842325e+04  1.434741000000e+01  5.622994437904e-02
 5.386124640837e+04  1.436477400000e+01  5.631351582742e-02
 5.386125418353e+04  1.438002700000e+01  5.640886296488e-02
 5.386631921284e+04  1.456914700000e+01  7.967409146374e-02
 5.386632004319e+04  1.459115700000e+01  8.018204520767e-02
 5.386632078248e+04  1.457146300000e+01  7.982818476042e-02
 5.386632160971e+04  1.457187600000e+01  7.988417193999e-02
 5.420929621970e+04  1.398786900000e+01  5.463199197611e-02
 5.420930426303e+04  1.401647600000e+01  5.449640895551e-02
 5.420931235291e+04  1.405829300000e+01  5.465939813471e-02
 5.420932043815e+04  1.408479000000e+01  5.474530792878e-02
 5.415629914705e+04  1.448496000000e+01  5.627598876052e-02
 5.415630781299e+04  1.449844100000e+01  5.632105091481e-02
 5.415631646978e+04  1.453733800000e+01  5.649103431286e-02
 5.415632514476e+04  1.454103200000e+01  5.648217206875e-02
 5.426523228571e+04  1.464482000000e+01  5.795409526843e-02
 5.426524150561e+04  1.466644700000e+01  5.815831353742e-02
 5.426525078235e+04  1.468504600000e+01  5.833178845316e-02
 5.426526004936e+04  1.469447800000e+01  5.841945866546e-02
 5.427216339333e+04  1.471104700000e+01  5.637152099581e-02
 5.427217127648e+04  1.470746900000e+01  5.637648726928e-02
 5.427217916079e+04  1.471776400000e+01  5.643216053586e-02
 5.427218708167e+04  1.470921900000e+01  5.641444173958e-02
 5.416931638921e+04  1.456921900000e+01  5.691338070272e-02
 5.416932679737e+04  1.458514500000e+01  5.695956431642e-02
 5.416933718480e+04  1.459751600000e+01  5.697299783393e-02
 5.416934776427e+04  1.461273900000e+01  5.691541104246e-02
 5.417624406970e+04  1.468596400000e+01  5.738371542724e-02
 5.417625168721e+04  1.470963900000e+01  5.748315502031e-02
 5.417625924013e+04  1.470365800000e+01  5.743610913212e-02
 5.417626680729e+04  1.470517100000e+01  5.745098547588e-02
 5.423230820458e+04  1.436577600000e+01  5.617228138668e-02
 5.423231469981e+04  1.439432700000e+01  5.628888670496e-02
 5.423232122687e+04  1.440067400000e+01  5.635953287207e-02
 5.423232777859e+04  1.442141000000e+01  5.648933882204e-02
 5.424520237714e+04  1.411605700000e+01  5.500413993319e-02
 5.424521173443e+04  1.414198100000e+01  5.513099540655e-02
 5.424522116823e+04  1.419454800000e+01  5.535683411180e-02
 5.424523041487e+04  1.420503300000e+01  5.540886278197e-02
 5.455925802183e+04  1.454715500000e+01  5.669815023511e-02
 5.455926199565e+04  1.445136800000e+01  5.624420849232e-02
 5.455926595359e+04  1.435523200000e+01  5.579969073072e-02
 5.455926990043e+04  1.431082200000e+01  5.560351009209e-02
 5.456634482500e+04  1.454273300000e+01  5.676928500803e-02
 5.456635301823e+04  1.456265800000e+01  5.690735392121e-02
 5.456636139503e+04  1.459037000000e+01  5.702800257384e-02
 5.456636978110e+04  1.459220300000e+01  5.703893728332e-02
 5.457119958898e+04  1.435271400000e+01  5.566583111941e-02
 5.457120642358e+04  1.435133900000e+01  5.563400418100e-02
 5.457121327172e+04  1.438782800000e+01  5.580108035065e-02
 5.457122015713e+04  1.438626100000e+01  5.589731404279e-02
 5.458417839778e+04  1.433852300000e+01  5.569798460642e-02
 5.458418940064e+04  1.436866600000e+01  5.582324418063e-02
 5.458419587214e+04  1.438119300000e+01  5.584678528418e-02
 5.458420233022e+04  1.439325300000e+01  5.592778931219e-02
 5.480748110845e+04  1.443308300000e+01  5.719505564268e-02
 5.480748651716e+04  1.442000800000e+01  5.711774175984e-02
 5.480749194406e+04  1.444834700000e+01  5.724229165165e-02
 5.480749728588e+04  1.445577500000e+01  5.749848069713e-02
 5.449940273803e+04  1.419852500000e+01  5.494924497243e-02
 5.449940819873e+04  1.421870900000e+01  5.502241501891e-02
 5.449941372123e+04  1.422722700000e+01  5.505738184447e-02
 5.449941923608e+04  1.424179000000e+01  5.511318280300e-02
 5.450734681065e+04  1.398544100000e+01  5.623089882358e-02
 5.450735434344e+04  1.392872300000e+01  5.539759345983e-02
 5.450736187691e+04  1.392981500000e+01  5.558555173455e-02
 5.450736938782e+04  1.394453000000e+01  5.515399337943e-02
 5.451429335740e+04  1.432423900000e+01  5.630819516858e-02
 5.451429933872e+04  1.434106800000e+01  5.618386140796e-02
 5.451430532234e+04  1.435846400000e+01  5.622565803583e-02
 5.451431131477e+04  1.436099200000e+01  5.608462842343e-02
 5.462623684885e+04  1.435411800000e+01  5.592104803145e-02
 5.462624416634e+04  1.434196100000e+01  5.590773748930e-02
 5.462625153812e+04  1.437866100000e+01  5.610429926250e-02
 5.462625889035e+04  1.439288800000e+01  5.619114060542e-02
 5.464020915976e+04  1.457901800000e+01  5.736650926587e-02
 5.464021567270e+04  1.481699900000e+01  5.876938302371e-02
 5.464022223286e+04  1.480917800000e+01  5.876066069082e-02
 5.464022881941e+04  1.483295000000e+01  5.872936572752e-02
 5.452729210647e+04  1.436262100000e+01  5.567152744906e-02
 5.452729868885e+04  1.437723800000e+01  5.573347805567e-02
 5.452730528304e+04  1.440381300000e+01  5.583208151547e-02
 5.452731183986e+04  1.440435800000e+01  5.582609569114e-02
 5.453250872201e+04  1.471560300000e+01  5.778006895406e-02
 5.453545010288e+04  1.462063800000e+01  5.689904079024e-02
 5.453545741366e+04  1.463112800000e+01  5.697811129338e-02
 5.453546477294e+04  1.462696800000e+01  5.694975270947e-02
 5.453547205895e+04  1.465407900000e+01  5.709889904869e-02
 5.454944818645e+04  1.405779200000e+01  5.555373055425e-02
 5.454945512476e+04  1.409283500000e+01  5.573029112321e-02
 5.454946226551e+04  1.412045500000e+01  5.585235161867e-02
 5.454946927731e+04  1.412398300000e+01  5.589224421297e-02
 5.459434800683e+04  1.471392400000e+01  5.759684074182e-02
 5.459435456398e+04  1.472943400000e+01  5.772540438949e-02
 5.459436109150e+04  1.472217200000e+01  5.767318582176e-02
 5.459436768443e+04  1.472201600000e+01  5.768285215813e-02
 5.492321452323e+04  1.459776700000e+01  5.700004222874e-02
 5.492322003289e+04  1.460984200000e+01  5.745904418373e-02
 5.492322550041e+04  1.460999600000e+01  5.689194054558e-02
 5.492323093287e+04  1.463450600000e+01  5.701527132814e-02
 5.494223817130e+04  1.431138100000e+01  5.544833289930e-02
 5.494224365492e+04  1.432848400000e+01  5.551469166488e-02
 5.494224917441e+04  1.431583600000e+01  5.546111782179e-02
 5.494225474345e+04  1.434497400000e+01  5.557314746612e-02
 5.488833359755e+04  1.397802600000e+01  5.409902589717e-02
 5.488834210191e+04  1.401585200000e+01  5.421026052025e-02
 5.488835065175e+04  1.404907800000e+01  5.431609137873e-02
 5.488835921352e+04  1.407352900000e+01  5.440251230241e-02
 5.486143578484e+04  1.468754100000e+01  5.704071087407e-02
 5.486144693979e+04  1.468910500000e+01  5.703815847703e-02
 5.486145805052e+04  1.469437100000e+01  5.686034362023e-02
 5.486146921439e+04  1.468865000000e+01  5.703856564264e-02
 5.504015627208e+04  1.467091600000e+01  6.062522077511e-02
 5.504016062464e+04  1.466742800000e+01  6.067349261909e-02
 5.504016502498e+04  1.466144500000e+01  6.062337247278e-02
 5.504016934874e+04  1.464907700000e+01  6.058190588857e-02
 5.490743262561e+04  1.451604300000e+01  5.631875978325e-02
 5.490743735131e+04  1.439342900000e+01  5.577614362956e-02
 5.490744211984e+04  1.431316000000e+01  5.544495885737e-02
 5.490744700272e+04  1.426422600000e+01  5.524356420289e-02
 5.491428821890e+04  1.393948500000e+01  5.407397238694e-02
 5.491429426633e+04  1.396841400000e+01  5.402749610166e-02
 5.491430044453e+04  1.398286600000e+01  5.420791300629e-02
 5.491430657726e+04  1.399044100000e+01  5.422852896095e-02
 5.495425387206e+04  1.474690800000e+01  6.045739374884e-02
 5.495427772686e+04  1.472197000000e+01  5.891085035449e-02
 5.496829366811e+04  1.449193300000e+01  5.718373734588e-02
 5.496830281801e+04  1.449073200000e+01  5.728411738349e-02
 5.496831181395e+04  1.452412900000e+01  5.748120351187e-02
 5.496832093719e+04  1.454789200000e+01  5.763532190475e-02
 5.498120424792e+04  1.432315900000e+01  5.576061542849e-02
 5.529837994536e+04  1.410089700000e+01  5.482911777667e-02
 5.529838674793e+04  1.413738600000e+01  5.497108676262e-02
 5.529839369006e+04  1.414216600000e+01  5.499544679143e-02
 5.529840055972e+04  1.417428000000e+01  5.512035336366e-02
 5.524443991671e+04  1.481856000000e+01  5.816847211947e-02
 5.524444739255e+04  1.480099300000e+01  5.807052300185e-02
 5.524445490675e+04  1.477358300000e+01  5.791418111360e-02
 5.524446243515e+04  1.472983400000e+01  5.765982558059e-02
 5.535918785453e+04  1.458388800000e+01  5.741015429519e-02
 5.535919356025e+04  1.457406100000e+01  5.734468857922e-02
 5.535919923637e+04  1.459198400000e+01  5.744302656880e-02
 5.535920492102e+04  1.460704400000e+01  5.742810331020e-02
 5.536924780367e+04  1.472288000000e+01  5.793767734577e-02
 5.536925353917e+04  1.471449700000e+01  5.789452331731e-02
 5.536925932823e+04  1.471973400000e+01  5.797496676321e-02
 5.536926510352e+04  1.473780800000e+01  5.812566850985e-02
 5.526047219795e+04  1.474654000000e+01  5.787751541212e-02
 5.526047741603e+04  1.477108200000e+01  5.803043828358e-02
 5.526048256157e+04  1.477771300000e+01  5.807478201411e-02
 5.526048783914e+04  1.479280100000e+01  5.815248094404e-02
 5.527131299558e+04  1.445624100000e+01  5.620516419516e-02
 5.527131992913e+04  1.448179100000e+01  5.632912174945e-02
 5.527132692703e+04  1.448531500000e+01  5.632479676609e-02
 5.527133379943e+04  1.449957200000e+01  5.638853304226e-02
 5.528025664413e+04  1.475141900000e+01  5.804781593414e-02
 5.528026355502e+04  1.478899800000e+01  5.826013414023e-02
 5.528027035328e+04  1.479643900000e+01  5.827738349251e-02
 5.528027720628e+04  1.480702100000e+01  5.834076496694e-02
 5.532531602763e+04  1.469321300000e+01  5.761451224128e-02
 5.532532293168e+04  1.471205700000e+01  5.772093343293e-02
 5.532532984770e+04  1.471283800000e+01  5.776686867318e-02
 5.532533678707e+04  1.469213700000e+01  5.762311138540e-02
 5.533117950693e+04  1.415979300000e+01  5.735654235148e-02
 5.533118298685e+04  1.419300300000e+01  5.634167268348e-02
 5.533118649247e+04  1.418707800000e+01  5.902878539581e-02
 5.533118997519e+04  1.422233500000e+01  6.119347018940e-02
 5.533824274102e+04  1.466881500000e+01  5.732428341084e-02
 5.533825060959e+04  1.470013400000e+01  5.749922163361e-02
 5.533825861417e+04  1.465612100000e+01  5.727818039909e-02
 5.533826666642e+04  1.467405700000e+01  5.739169872632e-02
 5.568135226497e+04  1.450889600000e+01  5.702370569437e-02
 5.568135967124e+04  1.452377800000e+01  5.713471743228e-02
 5.568136725025e+04  1.453889300000e+01  5.724632996773e-02
 5.568137488153e+04  1.455685000000e+01  5.736613951093e-02
 5.561546959488e+04  1.479074000000e+01  5.991133766239e-02
 5.561547719039e+04  1.480317000000e+01  6.003047242237e-02
 5.561548485457e+04  1.483401000000e+01  6.025035233389e-02
 5.561549252662e+04  1.483474300000e+01  6.027717262524e-02
 5.562835129450e+04  1.469788500000e+01  5.916778312454e-02
 5.562835865252e+04  1.473389600000e+01  6.034948745484e-02
 5.562836617734e+04  1.469034000000e+01  5.991483520205e-02
 5.562837365340e+04  1.472557900000e+01  6.009162763334e-02
 5.565035626677e+04  1.434640900000e+01  5.483535759502e-02
 5.565036378693e+04  1.436791000000e+01  5.492884410859e-02
 5.565037130331e+04  1.438334300000e+01  5.499090885614e-02
 5.565037884769e+04  1.440102800000e+01  5.507077797706e-02
 5.388726605155e+04  1.446503900000e+01  5.712110525906e-02
 5.388727575563e+04  1.447981700000e+01  5.722594520355e-02
 5.388728551491e+04  1.451517100000e+01  5.744605111086e-02
 5.388729527616e+04  1.450953600000e+01  5.747534061743e-02
 5.588250548139e+04  1.471580900000e+01  5.778743861288e-02
 5.588250893608e+04  1.470663400000e+01  5.775376019911e-02
 5.588251233685e+04  1.472885800000e+01  5.784560905718e-02
 5.588251586041e+04  1.471972100000e+01  5.780041573435e-02
 5.597949922196e+04  1.462500100000e+01  5.714373221265e-02
 5.597950539185e+04  1.463615500000e+01  5.721084974161e-02
 5.597951164635e+04  1.466289000000e+01  5.735125441893e-02
 5.597951787201e+04  1.466363400000e+01  5.736956009693e-02
 5.598637678520e+04  1.470518900000e+01  5.829300709658e-02
 5.598638237691e+04  1.470688500000e+01  5.828191603886e-02
 5.598638798975e+04  1.469506100000e+01  5.818893827628e-02
 5.598639366630e+04  1.470840700000e+01  5.825151294213e-02
 5.600146618872e+04  1.399208500000e+01  5.441515015891e-02
 5.600147130241e+04  1.395802600000e+01  5.431033195269e-02
 5.600147647073e+04  1.394471300000e+01  5.426101363571e-02
 5.600148155934e+04  1.395052700000e+01  5.429473603444e-02
 5.600839468252e+04  1.429095900000e+01  5.436727232978e-02
 5.600840285321e+04  1.431754100000e+01  5.445796266859e-02
 5.600841103685e+04  1.434276700000e+01  5.455759727048e-02
 5.600841926719e+04  1.434683600000e+01  5.456222313375e-02
 5.601533485108e+04  1.458820000000e+01  5.702010548448e-02
 5.601534347488e+04  1.460393700000e+01  5.711549699345e-02
 5.601535210903e+04  1.461097900000e+01  5.714360855872e-02
 5.601536054983e+04  1.461620200000e+01  5.718477573850e-02
 5.603722051859e+04  1.475508100000e+01  5.825122660639e-02
 5.603722750956e+04  1.479389800000e+01  5.846436002097e-02
 5.603723449521e+04  1.481629500000e+01  5.865107122241e-02
 5.603724145775e+04  1.482357100000e+01  5.864493207280e-02
 5.606631892685e+04  1.484229300000e+01  5.815108574507e-02
 5.606632515404e+04  1.483999200000e+01  5.814646015016e-02
 5.606633136487e+04  1.484121600000e+01  5.819532554540e-02
 5.606633755236e+04  1.485519800000e+01  5.825117592396e-02
 5.609721458328e+04  1.475189000000e+01  5.658587627210e-02
 5.609722136431e+04  1.478291000000e+01  5.668703707419e-02
 5.609722814057e+04  1.481342700000e+01  5.682949046897e-02
 5.609723486720e+04  1.483599500000e+01  5.693019414472e-02
