# time mag mag_err
 5.348026816057e+04  1.590711800000e+01  6.715181629096e-02
 5.348027647961e+04  1.598810200000e+01  6.810658462009e-02
 5.348028484600e+04  1.589257600000e+01  6.695801143645e-02
 5.348029340209e+04  1.586027000000e+01  6.657256359569e-02
 5.356216813218e+04  1.609111800000e+01  7.006609931233e-02
 5.356217457358e+04  1.604700700000e+01  6.950301977500e-02
 5.356218102587e+04  1.609032300000e+01  7.013928963504e-02
 5.356218748973e+04  1.605431000000e+01  6.964712257973e-02
 5.352623549831e+04  1.593145300000e+01  6.788413779648e-02
 5.352624371505e+04  1.596312800000e+01  6.829119938611e-02
 5.352625189392e+04  1.592837200000e+01  6.788375603358e-02
 5.352626008021e+04  1.599075600000e+01  6.866210112708e-02
 5.353420556362e+04  1.593292900000e+01  6.781843421676e-02
 5.353421429750e+04  1.602010600000e+01  6.886325662800e-02
 5.353422310106e+04  1.600070300000e+01  6.864298196829e-02
 5.353423184028e+04  1.600588900000e+01  6.870724422066e-02
 5.354916696564e+04  1.574367000000e+01  6.636855473388e-02
 5.354917349560e+04  1.569373600000e+01  6.590987296447e-02
 5.354918001421e+04  1.562629500000e+01  6.554285305295e-02
 5.354918650654e+04  1.558832100000e+01  6.522210180461e-02
 5.350941158991e+04  1.549092600000e+01  6.813045957396e-02
 5.350941371142e+04  1.549821400000e+01  6.823157191171e-02
 5.350941584000e+04  1.551341300000e+01  6.844194607780e-02
 5.350941798513e+04  1.549779700000e+01  6.828527629553e-02
 5.385238738358e+04  1.616486400000e+01  7.202656860337e-02
 5.385239501613e+04  1.611701200000e+01  7.138218426136e-02
 5.385240262831e+04  1.617297400000e+01  7.223749248606e-02
 5.385241030948e+04  1.611421200000e+01  7.142291360251e-02
 5.390034157787e+04  1.601375800000e+01  1.376589847290e-01
 5.390034257596e+04  1.611062700000e+01  1.540952793586e-01
 5.390034354869e+04  1.588554200000e+01  1.326061484629e-01
 5.390034453566e+04  1.596275000000e+01  1.363476293600e-01
 5.379637650995e+04  1.568458000000e+01  6.519421289627e-02
 5.379638343461e+04  1.572078600000e+01  6.550390954012e-02
 5.379639038773e+04  1.571994200000e+01  6.555599933718e-02
 5.379639733368e+04  1.576608800000e+01  6.599599926072e-02
 5.386129418124e+04  1.575693200000e+01  6.653368541733e-02
 5.386130376447e+04  1.574972500000e+01  6.646411643661e-02
 5.386131295659e+04  1.582734000000e+01  6.742828814476e-02
 5.386132170332e+04  1.585482400000e+01  6.778814469915e-02
 5.388532083608e+04  1.593789400000e+01  6.917317038057e-02
 5.388533013318e+04  1.600049700000e+01  6.998218103589e-02
 5.388533944233e+04  1.598998400000e+01  6.990541791909e-02
 5.388534873781e+04  1.603117000000e+01  7.054173932291e-02
 5.420932887549e+04  1.607883000000e+01  6.922629175574e-02
 5.420933536424e+04  1.606734100000e+01  6.909229297690e-02
 5.420934187660e+04  1.606632500000e+01  6.898512568190e-02
 5.420934836072e+04  1.609265300000e+01  6.946630274308e-02
 5.410846878659e+04  1.599243500000e+01  6.842446447100e-02
 5.410847840164e+04  1.597878800000e+01  6.819567319869e-02
 5.410848792087e+04  1.595735800000e+01  6.784021035229e-02
 5.410849749171e+04  1.602595300000e+01  6.859308427555e-02
 5.426223887326e+04  1.598887500000e+01  7.804435920203e-02
 5.426224315971e+04  1.596560400000e+01  7.334389423423e-02
 5.426224744753e+04  1.573260800000e+01  1.451226979047e-01
 5.426225173514e+04  1.602802500000e+01  7.119051497593e-02
 5.426323844084e+04  1.595278500000e+01  6.892450727056e-02
 5.426324487161e+04  1.596465600000e+01  6.908608760413e-02
 5.426325129796e+04  1.601189500000e+01  1.020288634951e-01
 5.426524084042e+04  1.552778400000e+01  6.422501806483e-02
 5.426525010407e+04  1.552184900000e+01  6.419700159252e-02
 5.426525936171e+04  1.555499500000e+01  6.456831616314e-02
 5.426526862086e+04  1.556994700000e+01  6.479255887961e-02
 5.427222110731e+04  1.576819300000e+01  6.662502547854e-02
 5.427222763356e+04  1.576258100000e+01  6.665516293448e-02
 5.427223417220e+04  1.579228600000e+01  6.703230237779e-02
 5.427224069696e+04  1.580831100000e+01  6.731033693381e-02
 5.416935767193e+04  1.591894800000e+01  6.724147566994e-02
 5.416936473039e+04  1.589190400000e+01  6.669779470577e-02
 5.416937190980e+04  1.587420300000e+01  6.644592468639e-02
 5.416937909314e+04  1.595478500000e+01  6.735416364421e-02
 5.417637687168e+04  1.583520300000e+01  6.914333506185e-02
 5.417638444635e+04  1.577846000000e+01  6.701782690493e-02
 5.417639203829e+04  1.570124400000e+01  6.460756187932e-02
 5.417639963612e+04  1.567032100000e+01  6.429289935463e-02
 5.423236531054e+04  1.572194600000e+01  6.580516629413e-02
 5.423237187267e+04  1.575227800000e+01  6.615418434232e-02
 5.423237843781e+04  1.575737000000e+01  6.623863754160e-02
 5.423238495793e+04  1.577487800000e+01  6.645001600507e-02
 5.424026945671e+04  1.567466000000e+01  6.518122876204e-02
 5.424027917572e+04  1.569020100000e+01  6.529180357673e-02
 5.424028882539e+04  1.570072300000e+01  6.543450538125e-02
 5.424029835932e+04  1.576058100000e+01  6.606804300375e-02
 5.455944354877e+04  1.619041700000e+01  7.060988763241e-02
 5.455944867090e+04  1.615803800000e+01  7.019351655291e-02
 5.455945375552e+04  1.611576800000e+01  6.964806997823e-02
 5.455945888344e+04  1.616027400000e+01  7.024897334547e-02
 5.456637357758e+04  1.518772300000e+01  6.043067640723e-02
 5.456638076775e+04  1.522655600000e+01  6.070942807444e-02
 5.456638787066e+04  1.525809200000e+01  6.102852912144e-02
 5.456639495619e+04  1.529144800000e+01  6.127474052688e-02
 5.457120289250e+04  1.600757300000e+01  6.814828991178e-02
 5.457120971564e+04  1.601186500000e+01  6.816665590962e-02
 5.457121659885e+04  1.602672100000e+01  6.860968190777e-02
 5.457122346240e+04  1.605061000000e+01  6.881124055802e-02
 5.458433688957e+04  1.611673800000e+01  6.952330653897e-02
 5.458434361560e+04  1.613993400000e+01  6.983792889399e-02
 5.458435024834e+04  1.613674600000e+01  6.983235942629e-02
 5.458435689832e+04  1.613253300000e+01  6.979575973142e-02
 5.450839196934e+04  1.550392600000e+01  6.262466249875e-02
 5.450839631539e+04  1.552362200000e+01  6.278689127610e-02
 5.450840066583e+04  1.554383700000e+01  6.293869131855e-02
 5.450840496409e+04  1.555661900000e+01  6.306559916692e-02
 5.451535042778e+04  1.595205000000e+01  6.755568270608e-02
 5.451535535662e+04  1.585533500000e+01  6.644938659752e-02
 5.451536030096e+04  1.591083500000e+01  6.708868383294e-02
 5.451536522609e+04  1.593991300000e+01  6.746747517966e-02
 5.462626618619e+04  1.567427800000e+01  6.479886138624e-02
 5.462627352266e+04  1.574156600000e+01  6.553767070871e-02
 5.462628090139e+04  1.571408900000e+01  6.531194868167e-02
 5.462628822190e+04  1.575331800000e+01  6.573130289893e-02
 5.464026631514e+04  1.604725700000e+01  6.974516700149e-02
 5.464027283514e+04  1.600557700000e+01  6.953791017863e-02
 5.464027935086e+04  1.597883400000e+01  6.926151674847e-02
 5.464028590072e+04  1.596097300000e+01  6.908985420995e-02
 5.452735240611e+04  1.595323600000e+01  6.710123368090e-02
 5.452736041403e+04  1.594072300000e+01  6.695961520180e-02
 5.452736837057e+04  1.596766400000e+01  6.721802086426e-02
 5.452737633392e+04  1.597420000000e+01  6.730414715282e-02
 5.453737441906e+04  1.526390300000e+01  6.134360953073e-02
 5.453738052052e+04  1.529260900000e+01  6.102738192637e-02
 5.453738665705e+04  1.532783800000e+01  6.120732642250e-02
 5.453739412304e+04  1.538685600000e+01  6.214976512573e-02
 5.454948027670e+04  1.582809000000e+01  6.892157582032e-02
 5.454948573855e+04  1.583887400000e+01  6.906827118105e-02
 5.454949121405e+04  1.586672400000e+01  6.950022503179e-02
 5.454949663794e+04  1.580827500000e+01  6.869762451808e-02
 5.459345063490e+04  1.601499300000e+01  7.671882249917e-02
 5.460024821950e+04  1.592877900000e+01  6.743332122897e-02
 5.460025538780e+04  1.598860500000e+01  6.816349302624e-02
 5.460026253016e+04  1.594507200000e+01  6.760610208330e-02
 5.460026959557e+04  1.596063900000e+01  6.773988864457e-02
 5.492332049130e+04  1.557761900000e+01  6.329804847468e-02
 5.492332532905e+04  1.559663800000e+01  6.351273649181e-02
 5.492333005613e+04  1.564393200000e+01  6.392173078196e-02
 5.492333488220e+04  1.563630500000e+01  6.384835443120e-02
 5.494228389655e+04  1.602987500000e+01  6.813941876062e-02
 5.494228929855e+04  1.604623800000e+01  6.833641680449e-02
 5.494229484561e+04  1.604150200000e+01  6.830154941968e-02
 5.494230035942e+04  1.603425700000e+01  6.819974179637e-02
 5.495039843972e+04  1.605651300000e+01  7.229131733574e-02
 5.495040311576e+04  1.607147700000e+01  7.250091872448e-02
 5.495040794265e+04  1.605322300000e+01  7.225392351619e-02
 5.495041279648e+04  1.607333500000e+01  7.260351572846e-02
 5.504519089662e+04  1.566859500000e+01  7.102202249911e-02
 5.504519581029e+04  1.565734800000e+01  7.096966738515e-02
 5.504520068736e+04  1.566687500000e+01  7.118712794938e-02
 5.504520564977e+04  1.561136200000e+01  7.049589983365e-02
 5.506213461957e+04  1.504157500000e+01  6.324123747328e-02
 5.506214084433e+04  1.508657800000e+01  6.374049019192e-02
 5.506214689685e+04  1.511355800000e+01  6.397984255938e-02
 5.506215323003e+04  1.516322700000e+01  6.454307690124e-02
 5.489041140411e+04  1.584231000000e+01  6.758112567502e-02
 5.489041744816e+04  1.588089900000e+01  6.687068871220e-02
 5.489042339256e+04  1.575524600000e+01  6.557521160287e-02
 5.489042940362e+04  1.588319300000e+01  6.701604021895e-02
 5.486143940399e+04  1.594029500000e+01  6.673445358966e-02
 5.486145054159e+04  1.593367800000e+01  6.662405782072e-02
 5.486146168103e+04  1.592499300000e+01  6.645434573693e-02
 5.486147280971e+04  1.591896600000e+01  6.641280914877e-02
 5.501723059615e+04  1.542869900000e+01  6.697076463526e-02
 5.501723650941e+04  1.545652900000e+01  6.740388728497e-02
 5.501724234641e+04  1.548238600000e+01  6.772100647096e-02
 5.501724810201e+04  1.549870400000e+01  6.797052555887e-02
 5.490748421707e+04  1.584618100000e+01  6.587844758582e-02
 5.490748962313e+04  1.581839700000e+01  6.553988216950e-02
 5.490749503983e+04  1.586371600000e+01  6.608955495627e-02
 5.490750051985e+04  1.589930700000e+01  6.647492761707e-02
 5.491431807112e+04  1.584189600000e+01  6.595192280283e-02
 5.491432669889e+04  1.589439600000e+01  6.651364919250e-02
 5.491433530245e+04  1.589958300000e+01  6.652485267956e-02
 5.491434386584e+04  1.593090200000e+01  6.686685416399e-02
 5.496435560073e+04  1.568683000000e+01  6.725841209656e-02
 5.496436098688e+04  1.568782900000e+01  6.734100666171e-02
 5.496436636205e+04  1.572629100000e+01  6.779700181034e-02
 5.496437176649e+04  1.573379400000e+01  6.795732787357e-02
 5.497925417611e+04  1.578201700000e+01  6.999931956279e-02
 5.497926337329e+04  1.607320800000e+01  8.680275794651e-02
 5.497927249668e+04  1.594272500000e+01  6.779785078460e-02
 5.497928171182e+04  1.593458700000e+01  6.772446177661e-02
 5.529840908530e+04  1.555986200000e+01  6.345274107220e-02
 5.529841649273e+04  1.561771500000e+01  6.399479684065e-02
 5.529842398022e+04  1.563338200000e+01  6.416211451302e-02
 5.529843142591e+04  1.564720300000e+01  6.432490652169e-02
 5.536927201013e+04  1.598967300000e+01  6.847075498056e-02
 5.536927717080e+04  1.603342600000e+01  6.902516415434e-02
 5.536928241030e+04  1.606770300000e+01  6.953463585457e-02
 5.536928759008e+04  1.600745900000e+01  6.879251460240e-02
 5.526049343910e+04  1.598066400000e+01  7.442184459803e-02
 5.526049804940e+04  1.598301200000e+01  7.449436747122e-02
 5.526050268309e+04  1.595935400000e+01  7.403742581002e-02
 5.526050732973e+04  1.595644800000e+01  7.399907956158e-02
 5.527336497083e+04  1.555110600000e+01  6.325542498627e-02
 5.527337072668e+04  1.556697300000e+01  6.338014896700e-02
 5.527337652015e+04  1.558977100000e+01  6.361683106451e-02
 5.527338232958e+04  1.561347000000e+01  6.383651029210e-02
 5.528031472027e+04  1.589148400000e+01  6.736493808615e-02
 5.528032151400e+04  1.587600800000e+01  6.714471729422e-02
 5.528032833205e+04  1.587167700000e+01  6.710338466335e-02
 5.528033522204e+04  1.595074900000e+01  6.798191046967e-02
 5.532141027598e+04  1.602327400000e+01  6.854370099995e-02
 5.532141553956e+04  1.599961500000e+01  6.825193104339e-02
 5.532142075950e+04  1.599315300000e+01  6.825442959100e-02
 5.532142591231e+04  1.598261500000e+01  6.815292679066e-02
 5.533028277544e+04  1.568785200000e+01  6.613586204712e-02
 5.533028810337e+04  1.562473600000e+01  6.555634563487e-02
 5.533029342781e+04  1.556043700000e+01  6.750849949236e-02
 5.533029876998e+04  1.574673000000e+01  7.849892931204e-02
 5.534017715994e+04  1.588273000000e+01  6.701774134013e-02
 5.534018401030e+04  1.591465400000e+01  6.787241876347e-02
 5.534019089203e+04  1.598648800000e+01  6.814937542698e-02
 5.534019761829e+04  1.600437500000e+01  6.805671092310e-02
 5.534733595167e+04  1.554588000000e+01  6.585388582338e-02
 5.534734200150e+04  1.556724300000e+01  6.611338362519e-02
 5.534734813435e+04  1.557075000000e+01  6.624245868285e-02
 5.534735418361e+04  1.554224600000e+01  6.591483317107e-02
 5.565932885455e+04  1.562672700000e+01  6.484874805022e-02
 5.565933549495e+04  1.566559800000e+01  6.770040169272e-02
 5.565934251046e+04  1.565541700000e+01  6.507027011782e-02
 5.565934955644e+04  1.572424700000e+01  6.579978206146e-02
 5.567727090676e+04  1.612796100000e+01  7.126049931897e-02
 5.567727951278e+04  1.612709700000e+01  7.123309343034e-02
 5.567728819772e+04  1.618221000000e+01  7.201376207075e-02
 5.567729687932e+04  1.613467300000e+01  7.144653758013e-02
 5.561552438720e+04  1.572635600000e+01  6.854701857521e-02
 5.561552900514e+04  1.573130500000e+01  6.864035912581e-02
 5.561553359275e+04  1.576691100000e+01  6.910094433152e-02
 5.561553822979e+04  1.581746500000e+01  6.974492713379e-02
 5.563630320473e+04  1.611516800000e+01  7.840512338219e-02
 5.563630960458e+04  1.606329500000e+01  7.742367464466e-02
 5.563631602079e+04  1.614962100000e+01  7.901728697202e-02
 5.563632253951e+04  1.616724700000e+01  7.931106321880e-02
 5.569336217039e+04  1.526872000000e+01  6.362979166302e-02
 5.569337046840e+04  1.531066400000e+01  6.406427697090e-02
 5.569337942292e+04  1.530355200000e+01  6.384080941037e-02
 5.569338778551e+04  1.532561500000e+01  6.408396419864e-02
 5.459345902513e+04  1.602758100000e+01  7.717618095279e-02
 5.459346292567e+04  1.602274400000e+01  7.707774261464e-02
 5.459346685399e+04  1.604637900000e+01  7.767573023327e-02
 5.459347076819e+04  1.602747300000e+01  7.742908595801e-02
 5.593952857226e+04  1.598013100000e+01  6.770077360115e-02
 5.593953537862e+04  1.599911000000e+01  6.789234186225e-02
 5.593954217493e+04  1.601282900000e+01  6.804181061221e-02
 5.593954893581e+04  1.599338500000e+01  6.782732700474e-02
 5.601638009179e+04  1.602989700000e+01  6.911805268601e-02
 5.601638758733e+04  1.600203700000e+01  6.891495421899e-02
 5.601639488966e+04  1.603900700000e+01  6.989139008991e-02
 5.601640223272e+04  1.604860300000e+01  7.393667114694e-02
 5.603741338844e+04  1.600375400000e+01  6.922685509975e-02
 5.603741955984e+04  1.604517900000e+01  6.972458279697e-02
 5.603742583318e+04  1.602495100000e+01  6.949533816410e-02
 5.603743204972e+04  1.603158500000e+01  6.960847823535e-02
 5.606529718352e+04  1.604032200000e+01  6.816902818077e-02
 5.606530445681e+04  1.600257900000e+01  6.765528171388e-02
 5.606531174929e+04  1.603401900000e+01  6.806910104701e-02
 5.606531894315e+04  1.599824000000e+01  6.768988748941e-02
 5.609223584015e+04  1.614956600000e+01  6.998982138384e-02
 5.609224551937e+04  1.609626700000e+01  6.928417599080e-02
 5.609225523291e+04  1.607973800000e+01  6.913998937961e-02
 5.609226499100e+04  1.601416300000e+01  6.834955702079e-02
