# time mag mag_err
 5.370510222868e+04  1.584285800000e+01  6.720780398064e-02
 5.370510657311e+04  1.587634700000e+01  6.765805920421e-02
 5.370511091176e+04  1.586165200000e+01  6.751086046710e-02
 5.370511525711e+04  1.590146900000e+01  6.803937858008e-02
 5.371306741201e+04  1.611958000000e+01  7.377380684805e-02
 5.371307385435e+04  1.610368000000e+01  7.168287946510e-02
 5.371308026508e+04  1.618144700000e+01  7.251569563235e-02
 5.371308668404e+04  1.627700200000e+01  7.583421654748e-02
 5.356230439404e+04  1.620981400000e+01  7.253749384196e-02
 5.356231246238e+04  1.620345700000e+01  7.232168681893e-02
 5.356232053315e+04  1.607488500000e+01  7.055580084071e-02
 5.356232873206e+04  1.581337400000e+01  6.737653051378e-02
 5.356338005818e+04  1.625317300000e+01  7.379448595811e-02
 5.356338652632e+04  1.632690400000e+01  7.485014115636e-02
 5.356339304470e+04  1.631752400000e+01  7.487163886181e-02
 5.356339946632e+04  1.627255100000e+01  7.425371955785e-02
 5.352543250421e+04  1.620533800000e+01  7.236286319562e-02
 5.352543681149e+04  1.620606400000e+01  7.229782784898e-02
 5.352544110059e+04  1.618157400000e+01  7.191238529509e-02
 5.352544539190e+04  1.619120100000e+01  7.201499540831e-02
 5.355140680456e+04  1.541860900000e+01  6.308202924203e-02
 5.355141436374e+04  1.544513400000e+01  6.328840430225e-02
 5.355142190288e+04  1.546971200000e+01  6.352602708004e-02
 5.355142945049e+04  1.551350500000e+01  6.390748954840e-02
 5.368808233913e+04  1.576500100000e+01  6.603255969628e-02
 5.368808804809e+04  1.581175200000e+01  6.656552292139e-02
 5.368809378333e+04  1.578829500000e+01  6.629062871770e-02
 5.368809948569e+04  1.583331200000e+01  6.681345717260e-02
 5.369909000506e+04  1.585732600000e+01  6.742909633780e-02
 5.369909636532e+04  1.585844000000e+01  6.747705456578e-02
 5.369910274076e+04  1.594617300000e+01  6.863710736846e-02
 5.369910911654e+04  1.591919900000e+01  6.833520574420e-02
 5.364818597881e+04  1.608669000000e+01  7.190719945583e-02
 5.364819188141e+04  1.613633500000e+01  7.264476054634e-02
 5.364819776250e+04  1.609672000000e+01  7.214902651957e-02
 5.364820365793e+04  1.613667200000e+01  7.278875530284e-02
 5.363720818656e+04  1.606074500000e+01  7.084057000306e-02
 5.363721458653e+04  1.606251700000e+01  7.076795001563e-02
 5.363722098431e+04  1.611220900000e+01  7.151587479623e-02
 5.363722741506e+04  1.608352300000e+01  7.111546104809e-02
 5.397622551279e+04  1.614039700000e+01  6.916131288927e-02
 5.397623033432e+04  1.615545300000e+01  6.935492792710e-02
 5.397623519440e+04  1.614486800000e+01  6.920446297012e-02
 5.397624002253e+04  1.616257100000e+01  6.939300006002e-02
 5.408107782175e+04  1.613021400000e+01  6.956015615178e-02
 5.408108276564e+04  1.605254500000e+01  6.857110970113e-02
 5.408108772329e+04  1.616373200000e+01  7.005478795747e-02
 5.408109266138e+04  1.605199400000e+01  6.867863132347e-02
 5.392539641006e+04  1.624557800000e+01  1.382411579346e-01
 5.392539788825e+04  1.627245100000e+01  1.396148862857e-01
 5.392539945130e+04  1.619637700000e+01  1.353119730522e-01
 5.392540094407e+04  1.624015600000e+01  1.377985220512e-01
 5.393733200466e+04  1.613983000000e+01  7.333329421507e-02
 5.393733849897e+04  1.619101700000e+01  7.400511523704e-02
 5.393734494594e+04  1.617859800000e+01  7.379337602138e-02
 5.393735142311e+04  1.622650600000e+01  7.459411443266e-02
 5.388941596743e+04  1.585560600000e+01  6.973869877405e-02
 5.388942137522e+04  1.589246200000e+01  7.013740843966e-02
 5.388942677294e+04  1.587127400000e+01  6.976111754709e-02
 5.388943214508e+04  1.592234800000e+01  7.030478290454e-02
 5.390339862203e+04  1.604948900000e+01  1.297141728002e-01
 5.390339960436e+04  1.607990500000e+01  1.322493252842e-01
 5.390340059723e+04  1.603292800000e+01  1.284635371405e-01
 5.390340170354e+04  1.607270500000e+01  1.311224145033e-01
 5.390639019994e+04  1.579481200000e+01  6.846613441497e-02
 5.390639729104e+04  1.578837000000e+01  6.829049626607e-02
 5.390640439683e+04  1.582896900000e+01  6.879347702033e-02
 5.390641147044e+04  1.585170300000e+01  6.899180307370e-02
 5.388143238912e+04  1.618014500000e+01  7.264245635384e-02
 5.388144101814e+04  1.616634900000e+01  7.229560496880e-02
 5.388144961231e+04  1.618031400000e+01  7.242174209016e-02
 5.388145826321e+04  1.617243700000e+01  7.173797070175e-02
 5.402813083010e+04  1.571936200000e+01  6.420082793524e-02
 5.402813952613e+04  1.572388200000e+01  6.425616939269e-02
 5.402814820771e+04  1.577145400000e+01  6.473067080424e-02
 5.402815688858e+04  1.577878000000e+01  6.478151437794e-02
 5.402910929404e+04  1.578406900000e+01  6.491001412044e-02
 5.402911908249e+04  1.570713800000e+01  6.413326338414e-02
 5.402912884802e+04  1.555908500000e+01  6.274081779732e-02
 5.402913859480e+04  1.541594500000e+01  6.153690861657e-02
 5.399221634964e+04  1.614759500000e+01  6.931850865279e-02
 5.399222278920e+04  1.615131400000e+01  6.934417943446e-02
 5.399222923118e+04  1.615188400000e+01  6.944719405228e-02
 5.399223565720e+04  1.615194100000e+01  6.944823454856e-02
 5.443907806785e+04  1.598409700000e+01  6.758167627982e-02
 5.443908447037e+04  1.601607600000e+01  6.799950332601e-02
 5.443909089591e+04  1.602846200000e+01  6.819884900650e-02
 5.443909732197e+04  1.599737300000e+01  6.786613712651e-02
 5.445405358972e+04  1.604931900000e+01  7.391776132562e-02
 5.445405795962e+04  1.596245500000e+01  7.317649800470e-02
 5.445406277872e+04  1.620706800000e+01  7.763107111759e-02
 5.445406737837e+04  1.619302200000e+01  7.744068952593e-02
 5.426040821858e+04  1.615563400000e+01  7.109686407223e-02
 5.426041599963e+04  1.612989000000e+01  7.071611083555e-02
 5.426042383914e+04  1.619956900000e+01  7.153856536768e-02
 5.426043165713e+04  1.613636300000e+01  7.060790303289e-02
 5.427937110854e+04  1.575464900000e+01  6.684189307254e-02
 5.427937709368e+04  1.577626000000e+01  6.707024207126e-02
 5.427938311481e+04  1.579510800000e+01  6.723902188882e-02
 5.427938909161e+04  1.578161200000e+01  6.703110887981e-02
 5.424544149030e+04  1.596126300000e+01  6.891169996796e-02
 5.424545047812e+04  1.597496900000e+01  6.898490661541e-02
 5.424545948436e+04  1.598353800000e+01  6.904663459882e-02
 5.424546851190e+04  1.598319700000e+01  6.895127281533e-02
 5.440611830079e+04  1.588093400000e+01  6.631599435048e-02
 5.440612584711e+04  1.587078400000e+01  6.618786016943e-02
 5.440613342642e+04  1.591601200000e+01  6.671777529241e-02
 5.440614100122e+04  1.590024100000e+01  6.656536282542e-02
 5.441713279190e+04  1.596727600000e+01  6.746819758160e-02
 5.441713998994e+04  1.597260200000e+01  6.754080410373e-02
 5.441714715581e+04  1.599031900000e+01  6.777788590138e-02
 5.441715430814e+04  1.601664500000e+01  6.813607061242e-02
 5.437717301668e+04  1.613407200000e+01  6.949173165323e-02
 5.437717954339e+04  1.610305700000e+01  6.908353927410e-02
 5.437718605459e+04  1.611802100000e+01  6.929564299837e-02
 5.437719251683e+04  1.611362000000e+01  6.920345126494e-02
 5.438818432219e+04  1.613346600000e+01  6.931588918395e-02
 5.438819176064e+04  1.615872200000e+01  6.969308585600e-02
 5.438819916910e+04  1.614718800000e+01  6.955804521069e-02
 5.438820661449e+04  1.612277300000e+01  6.924772567098e-02
 5.434730731003e+04  1.552978000000e+01  6.384580275413e-02
 5.434732321001e+04  1.559639600000e+01  6.438854208504e-02
 5.434733134861e+04  1.559332600000e+01  6.429792768870e-02
 5.434733946383e+04  1.564249600000e+01  6.486140515098e-02
 5.435318621120e+04  1.616454400000e+01  7.093667017764e-02
 5.435319330495e+04  1.620588300000e+01  7.155279386291e-02
 5.435320040716e+04  1.618482500000e+01  7.111098277303e-02
 5.435320746723e+04  1.625940900000e+01  7.209521848874e-02
 5.463139396758e+04  1.551668200000e+01  6.373099235597e-02
 5.463139886412e+04  1.550240600000e+01  6.355513015616e-02
 5.463140375626e+04  1.540891500000e+01  6.264423784927e-02
 5.463140860859e+04  1.542517200000e+01  6.271024992551e-02
 5.478806359845e+04  1.617261300000e+01  6.951164178279e-02
 5.478806963185e+04  1.614399800000e+01  6.915505559509e-02
 5.478808161197e+04  1.613949900000e+01  6.908863563643e-02
 5.474018465167e+04  1.593602600000e+01  6.818902819539e-02
 5.474019319330e+04  1.594826200000e+01  6.842517951717e-02
 5.474020163746e+04  1.597424100000e+01  6.858620384970e-02
 5.474021015259e+04  1.600790400000e+01  6.915058867613e-02
 5.476512827650e+04  1.621689800000e+01  7.020816995652e-02
 5.476513725646e+04  1.624104000000e+01  7.056777782250e-02
 5.476514530744e+04  1.629449400000e+01  7.135340718362e-02
 5.476515335309e+04  1.628797400000e+01  7.128884418500e-02
 5.471626252228e+04  1.611744700000e+01  6.897746928711e-02
 5.471626895837e+04  1.614694700000e+01  6.930905906959e-02
 5.471627709002e+04  1.610460400000e+01  6.890822997849e-02
 5.471628897279e+04  1.612750500000e+01  6.926649694539e-02
 5.472917109634e+04  1.582371700000e+01  6.576663540886e-02
 5.472917758625e+04  1.583868500000e+01  6.592140283357e-02
 5.472918407280e+04  1.586132200000e+01  6.617474855385e-02
 5.472919057139e+04  1.585169300000e+01  6.602870211532e-02
 5.473613899322e+04  1.573502400000e+01  6.485872165630e-02
 5.473614501192e+04  1.566239100000e+01  6.397240654334e-02
 5.473615107924e+04  1.550023400000e+01  6.312396708901e-02
 5.473615702652e+04  1.548720400000e+01  6.237784723198e-02
 5.505829484545e+04  1.591990200000e+01  6.445124147502e-02
 5.505830202509e+04  1.590871400000e+01  6.430902632006e-02
 5.505830926575e+04  1.598799500000e+01  6.503377778730e-02
 5.505831656028e+04  1.594492700000e+01  6.462372495580e-02
 5.507025097463e+04  1.557114100000e+01  6.382839821473e-02
 5.507025919241e+04  1.560037900000e+01  6.417796296619e-02
 5.507026747038e+04  1.561675900000e+01  6.430988525926e-02
 5.507027563584e+04  1.567283900000e+01  6.488359777510e-02
 5.518406914895e+04  1.616165000000e+01  7.022930828714e-02
 5.518407254101e+04  1.614261100000e+01  7.003642437998e-02
 5.518407601366e+04  1.614899000000e+01  7.012450212269e-02
 5.518407941937e+04  1.612568400000e+01  6.988335013814e-02
 5.500639236885e+04  1.617211200000e+01  7.158146313443e-02
 5.500639952456e+04  1.618846500000e+01  7.178315277248e-02
 5.500640668755e+04  1.621593200000e+01  7.215387576152e-02
 5.500641401904e+04  1.615653700000e+01  7.119051497593e-02
 5.497842737949e+04  1.620790300000e+01  7.217126102700e-02
 5.497843527456e+04  1.618576300000e+01  7.180439195796e-02
 5.497844321773e+04  1.622725300000e+01  7.229290500905e-02
 5.497845117057e+04  1.620035000000e+01  7.179143206929e-02
 5.514610813749e+04  1.598732400000e+01  6.856435253024e-02
 5.514611540209e+04  1.601808200000e+01  6.899180307370e-02
 5.514612257468e+04  1.604411400000e+01  6.933104897106e-02
 5.514612991417e+04  1.602328400000e+01  6.901801975100e-02
 5.511810542848e+04  1.592409700000e+01  6.750142006929e-02
 5.511811164186e+04  1.596365000000e+01  6.794194295208e-02
 5.511811783803e+04  1.597196700000e+01  6.808170558385e-02
 5.511812387745e+04  1.597732100000e+01  6.806714857785e-02
 5.508424083747e+04  1.617396200000e+01  7.797586573498e-02
 5.508424625266e+04  1.612260600000e+01  7.707024342392e-02
 5.508425170800e+04  1.604296900000e+01  7.584474904574e-02
 5.508425713779e+04  1.609164100000e+01  7.666442281748e-02
 5.553209020343e+04  1.546860400000e+01  6.776989564869e-02
 5.553210022171e+04  1.553077500000e+01  6.854204221972e-02
 5.553210520316e+04  1.550246700000e+01  6.819636794872e-02
 5.553906769520e+04  1.609421300000e+01  7.171195270684e-02
 5.553907922598e+04  1.626339300000e+01  7.335132127580e-02
 5.553908495384e+04  1.619828200000e+01  7.250806095711e-02
 5.538332795218e+04  1.629902500000e+01  7.376366744407e-02
 5.538333367701e+04  1.629453200000e+01  7.354186094703e-02
 5.538333940252e+04  1.633715300000e+01  7.418726129927e-02
 5.538334514034e+04  1.627237300000e+01  7.308600364677e-02
 5.536137498310e+04  1.627534500000e+01  7.294593402648e-02
 5.536138303001e+04  1.628745000000e+01  7.303926361712e-02
 5.536139108647e+04  1.632625100000e+01  7.349007524197e-02
 5.536139927051e+04  1.635763300000e+01  7.389235151277e-02
 5.536739700184e+04  1.624714000000e+01  7.250789763797e-02
 5.536740399073e+04  1.629437100000e+01  7.308049305680e-02
 5.536741097333e+04  1.629513500000e+01  7.314699233723e-02
 5.536741794615e+04  1.629150100000e+01  7.306277805299e-02
 5.533344650992e+04  1.612039500000e+01  7.077226127159e-02
 5.533345226855e+04  1.602493500000e+01  6.931429454610e-02
 5.533345811051e+04  1.586378400000e+01  6.725832458717e-02
 5.533346395220e+04  1.578409900000e+01  6.623023826905e-02
 5.551008003512e+04  1.576365000000e+01  6.571186154228e-02
 5.551009135016e+04  1.565221000000e+01  6.454551405456e-02
 5.551009703623e+04  1.557550200000e+01  6.378515375308e-02
 5.552712361248e+04  1.539504000000e+01  6.231396992731e-02
 5.552714084808e+04  1.545085300000e+01  6.289368530737e-02
 5.552714937708e+04  1.547346500000e+01  6.315285119763e-02
 5.548019422249e+04  1.604265900000e+01  6.912617443899e-02
 5.548020800665e+04  1.607809100000e+01  6.962299322613e-02
 5.548021492194e+04  1.610400200000e+01  6.997208771518e-02
 5.549707470252e+04  1.580058300000e+01  6.624330005816e-02
 5.549708721288e+04  1.581149800000e+01  6.630387813988e-02
 5.549709355892e+04  1.580886600000e+01  6.627755696157e-02
 5.545524808451e+04  1.552000100000e+01  6.310061481368e-02
 5.545526296296e+04  1.544350100000e+01  6.242883795364e-02
 5.545527046669e+04  1.543107200000e+01  6.231756075098e-02
 5.570841796523e+04  1.612217400000e+01  7.174830919079e-02
 5.570842499683e+04  1.614920500000e+01  7.202502469341e-02
 5.570843322874e+04  1.615166800000e+01  7.230132376159e-02
 5.570844024288e+04  1.613700700000e+01  7.195580815688e-02
 5.364821058316e+04  1.614847400000e+01  7.314838023225e-02
 5.364821652604e+04  1.613651000000e+01  7.286593456057e-02
 5.364822243549e+04  1.611256200000e+01  7.251147067458e-02
 5.364822836622e+04  1.612775600000e+01  7.282156708574e-02
 5.582216557532e+04  1.603387500000e+01  6.841150599604e-02
 5.582217231098e+04  1.586555500000e+01  6.641406238193e-02
 5.582217907211e+04  1.576770800000e+01  6.535961419851e-02
 5.582218586619e+04  1.570670900000e+01  6.471417703610e-02
 5.583116190064e+04  1.591275600000e+01  6.757535253349e-02
 5.583116534549e+04  1.597639400000e+01  6.823436393050e-02
 5.583116872288e+04  1.592582400000e+01  6.762986812228e-02
 5.583117217502e+04  1.589659300000e+01  6.721085880237e-02
 5.588209101076e+04  1.573457600000e+01  6.512889664009e-02
 5.588209610709e+04  1.573654500000e+01  6.515142330155e-02
 5.588210114994e+04  1.572112600000e+01  6.501203021707e-02
 5.588210629237e+04  1.581183300000e+01  6.600234998261e-02
 5.585109344047e+04  1.618764400000e+01  7.046903114988e-02
 5.585110037545e+04  1.615507200000e+01  6.996040786417e-02
 5.585110735382e+04  1.610034900000e+01  6.925812316604e-02
 5.585111416181e+04  1.611666400000e+01  6.938300643264e-02
 5.609040586936e+04  1.566753400000e+01  6.653734849774e-02
 5.609041204701e+04  1.562498500000e+01  6.585793690501e-02
 5.609041831512e+04  1.554904800000e+01  6.511376922582e-02
 5.609042447700e+04  1.544720200000e+01  6.451841070605e-02
 5.609834463729e+04  1.602102900000e+01  6.890617112872e-02
 5.609835255030e+04  1.609162800000e+01  6.970655331659e-02
 5.609836049331e+04  1.610501200000e+01  6.979636240336e-02
 5.609836858514e+04  1.615102800000e+01  7.042758316886e-02
 5.612639541245e+04  1.611466000000e+01  7.025443641262e-02
 5.612640213388e+04  1.615243600000e+01  7.080263163054e-02
 5.612640883564e+04  1.613613800000e+01  7.059732597883e-02
 5.612641561167e+04  1.613549900000e+01  7.063532995287e-02
 5.616319822270e+04  1.613172600000e+01  7.283163321667e-02
 5.616320332388e+04  1.611982600000e+01  7.254384824250e-02
 5.616320841835e+04  1.609490100000e+01  7.200544010677e-02
 5.616321351191e+04  1.611722100000e+01  7.215293749926e-02
 5.618314073501e+04  1.545129400000e+01  6.062478069295e-02
 5.618314691532e+04  1.542485700000e+01  6.039608052903e-02
 5.618315307269e+04  1.548716800000e+01  6.078665991270e-02
 5.618315928542e+04  1.551784000000e+01  6.102375037681e-02
 5.619126133142e+04  1.630018700000e+01  7.370762237119e-02
 5.619126635830e+04  1.624548600000e+01  7.295221799113e-02
 5.619127143426e+04  1.623299300000e+01  7.287587838183e-02
 5.619127659216e+04  1.627923900000e+01  7.360479183343e-02
 5.620918545978e+04  1.607745100000e+01  7.002193431787e-02
 5.620919048942e+04  1.610130500000e+01  7.047437188521e-02
 5.620919549245e+04  1.610069900000e+01  7.043458618631e-02
 5.620920053256e+04  1.608440400000e+01  7.020639973215e-02
 5.622121551987e+04  1.607315800000e+01  6.642526863330e-02
 5.622122223477e+04  1.609867100000e+01  6.672651887918e-02
 5.622122903591e+04  1.606447500000e+01  6.643869202416e-02
 5.622123581039e+04  1.613853900000e+01  6.734687086217e-02
