# time mag mag_err
 5.347032774554e+04  1.520913100000e+01  6.156695388845e-02
 5.347033592523e+04  1.524257100000e+01  6.186114730510e-02
 5.347034407552e+04  1.526699500000e+01  6.208118028390e-02
 5.347035220949e+04  1.527695400000e+01  6.220157992440e-02
 5.347920696693e+04  1.512952300000e+01  6.019192608438e-02
 5.347921521515e+04  1.515867700000e+01  6.044240685112e-02
 5.347922329970e+04  1.516502900000e+01  6.045991465050e-02
 5.347923141525e+04  1.521539300000e+01  6.077717329457e-02
 5.349029163328e+04  1.539519100000e+01  6.171236694611e-02
 5.349030091314e+04  1.539491700000e+01  6.177068968842e-02
 5.349031012853e+04  1.541343200000e+01  6.195806420022e-02
 5.349031933523e+04  1.546332900000e+01  6.238759418040e-02
 5.355821834294e+04  1.479316500000e+01  5.823070739567e-02
 5.355822367909e+04  1.481014200000e+01  5.838297910585e-02
 5.355822904521e+04  1.484457200000e+01  5.863923144761e-02
 5.355823440416e+04  1.490389200000e+01  5.904356972228e-02
 5.352729343171e+04  1.513108900000e+01  6.013742918733e-02
 5.352730224210e+04  1.495234000000e+01  5.895699866116e-02
 5.352731112345e+04  1.482301300000e+01  5.817898873694e-02
 5.352731999947e+04  1.481911400000e+01  5.819306777335e-02
 5.355120384597e+04  1.562831100000e+01  6.451154974273e-02
 5.355121194348e+04  1.563063200000e+01  6.455699391654e-02
 5.355121995049e+04  1.563782000000e+01  6.473097664113e-02
 5.355122802530e+04  1.563285100000e+01  6.469547326076e-02
 5.350625884528e+04  1.564252000000e+01  6.682861509926e-02
 5.350626651915e+04  1.564474800000e+01  6.636762169609e-02
 5.350627418968e+04  1.567300700000e+01  6.662728332199e-02
 5.350628190742e+04  1.571153800000e+01  6.706664549643e-02
 5.383422799890e+04  1.492228000000e+01  6.275775276120e-02
 5.383423526558e+04  1.493715800000e+01  6.283320807411e-02
 5.383424253446e+04  1.500948700000e+01  6.351117691458e-02
 5.383424987615e+04  1.502350800000e+01  6.359053559703e-02
 5.385130575572e+04  1.565218100000e+01  6.503787972838e-02
 5.385131335644e+04  1.564949800000e+01  6.474230277154e-02
 5.385132093922e+04  1.563402500000e+01  6.489933424763e-02
 5.385132851715e+04  1.563397800000e+01  6.494076921278e-02
 5.390233603469e+04  1.509066000000e+01  8.962810926361e-02
 5.390233703162e+04  1.503263500000e+01  9.220351714780e-02
 5.390233802171e+04  1.503003300000e+01  9.209901362787e-02
 5.390233905046e+04  1.502791700000e+01  9.236466884975e-02
 5.379740226125e+04  1.567340700000e+01  6.597337442033e-02
 5.379740922248e+04  1.562148400000e+01  6.713650147349e-02
 5.379741580580e+04  1.560003200000e+01  6.692652022710e-02
 5.379742273148e+04  1.562354500000e+01  6.628855085926e-02
 5.386031082933e+04  1.575465200000e+01  6.648622932573e-02
 5.386031729064e+04  1.574183100000e+01  6.634400962766e-02
 5.386032375786e+04  1.577043400000e+01  6.661696692139e-02
 5.386033026779e+04  1.571304000000e+01  6.600072533427e-02
 5.387436263059e+04  1.565316100000e+01  1.104062081417e-01
 5.387436336280e+04  1.565029600000e+01  1.102041545095e-01
 5.387436409015e+04  1.568774200000e+01  1.118496658838e-01
 5.387436482873e+04  1.572964900000e+01  1.134651842842e-01
 5.387925518664e+04  1.486966400000e+01  5.861991627465e-02
 5.387926274454e+04  1.491777800000e+01  5.892451622328e-02
 5.387927028462e+04  1.498153300000e+01  5.934044194906e-02
 5.387927781959e+04  1.498531200000e+01  5.939128034846e-02
 5.421326607741e+04  1.568865400000e+01  6.504102205965e-02
 5.421327572453e+04  1.573226500000e+01  6.552635211111e-02
 5.421328550013e+04  1.571433500000e+01  6.532947346334e-02
 5.421329540769e+04  1.572864800000e+01  6.551897826913e-02
 5.414145987977e+04  1.549881600000e+01  7.277172500880e-02
 5.414146531071e+04  1.542851800000e+01  7.358395222757e-02
 5.414147070287e+04  1.567354600000e+01  8.770967361544e-02
 5.414147610279e+04  1.488310300000e+01  8.707252192335e-02
 5.411643407264e+04  1.555227800000e+01  6.283508795685e-02
 5.411644062286e+04  1.530537500000e+01  6.080051433950e-02
 5.411644729378e+04  1.517825100000e+01  5.979260840350e-02
 5.411645415073e+04  1.506330100000e+01  5.903134832861e-02
 5.412846515119e+04  1.567912500000e+01  5.814596845400e-02
 5.412846959852e+04  1.563849600000e+01  5.790384775801e-02
 5.412847404065e+04  1.559990800000e+01  5.795193176126e-02
 5.412847847883e+04  1.550257800000e+01  5.729785896195e-02
 5.425625089359e+04  1.564101600000e+01  6.470558054779e-02
 5.425625839234e+04  1.551478200000e+01  6.350278693716e-02
 5.425626591632e+04  1.531344500000e+01  6.174406873139e-02
 5.425627347388e+04  1.515320700000e+01  6.057888346021e-02
 5.426822569509e+04  1.554939800000e+01  6.575550342305e-02
 5.426823427538e+04  1.555634300000e+01  6.570662016418e-02
 5.426824283750e+04  1.560781300000e+01  6.589021510751e-02
 5.426825140494e+04  1.566234000000e+01  6.693416996161e-02
 5.427822320863e+04  1.570178800000e+01  6.574389024476e-02
 5.427822963639e+04  1.576017000000e+01  6.640154448476e-02
 5.427823605894e+04  1.566458200000e+01  6.544505815662e-02
 5.427824251203e+04  1.565665600000e+01  6.539881659685e-02
 5.417444091557e+04  1.562918300000e+01  6.352018348658e-02
 5.417444686529e+04  1.561840500000e+01  6.343916444675e-02
 5.417445280354e+04  1.563152900000e+01  6.355421816968e-02
 5.417445875940e+04  1.563167100000e+01  6.355563665553e-02
 5.418528765816e+04  1.549053100000e+01  6.283607361332e-02
 5.418529807928e+04  1.552377800000e+01  6.308810876212e-02
 5.418530848247e+04  1.557163100000e+01  6.347843655334e-02
 5.418531891527e+04  1.556637700000e+01  6.343037919913e-02
 5.423519936258e+04  1.561330200000e+01  6.838219818113e-02
 5.423520370157e+04  1.561310900000e+01  6.722912589731e-02
 5.423520803189e+04  1.562403000000e+01  6.740478297895e-02
 5.423521236913e+04  1.559526000000e+01  6.567251002172e-02
 5.424524685933e+04  1.574498000000e+01  6.529366924100e-02
 5.424525610087e+04  1.558961500000e+01  6.405712328855e-02
 5.424526544196e+04  1.537072400000e+01  6.214766765857e-02
 5.424527463767e+04  1.515149200000e+01  6.036981979300e-02
 5.455923688282e+04  1.560246500000e+01  6.383619215136e-02
 5.455924343477e+04  1.557096700000e+01  6.352144244126e-02
 5.455924998741e+04  1.561778700000e+01  6.395020497892e-02
 5.455925645718e+04  1.560005100000e+01  6.373928965519e-02
 5.456438294234e+04  1.536357900000e+01  6.148881252050e-02
 5.456438984373e+04  1.539255900000e+01  6.171623244247e-02
 5.456439676618e+04  1.541146900000e+01  6.185923530774e-02
 5.456440369418e+04  1.540140400000e+01  6.179566771231e-02
 5.457123287837e+04  1.545422100000e+01  6.232380845719e-02
 5.457123884209e+04  1.544361400000e+01  6.224180498047e-02
 5.457124479215e+04  1.540620000000e+01  6.189425028323e-02
 5.457125072799e+04  1.548910600000e+01  6.256681122426e-02
 5.458333231936e+04  1.556105400000e+01  6.362276962558e-02
 5.458333908150e+04  1.558899700000e+01  6.400177018371e-02
 5.458334582582e+04  1.556524900000e+01  6.372176970825e-02
 5.458335258681e+04  1.561094600000e+01  6.421017725783e-02
 5.450342263578e+04  1.573246800000e+01  6.454539449625e-02
 5.451436698490e+04  1.558928300000e+01  6.368418912103e-02
 5.451437301321e+04  1.561814000000e+01  6.404371841805e-02
 5.451437908851e+04  1.567156300000e+01  6.443550819747e-02
 5.451438517156e+04  1.568972900000e+01  6.465877324662e-02
 5.448251224756e+04  1.511254300000e+01  5.968434813778e-02
 5.448251709988e+04  1.501881900000e+01  5.979699539707e-02
 5.448252193740e+04  1.492487400000e+01  5.911994821061e-02
 5.448252676378e+04  1.484944600000e+01  5.895073873915e-02
 5.464026950037e+04  1.525438300000e+01  6.151626088767e-02
 5.464027604178e+04  1.525374500000e+01  6.174124572346e-02
 5.464028256907e+04  1.525604200000e+01  6.188260365525e-02
 5.464028909370e+04  1.529987300000e+01  6.228882134483e-02
 5.452739291831e+04  1.562757500000e+01  6.343722731905e-02
 5.452740099522e+04  1.560472100000e+01  6.321086189676e-02
 5.452740909330e+04  1.563429900000e+01  6.347773637216e-02
 5.452741721743e+04  1.563572900000e+01  6.347803616046e-02
 5.453334939182e+04  1.488191900000e+01  5.804866168509e-02
 5.453335596715e+04  1.490024400000e+01  5.816087906168e-02
 5.453336256794e+04  1.494718400000e+01  5.842821752201e-02
 5.453336913887e+04  1.498549200000e+01  5.865308784704e-02
 5.458921306214e+04  1.566068600000e+01  6.405201028651e-02
 5.458922167345e+04  1.561519000000e+01  6.361836638929e-02
 5.458923027446e+04  1.561898700000e+01  6.364699542605e-02
 5.458923900834e+04  1.562342200000e+01  6.367090447895e-02
 5.459914387648e+04  1.565456000000e+01  7.020614669496e-02
 5.459914891111e+04  1.566419500000e+01  7.048193433084e-02
 5.459915397097e+04  1.564343400000e+01  7.013352241498e-02
 5.459915903245e+04  1.570665100000e+01  7.107495950712e-02
 5.492323713179e+04  1.555693900000e+01  6.314656144612e-02
 5.492324262479e+04  1.557085200000e+01  6.323106229925e-02
 5.492324804045e+04  1.558536200000e+01  6.333775942874e-02
 5.492325352465e+04  1.556868800000e+01  6.318906446459e-02
 5.488838012984e+04  1.490044500000e+01  5.844937636751e-02
 5.488838807190e+04  1.479787800000e+01  5.737530016175e-02
 5.488839588468e+04  1.478736700000e+01  5.746235464453e-02
 5.488840380961e+04  1.480790500000e+01  5.776470996704e-02
 5.500122543130e+04  1.554320400000e+01  6.357791346710e-02
 5.500123032148e+04  1.556229300000e+01  6.381120106078e-02
 5.500123514869e+04  1.555983200000e+01  6.384808862509e-02
 5.500123998310e+04  1.556454400000e+01  6.392905212412e-02
 5.490935872367e+04  1.484329600000e+01  5.764916232747e-02
 5.490937251903e+04  1.490790100000e+01  5.800866838173e-02
 5.490938625165e+04  1.499410700000e+01  5.851434616171e-02
 5.490940002606e+04  1.505434000000e+01  5.891509500136e-02
 5.491539065385e+04  1.561852200000e+01  7.035850561193e-02
 5.491539464178e+04  1.572523700000e+01  1.153004753395e-01
 5.491539861317e+04  1.558702900000e+01  7.009986977978e-02
 5.491540256071e+04  1.667625500000e+01  1.860686689631e-01
 5.491641726789e+04  1.558298500000e+01  6.356481150375e-02
 5.491642410238e+04  1.559700900000e+01  6.374221440269e-02
 5.491643099684e+04  1.554899300000e+01  6.336943771840e-02
 5.491643791722e+04  1.562724200000e+01  6.411869411206e-02
 5.496829006618e+04  1.561977200000e+01  6.508381298212e-02
 5.496829915369e+04  1.559734100000e+01  6.496963775576e-02
 5.496830830903e+04  1.561499800000e+01  6.528208684476e-02
 5.496831731964e+04  1.560860500000e+01  6.516827116985e-02
 5.498118664446e+04  1.512028100000e+01  6.178826536742e-02
 5.498119746885e+04  1.524370400000e+01  6.077847516303e-02
 5.529633058714e+04  1.504080000000e+01  5.916261457027e-02
 5.529633636117e+04  1.491577500000e+01  5.837461752106e-02
 5.529634210255e+04  1.483289200000e+01  5.787966590896e-02
 5.529634784640e+04  1.479067600000e+01  5.767764040648e-02
 5.527445216299e+04  1.520606700000e+01  6.047589577606e-02
 5.527445963563e+04  1.524880900000e+01  6.086045656150e-02
 5.527446718196e+04  1.524679500000e+01  6.094631356088e-02
 5.527447478988e+04  1.530375600000e+01  6.140448574996e-02
 5.528031868563e+04  1.548131300000e+01  6.294507798730e-02
 5.528032551953e+04  1.546748900000e+01  6.281194223701e-02
 5.528033233850e+04  1.549383300000e+01  6.304224915373e-02
 5.528033923659e+04  1.550434500000e+01  6.309691142144e-02
 5.532831143760e+04  1.483999600000e+01  5.809982367726e-02
 5.532832641190e+04  1.494263600000e+01  5.870215033171e-02
 5.532833395743e+04  1.495772400000e+01  5.883005819515e-02
 5.533914797575e+04  1.564935400000e+01  6.934863750168e-02
 5.533915334419e+04  1.556603900000e+01  6.820013927096e-02
 5.533915877527e+04  1.568146200000e+01  6.965055754529e-02
 5.533916414440e+04  1.565454400000e+01  6.924422412856e-02
 5.565733656941e+04  1.538418200000e+01  6.264926147744e-02
 5.565734161654e+04  1.541868400000e+01  6.305837932817e-02
 5.565734678348e+04  1.539836300000e+01  6.268494739322e-02
 5.565735193385e+04  1.539451500000e+01  6.732778338799e-02
 5.567629083008e+04  1.561125900000e+01  6.726324558788e-02
 5.567629592375e+04  1.555619300000e+01  7.005478795747e-02
 5.567630104125e+04  1.564694700000e+01  7.499532184495e-02
 5.567630622325e+04  1.562957400000e+01  7.041527742245e-02
 5.561750868691e+04  1.532029700000e+01  6.147242753887e-02
 5.561751741237e+04  1.531819700000e+01  6.145009625865e-02
 5.561752619791e+04  1.536677200000e+01  6.190683110640e-02
 5.561753489652e+04  1.534938700000e+01  6.173933951284e-02
 5.562936681882e+04  1.569462600000e+01  6.538070458445e-02
 5.562937480163e+04  1.561338500000e+01  6.433122402686e-02
 5.562938229322e+04  1.546107700000e+01  6.289178514309e-02
 5.562938982266e+04  1.521653900000e+01  6.085617672141e-02
 5.563628239670e+04  1.508147500000e+01  6.408893734558e-02
 5.563628836841e+04  1.509015700000e+01  6.414491048802e-02
 5.563629442140e+04  1.509371900000e+01  6.426935675701e-02
 5.563630049427e+04  1.512075300000e+01  6.448623881393e-02
 5.564727689503e+04  1.503965700000e+01  6.002778757853e-02
 5.564728262138e+04  1.507533900000e+01  6.023234202540e-02
 5.564728839771e+04  1.509446400000e+01  6.037440892874e-02
 5.564729415950e+04  1.511779000000e+01  6.049090371798e-02
 5.569335853909e+04  1.505192200000e+01  6.163033473740e-02
 5.569336685943e+04  1.506312100000e+01  6.174542563333e-02
 5.569337573987e+04  1.506595200000e+01  6.167288953293e-02
 5.569338416078e+04  1.514044600000e+01  6.235211697169e-02
 5.570830193794e+04  1.560471700000e+01  6.459712965549e-02
 5.570831106029e+04  1.564773300000e+01  6.507149453593e-02
 5.570832041610e+04  1.562401000000e+01  6.491347310657e-02
 5.570832975663e+04  1.562484200000e+01  6.491813014544e-02
 5.450343152950e+04  1.567101700000e+01  6.391646099245e-02
 5.450343859860e+04  1.556997700000e+01  6.297367684072e-02
 5.450344564490e+04  1.540528600000e+01  6.154763361234e-02
 5.450345267847e+04  1.520116400000e+01  6.002773565221e-02
 5.598136783983e+04  1.492106700000e+01  5.854813098556e-02
 5.598137520426e+04  1.495197700000e+01  5.871014058385e-02
 5.598138257384e+04  1.498312600000e+01  5.888757451165e-02
 5.598139008411e+04  1.502349600000e+01  5.913796437734e-02
 5.598738131060e+04  1.561966300000e+01  6.538225754894e-02
 5.598738757968e+04  1.561221800000e+01  6.515090234883e-02
 5.598739379469e+04  1.563671400000e+01  6.528035815822e-02
 5.598740002753e+04  1.564695600000e+01  6.529646740797e-02
 5.600941034514e+04  1.562761700000e+01  6.123339336747e-02
 5.600941850564e+04  1.558936300000e+01  6.094064250466e-02
 5.600942669586e+04  1.563244000000e+01  6.129739112472e-02
 5.600943487710e+04  1.563131400000e+01  6.133553808547e-02
 5.601537507122e+04  1.482533800000e+01  5.800473638827e-02
 5.601538300650e+04  1.479075800000e+01  5.781852155130e-02
 5.601539097311e+04  1.481900000000e+01  5.797863159380e-02
 5.601539896663e+04  1.485702800000e+01  5.823275251168e-02
 5.603630454778e+04  1.514534400000e+01  6.035037304242e-02
 5.603630903133e+04  1.507015300000e+01  5.981658061065e-02
 5.603631355912e+04  1.498709700000e+01  5.931980512881e-02
 5.603631807324e+04  1.488665600000e+01  5.915607924981e-02
 5.603937878241e+04  1.565364700000e+01  6.491976685587e-02
 5.603939224664e+04  1.570758800000e+01  6.555800837967e-02
 5.603939901632e+04  1.572300000000e+01  6.576449319313e-02
 5.606331771868e+04  1.562077500000e+01  6.382728472042e-02
 5.606332445782e+04  1.562662000000e+01  6.384766294368e-02
 5.606333121963e+04  1.561641500000e+01  6.381675176442e-02
 5.606333799326e+04  1.562835200000e+01  6.396790519124e-02
 5.607120142868e+04  1.563777100000e+01  6.113474389137e-02
 5.607120896406e+04  1.564251000000e+01  6.116348045132e-02
 5.607121657207e+04  1.563530300000e+01  6.106133972644e-02
 5.607122410984e+04  1.566505800000e+01  6.130732219325e-02
 5.608820039958e+04  1.487344900000e+01  5.813196608540e-02
 5.608820543328e+04  1.489295100000e+01  5.827977674998e-02
 5.608821054338e+04  1.492901500000e+01  5.848657703585e-02
 5.608821562627e+04  1.495263100000e+01  5.858996023387e-02
 5.609625077550e+04  1.551291000000e+01  6.315318203639e-02
 5.609625927904e+04  1.553792300000e+01  6.339990435182e-02
 5.609626709190e+04  1.554978600000e+01  6.353803522624e-02
 5.609627490125e+04  1.556991000000e+01  6.373798432827e-02
