# time mag mag_err
 5.355229570258e+04  1.537683700000e+01  5.804196082141e-02
 5.355230645554e+04  1.537431300000e+01  5.812226347125e-02
 5.355231718872e+04  1.538839300000e+01  5.817272825287e-02
 5.355232803648e+04  1.530345600000e+01  5.861637888405e-02
 5.352630036010e+04  1.550889000000e+01  6.417757089171e-02
 5.352631161240e+04  1.551438200000e+01  6.422586559713e-02
 5.352632220170e+04  1.549118600000e+01  6.400384114636e-02
 5.352633253902e+04  1.545002900000e+01  6.364010782537e-02
 5.353427474958e+04  1.517764100000e+01  6.117334751905e-02
 5.353428458086e+04  1.513741400000e+01  6.085882404294e-02
 5.353429442661e+04  1.510753100000e+01  6.065037252345e-02
 5.353430422906e+04  1.505761300000e+01  6.029021780430e-02
 5.365610643749e+04  1.510515700000e+01  6.210306896871e-02
 5.365611080252e+04  1.513577700000e+01  6.245739804878e-02
 5.365611512715e+04  1.511413800000e+01  6.233472970616e-02
 5.365611945689e+04  1.514417500000e+01  6.266418626199e-02
 5.383429524194e+04  1.501935100000e+01  6.480386985631e-02
 5.383430300760e+04  1.501337800000e+01  6.466343328728e-02
 5.383431076066e+04  1.500980200000e+01  6.459084197506e-02
 5.384832457078e+04  1.508559700000e+01  6.072345240335e-02
 5.384833171488e+04  1.508751700000e+01  6.098255832146e-02
 5.384833897497e+04  1.509301600000e+01  6.102059880569e-02
 5.384834625439e+04  1.511214500000e+01  6.115520215502e-02
 5.385446397087e+04  1.517398900000e+01  6.197746135760e-02
 5.385446996978e+04  1.516577300000e+01  6.192095856053e-02
 5.385447591625e+04  1.517988900000e+01  6.207508784682e-02
 5.385448189514e+04  1.521388600000e+01  6.236194137619e-02
 5.385530653383e+04  1.541414200000e+01  6.394388343492e-02
 5.385531428132e+04  1.542037000000e+01  6.370243069570e-02
 5.385532214873e+04  1.539172200000e+01  6.371359992794e-02
 5.385533041951e+04  1.540974600000e+01  6.389285350061e-02
 5.390143091862e+04  1.515027900000e+01  9.950733394490e-02
 5.390143195108e+04  1.523415300000e+01  1.023206698407e-01
 5.390143292809e+04  1.528028800000e+01  1.039464301816e-01
 5.390143395118e+04  1.519623100000e+01  1.010076829518e-01
 5.379643966900e+04  1.553183400000e+01  6.451397374669e-02
 5.379644713593e+04  1.550747200000e+01  6.422439683430e-02
 5.379645462137e+04  1.548122500000e+01  6.396936962322e-02
 5.379646213238e+04  1.545429900000e+01  6.370777937227e-02
 5.386234806617e+04  1.511896500000e+01  6.132217088726e-02
 5.386235750899e+04  1.509473100000e+01  6.111848960538e-02
 5.386236591867e+04  1.515417800000e+01  6.159656808212e-02
 5.386237405495e+04  1.516045400000e+01  6.166331050782e-02
 5.388337758747e+04  1.545016000000e+01  6.427949226187e-02
 5.388338481294e+04  1.545469200000e+01  6.434048174986e-02
 5.388339201897e+04  1.548154400000e+01  6.460906228992e-02
 5.399414909506e+04  1.551036400000e+01  6.322612590604e-02
 5.399415391497e+04  1.550215400000e+01  6.319916587739e-02
 5.399415873373e+04  1.555257400000e+01  6.366868531319e-02
 5.399416354485e+04  1.550466600000e+01  6.328845348135e-02
 5.400312331088e+04  1.539068000000e+01  6.240473483116e-02
 5.400312965865e+04  1.539068100000e+01  6.242267717590e-02
 5.400313602991e+04  1.541158800000e+01  6.265051829790e-02
 5.400314237583e+04  1.539473500000e+01  6.255776755765e-02
 5.415735280708e+04  1.501443100000e+01  5.982957881434e-02
 5.415736263870e+04  1.503448900000e+01  5.992809706431e-02
 5.415737241535e+04  1.505547000000e+01  6.002337545827e-02
 5.415738219130e+04  1.505854600000e+01  6.001384428918e-02
 5.429528767662e+04  1.548309700000e+01  6.480090078204e-02
 5.429529315826e+04  1.551854400000e+01  6.568590821023e-02
 5.429529863179e+04  1.549493400000e+01  6.526236399125e-02
 5.429530410927e+04  1.551761200000e+01  6.536243996509e-02
 5.426133051792e+04  1.502957500000e+01  6.009332941604e-02
 5.426133871230e+04  1.500045600000e+01  5.988095233013e-02
 5.426134690958e+04  1.499597400000e+01  5.988785352374e-02
 5.426135502978e+04  1.495987300000e+01  5.964143656440e-02
 5.427330130096e+04  1.541619700000e+01  6.383566160791e-02
 5.427330793220e+04  1.542431400000e+01  6.400008091998e-02
 5.427331454340e+04  1.543131200000e+01  6.404783561465e-02
 5.427332115010e+04  1.545543100000e+01  6.434819771092e-02
 5.427928669126e+04  1.536930000000e+01  6.320790024922e-02
 5.427929334333e+04  1.537554800000e+01  6.326154303386e-02
 5.427929993833e+04  1.538788600000e+01  6.340326022406e-02
 5.427930655869e+04  1.540037100000e+01  6.360824008035e-02
 5.417746494593e+04  1.506432600000e+01  5.991420587667e-02
 5.417747430750e+04  1.508278500000e+01  6.002533609521e-02
 5.417748360437e+04  1.511225200000e+01  6.026321345022e-02
 5.417749344375e+04  1.513206900000e+01  6.038466053266e-02
 5.423142969098e+04  1.551874500000e+01  6.420369867931e-02
 5.423143622719e+04  1.550082200000e+01  6.405475845712e-02
 5.423144274209e+04  1.546932000000e+01  6.378326013738e-02
 5.423144924149e+04  1.547588600000e+01  6.387857160656e-02
 5.423936129085e+04  1.543644600000e+01  6.445428684587e-02
 5.423937120892e+04  1.537307300000e+01  6.379447320671e-02
 5.423938097677e+04  1.527535000000e+01  6.289703311086e-02
 5.423939065446e+04  1.517115600000e+01  6.199550634123e-02
 5.438508693008e+04  1.525981700000e+01  6.310493094183e-02
 5.438509177627e+04  1.528936300000e+01  6.340118728382e-02
 5.438509662605e+04  1.528923600000e+01  6.342190389752e-02
 5.438510147896e+04  1.529924000000e+01  6.355214248373e-02
 5.438908042960e+04  1.508998600000e+01  6.392851347743e-02
 5.438908426659e+04  1.509547600000e+01  6.399724735909e-02
 5.438908806157e+04  1.506028800000e+01  6.368589636432e-02
 5.438909186315e+04  1.507954100000e+01  6.333824774750e-02
 5.436312569334e+04  1.520014000000e+01  6.116780558562e-02
 5.436313274741e+04  1.519189600000e+01  6.114651232063e-02
 5.436313979370e+04  1.523243300000e+01  6.148124131927e-02
 5.436314684046e+04  1.521815000000e+01  6.140338701869e-02
 5.456845949601e+04  1.547331600000e+01  6.310507117126e-02
 5.456846509756e+04  1.550244300000e+01  6.336713025237e-02
 5.456847057654e+04  1.546948400000e+01  6.308202924203e-02
 5.456847606698e+04  1.548784500000e+01  6.321731665011e-02
 5.456946928523e+04  1.534403600000e+01  6.203154767396e-02
 5.456947375640e+04  1.538434000000e+01  6.238792440871e-02
 5.456947820731e+04  1.533622000000e+01  6.199958433798e-02
 5.456948265615e+04  1.534795800000e+01  6.212307737755e-02
 5.458543423303e+04  1.541725700000e+01  6.286705765614e-02
 5.458544078127e+04  1.544497300000e+01  6.312175420326e-02
 5.458544711191e+04  1.542941100000e+01  6.316971922753e-02
 5.462736375304e+04  1.538363200000e+01  6.317142753694e-02
 5.462737252662e+04  1.538324900000e+01  6.305414495778e-02
 5.462738122787e+04  1.539902100000e+01  6.314689285091e-02
 5.462738996534e+04  1.541181400000e+01  6.360870017860e-02
 5.459627164219e+04  1.536636300000e+01  6.324796625175e-02
 5.459627930692e+04  1.536228700000e+01  6.321420791705e-02
 5.459628701355e+04  1.539430400000e+01  6.345064981876e-02
 5.459629468836e+04  1.539556700000e+01  6.343027941930e-02
 5.474809015074e+04  1.500082000000e+01  6.265559160057e-02
 5.474809749000e+04  1.500927500000e+01  6.281113926974e-02
 5.474810468190e+04  1.502570300000e+01  6.303445533294e-02
 5.474811215242e+04  1.502229400000e+01  6.306024165044e-02
 5.492341655711e+04  1.521443300000e+01  6.066265785381e-02
 5.492342154429e+04  1.517828400000e+01  6.073403452922e-02
 5.492342658645e+04  1.521832200000e+01  6.102365459993e-02
 5.492343169771e+04  1.522889200000e+01  6.111456413660e-02
 5.494343747575e+04  1.510188200000e+01  6.024077040203e-02
 5.494344289560e+04  1.511315200000e+01  6.032500038113e-02
 5.494344831556e+04  1.509115900000e+01  6.018943834146e-02
 5.494345372763e+04  1.511097500000e+01  6.033528208571e-02
 5.487548623385e+04  1.533600300000e+01  6.387104343632e-02
 5.487549108167e+04  1.535277900000e+01  6.403982354050e-02
 5.487549600529e+04  1.532200500000e+01  6.372296678093e-02
 5.487550088389e+04  1.534979200000e+01  6.396622517667e-02
 5.501728691381e+04  1.531489000000e+01  6.662470264901e-02
 5.501729437354e+04  1.540665900000e+01  6.774110522514e-02
 5.501730166997e+04  1.544023100000e+01  7.188663909857e-02
 5.501730909538e+04  1.533193000000e+01  6.715935552563e-02
 5.499828588931e+04  1.521692800000e+01  6.130786125301e-02
 5.499829282659e+04  1.524447100000e+01  6.145720545357e-02
 5.499829980668e+04  1.522416900000e+01  6.130985014793e-02
 5.499830679721e+04  1.522832200000e+01  6.136554774139e-02
 5.489145692948e+04  1.542485200000e+01  6.252177934667e-02
 5.489146486726e+04  1.545104800000e+01  6.267196813261e-02
 5.489147257238e+04  1.547052000000e+01  6.284449844109e-02
 5.489148051712e+04  1.548163100000e+01  6.292794146457e-02
 5.491341730583e+04  1.549639500000e+01  6.752741047670e-02
 5.491342394020e+04  1.552467800000e+01  6.623336819171e-02
 5.491343005707e+04  1.551424200000e+01  6.598913793461e-02
 5.491343614464e+04  1.550305600000e+01  6.750268975044e-02
 5.495442947817e+04  1.514439900000e+01  6.138559544557e-02
 5.495443679046e+04  1.516007500000e+01  6.171287676908e-02
 5.495444411990e+04  1.518693400000e+01  6.216184948622e-02
 5.495445140892e+04  1.513274300000e+01  6.686693718368e-02
 5.495541760999e+04  1.549807100000e+01  6.366775594546e-02
 5.495542480524e+04  1.543303500000e+01  6.308100048289e-02
 5.495543206674e+04  1.538522000000e+01  6.264653298616e-02
 5.495543935578e+04  1.536705700000e+01  6.250250065793e-02
 5.496734693257e+04  1.533129300000e+01  6.242330123347e-02
 5.496735679720e+04  1.533373300000e+01  6.244556385867e-02
 5.496736655616e+04  1.534662300000e+01  6.256284167240e-02
 5.496737526400e+04  1.536224200000e+01  6.271967473332e-02
 5.497932776811e+04  1.505334500000e+01  6.010654643060e-02
 5.497933510358e+04  1.508707300000e+01  6.038187261017e-02
 5.497934233588e+04  1.508302000000e+01  6.034937663292e-02
 5.497934957353e+04  1.512631800000e+01  6.069008836205e-02
 5.510411441958e+04  1.518628900000e+01  6.573435941711e-02
 5.510411937321e+04  1.516326200000e+01  6.552028742411e-02
 5.510412432277e+04  1.516775600000e+01  6.561722005169e-02
 5.510412930439e+04  1.519434000000e+01  6.592162178597e-02
 5.530044190285e+04  1.505861200000e+01  5.991674928581e-02
 5.530044985138e+04  1.502187700000e+01  5.969121403726e-02
 5.530045773660e+04  1.498763300000e+01  5.945929101103e-02
 5.530046586897e+04  1.495561000000e+01  5.924780503721e-02
 5.535714854184e+04  1.517482400000e+01  6.117321677860e-02
 5.535715194306e+04  1.511989200000e+01  6.091086270388e-02
 5.535715537992e+04  1.510620500000e+01  6.269987926415e-02
 5.535715896079e+04  1.517099300000e+01  7.172794307409e-02
 5.536430274811e+04  1.511443800000e+01  6.046575618579e-02
 5.536430846785e+04  1.511278700000e+01  6.047649280267e-02
 5.536431419720e+04  1.509102200000e+01  6.032370667944e-02
 5.536431988464e+04  1.509202000000e+01  6.033012494207e-02
 5.536825845784e+04  1.532510700000e+01  6.225732440866e-02
 5.536826542579e+04  1.530984100000e+01  6.214592708484e-02
 5.536827234837e+04  1.533625500000e+01  6.235265045581e-02
 5.536827919963e+04  1.533306100000e+01  6.236457549338e-02
 5.532743306941e+04  1.523273000000e+01  6.163177037959e-02
 5.532743886618e+04  1.522958400000e+01  6.168371886324e-02
 5.532744465003e+04  1.523990600000e+01  6.177780851233e-02
 5.532745050258e+04  1.526760900000e+01  6.207340938543e-02
 5.534137418966e+04  1.518670600000e+01  6.099257866958e-02
 5.534137990824e+04  1.521469300000e+01  6.122314235915e-02
 5.534138567799e+04  1.519738800000e+01  6.109785830981e-02
 5.534139134771e+04  1.523285400000e+01  6.140510430939e-02
 5.545713316045e+04  1.537657800000e+01  6.266509847240e-02
 5.545714792951e+04  1.540471500000e+01  6.300209534477e-02
 5.545715534573e+04  1.537464700000e+01  6.281774229606e-02
 5.565237691935e+04  1.531367900000e+01  6.261362922374e-02
 5.565238381322e+04  1.532110800000e+01  6.269144740358e-02
 5.565239080758e+04  1.531738800000e+01  6.262056583524e-02
 5.565239774012e+04  1.532809500000e+01  6.270237147383e-02
 5.567737726594e+04  1.536775400000e+01  6.331188778670e-02
 5.567738457985e+04  1.539183000000e+01  6.353071670986e-02
 5.567739262656e+04  1.538551600000e+01  6.348243804935e-02
 5.567740110839e+04  1.539122800000e+01  6.353051474938e-02
 5.567939769056e+04  1.548168500000e+01  6.408308071586e-02
 5.567940288769e+04  1.545168000000e+01  6.381500630012e-02
 5.567940808333e+04  1.542476200000e+01  6.356805928032e-02
 5.567941330812e+04  1.541137700000e+01  6.345722355500e-02
 5.571432227715e+04  1.515020500000e+01  6.209550139096e-02
 5.571432678793e+04  1.520266400000e+01  6.216295975733e-02
 5.571433128133e+04  1.518345300000e+01  6.280142730136e-02
 5.571433581271e+04  1.523417300000e+01  6.360379660181e-02
 5.568839834190e+04  1.535021400000e+01  6.329547900005e-02
 5.568840414774e+04  1.540458900000e+01  6.382701982969e-02
 5.568840989862e+04  1.540136800000e+01  6.378846874123e-02
 5.568841573711e+04  1.539421000000e+01  6.372312342516e-02
 5.585809009722e+04  1.543131300000e+01  6.814010857394e-02
 5.585809562715e+04  1.543519200000e+01  6.829340917877e-02
 5.585810115741e+04  1.544584000000e+01  6.861198141689e-02
 5.585810614020e+04  1.545518000000e+01  6.884753144027e-02
 5.585208344265e+04  1.541839000000e+01  6.301086083975e-02
 5.585208851353e+04  1.543453900000e+01  6.292653016960e-02
 5.585209372225e+04  1.542031200000e+01  6.283777508086e-02
 5.585209890868e+04  1.543353900000e+01  6.300020576996e-02
 5.601937069906e+04  1.541480700000e+01  5.970550574898e-02
 5.601938266194e+04  1.544053100000e+01  5.982562857022e-02
 5.601939448802e+04  1.543978000000e+01  5.982360513664e-02
 5.601940644060e+04  1.543143800000e+01  5.976248300444e-02
 5.606439535372e+04  1.543381000000e+01  6.287719763578e-02
 5.606440211220e+04  1.542934300000e+01  6.290273984910e-02
 5.606440886520e+04  1.543284500000e+01  6.294430154917e-02
 5.606441559042e+04  1.543089100000e+01  6.291421387143e-02
 5.607236279993e+04  1.547475100000e+01  6.320384185090e-02
 5.607236781581e+04  1.546901200000e+01  6.320174195279e-02
 5.607237293238e+04  1.547908300000e+01  6.327389545962e-02
 5.607237805534e+04  1.550185000000e+01  6.336830831810e-02
 5.610020496150e+04  1.536113900000e+01  6.284777369904e-02
 5.610021410272e+04  1.538190600000e+01  6.309494395416e-02
 5.610022339890e+04  1.538803100000e+01  6.315105316877e-02
 5.610023330050e+04  1.538468600000e+01  6.310005251528e-02
 5.618916787700e+04  1.548381900000e+01  6.463112943019e-02
 5.618917280664e+04  1.544394700000e+01  6.426531845434e-02
 5.618917776370e+04  1.549251600000e+01  6.480139593660e-02
 5.618918269752e+04  1.551714600000e+01  6.509162860014e-02
