# time mag mag_err
 5.347032823492e+04  1.576118800000e+01  6.679247149359e-02
 5.347033642039e+04  1.580817300000e+01  6.730423519686e-02
 5.347034458885e+04  1.585956000000e+01  6.800657067640e-02
 5.347035269782e+04  1.586338100000e+01  6.810746701867e-02
 5.347927698106e+04  1.562915800000e+01  6.395907621291e-02
 5.347928510207e+04  1.564753900000e+01  6.406356080112e-02
 5.347929328130e+04  1.566462700000e+01  6.395074552908e-02
 5.347930146596e+04  1.570010300000e+01  6.456086506487e-02
 5.349029218123e+04  1.580020400000e+01  6.534435847656e-02
 5.349030145610e+04  1.579143700000e+01  6.530580480986e-02
 5.349031067196e+04  1.580492700000e+01  6.547284705645e-02
 5.349031986628e+04  1.578707000000e+01  6.529766772455e-02
 5.355821780633e+04  1.581453000000e+01  6.661471149982e-02
 5.355822314769e+04  1.581300300000e+01  6.656072628337e-02
 5.355822851230e+04  1.580608600000e+01  6.657544638204e-02
 5.355823387206e+04  1.580110700000e+01  6.662252589561e-02
 5.352729290054e+04  1.576313100000e+01  6.550404780606e-02
 5.352730170341e+04  1.578098600000e+01  6.576099539229e-02
 5.352731059355e+04  1.579596800000e+01  6.594224773514e-02
 5.352731942779e+04  1.581303000000e+01  6.616370294681e-02
 5.355120332083e+04  1.517553400000e+01  6.044438352408e-02
 5.355121140943e+04  1.524607900000e+01  6.103982539444e-02
 5.355121941851e+04  1.528127500000e+01  6.133747032902e-02
 5.355122749183e+04  1.534896200000e+01  6.191330282436e-02
 5.350625836898e+04  1.581861800000e+01  6.841058908748e-02
 5.350626604899e+04  1.583999700000e+01  6.856082087663e-02
 5.350627371373e+04  1.579183100000e+01  6.779200653229e-02
 5.350628143378e+04  1.578713800000e+01  6.774063721662e-02
 5.383422758348e+04  1.597242800000e+01  7.572234797485e-02
 5.383423484345e+04  1.593390900000e+01  7.501171279939e-02
 5.383424212160e+04  1.584513200000e+01  7.342339873672e-02
 5.383424945969e+04  1.577054900000e+01  7.233459631288e-02
 5.385133249142e+04  1.562718800000e+01  6.466028564730e-02
 5.385134218148e+04  1.564801300000e+01  6.490636917708e-02
 5.385135201959e+04  1.567885800000e+01  6.524845316158e-02
 5.385136182159e+04  1.571336900000e+01  6.566061435419e-02
 5.390032986595e+04  1.579497900000e+01  1.235426829200e-01
 5.390033083336e+04  1.566512000000e+01  1.175867620283e-01
 5.390033181894e+04  1.587138800000e+01  1.274470434463e-01
 5.390033280684e+04  1.574592100000e+01  1.216851519625e-01
 5.379743904780e+04  1.525790200000e+01  6.181466494237e-02
 5.379744581168e+04  1.528100200000e+01  6.177596322044e-02
 5.379745267244e+04  1.535065200000e+01  6.262039324168e-02
 5.379745993657e+04  1.532881800000e+01  6.243012902638e-02
 5.386031188655e+04  1.495650400000e+01  5.934459481291e-02
 5.386031834775e+04  1.499711000000e+01  5.962452096943e-02
 5.386032481995e+04  1.503409300000e+01  5.984320919605e-02
 5.386033132664e+04  1.507241300000e+01  6.002786471283e-02
 5.387436311939e+04  1.591238200000e+01  1.197866957157e-01
 5.387436384708e+04  1.590603100000e+01  1.197488131718e-01
 5.387436458624e+04  1.586632200000e+01  1.178645587952e-01
 5.387436530537e+04  1.583499900000e+01  1.164326833895e-01
 5.387925572428e+04  1.583961900000e+01  6.645017355839e-02
 5.387926328334e+04  1.582016400000e+01  6.655497436061e-02
 5.387927082515e+04  1.581109200000e+01  6.647397986128e-02
 5.387927836221e+04  1.581451000000e+01  6.655313811192e-02
 5.414145934779e+04  1.586508500000e+01  7.907655196514e-02
 5.414146477457e+04  1.584981700000e+01  8.196011583120e-02
 5.414147017090e+04  1.587310700000e+01  8.880052514212e-02
 5.411643462082e+04  1.583093600000e+01  6.520649796037e-02
 5.411644116987e+04  1.579010600000e+01  6.474622585416e-02
 5.411644785250e+04  1.581283500000e+01  6.494001047922e-02
 5.411645469311e+04  1.585961900000e+01  6.546703422122e-02
 5.425625036058e+04  1.562074800000e+01  6.419508929821e-02
 5.425625786130e+04  1.566382000000e+01  6.459161941418e-02
 5.425626538400e+04  1.568539100000e+01  6.479465903655e-02
 5.425627294122e+04  1.572766600000e+01  6.529620055602e-02
 5.426822515954e+04  1.582359500000e+01  6.859297938101e-02
 5.426823374411e+04  1.581913400000e+01  6.843723922660e-02
 5.426824230634e+04  1.579605900000e+01  6.764362757892e-02
 5.426825087020e+04  1.585986900000e+01  6.884118472991e-02
 5.427822374061e+04  1.585997700000e+01  6.703835605442e-02
 5.427823017461e+04  1.578721700000e+01  6.626880433605e-02
 5.427823659692e+04  1.580797700000e+01  6.658698667910e-02
 5.427824305014e+04  1.587096800000e+01  6.731307940200e-02
 5.417444147602e+04  1.472009600000e+01  5.693108687698e-02
 5.417444743221e+04  1.475970300000e+01  5.713194378305e-02
 5.417445334165e+04  1.478486800000e+01  5.726910877597e-02
 5.417445930502e+04  1.483446800000e+01  5.753594044693e-02
 5.418528873623e+04  1.584584100000e+01  6.601514391705e-02
 5.418529914472e+04  1.583346300000e+01  6.581709803923e-02
 5.418530955705e+04  1.580001500000e+01  6.545092008452e-02
 5.418532000063e+04  1.586666000000e+01  6.617929297599e-02
 5.423519883177e+04  1.539719400000e+01  6.552263053838e-02
 5.423520316995e+04  1.540819900000e+01  6.488485030933e-02
 5.423520750025e+04  1.545939100000e+01  6.559419790471e-02
 5.423521183751e+04  1.544259600000e+01  6.395366553153e-02
 5.424524847689e+04  1.545545200000e+01  6.254520708255e-02
 5.424525770373e+04  1.548799100000e+01  6.279631087867e-02
 5.424526704944e+04  1.553617600000e+01  6.325104502562e-02
 5.424527624852e+04  1.552358200000e+01  6.315943176072e-02
 5.455923634726e+04  1.590272000000e+01  6.673003538672e-02
 5.455924290128e+04  1.567415300000e+01  6.426196424921e-02
 5.455924945359e+04  1.552737600000e+01  6.286296100410e-02
 5.455925592219e+04  1.519338400000e+01  6.017153046104e-02
 5.456438348369e+04  1.529909800000e+01  6.075487763295e-02
 5.456439038657e+04  1.532364300000e+01  6.092423163903e-02
 5.456439731447e+04  1.534853600000e+01  6.111751602921e-02
 5.456440423252e+04  1.537887100000e+01  6.137380301233e-02
 5.457123342909e+04  1.533925000000e+01  6.111475859466e-02
 5.457123939281e+04  1.535526800000e+01  6.124140276628e-02
 5.457124533326e+04  1.538515500000e+01  6.147862704197e-02
 5.457125127060e+04  1.542132700000e+01  6.175221684472e-02
 5.458333285828e+04  1.581283800000e+01  6.579569270638e-02
 5.458333962019e+04  1.582281300000e+01  6.597160922858e-02
 5.458334636473e+04  1.580359700000e+01  6.581062631469e-02
 5.458335312978e+04  1.577542500000e+01  6.552593865169e-02
 5.450342317885e+04  1.575965900000e+01  6.447429757721e-02
 5.451442214470e+04  1.579978300000e+01  6.564895045320e-02
 5.451442872050e+04  1.581291500000e+01  6.605306908497e-02
 5.451443525623e+04  1.582689800000e+01  6.606252683232e-02
 5.451444178318e+04  1.580194600000e+01  6.557222522582e-02
 5.448251171710e+04  1.580838800000e+01  6.538232479039e-02
 5.448251655471e+04  1.579471300000e+01  6.571285382865e-02
 5.448252140623e+04  1.578513600000e+01  6.645891431134e-02
 5.448252622753e+04  1.580962200000e+01  6.744961341372e-02
 5.464027004623e+04  1.578801700000e+01  6.640216970712e-02
 5.464027658764e+04  1.582478200000e+01  6.692198404953e-02
 5.464028310972e+04  1.582347400000e+01  6.705013697611e-02
 5.464028964164e+04  1.580639300000e+01  6.683375681478e-02
 5.452739346000e+04  1.492542200000e+01  5.800098221844e-02
 5.452740153425e+04  1.499685200000e+01  5.842874686677e-02
 5.452740963928e+04  1.504463500000e+01  5.872572986866e-02
 5.452741776515e+04  1.509847400000e+01  5.882806729019e-02
 5.453337016740e+04  1.524685800000e+01  6.025889522986e-02
 5.453337777147e+04  1.528545600000e+01  6.055734266825e-02
 5.453338541479e+04  1.532170500000e+01  6.243062861453e-02
 5.453339300997e+04  1.538342500000e+01  6.353960083915e-02
 5.458927901497e+04  1.577913400000e+01  6.484096676661e-02
 5.458928733505e+04  1.578987200000e+01  6.493388707356e-02
 5.458929564391e+04  1.583289700000e+01  6.537942345983e-02
 5.458930398438e+04  1.588296400000e+01  6.594041673839e-02
 5.459620593834e+04  1.472752000000e+01  5.741936488071e-02
 5.459621294691e+04  1.474735500000e+01  5.762803001838e-02
 5.459621994610e+04  1.475076100000e+01  5.771253277908e-02
 5.459622691554e+04  1.482051900000e+01  5.820315386521e-02
 5.492326246921e+04  1.541849300000e+01  6.162994014558e-02
 5.492326789299e+04  1.545394600000e+01  6.189964937678e-02
 5.492327329744e+04  1.547298600000e+01  6.203282506660e-02
 5.492327872803e+04  1.545573600000e+01  6.187857598872e-02
 5.504515323619e+04  1.586529300000e+01  7.280581692102e-02
 5.504515793633e+04  1.582819000000e+01  7.230164191678e-02
 5.504516284363e+04  1.590023900000e+01  7.353879638641e-02
 5.504516769284e+04  1.592518100000e+01  7.404461952026e-02
 5.488838074608e+04  1.578744500000e+01  6.458109282304e-02
 5.488838862551e+04  1.579747700000e+01  6.477726306408e-02
 5.488839648956e+04  1.580972800000e+01  6.484650633134e-02
 5.488840442387e+04  1.583340200000e+01  6.610033493036e-02
 5.499916856956e+04  1.582006100000e+01  6.542587169919e-02
 5.499917400699e+04  1.577705800000e+01  6.493571757767e-02
 5.499917941468e+04  1.583194600000e+01  6.551684352902e-02
 5.499918483184e+04  1.579759900000e+01  6.516055998227e-02
 5.490935929267e+04  1.579268600000e+01  6.465345312638e-02
 5.490937312508e+04  1.578763500000e+01  6.460642273877e-02
 5.490938686755e+04  1.585409900000e+01  6.527690082406e-02
 5.490940063640e+04  1.589678500000e+01  6.569714078093e-02
 5.491539114624e+04  1.472965500000e+01  6.066070673655e-02
 5.491539513729e+04  1.468092600000e+01  6.078029280336e-02
 5.491539906551e+04  1.477682600000e+01  6.179700109500e-02
 5.491540305610e+04  1.485287800000e+01  6.320952365119e-02
 5.496430093362e+04  1.543713000000e+01  6.195680378588e-02
 5.496430760483e+04  1.542905100000e+01  6.187485244011e-02
 5.496431429025e+04  1.547873000000e+01  6.230871066270e-02
 5.496432095539e+04  1.546801100000e+01  6.222295884052e-02
 5.498132718951e+04  1.582091100000e+01  6.604540823977e-02
 5.498134538008e+04  1.579267500000e+01  6.588767093088e-02
 5.529633001825e+04  1.571212200000e+01  6.437741826382e-02
 5.529633578649e+04  1.571970400000e+01  6.447623666367e-02
 5.529634151802e+04  1.575631500000e+01  6.483095838048e-02
 5.529634726928e+04  1.571368800000e+01  6.438303600434e-02
 5.535027022278e+04  1.581784700000e+01  6.642683735976e-02
 5.535027705810e+04  1.582569400000e+01  6.740791874229e-02
 5.535028392793e+04  1.583402100000e+01  6.715805514386e-02
 5.535029084992e+04  1.579324600000e+01  6.562988007305e-02
 5.527445276117e+04  1.571218700000e+01  6.456223588246e-02
 5.527446020128e+04  1.573435300000e+01  6.488666715526e-02
 5.527446776034e+04  1.575384800000e+01  6.520623595735e-02
 5.527447537382e+04  1.576281400000e+01  6.531782916136e-02
 5.528031925324e+04  1.557190800000e+01  6.351193111784e-02
 5.528032609721e+04  1.556702400000e+01  6.340849593780e-02
 5.528033292069e+04  1.557764700000e+01  6.348108665783e-02
 5.528033981045e+04  1.558893100000e+01  6.358661430907e-02
 5.532831201646e+04  1.577992300000e+01  6.529793463488e-02
 5.532831948896e+04  1.581859000000e+01  6.574545728527e-02
 5.532832699329e+04  1.578954100000e+01  6.546676053223e-02
 5.532833453501e+04  1.580337900000e+01  6.558118692475e-02
 5.533914752631e+04  1.557228600000e+01  6.788852476744e-02
 5.533915288954e+04  1.562503900000e+01  6.848288359856e-02
 5.533915832096e+04  1.557773500000e+01  6.795578839116e-02
 5.533916369056e+04  1.558581700000e+01  6.797438305527e-02
 5.565733600271e+04  1.526208100000e+01  6.135414166861e-02
 5.565734106905e+04  1.528670700000e+01  6.180293197043e-02
 5.565734620001e+04  1.530338100000e+01  6.142410138461e-02
 5.565735135767e+04  1.528700700000e+01  6.324585047272e-02
 5.567629026605e+04  1.585012100000e+01  7.080344238792e-02
 5.567629535220e+04  1.586760900000e+01  7.457695788699e-02
 5.567630048949e+04  1.561438500000e+01  7.376882770219e-02
 5.567630564916e+04  1.583009500000e+01  7.380188139876e-02
 5.561751042148e+04  1.587453700000e+01  6.644600303313e-02
 5.561751916708e+04  1.589910000000e+01  6.679181164946e-02
 5.561752793479e+04  1.589106100000e+01  6.667567604171e-02
 5.561753661200e+04  1.583322000000e+01  6.601129591179e-02
 5.562936624738e+04  1.581000900000e+01  6.627233437910e-02
 5.562937424650e+04  1.589928200000e+01  6.708559305807e-02
 5.562938171160e+04  1.592768000000e+01  6.740890418564e-02
 5.562938925030e+04  1.586138400000e+01  6.664658515209e-02
 5.563628196103e+04  1.471874200000e+01  6.069967430784e-02
 5.563628790346e+04  1.479191900000e+01  6.123920814898e-02
 5.563629394534e+04  1.483558300000e+01  6.155753214388e-02
 5.563630002446e+04  1.484043200000e+01  6.158453159023e-02
 5.564729950745e+04  1.524744900000e+01  6.129490286259e-02
 5.564730697390e+04  1.528284100000e+01  6.158193529182e-02
 5.564731442417e+04  1.530355300000e+01  6.174087917331e-02
 5.564732197883e+04  1.535792600000e+01  6.216311860721e-02
 5.569335782921e+04  1.526957900000e+01  6.322746701748e-02
 5.569336632190e+04  1.534815200000e+01  6.398190723654e-02
 5.569337520512e+04  1.535716500000e+01  6.397181005732e-02
 5.569338362313e+04  1.538535900000e+01  6.425855525420e-02
 5.570830363561e+04  1.496129500000e+01  5.914757055739e-02
 5.570831281179e+04  1.474562500000e+01  5.781558292400e-02
 5.570832216133e+04  1.473080600000e+01  5.778045511401e-02
 5.570833149931e+04  1.477630200000e+01  5.807605299824e-02
 5.450343209666e+04  1.577484400000e+01  6.462402576541e-02
 5.450343913845e+04  1.578082100000e+01  6.465750334013e-02
 5.450344618822e+04  1.581598200000e+01  6.500532852924e-02
 5.450345322062e+04  1.580660500000e+01  6.490649436563e-02
 5.593952409413e+04  1.517655200000e+01  5.979586772013e-02
 5.593953086021e+04  1.494925700000e+01  5.834017881523e-02
 5.593953764668e+04  1.528468300000e+01  6.059585348004e-02
 5.593954443593e+04  1.544149900000e+01  6.181734240129e-02
 5.598149838406e+04  1.509007000000e+01  5.935490558027e-02
 5.598150343145e+04  1.512417200000e+01  5.956377954346e-02
 5.598150845994e+04  1.514852600000e+01  5.975625898474e-02
 5.598151364653e+04  1.518890000000e+01  6.003719249175e-02
 5.601537450914e+04  1.564499900000e+01  6.403823307763e-02
 5.601538244073e+04  1.567251900000e+01  6.428234244300e-02
 5.601539042066e+04  1.571200300000e+01  6.465170039720e-02
 5.601539839021e+04  1.572398100000e+01  6.483176644626e-02
 5.603630510926e+04  1.549858100000e+01  6.300006805965e-02
 5.603630957510e+04  1.551922900000e+01  6.315006014783e-02
 5.603631412513e+04  1.555992000000e+01  6.363086846576e-02
 5.603631861887e+04  1.554432500000e+01  6.421750895009e-02
 5.603937820969e+04  1.490437200000e+01  5.860204037067e-02
 5.603938490736e+04  1.495104900000e+01  5.890947663517e-02
 5.603939169835e+04  1.499759400000e+01  5.922269298854e-02
 5.603939845194e+04  1.504486600000e+01  5.956680357504e-02
 5.606332051141e+04  1.579500000000e+01  6.515945036894e-02
 5.606332727024e+04  1.580153000000e+01  6.526634383125e-02
 5.606333403763e+04  1.581470600000e+01  6.541331400136e-02
 5.606334078958e+04  1.579340800000e+01  6.523866617527e-02
 5.607018875560e+04  1.581789900000e+01  6.536823057662e-02
 5.607019492049e+04  1.588515600000e+01  6.683940162228e-02
 5.607020103257e+04  1.579232800000e+01  6.579361287732e-02
 5.607020721344e+04  1.575460300000e+01  6.575885492691e-02
 5.608819983948e+04  1.509838200000e+01  5.930191401915e-02
 5.608820486809e+04  1.513195800000e+01  5.952461151891e-02
 5.608820997946e+04  1.515936600000e+01  5.965872681191e-02
 5.608821506108e+04  1.521452400000e+01  6.003866736993e-02
 5.609625243762e+04  1.580747000000e+01  6.560981687458e-02
 5.609626096324e+04  1.581572100000e+01  6.574446028904e-02
 5.609626876397e+04  1.582012100000e+01  6.584319016496e-02
 5.609627659845e+04  1.586768500000e+01  6.636746594776e-02
