# time mag mag_err
 5.356222254355e+04  1.502550500000e+01  5.976550105038e-02
 5.356222909840e+04  1.502950200000e+01  5.980607702645e-02
 5.356223560601e+04  1.503080900000e+01  5.980406245358e-02
 5.356224213285e+04  1.503703600000e+01  5.985315514584e-02
 5.352630450302e+04  1.509311100000e+01  6.021972766391e-02
 5.352631507576e+04  1.507579500000e+01  6.010673006300e-02
 5.352632551934e+04  1.506310500000e+01  6.000931766276e-02
 5.352633577957e+04  1.506011100000e+01  6.003372823401e-02
 5.353427596191e+04  1.519912500000e+01  6.091942865493e-02
 5.353428572860e+04  1.520834100000e+01  6.100036943687e-02
 5.353429549344e+04  1.518761700000e+01  6.085445369769e-02
 5.353430531279e+04  1.509222600000e+01  6.014754005822e-02
 5.354925548648e+04  1.503892700000e+01  6.045796022571e-02
 5.354926213056e+04  1.503930200000e+01  6.045863964523e-02
 5.354926866826e+04  1.501891600000e+01  6.026209916508e-02
 5.354927524059e+04  1.504105900000e+01  6.042459744619e-02
 5.365612312304e+04  1.466482000000e+01  5.869564952374e-02
 5.365612745821e+04  1.467237800000e+01  5.873245173105e-02
 5.365613179708e+04  1.469284300000e+01  5.893947110205e-02
 5.365613612426e+04  1.469759200000e+01  5.902901119029e-02
 5.384821393507e+04  1.483768000000e+01  6.075864674697e-02
 5.384821988676e+04  1.490349400000e+01  6.047854103859e-02
 5.384822587362e+04  1.496973100000e+01  6.122105532177e-02
 5.384823184626e+04  1.488049200000e+01  6.097656202533e-02
 5.385446559375e+04  1.498699700000e+01  6.010552222591e-02
 5.385447158803e+04  1.498207800000e+01  6.009086847859e-02
 5.385447754966e+04  1.502029400000e+01  6.039725458811e-02
 5.385448352705e+04  1.501749900000e+01  6.038739452405e-02
 5.385530812755e+04  1.458420400000e+01  5.748941412294e-02
 5.385531588429e+04  1.447538900000e+01  5.691835536349e-02
 5.385532374603e+04  1.441302600000e+01  5.659524853852e-02
 5.385533201994e+04  1.435602700000e+01  5.632061149734e-02
 5.389131603466e+04  1.519579700000e+01  9.766227495797e-02
 5.389131719850e+04  1.521895000000e+01  9.825071887784e-02
 5.389131836557e+04  1.521382300000e+01  9.824679830013e-02
 5.389131950914e+04  1.521863600000e+01  9.837069367766e-02
 5.390029192969e+04  1.506766800000e+01  9.403622158978e-02
 5.390029291747e+04  1.511461500000e+01  9.546590935320e-02
 5.390029389182e+04  1.479288400000e+01  8.700869025218e-02
 5.390029486190e+04  1.510484100000e+01  9.516195872915e-02
 5.379643808779e+04  1.495822000000e+01  5.940036093334e-02
 5.379644555066e+04  1.495869800000e+01  5.938641228209e-02
 5.379645302522e+04  1.495764900000e+01  5.934563344590e-02
 5.379646053531e+04  1.499189700000e+01  5.958824135057e-02
 5.386238169735e+04  1.503074300000e+01  6.027376731872e-02
 5.386238952054e+04  1.502390000000e+01  6.024250134770e-02
 5.386239679313e+04  1.505934800000e+01  6.050950961698e-02
 5.386240385343e+04  1.506863000000e+01  6.057641425753e-02
 5.388340935016e+04  1.517157100000e+01  6.138627990208e-02
 5.388341674138e+04  1.517964000000e+01  6.147305435931e-02
 5.388342416247e+04  1.516654400000e+01  6.141404353857e-02
 5.388343152499e+04  1.518673800000e+01  6.159735293696e-02
 5.399415018712e+04  1.500824500000e+01  5.894792402633e-02
 5.399415498748e+04  1.503644900000e+01  5.916367307893e-02
 5.399415982279e+04  1.503639000000e+01  5.916494364271e-02
 5.399416462823e+04  1.503076900000e+01  5.915743174399e-02
 5.400315218141e+04  1.502189500000e+01  5.932893296530e-02
 5.400315858994e+04  1.502206600000e+01  5.936271042352e-02
 5.400316502372e+04  1.503917400000e+01  5.950121491899e-02
 5.400317147774e+04  1.503031800000e+01  5.950364555683e-02
 5.415744512891e+04  1.498026400000e+01  5.898795310177e-02
 5.415745436051e+04  1.501518300000e+01  5.920044224199e-02
 5.415746361155e+04  1.501807000000e+01  5.917673623662e-02
 5.415747287602e+04  1.501764500000e+01  5.915548736163e-02
 5.429528551830e+04  1.470495000000e+01  5.824165038585e-02
 5.429529101557e+04  1.468263100000e+01  5.866064322253e-02
 5.429529649616e+04  1.470425100000e+01  5.859514873793e-02
 5.429530197722e+04  1.475898000000e+01  5.871414096340e-02
 5.426132367706e+04  1.500095300000e+01  5.952306796454e-02
 5.426133212853e+04  1.484372800000e+01  5.852465866030e-02
 5.426134032257e+04  1.467593400000e+01  5.753813070225e-02
 5.426134853941e+04  1.458361000000e+01  5.706841415605e-02
 5.427041353618e+04  1.433015300000e+01  5.621544424317e-02
 5.427041837103e+04  1.435759700000e+01  5.637746994436e-02
 5.427042321248e+04  1.437055600000e+01  5.646189156754e-02
 5.427042805022e+04  1.440385400000e+01  5.663277807674e-02
 5.427931191544e+04  1.525583800000e+01  6.183694068886e-02
 5.427931839817e+04  1.525918700000e+01  6.187368721046e-02
 5.427932488322e+04  1.524200700000e+01  6.176980492155e-02
 5.427933138644e+04  1.520984500000e+01  6.153454734297e-02
 5.417742144422e+04  1.472817600000e+01  5.763235784221e-02
 5.417743034559e+04  1.464297700000e+01  5.716016937839e-02
 5.417743928214e+04  1.451562000000e+01  5.649009576330e-02
 5.417744895462e+04  1.441671500000e+01  5.598857914827e-02
 5.423143186541e+04  1.517056800000e+01  6.079212409125e-02
 5.423143838193e+04  1.515558400000e+01  6.068028437911e-02
 5.423144488907e+04  1.514055000000e+01  6.058446543656e-02
 5.423145141383e+04  1.511385000000e+01  6.039686302052e-02
 5.423936292218e+04  1.467408000000e+01  5.813918984808e-02
 5.423937282914e+04  1.458181800000e+01  5.759024702885e-02
 5.423938258704e+04  1.448213000000e+01  5.704727598037e-02
 5.423939225928e+04  1.441264300000e+01  5.669117844969e-02
 5.438508835110e+04  1.507277300000e+01  6.108281926938e-02
 5.438509320863e+04  1.505885500000e+01  6.100372988795e-02
 5.438509805483e+04  1.505037800000e+01  6.095773668925e-02
 5.438510291954e+04  1.506645900000e+01  6.111368885187e-02
 5.439209126100e+04  1.462113100000e+01  5.844342073812e-02
 5.439209464819e+04  1.463504300000e+01  5.855836878616e-02
 5.439209800705e+04  1.463421200000e+01  5.853753842982e-02
 5.439210140235e+04  1.464058100000e+01  5.860925871107e-02
 5.436312782622e+04  1.507118100000e+01  5.980477481422e-02
 5.436313488536e+04  1.507181100000e+01  5.984511712463e-02
 5.436314194983e+04  1.506986700000e+01  5.986568747869e-02
 5.436314897703e+04  1.505592100000e+01  5.980674027405e-02
 5.455948681110e+04  1.492019500000e+01  5.869649935757e-02
 5.455949013130e+04  1.493341100000e+01  5.877456066585e-02
 5.455949340796e+04  1.493309400000e+01  5.877500378490e-02
 5.455949668162e+04  1.493958700000e+01  5.883001929788e-02
 5.456834769774e+04  1.452933600000e+01  5.650538500889e-02
 5.456835753665e+04  1.455839700000e+01  5.664550477441e-02
 5.456836733517e+04  1.459248400000e+01  5.682565988761e-02
 5.456837714597e+04  1.461599200000e+01  5.692620858708e-02
 5.458428927795e+04  1.494639500000e+01  5.900825774715e-02
 5.458429686385e+04  1.496483500000e+01  5.910002812685e-02
 5.458430464747e+04  1.496057200000e+01  5.903762942545e-02
 5.458431232412e+04  1.498389300000e+01  5.918479321408e-02
 5.452547405426e+04  1.444303100000e+01  5.937346576407e-02
 5.452547996288e+04  1.445174000000e+01  6.391248407357e-02
 5.452548924321e+04  1.433033100000e+01  6.045099684134e-02
 5.452549513516e+04  1.433277500000e+01  5.866332095868e-02
 5.462734442233e+04  1.494297200000e+01  5.915952575171e-02
 5.462734935834e+04  1.489153500000e+01  5.888165788395e-02
 5.462735420373e+04  1.483506600000e+01  5.858096067701e-02
 5.462735912492e+04  1.475280200000e+01  5.834658213683e-02
 5.453147901109e+04  1.506363700000e+01  5.962720997109e-02
 5.453148673184e+04  1.505262900000e+01  5.955611258341e-02
 5.453149447562e+04  1.504908900000e+01  5.950130669226e-02
 5.453150235819e+04  1.504826700000e+01  5.947596144468e-02
 5.459443327184e+04  1.494217200000e+01  5.898024818964e-02
 5.459444032890e+04  1.497031100000e+01  5.901438091043e-02
 5.459444739059e+04  1.496655600000e+01  5.899729944721e-02
 5.459445441848e+04  1.498188400000e+01  5.914984922533e-02
 5.474111446064e+04  1.505908700000e+01  5.976442983425e-02
 5.474111932454e+04  1.500493600000e+01  5.941894016969e-02
 5.474112421193e+04  1.495020500000e+01  5.906557752244e-02
 5.474112900719e+04  1.487595700000e+01  5.864100050942e-02
 5.474808726924e+04  1.479915300000e+01  6.057734346276e-02
 5.474809452527e+04  1.480728200000e+01  6.066996758414e-02
 5.474810187667e+04  1.483004300000e+01  6.091282340020e-02
 5.474810917009e+04  1.482617600000e+01  6.092872757368e-02
 5.494233111249e+04  1.479333800000e+01  5.789916729744e-02
 5.494233660005e+04  1.479882200000e+01  5.794097992640e-02
 5.494234202543e+04  1.481120300000e+01  5.800315859488e-02
 5.494234743625e+04  1.482244400000e+01  5.805705473650e-02
 5.487550234275e+04  1.502523400000e+01  6.079425071142e-02
 5.487550768666e+04  1.502685900000e+01  6.082354051631e-02
 5.487551307141e+04  1.503553600000e+01  6.085119381690e-02
 5.487551842689e+04  1.503878400000e+01  6.088169524801e-02
 5.501728883566e+04  1.489703600000e+01  6.202114247682e-02
 5.501729634436e+04  1.486493600000e+01  6.191826599082e-02
 5.501730365634e+04  1.525631300000e+01  7.797505645280e-02
 5.501731104987e+04  1.482476700000e+01  6.377033396252e-02
 5.503416072942e+04  1.480788300000e+01  6.198547824752e-02
 5.503416369010e+04  1.481397700000e+01  6.226835621436e-02
 5.503416658667e+04  1.483201200000e+01  6.230186963145e-02
 5.503416959841e+04  1.482974500000e+01  6.240655901267e-02
 5.499828220683e+04  1.505410500000e+01  5.971611053606e-02
 5.499828912650e+04  1.505951000000e+01  5.975966171429e-02
 5.499829612549e+04  1.506903600000e+01  5.977752038462e-02
 5.499830310663e+04  1.505760900000e+01  5.970308064505e-02
 5.489145931663e+04  1.501815300000e+01  5.906249684179e-02
 5.489146718242e+04  1.493737200000e+01  5.854689389355e-02
 5.489147498339e+04  1.484963400000e+01  5.799120522503e-02
 5.489148291052e+04  1.473031500000e+01  5.732021699478e-02
 5.491341592693e+04  1.487849200000e+01  6.172890664991e-02
 5.491342270078e+04  1.490633500000e+01  5.954459131578e-02
 5.491342884277e+04  1.475281400000e+01  5.871296509893e-02
 5.491343491633e+04  1.467514500000e+01  5.974238369324e-02
 5.492037299387e+04  1.480324600000e+01  5.808099465162e-02
 5.492038090735e+04  1.482725900000e+01  5.821453524372e-02
 5.492038884943e+04  1.481945400000e+01  5.815399149547e-02
 5.492039678236e+04  1.485498100000e+01  5.833500838134e-02
 5.495342739081e+04  1.456729200000e+01  5.697847572896e-02
 5.495343467602e+04  1.448132500000e+01  5.653117623456e-02
 5.495344186100e+04  1.445299200000e+01  5.640044972374e-02
 5.495344915513e+04  1.443484300000e+01  5.632650867560e-02
 5.496734457597e+04  1.506294300000e+01  5.992857642863e-02
 5.496735456214e+04  1.508028300000e+01  5.976399200823e-02
 5.496736456947e+04  1.502747500000e+01  5.970269620279e-02
 5.496737346078e+04  1.503058400000e+01  5.972280900773e-02
 5.497932655231e+04  1.463881800000e+01  5.723007808115e-02
 5.497933388881e+04  1.454871700000e+01  5.677998049061e-02
 5.497934111370e+04  1.447380400000e+01  5.643316130182e-02
 5.497934835297e+04  1.441178000000e+01  5.613889788900e-02
 5.508915817405e+04  1.391840000000e+01  5.735118869847e-02
 5.508917040784e+04  1.450063400000e+01  5.688156409451e-02
 5.508917654125e+04  1.449945600000e+01  5.688491248741e-02
 5.509515002257e+04  1.505057200000e+01  6.038315473958e-02
 5.509515556162e+04  1.504523600000e+01  6.040548287655e-02
 5.509516093610e+04  1.506434100000e+01  6.058836533728e-02
 5.509516645547e+04  1.505939800000e+01  6.059022916094e-02
 5.529937166828e+04  1.489348700000e+01  5.857516745902e-02
 5.529937857663e+04  1.489074200000e+01  5.855218961635e-02
 5.529938557825e+04  1.490935100000e+01  5.867500673140e-02
 5.529939252573e+04  1.491832400000e+01  5.873519667545e-02
 5.535531601715e+04  1.508675600000e+01  6.341457775039e-02
 5.535532053635e+04  1.498063500000e+01  6.335389531047e-02
 5.535532506491e+04  1.502466600000e+01  6.120016221010e-02
 5.535532963030e+04  1.499062600000e+01  6.137455457982e-02
 5.536430389319e+04  1.503523000000e+01  5.956440771123e-02
 5.536430961709e+04  1.504456800000e+01  5.964562860147e-02
 5.536431532816e+04  1.503025500000e+01  5.953259230949e-02
 5.536432103481e+04  1.504389700000e+01  5.962214016183e-02
 5.536825959331e+04  1.503170200000e+01  5.964004057125e-02
 5.536826658094e+04  1.505073300000e+01  5.978866643709e-02
 5.536827349241e+04  1.503522600000e+01  5.968453955582e-02
 5.536828034957e+04  1.504053100000e+01  5.973200546864e-02
 5.527345501662e+04  1.480490000000e+01  5.806490532039e-02
 5.527346025273e+04  1.482346200000e+01  5.817614629433e-02
 5.527346546722e+04  1.482124000000e+01  5.815422117801e-02
 5.532743479229e+04  1.470818400000e+01  5.775923064231e-02
 5.532744059716e+04  1.472045200000e+01  5.784563916514e-02
 5.532744640949e+04  1.475042200000e+01  5.804537393926e-02
 5.532745222130e+04  1.474955600000e+01  5.804858184201e-02
 5.534135360273e+04  1.495853500000e+01  5.900650379764e-02
 5.534135938615e+04  1.490077500000e+01  5.864560361541e-02
 5.534136513319e+04  1.487502500000e+01  5.850121847355e-02
 5.534137090478e+04  1.482804400000e+01  5.823573866560e-02
 5.545416332207e+04  1.478793200000e+01  5.812255675592e-02
 5.545417828699e+04  1.481992300000e+01  5.836439973391e-02
 5.545418573725e+04  1.482749100000e+01  5.848659452616e-02
 5.565237459236e+04  1.472454700000e+01  5.805080249132e-02
 5.565238150755e+04  1.475498700000e+01  5.822193564318e-02
 5.565238847425e+04  1.476232800000e+01  5.826096156615e-02
 5.565239543328e+04  1.478035800000e+01  5.834482061656e-02
 5.567737374282e+04  1.496288800000e+01  5.968642850266e-02
 5.567738086543e+04  1.496760600000e+01  5.972587221101e-02
 5.567738827497e+04  1.497900900000e+01  5.976844787264e-02
 5.567739666859e+04  1.496959700000e+01  5.975528725614e-02
 5.571432338823e+04  1.479822800000e+01  5.879742712263e-02
 5.571432790951e+04  1.482410800000e+01  5.906768727200e-02
 5.571433242182e+04  1.482330900000e+01  5.899630316547e-02
 5.571433695443e+04  1.485603700000e+01  6.024212256541e-02
 5.568837160870e+04  1.476027900000e+01  5.847773912948e-02
 5.568837771237e+04  1.478621300000e+01  5.862277018965e-02
 5.568838384277e+04  1.478758300000e+01  5.863517474822e-02
 5.568838999471e+04  1.482063500000e+01  5.884586532079e-02
 5.585809206039e+04  1.502306300000e+01  6.323701152941e-02
 5.585809759948e+04  1.498542600000e+01  6.295787267737e-02
 5.585810296074e+04  1.502682700000e+01  6.342571846436e-02
 5.585810794237e+04  1.504300400000e+01  6.366595003541e-02
 5.585208567890e+04  1.481052200000e+01  5.798419879930e-02
 5.585209084409e+04  1.474871400000e+01  5.766432134912e-02
 5.585209605438e+04  1.470095200000e+01  5.743977498197e-02
 5.585210118009e+04  1.467010700000e+01  5.727245944831e-02
 5.601937446152e+04  1.478347100000e+01  5.592650305263e-02
 5.601938638137e+04  1.469530500000e+01  5.552075766894e-02
 5.601939823233e+04  1.462705200000e+01  5.522811012552e-02
 5.601941021609e+04  1.455341000000e+01  5.493408913061e-02
 5.603945861644e+04  1.506257800000e+01  6.020020087318e-02
 5.603946542476e+04  1.505861600000e+01  6.016567412672e-02
 5.603947218507e+04  1.507855000000e+01  6.031823204873e-02
 5.603947897685e+04  1.507027200000e+01  6.026984739312e-02
 5.604825211170e+04  1.466168000000e+01  5.784097245600e-02
 5.604826186628e+04  1.466672700000e+01  5.784542782453e-02
 5.604827159483e+04  1.471688100000e+01  5.808918641617e-02
 5.604828135075e+04  1.474796300000e+01  5.824427361239e-02
 5.606340170100e+04  1.451340100000e+01  5.643404314466e-02
 5.606340847064e+04  1.453954000000e+01  5.660777176811e-02
 5.606341533822e+04  1.456076800000e+01  5.673729028021e-02
 5.606342216409e+04  1.459546400000e+01  5.689888020710e-02
 5.607134218148e+04  1.474846600000e+01  5.595059151531e-02
 5.607134964294e+04  1.475018600000e+01  5.596814975202e-02
 5.607135715961e+04  1.476538600000e+01  5.603439844203e-02
 5.607136462642e+04  1.479409600000e+01  5.616433291535e-02
 5.607737010922e+04  1.459489300000e+01  5.804499067214e-02
 5.607737814502e+04  1.452573700000e+01  5.767462690031e-02
 5.607738619584e+04  1.447890500000e+01  5.741798476836e-02
 5.607739415725e+04  1.443944500000e+01  5.720602227580e-02
 5.609928750013e+04  1.511194500000e+01  6.045241124138e-02
 5.609929483655e+04  1.508350700000e+01  6.025816204629e-02
 5.609930218391e+04  1.504493900000e+01  5.995834544303e-02
 5.609930956528e+04  1.500055300000e+01  5.959798013981e-02
 5.618818533395e+04  1.506964400000e+01  5.846193926743e-02
 5.618819069602e+04  1.506816800000e+01  5.848568164342e-02
 5.618819610983e+04  1.505407400000e+01  5.843441496105e-02
 5.618820154473e+04  1.502794500000e+01  5.830252496888e-02
 5.619514444870e+04  1.442004700000e+01  5.520949207349e-02
 5.619515071165e+04  1.443275800000e+01  5.534195964857e-02
 5.619515711145e+04  1.445131400000e+01  5.542634801049e-02
 5.619516351733e+04  1.449438800000e+01  5.564560902779e-02
 5.622207575990e+04  1.505347800000e+01  6.034705214266e-02
 5.622208078236e+04  1.501519000000e+01  6.013277827232e-02
 5.622208587917e+04  1.496095300000e+01  5.973611510126e-02
 5.622209092144e+04  1.487876200000e+01  5.923129079379e-02
