# time mag mag_err
 5.347927376366e+04  1.533768400000e+01  6.183399240750e-02
 5.347928191153e+04  1.538362500000e+01  6.214956724594e-02
 5.347929005880e+04  1.538327700000e+01  6.212299815285e-02
 5.347929823965e+04  1.542093700000e+01  6.241959936044e-02
 5.356216545681e+04  1.504749900000e+01  5.974410354243e-02
 5.356217190192e+04  1.503512000000e+01  5.967265105321e-02
 5.356217836093e+04  1.501570100000e+01  5.957516557369e-02
 5.356218479874e+04  1.503373500000e+01  5.968255575024e-02
 5.352732405892e+04  1.539852300000e+01  6.217606775087e-02
 5.352733334214e+04  1.541817700000e+01  6.265233928233e-02
 5.352734278370e+04  1.542517400000e+01  6.272797297797e-02
 5.352735195082e+04  1.546064100000e+01  6.315053308167e-02
 5.353728811853e+04  1.548096300000e+01  6.373511359735e-02
 5.353729616811e+04  1.548739500000e+01  6.387237758033e-02
 5.353730423021e+04  1.551287900000e+01  6.420966977636e-02
 5.353731231904e+04  1.553631700000e+01  6.458300503992e-02
 5.354919120076e+04  1.574655100000e+01  6.684604736919e-02
 5.354919769170e+04  1.573491600000e+01  6.660618216540e-02
 5.354920420615e+04  1.573165500000e+01  6.653217250853e-02
 5.354921069964e+04  1.578085400000e+01  6.710166382771e-02
 5.350941243520e+04  1.540897900000e+01  6.703323966721e-02
 5.350941455811e+04  1.544051600000e+01  6.745285756428e-02
 5.350941669456e+04  1.542060800000e+01  6.723420395882e-02
 5.350941883807e+04  1.544996900000e+01  6.756098381930e-02
 5.385239007433e+04  1.504475800000e+01  6.018331873876e-02
 5.385239770411e+04  1.506031800000e+01  6.030593130226e-02
 5.385240534535e+04  1.506751100000e+01  6.039608052903e-02
 5.385241315951e+04  1.510736000000e+01  6.069532521381e-02
 5.377043587778e+04  1.511935800000e+01  6.039348116932e-02
 5.377044453770e+04  1.510080900000e+01  6.011430027975e-02
 5.377045318442e+04  1.504389200000e+01  5.998547281990e-02
 5.377046195766e+04  1.503958400000e+01  5.966655237119e-02
 5.390034208589e+04  1.540753000000e+01  1.081048858500e-01
 5.390034306337e+04  1.552579400000e+01  1.134878367657e-01
 5.390034404860e+04  1.543377500000e+01  1.092576346416e-01
 5.390034503244e+04  1.552620000000e+01  1.133428138322e-01
 5.379744349780e+04  1.560393300000e+01  6.835927509861e-02
 5.379745034767e+04  1.561912000000e+01  6.678200075974e-02
 5.379745745590e+04  1.562486700000e+01  6.505508378871e-02
 5.379746450174e+04  1.565438500000e+01  6.513787271584e-02
 5.386129751392e+04  1.527105800000e+01  6.182277483622e-02
 5.386130711475e+04  1.531443500000e+01  6.221826785111e-02
 5.386131618649e+04  1.533222700000e+01  6.240282705244e-02
 5.386132491668e+04  1.534706100000e+01  6.255022738059e-02
 5.387436870751e+04  1.566390200000e+01  1.102991375526e-01
 5.387436944296e+04  1.579149100000e+01  1.155317657006e-01
 5.387437017876e+04  1.572071400000e+01  1.125072277577e-01
 5.387437091734e+04  1.571691900000e+01  1.124890390490e-01
 5.388532243477e+04  1.566916400000e+01  6.589792643962e-02
 5.388533173315e+04  1.571237900000e+01  6.640913023706e-02
 5.388534103766e+04  1.572064500000e+01  6.654149211896e-02
 5.388535033801e+04  1.573314600000e+01  6.671687655094e-02
 5.420940407506e+04  1.572296600000e+01  6.521623788680e-02
 5.420941164164e+04  1.570907100000e+01  6.511286242335e-02
 5.420941919525e+04  1.569919800000e+01  6.500864735641e-02
 5.420942676809e+04  1.567976300000e+01  6.486471411915e-02
 5.410847042197e+04  1.506675500000e+01  5.979677462754e-02
 5.410848004432e+04  1.510008100000e+01  5.997693965482e-02
 5.410848954618e+04  1.509159600000e+01  5.986962318194e-02
 5.410849910904e+04  1.511432100000e+01  5.999289484568e-02
 5.425824983301e+04  1.574025000000e+01  6.525414622244e-02
 5.425825638692e+04  1.570247200000e+01  6.490825462032e-02
 5.425826298701e+04  1.571202600000e+01  6.495423744116e-02
 5.425826954116e+04  1.572742700000e+01  6.516003831326e-02
 5.427225050832e+04  1.563611500000e+01  6.527045830108e-02
 5.427225771690e+04  1.559027500000e+01  6.480176672278e-02
 5.427226491980e+04  1.551928700000e+01  6.412130481879e-02
 5.427227214944e+04  1.542276000000e+01  6.332210601911e-02
 5.416942255444e+04  1.548717000000e+01  6.255538035534e-02
 5.416943028272e+04  1.548881400000e+01  6.253666444060e-02
 5.416943819446e+04  1.552237800000e+01  6.285109556444e-02
 5.416944627819e+04  1.545109900000e+01  6.224784626151e-02
 5.417637092786e+04  1.567418000000e+01  6.526946250753e-02
 5.417637849225e+04  1.576504000000e+01  6.716785675634e-02
 5.417638607109e+04  1.562578500000e+01  6.600464114773e-02
 5.417639367656e+04  1.560488200000e+01  6.393783914888e-02
 5.423430683175e+04  1.561767700000e+01  7.050073477231e-02
 5.423431149182e+04  1.563271300000e+01  6.853085869189e-02
 5.423431612422e+04  1.550996600000e+01  6.816378928191e-02
 5.423432073162e+04  1.560038100000e+01  6.883280249447e-02
 5.455923313750e+04  1.537692200000e+01  6.217054326236e-02
 5.455923966653e+04  1.536215000000e+01  6.200016168536e-02
 5.455924619185e+04  1.538048600000e+01  6.215178375796e-02
 5.455925271093e+04  1.540982500000e+01  6.235807567977e-02
 5.456637522419e+04  1.561788200000e+01  6.402519813036e-02
 5.456638238786e+04  1.562105800000e+01  6.379911253878e-02
 5.456638950118e+04  1.561957600000e+01  6.415708258178e-02
 5.456639659262e+04  1.559866400000e+01  6.459377452407e-02
 5.457122965159e+04  1.573013100000e+01  6.514457902232e-02
 5.457123561855e+04  1.570355300000e+01  6.488209480593e-02
 5.457124157000e+04  1.573566800000e+01  6.520288220511e-02
 5.457124750306e+04  1.576867800000e+01  6.551753216848e-02
 5.458338854520e+04  1.556278000000e+01  6.392835252388e-02
 5.458339619350e+04  1.551863300000e+01  6.352345732043e-02
 5.458340387594e+04  1.554129000000e+01  6.379457921506e-02
 5.458341154772e+04  1.549641000000e+01  6.336305915282e-02
 5.450838928170e+04  1.567399200000e+01  6.434330230725e-02
 5.450839360669e+04  1.565555500000e+01  6.410349327655e-02
 5.450839793920e+04  1.568138200000e+01  6.433996476522e-02
 5.450840228339e+04  1.566086700000e+01  6.411547292804e-02
 5.451441999610e+04  1.552725100000e+01  6.340869380245e-02
 5.451442657582e+04  1.554694700000e+01  6.376461646612e-02
 5.451443311087e+04  1.550826600000e+01  6.344050635324e-02
 5.451443964939e+04  1.554228400000e+01  6.358758096439e-02
 5.464029885623e+04  1.572112900000e+01  6.607991122249e-02
 5.464030591168e+04  1.575311500000e+01  6.634749987121e-02
 5.464031298703e+04  1.573038100000e+01  6.638085973629e-02
 5.464032005809e+04  1.574123700000e+01  6.646640385419e-02
 5.453337560968e+04  1.563273000000e+01  6.390604082753e-02
 5.453338325913e+04  1.563827700000e+01  6.472486264684e-02
 5.453339085130e+04  1.548924000000e+01  6.804989018500e-02
 5.453340120632e+04  1.554260500000e+01  6.561924719438e-02
 5.458934882340e+04  1.537687100000e+01  6.164521297878e-02
 5.458935493807e+04  1.539001600000e+01  6.173183307747e-02
 5.458936088755e+04  1.540219700000e+01  6.185998508568e-02
 5.458936683252e+04  1.540250700000e+01  6.187361232763e-02
 5.459621134694e+04  1.565067900000e+01  6.498952754811e-02
 5.459621834197e+04  1.564328000000e+01  6.495151686779e-02
 5.459622532426e+04  1.564350400000e+01  6.513989038243e-02
 5.459623229405e+04  1.564185400000e+01  6.516696364635e-02
 5.460025145531e+04  1.573061000000e+01  6.523542895681e-02
 5.460025865150e+04  1.575261300000e+01  6.546511996226e-02
 5.460026576227e+04  1.573008100000e+01  6.525619939501e-02
 5.460027285638e+04  1.578047900000e+01  6.574837679577e-02
 5.492331732933e+04  1.511238900000e+01  5.962824833009e-02
 5.492332228641e+04  1.512610000000e+01  5.973251282788e-02
 5.492332708341e+04  1.514895400000e+01  5.987326370935e-02
 5.492333189801e+04  1.516655800000e+01  6.000381955620e-02
 5.494228147144e+04  1.573380200000e+01  6.485173901831e-02
 5.494228685955e+04  1.574829400000e+01  6.500175733065e-02
 5.494229238819e+04  1.577563100000e+01  6.527610392970e-02
 5.494229792377e+04  1.573691400000e+01  6.488622788493e-02
 5.495037737833e+04  1.564158600000e+01  6.423587580539e-02
 5.495038342539e+04  1.563837100000e+01  6.417908456768e-02
 5.495038945766e+04  1.561978400000e+01  6.400645932576e-02
 5.495039547058e+04  1.558057700000e+01  6.363610196158e-02
 5.504418697571e+04  1.503587500000e+01  6.298235340038e-02
 5.504419285441e+04  1.504122800000e+01  6.302153653280e-02
 5.504419888461e+04  1.505843000000e+01  6.323552388993e-02
 5.504420478270e+04  1.510126500000e+01  6.364298498374e-02
 5.506213560714e+04  1.547748000000e+01  6.785406490195e-02
 5.506214175155e+04  1.549240500000e+01  6.802548109102e-02
 5.506214783903e+04  1.549043800000e+01  6.802994924677e-02
 5.506215421272e+04  1.547569600000e+01  6.790695937838e-02
 5.489041324772e+04  1.562707700000e+01  6.507052806959e-02
 5.489041922985e+04  1.565388400000e+01  6.495708653708e-02
 5.489042515363e+04  1.567690600000e+01  6.448788819425e-02
 5.489043117407e+04  1.567206100000e+01  6.445182709799e-02
 5.490748664647e+04  1.505962200000e+01  5.915162192367e-02
 5.490749747144e+04  1.505943300000e+01  5.916869471591e-02
 5.490750295145e+04  1.505205000000e+01  5.909856871491e-02
 5.491431503498e+04  1.567441300000e+01  6.435817348015e-02
 5.491432358819e+04  1.566481100000e+01  6.415942987474e-02
 5.491433219765e+04  1.566111600000e+01  6.410903664339e-02
 5.491434080551e+04  1.567168800000e+01  6.419717077233e-02
 5.496443356634e+04  1.550525000000e+01  6.591235262591e-02
 5.496443884994e+04  1.548864900000e+01  6.579167716697e-02
 5.496444423425e+04  1.551202000000e+01  6.610070954711e-02
 5.496444963477e+04  1.551768100000e+01  6.628101479506e-02
 5.497925229546e+04  1.547217000000e+01  6.299725696752e-02
 5.497926159346e+04  1.555761000000e+01  6.743637922405e-02
 5.497927065803e+04  1.549426900000e+01  6.305577326488e-02
 5.497927987506e+04  1.551599400000e+01  6.325195854037e-02
 5.529841247946e+04  1.511790200000e+01  5.988335147679e-02
 5.529841993477e+04  1.515670500000e+01  6.015056192416e-02
 5.529842740859e+04  1.517363000000e+01  6.028972569356e-02
 5.529843483384e+04  1.520859000000e+01  6.056597061751e-02
 5.538423081885e+04  1.557355100000e+01  6.984907987872e-02
 5.535925240418e+04  1.566212300000e+01  6.498780874028e-02
 5.535925806662e+04  1.567149400000e+01  6.518745511991e-02
 5.535926383182e+04  1.569085200000e+01  6.535147867198e-02
 5.535926957736e+04  1.572922300000e+01  6.569622117538e-02
 5.537034031439e+04  1.559238400000e+01  6.444287250474e-02
 5.537034375773e+04  1.554616500000e+01  6.404284065148e-02
 5.537034725140e+04  1.550952600000e+01  6.376482539843e-02
 5.537035074197e+04  1.544393800000e+01  6.315957331005e-02
 5.526049481382e+04  1.551078000000e+01  6.774747277835e-02
 5.526049943095e+04  1.535468100000e+01  6.598928556683e-02
 5.526050408848e+04  1.553991800000e+01  6.805632062660e-02
 5.526050872448e+04  1.548867800000e+01  6.742909633780e-02
 5.527336669975e+04  1.554313800000e+01  6.319687677868e-02
 5.527337246693e+04  1.552952100000e+01  6.307871176082e-02
 5.527337827684e+04  1.551823200000e+01  6.296968680780e-02
 5.527338407007e+04  1.550052600000e+01  6.283916375032e-02
 5.528034421089e+04  1.570293700000e+01  6.519217869223e-02
 5.528035193512e+04  1.565844800000e+01  6.472877517639e-02
 5.528035872888e+04  1.563664300000e+01  6.446636827897e-02
 5.528036558661e+04  1.559473100000e+01  6.405547361058e-02
 5.532143041709e+04  1.574212800000e+01  6.539712503487e-02
 5.532143614712e+04  1.573475300000e+01  6.536217048076e-02
 5.532144190387e+04  1.573441700000e+01  6.541107590033e-02
 5.532144763378e+04  1.573103300000e+01  6.538536323240e-02
 5.533028220956e+04  1.569850200000e+01  6.901911848676e-02
 5.533028753215e+04  1.576060500000e+01  6.585576623697e-02
 5.533029285741e+04  1.577067400000e+01  7.530046277498e-02
 5.533029819934e+04  1.574481800000e+01  7.128328180229e-02
 5.534017489189e+04  1.567924400000e+01  6.475340296679e-02
 5.534018171424e+04  1.573212100000e+01  6.530420292899e-02
 5.534018860082e+04  1.565040400000e+01  6.445463929665e-02
 5.534019540302e+04  1.572569100000e+01  6.515794822081e-02
 5.534733945705e+04  1.536411600000e+01  6.398413501898e-02
 5.534734559568e+04  1.537790000000e+01  6.417079013802e-02
 5.534735166346e+04  1.541724700000e+01  6.457607450727e-02
 5.534735767895e+04  1.545088100000e+01  6.495240300037e-02
 5.565735861546e+04  1.549746200000e+01  6.350725718096e-02
 5.565736377775e+04  1.546868600000e+01  6.323854830995e-02
 5.565736897109e+04  1.549725500000e+01  6.347923644213e-02
 5.565737409854e+04  1.547651400000e+01  6.333824774750e-02
 5.567726808000e+04  1.543622800000e+01  6.330887474016e-02
 5.567727665001e+04  1.548006000000e+01  6.366744652428e-02
 5.567728532814e+04  1.547296400000e+01  6.358534158503e-02
 5.567729399757e+04  1.549581000000e+01  6.385282191039e-02
 5.562142391212e+04  1.549582900000e+01  6.142210236873e-02
 5.562143032647e+04  1.549811200000e+01  6.143673700530e-02
 5.562143675978e+04  1.550871200000e+01  6.149139718551e-02
 5.562144324520e+04  1.555662800000e+01  6.191114495609e-02
 5.563633261804e+04  1.556685600000e+01  6.964913665099e-02
 5.563633900565e+04  1.542988700000e+01  6.787632283353e-02
 5.563634552001e+04  1.531687400000e+01  6.653368541733e-02
 5.563635198479e+04  1.520381300000e+01  6.528335084791e-02
 5.564733416118e+04  1.539838200000e+01  6.292325566793e-02
 5.564734054438e+04  1.537098900000e+01  6.265515784940e-02
 5.564734697851e+04  1.535228800000e+01  6.248404522578e-02
 5.564735339410e+04  1.533461400000e+01  6.233260063020e-02
 5.569336113435e+04  1.545918200000e+01  6.553062958672e-02
 5.569336944937e+04  1.547978600000e+01  6.575899844004e-02
 5.569337833271e+04  1.546737100000e+01  6.546143046524e-02
 5.569338677354e+04  1.546743400000e+01  6.545549146229e-02
 5.570830875404e+04  1.575734500000e+01  6.643335109047e-02
 5.570831806691e+04  1.574725800000e+01  6.633912630334e-02
 5.570832739321e+04  1.569856300000e+01  6.582112766503e-02
 5.570833669300e+04  1.569383200000e+01  6.581544371850e-02
 5.600836484506e+04  1.566171100000e+01  6.453446841926e-02
 5.600837218350e+04  1.570457300000e+01  6.494310641604e-02
 5.600837955421e+04  1.567439900000e+01  6.462378488197e-02
 5.600838694649e+04  1.572985600000e+01  6.521571055417e-02
 5.601840988648e+04  1.515549300000e+01  6.025211386467e-02
 5.601841864105e+04  1.514158200000e+01  6.017568755233e-02
 5.601842734977e+04  1.511442200000e+01  5.996862657754e-02
 5.601843599649e+04  1.510059700000e+01  5.988978107414e-02
 5.603741788046e+04  1.575388400000e+01  6.615947103598e-02
 5.603742411480e+04  1.570906300000e+01  6.567723111037e-02
 5.603743035554e+04  1.578137200000e+01  6.648678317490e-02
 5.603743653166e+04  1.574064400000e+01  6.606140912893e-02
 5.606334831970e+04  1.525555400000e+01  6.076894371343e-02
 5.606335506579e+04  1.526537900000e+01  6.086353781790e-02
 5.606336188117e+04  1.532222800000e+01  6.130240485400e-02
 5.606336860627e+04  1.533513000000e+01  6.141500742694e-02
 5.607126443981e+04  1.551529900000e+01  6.034478443399e-02
 5.607127293667e+04  1.547394500000e+01  6.007581831676e-02
 5.607128112991e+04  1.546693600000e+01  6.018126312443e-02
 5.607128935939e+04  1.543709000000e+01  5.993135498454e-02
 5.608822375574e+04  1.558392000000e+01  6.342611535087e-02
 5.608822881016e+04  1.557408200000e+01  6.330474593344e-02
 5.608823383034e+04  1.559153800000e+01  6.349165189015e-02
 5.608823890652e+04  1.557281200000e+01  6.331125638118e-02
 5.609523501929e+04  1.544962600000e+01  6.294124495491e-02
 5.609524183169e+04  1.541765800000e+01  6.253449931931e-02
 5.609524863584e+04  1.538502000000e+01  6.225914125255e-02
 5.609525552233e+04  1.534888900000e+01  6.196433041680e-02
