# time mag mag_err
 5.370547945161e+04  1.484880000000e+01  5.908402379759e-02
 5.370548610981e+04  1.487638900000e+01  5.923152781761e-02
 5.370549276697e+04  1.488155600000e+01  5.895419930583e-02
 5.370549956593e+04  1.492494100000e+01  5.919651346903e-02
 5.373045189179e+04  1.487852500000e+01  5.924102730170e-02
 5.373045680627e+04  1.495970100000e+01  6.005575043408e-02
 5.373046175352e+04  1.491520100000e+01  6.039024135582e-02
 5.373144422853e+04  1.542428400000e+01  6.255755443251e-02
 5.373144982267e+04  1.546127800000e+01  6.287525802878e-02
 5.352819448994e+04  1.544393700000e+01  6.321894360178e-02
 5.352820200247e+04  1.581906700000e+01  6.714887256327e-02
 5.352820947622e+04  1.552134600000e+01  6.406829809064e-02
 5.352821694534e+04  1.560170300000e+01  6.497097005214e-02
 5.349918328580e+04  1.547545100000e+01  6.297546631289e-02
 5.349919401133e+04  1.547354700000e+01  6.298506386343e-02
 5.352018099227e+04  1.530304200000e+01  6.220853696755e-02
 5.352018739814e+04  1.522124100000e+01  6.982969658301e-02
 5.352019697025e+04  1.533070100000e+01  6.323941204674e-02
 5.352020338134e+04  1.565344400000e+01  6.936660655078e-02
 5.384323687219e+04  1.485642200000e+01  5.925344612699e-02
 5.384324499758e+04  1.489112800000e+01  5.949576349231e-02
 5.384325306859e+04  1.492479200000e+01  5.969193231631e-02
 5.384326114932e+04  1.495443600000e+01  5.971888017627e-02
 5.408447723941e+04  1.541207900000e+01  6.194170572255e-02
 5.408448264234e+04  1.540697200000e+01  6.197439592919e-02
 5.408448800985e+04  1.543441600000e+01  6.210228430221e-02
 5.408449336347e+04  1.548005000000e+01  6.253118982801e-02
 5.409446138094e+04  1.538536600000e+01  6.156195725796e-02
 5.409447239479e+04  1.539242300000e+01  6.165205535570e-02
 5.409448247898e+04  1.540122100000e+01  6.169141043026e-02
 5.409449251686e+04  1.545076100000e+01  6.204399041684e-02
 5.377438939615e+04  1.500719200000e+01  5.991503680140e-02
 5.377439678402e+04  1.503037300000e+01  5.975380587527e-02
 5.377440417385e+04  1.503637400000e+01  5.978286959567e-02
 5.377441155442e+04  1.506072400000e+01  5.993418611903e-02
 5.378738327816e+04  1.536892100000e+01  6.226940783783e-02
 5.378738923853e+04  1.539853200000e+01  6.251851956568e-02
 5.378739521672e+04  1.538536900000e+01  6.241469578289e-02
 5.378740115556e+04  1.539641600000e+01  6.250727219894e-02
 5.374343569891e+04  1.528993400000e+01  6.173952273093e-02
 5.374344206091e+04  1.530983400000e+01  6.189221359242e-02
 5.374344842176e+04  1.532203700000e+01  6.198709041864e-02
 5.374345486410e+04  1.534696400000e+01  6.215336764715e-02
 5.375840546648e+04  1.523567800000e+01  6.120026143722e-02
 5.375841137163e+04  1.527012200000e+01  6.146366414906e-02
 5.375841738652e+04  1.527045500000e+01  6.145921821854e-02
 5.375842333634e+04  1.528615200000e+01  6.159478571208e-02
 5.376541035547e+04  1.494363900000e+01  5.922643138099e-02
 5.376541743337e+04  1.490152200000e+01  5.902323489227e-02
 5.376542452966e+04  1.484878200000e+01  5.870744974539e-02
 5.376543160780e+04  1.485004300000e+01  5.874378768716e-02
 5.390519812817e+04  1.540176600000e+01  1.036326036118e-01
 5.390519917800e+04  1.535398400000e+01  1.019573960270e-01
 5.390520025432e+04  1.540328000000e+01  1.036212520692e-01
 5.390520133759e+04  1.537632300000e+01  1.026997453462e-01
 5.381727168626e+04  1.523861000000e+01  6.253891586424e-02
 5.381727980507e+04  1.524961100000e+01  6.214798446800e-02
 5.381728787631e+04  1.525614200000e+01  6.226237269107e-02
 5.381729596142e+04  1.529072200000e+01  6.339019065529e-02
 5.387420626794e+04  1.552182500000e+01  6.499774126763e-02
 5.387421324595e+04  1.548546700000e+01  6.467076166723e-02
 5.387422026840e+04  1.565005900000e+01  6.646884919161e-02
 5.387422727373e+04  1.534403000000e+01  6.341700236336e-02
 5.388017670480e+04  1.546614600000e+01  6.386554941177e-02
 5.388018539169e+04  1.546491100000e+01  6.385814435065e-02
 5.388019413935e+04  1.544891700000e+01  6.373104429960e-02
 5.388020282728e+04  1.547538500000e+01  6.403538304895e-02
 5.405651051494e+04  1.486035400000e+01  5.802972326442e-02
 5.405651663608e+04  1.488904300000e+01  5.820754940224e-02
 5.405652261948e+04  1.489972100000e+01  5.822645304603e-02
 5.405652887419e+04  1.493801000000e+01  5.843383238775e-02
 5.419823293512e+04  1.519552200000e+01  6.121675067041e-02
 5.419823892963e+04  1.521354400000e+01  6.196306926816e-02
 5.419824488906e+04  1.522943600000e+01  6.366801397671e-02
 5.419825083867e+04  1.523893000000e+01  6.194814407082e-02
 5.414045334211e+04  1.515844400000e+01  9.710637624713e-02
 5.414045436831e+04  1.519138900000e+01  9.601147234837e-02
 5.414045537323e+04  1.515128800000e+01  9.367534901766e-02
 5.414045639515e+04  1.509869700000e+01  8.922291757318e-02
 5.414643743350e+04  1.478525000000e+01  5.849787658633e-02
 5.414644339547e+04  1.481529800000e+01  5.863452385265e-02
 5.414644934520e+04  1.482473100000e+01  5.865869657701e-02
 5.414645533137e+04  1.485522300000e+01  5.886608501487e-02
 5.412446036653e+04  1.538364900000e+01  6.168730954465e-02
 5.412446740449e+04  1.539456700000e+01  6.177533625678e-02
 5.412447444326e+04  1.540521000000e+01  6.186399864176e-02
 5.412448157198e+04  1.542330100000e+01  6.203236066240e-02
 5.416826454142e+04  1.524578800000e+01  6.077699114381e-02
 5.416827269079e+04  1.527693100000e+01  6.097088804128e-02
 5.416828079339e+04  1.528767500000e+01  6.106956021930e-02
 5.416828891093e+04  1.548438800000e+01  6.266692418550e-02
 5.422918346784e+04  1.483010900000e+01  5.868017615995e-02
 5.423918929468e+04  1.490921000000e+01  5.976944676424e-02
 5.423919925407e+04  1.491882700000e+01  5.985650855238e-02
 5.423920922483e+04  1.494704300000e+01  6.017379513393e-02
 5.423921916780e+04  1.498131600000e+01  6.046104827777e-02
 5.442448166288e+04  1.540359000000e+01  6.232111244804e-02
 5.442448991028e+04  1.543529300000e+01  6.247202781922e-02
 5.442449815212e+04  1.543264000000e+01  6.233464734197e-02
 5.442450638066e+04  1.540767300000e+01  6.205930266865e-02
 5.456226829780e+04  1.545179000000e+01  6.038549723282e-02
 5.456227361773e+04  1.542725800000e+01  6.020551059876e-02
 5.456227891973e+04  1.538029600000e+01  5.987645720694e-02
 5.456228422891e+04  1.536311000000e+01  5.976944676424e-02
 5.456828201682e+04  1.539620200000e+01  6.193930737499e-02
 5.456829280508e+04  1.542369500000e+01  6.218000649007e-02
 5.456830352240e+04  1.541283500000e+01  6.217531280907e-02
 5.456831425765e+04  1.542971700000e+01  6.231837710283e-02
 5.482946695866e+04  1.495339500000e+01  5.852030303638e-02
 5.482947348236e+04  1.495223400000e+01  5.851209213153e-02
 5.482948015584e+04  1.496290100000e+01  5.853508970650e-02
 5.482948685861e+04  1.497044000000e+01  5.860233576838e-02
 5.448344807812e+04  1.523414700000e+01  6.042904362276e-02
 5.448345464431e+04  1.511577000000e+01  5.958665175771e-02
 5.448346126014e+04  1.498270000000e+01  5.870947732678e-02
 5.448346789728e+04  1.489223100000e+01  5.816618075581e-02
 5.462517964425e+04  1.497182800000e+01  5.927745902814e-02
 5.462518685815e+04  1.496917800000e+01  5.925623779474e-02
 5.462519403466e+04  1.500118400000e+01  5.951655329575e-02
 5.462520116546e+04  1.500126100000e+01  5.955806298180e-02
 5.458715444786e+04  1.541566200000e+01  6.222339995473e-02
 5.458715984326e+04  1.542012100000e+01  6.224643603050e-02
 5.458716522073e+04  1.542962500000e+01  6.224764477761e-02
 5.458717059356e+04  1.544254200000e+01  6.238222287687e-02
 5.480048779808e+04  1.539592700000e+01  6.168027571553e-02
 5.480049459645e+04  1.538619400000e+01  6.153729618632e-02
 5.480050142792e+04  1.536610900000e+01  6.135825839213e-02
 5.480050823972e+04  1.533619300000e+01  6.108688104789e-02
 5.494823136315e+04  1.547962300000e+01  6.292866946639e-02
 5.494823810618e+04  1.540282400000e+01  6.226237269107e-02
 5.494824464727e+04  1.531694600000e+01  6.155972694206e-02
 5.494825129624e+04  1.519727200000e+01  6.063835358834e-02
 5.500617601214e+04  1.511117500000e+01  6.487971693220e-02
 5.500618091064e+04  1.510315500000e+01  6.488610308357e-02
 5.500618582697e+04  1.512319000000e+01  6.522295795297e-02
 5.500619065457e+04  1.511028700000e+01  6.518883328288e-02
 5.490532124944e+04  1.547933700000e+01  6.269066219836e-02
 5.490532663455e+04  1.549109400000e+01  6.280944487576e-02
 5.490533206167e+04  1.546772100000e+01  6.263225985335e-02
 5.490533744527e+04  1.545777600000e+01  6.255044022605e-02
 5.491132393554e+04  1.534083800000e+01  5.957663482368e-02
 5.491133228573e+04  1.536067800000e+01  5.930357747787e-02
 5.491134064066e+04  1.537232800000e+01  5.934545643741e-02
 5.491134903818e+04  1.539845700000e+01  5.951717421722e-02
 5.491822420403e+04  1.549639100000e+01  6.292848723494e-02
 5.491822899211e+04  1.555397700000e+01  6.343211544165e-02
 5.491823379664e+04  1.551657600000e+01  6.310155270998e-02
 5.491823868659e+04  1.551595000000e+01  6.308385261116e-02
 5.496719846639e+04  1.472345800000e+01  5.782236403524e-02
 5.496816998434e+04  1.546432000000e+01  6.356942948379e-02
 5.496817730023e+04  1.544441500000e+01  6.345503150233e-02
 5.496818465209e+04  1.549147600000e+01  6.355842316765e-02
 5.496819196347e+04  1.546860200000e+01  6.368734623178e-02
 5.553547047460e+04  1.513425200000e+01  5.768022390402e-02
 5.553548563984e+04  1.516381800000e+01  5.778482170488e-02
 5.553549321333e+04  1.518464900000e+01  5.833450853745e-02
 5.524136880662e+04  1.539353700000e+01  6.244610645767e-02
 5.524137720641e+04  1.540012000000e+01  6.238974384511e-02
 5.524138562998e+04  1.538150500000e+01  6.225720299197e-02
 5.524139405701e+04  1.540412100000e+01  6.246393324020e-02
 5.535320928525e+04  1.492676100000e+01  5.897193141682e-02
 5.535321664905e+04  1.495428500000e+01  5.921940879601e-02
 5.535322413589e+04  1.494927400000e+01  5.922020340753e-02
 5.535323162089e+04  1.498798800000e+01  5.955189009674e-02
 5.537118279306e+04  1.532863400000e+01  6.274376872449e-02
 5.537118857802e+04  1.533217800000e+01  6.285257695655e-02
 5.537119429635e+04  1.534350200000e+01  6.307072839068e-02
 5.537119999649e+04  1.517600300000e+01  6.170180571193e-02
 5.526034423598e+04  1.542289000000e+01  6.246267599982e-02
 5.526035096294e+04  1.540533200000e+01  6.231649983441e-02
 5.526035766604e+04  1.532421200000e+01  6.161932964117e-02
 5.526036433118e+04  1.518437000000e+01  6.049350053439e-02
 5.526730091229e+04  1.528377200000e+01  6.134894055666e-02
 5.526730852708e+04  1.529252000000e+01  6.144877926806e-02
 5.526731620663e+04  1.531526900000e+01  6.162201610079e-02
 5.526732380476e+04  1.534077200000e+01  6.174689325898e-02
 5.565530792191e+04  1.478675000000e+01  5.661160033946e-02
 5.565531483778e+04  1.482983300000e+01  5.682696256463e-02
 5.565532176589e+04  1.484228900000e+01  5.690044196701e-02
 5.565532869416e+04  1.486507400000e+01  5.701684255990e-02
 5.566316555953e+04  1.514097000000e+01  6.092900882082e-02
 5.566317069672e+04  1.514230300000e+01  6.095871129686e-02
 5.566317586932e+04  1.510467400000e+01  6.068396607363e-02
 5.566318102780e+04  1.510562500000e+01  6.064807226949e-02
 5.560141743750e+04  1.470839300000e+01  5.777458135857e-02
 5.560142261252e+04  1.469398800000e+01  5.767876591228e-02
 5.560142783171e+04  1.470618900000e+01  5.774957757259e-02
 5.560143302468e+04  1.473876200000e+01  5.793318579557e-02
 5.561743576649e+04  1.546779600000e+01  6.303529020586e-02
 5.561744370831e+04  1.542477800000e+01  6.274416545350e-02
 5.561745183802e+04  1.538923100000e+01  6.241274319420e-02
 5.561746000661e+04  1.531039000000e+01  6.181760244905e-02
 5.556344059032e+04  1.540199500000e+01  6.245718873590e-02
 5.556344816701e+04  1.540681300000e+01  6.249984204962e-02
 5.556345573475e+04  1.544531700000e+01  6.279537724624e-02
 5.556346340203e+04  1.541456100000e+01  6.253144420727e-02
 5.557250421564e+04  1.505680400000e+01  5.969775441702e-02
 5.557251131309e+04  1.499859800000e+01  5.933062854844e-02
 5.557251845685e+04  1.490805100000e+01  5.875856960328e-02
 5.557252560598e+04  1.486305400000e+01  5.846245514234e-02
 5.562434598030e+04  1.518353100000e+01  5.887539350582e-02
 5.562435635285e+04  1.519880000000e+01  5.895206666018e-02
 5.562436663521e+04  1.521584300000e+01  5.907435486112e-02
 5.562437701815e+04  1.520146300000e+01  5.900471079318e-02
 5.564430321027e+04  1.511637400000e+01  6.071653997753e-02
 5.564430979150e+04  1.509543900000e+01  6.061794971224e-02
 5.564431651594e+04  1.510852300000e+01  6.073592586141e-02
 5.564432325737e+04  1.513254000000e+01  6.090992914073e-02
 5.564925703310e+04  1.498588200000e+01  5.645664508660e-02
 5.564926752810e+04  1.498048300000e+01  5.642447375362e-02
 5.564927796736e+04  1.503846800000e+01  5.671113274548e-02
 5.564928843590e+04  1.506545800000e+01  5.684443979358e-02
 5.373047539227e+04  1.501486900000e+01  6.297854116818e-02
 5.373048033755e+04  1.493501600000e+01  6.216565851715e-02
 5.373048529682e+04  1.489975700000e+01  6.376005554915e-02
 5.373049023491e+04  1.489959200000e+01  6.067616068013e-02
 5.373145816557e+04  1.550111500000e+01  6.330717429271e-02
 5.373146370542e+04  1.545750300000e+01  6.288767160947e-02
 5.373146920535e+04  1.548433500000e+01  6.311324240462e-02
 5.373147472866e+04  1.545620700000e+01  6.286912907917e-02
 5.422924087277e+04  1.499309500000e+01  5.957071485105e-02
 5.422925009730e+04  1.500545700000e+01  5.969408785668e-02
 5.422926070650e+04  1.503973000000e+01  5.995643940928e-02
 5.422926996530e+04  1.505153700000e+01  6.009668216613e-02
 5.373050851128e+04  1.497971600000e+01  6.183447772244e-02
 5.373051350493e+04  1.499414500000e+01  5.928405462591e-02
 5.373051851236e+04  1.501737800000e+01  5.950841811004e-02
 5.373052350751e+04  1.507160000000e+01  7.037730370501e-02
 5.589248931963e+04  1.497201900000e+01  5.906034858448e-02
 5.589249445758e+04  1.499513700000e+01  5.920694015507e-02
 5.589249971444e+04  1.499178800000e+01  5.916056199175e-02
 5.589250493823e+04  1.501727400000e+01  5.927887320585e-02
 5.592450863655e+04  1.549210700000e+01  6.305084340946e-02
 5.592451494302e+04  1.550196900000e+01  6.312646230710e-02
 5.592452121410e+04  1.552012600000e+01  6.325754422125e-02
 5.592452742979e+04  1.554302800000e+01  6.347493744682e-02
 5.595944155302e+04  1.542482800000e+01  6.240987843043e-02
 5.595944715619e+04  1.541272800000e+01  6.232703759201e-02
 5.595945279249e+04  1.541219200000e+01  6.232384995668e-02
 5.595945849150e+04  1.545081500000e+01  6.265927983728e-02
 5.598925036381e+04  1.536225700000e+01  6.227507475829e-02
 5.598925546348e+04  1.535115000000e+01  6.214739104557e-02
 5.598926059175e+04  1.531735500000e+01  6.184437444705e-02
 5.598926573090e+04  1.537219700000e+01  6.230952569738e-02
 5.599926435701e+04  1.535338100000e+01  6.204531019819e-02
 5.599926938214e+04  1.534869300000e+01  6.198056674682e-02
 5.599927445517e+04  1.537103200000e+01  6.217833553752e-02
 5.599927949837e+04  1.535294100000e+01  6.201056459930e-02
 5.600328763413e+04  1.542002900000e+01  6.005819198235e-02
 5.600329647755e+04  1.540610600000e+01  5.998130676752e-02
 5.600330535543e+04  1.541831800000e+01  6.004778392482e-02
 5.600331424432e+04  1.542764200000e+01  6.012715558007e-02
 5.602823150023e+04  1.540069300000e+01  6.278653576545e-02
 5.602823595786e+04  1.537386800000e+01  6.254384579094e-02
 5.602824050066e+04  1.540671400000e+01  6.278613692600e-02
 5.602824501050e+04  1.539952500000e+01  6.272647913224e-02
 5.603524450905e+04  1.509206400000e+01  6.018943834146e-02
 5.603524955432e+04  1.511362600000e+01  6.032648755951e-02
 5.603525458888e+04  1.513496800000e+01  6.047669219866e-02
 5.603525964006e+04  1.515325100000e+01  6.062483913910e-02
 5.604623937881e+04  1.480298500000e+01  5.845795431582e-02
 5.604624616678e+04  1.485514700000e+01  5.879953924095e-02
 5.604625292699e+04  1.483715600000e+01  5.867337285384e-02
 5.604625976760e+04  1.493466000000e+01  5.933230328793e-02
 5.607515610145e+04  1.492586100000e+01  6.008500959797e-02
 5.607516295806e+04  1.491577200000e+01  6.001237795315e-02
 5.607516991352e+04  1.495416700000e+01  6.029174837667e-02
 5.607517692486e+04  1.498407600000e+01  6.053031629792e-02
 5.609318934690e+04  1.544629300000e+01  6.307394831469e-02
 5.609319491951e+04  1.544861300000e+01  6.323446861642e-02
 5.609320051176e+04  1.549115100000e+01  6.365631086362e-02
 5.609320621007e+04  1.546253800000e+01  6.345657548700e-02
