# time mag mag_err
 5.346444208272e+04  1.507351300000e+01  5.932191437187e-02
 5.346445018359e+04  1.517550300000e+01  6.001423029878e-02
 5.346445846294e+04  1.517659100000e+01  6.001495113895e-02
 5.346446688083e+04  1.517027700000e+01  6.001842725670e-02
 5.355428598328e+04  1.489830400000e+01  5.925643225765e-02
 5.355429260258e+04  1.492895400000e+01  5.951772647161e-02
 5.355429908196e+04  1.494054900000e+01  5.961465213228e-02
 5.355430561064e+04  1.496021600000e+01  5.981018191859e-02
 5.356028964617e+04  1.503559300000e+01  5.988350186269e-02
 5.356029718983e+04  1.502262300000e+01  5.983600543193e-02
 5.356030487169e+04  1.507235800000e+01  6.025783657746e-02
 5.356031252902e+04  1.508876500000e+01  6.040553868119e-02
 5.353722784586e+04  1.535922300000e+01  6.432496370119e-02
 5.353723504193e+04  1.539425700000e+01  6.468022219878e-02
 5.353724215281e+04  1.539336700000e+01  6.466524952333e-02
 5.353724925606e+04  1.539440000000e+01  6.464161819532e-02
 5.349440329544e+04  1.532258900000e+01  6.189606215018e-02
 5.349441289985e+04  1.536596800000e+01  6.219790547758e-02
 5.349442254234e+04  1.538475400000e+01  6.206179418879e-02
 5.349443212095e+04  1.539039500000e+01  6.240369826502e-02
 5.350919482275e+04  1.444355700000e+01  5.632313360922e-02
 5.350920334529e+04  1.448363800000e+01  5.649002479228e-02
 5.350921191910e+04  1.451488200000e+01  5.661859798569e-02
 5.350922047473e+04  1.456632600000e+01  5.681907692307e-02
 5.352133589587e+04  1.517105100000e+01  6.050178419649e-02
 5.352134560156e+04  1.516986200000e+01  6.051085547667e-02
 5.352135537126e+04  1.517031100000e+01  6.055274556313e-02
 5.352136515288e+04  1.519939600000e+01  6.080782210596e-02
 5.363908858922e+04  1.532282500000e+01  6.273962839816e-02
 5.363909287868e+04  1.536120100000e+01  6.294316070558e-02
 5.363909717241e+04  1.534603000000e+01  6.284288428631e-02
 5.363910145515e+04  1.534614700000e+01  6.321923053772e-02
 5.397616901519e+04  1.526342800000e+01  6.454028576014e-02
 5.397617279708e+04  1.524310800000e+01  6.435240547978e-02
 5.397617659716e+04  1.525580600000e+01  6.452682049428e-02
 5.397618042640e+04  1.528857300000e+01  6.490341567119e-02
 5.374552314750e+04  1.462837000000e+01  5.749157604786e-02
 5.374552966808e+04  1.466545200000e+01  5.765123805846e-02
 5.374553623171e+04  1.469447200000e+01  5.778824160354e-02
 5.374554276029e+04  1.466627300000e+01  5.758931847870e-02
 5.390430598103e+04  1.460854300000e+01  7.974123785902e-02
 5.390430702611e+04  1.462023500000e+01  7.993470813038e-02
 5.390430806551e+04  1.463284100000e+01  8.018882331443e-02
 5.390430910711e+04  1.465397000000e+01  8.067033685355e-02
 5.381845832200e+04  1.524007500000e+01  6.164625690073e-02
 5.381846722975e+04  1.529165900000e+01  6.205634581916e-02
 5.381847619836e+04  1.534185900000e+01  6.238213979832e-02
 5.381848508213e+04  1.534098100000e+01  6.264345920434e-02
 5.385631933142e+04  1.516772900000e+01  6.092157979136e-02
 5.385632929927e+04  1.522103600000e+01  6.130227006430e-02
 5.385633922431e+04  1.530498000000e+01  6.195352139426e-02
 5.385634913591e+04  1.531705800000e+01  6.207243395373e-02
 5.387635930197e+04  1.514710600000e+01  6.141074121313e-02
 5.387636699645e+04  1.522481000000e+01  6.181983444964e-02
 5.387637463595e+04  1.521391900000e+01  6.208817979507e-02
 5.387638513057e+04  1.523323300000e+01  6.303997479432e-02
 5.388226556424e+04  1.517641000000e+01  6.102196761798e-02
 5.388227275787e+04  1.511279100000e+01  6.055479764645e-02
 5.388227992119e+04  1.515045300000e+01  6.083226092033e-02
 5.388228713093e+04  1.517501900000e+01  6.097533198461e-02
 5.398911833329e+04  1.524310600000e+01  6.791040339445e-02
 5.398912089175e+04  1.524606300000e+01  6.787460863212e-02
 5.398912346942e+04  1.527616200000e+01  6.836332755222e-02
 5.398912603587e+04  1.529529400000e+01  6.864214174561e-02
 5.399411300947e+04  1.538575000000e+01  6.151355886496e-02
 5.399411779697e+04  1.540167300000e+01  6.165746358826e-02
 5.399412256897e+04  1.542079700000e+01  6.185013441869e-02
 5.399412736330e+04  1.541516400000e+01  6.183626852560e-02
 5.420641297773e+04  1.520353900000e+01  6.089405420899e-02
 5.420641894932e+04  1.524999600000e+01  6.093429083554e-02
 5.420642494997e+04  1.517963800000e+01  6.073868855998e-02
 5.420643093672e+04  1.525114400000e+01  6.136305979340e-02
 5.421334388428e+04  1.507245100000e+01  6.009380048412e-02
 5.421335327699e+04  1.512030300000e+01  6.042386634542e-02
 5.421336267226e+04  1.514108000000e+01  6.057252411465e-02
 5.421337206497e+04  1.514849500000e+01  6.064934032513e-02
 5.425622016382e+04  1.523291400000e+01  7.072750025555e-02
 5.425622661877e+04  1.511447100000e+01  6.630526679980e-02
 5.425623307939e+04  1.515940200000e+01  7.113087100348e-02
 5.425623949927e+04  1.519647500000e+01  6.677187439039e-02
 5.426334196937e+04  1.521602600000e+01  6.182746758011e-02
 5.426334791712e+04  1.531065700000e+01  6.263139598021e-02
 5.426335389647e+04  1.524384800000e+01  6.214992358912e-02
 5.426335982987e+04  1.525146500000e+01  6.223291649805e-02
 5.426923021403e+04  1.515943400000e+01  6.056591232157e-02
 5.426923874814e+04  1.519213800000e+01  6.079142590378e-02
 5.426924724265e+04  1.517946200000e+01  6.068170940416e-02
 5.426925578208e+04  1.516468000000e+01  6.057403307444e-02
 5.417545883517e+04  1.509530900000e+01  5.960687186998e-02
 5.417546600034e+04  1.512581700000e+01  5.980435745788e-02
 5.417547308368e+04  1.514080000000e+01  5.990598260217e-02
 5.417548016215e+04  1.517126100000e+01  6.009862187740e-02
 5.422941085668e+04  1.431649800000e+01  5.571461350613e-02
 5.422941963177e+04  1.436191100000e+01  5.594864707343e-02
 5.422942841971e+04  1.437514100000e+01  5.601919127566e-02
 5.422943716169e+04  1.445975500000e+01  5.645673518484e-02
 5.423931580547e+04  1.497495900000e+01  6.001147768291e-02
 5.423932663993e+04  1.496820300000e+01  6.006648891413e-02
 5.423933751731e+04  1.502544000000e+01  6.049744027286e-02
 5.423934838140e+04  1.505708800000e+01  6.072866591447e-02
 5.424630785780e+04  1.478810100000e+01  5.821318344484e-02
 5.424631765644e+04  1.479385700000e+01  5.833845456501e-02
 5.424632749141e+04  1.484903600000e+01  5.873220384032e-02
 5.424633726146e+04  1.488102500000e+01  5.891728872076e-02
 5.435710950745e+04  1.525843300000e+01  6.888203813022e-02
 5.435711165363e+04  1.528551100000e+01  6.927102657695e-02
 5.435711380640e+04  1.523634400000e+01  6.865631834363e-02
 5.435711596333e+04  1.528500100000e+01  6.926219629383e-02
 5.456441496257e+04  1.467617800000e+01  5.712149870320e-02
 5.456442147458e+04  1.471777100000e+01  5.734516059377e-02
 5.456442798613e+04  1.475573800000e+01  5.755102523457e-02
 5.456443445544e+04  1.473725200000e+01  5.744102940761e-02
 5.457042799043e+04  1.485356100000e+01  6.390030067227e-02
 5.457043240153e+04  1.486790100000e+01  6.406212978409e-02
 5.457043686726e+04  1.493356800000e+01  6.470777413255e-02
 5.457044131875e+04  1.493099400000e+01  6.472064711680e-02
 5.458438829641e+04  1.427798100000e+01  5.530118762729e-02
 5.458439848882e+04  1.437536300000e+01  5.573563833766e-02
 5.458440869766e+04  1.441151900000e+01  5.588485420664e-02
 5.458441888508e+04  1.446153100000e+01  5.612926520898e-02
 5.449852396135e+04  1.523319500000e+01  6.039356520861e-02
 5.449853069850e+04  1.521926500000e+01  6.031927715362e-02
 5.449853731919e+04  1.524280800000e+01  6.038212356429e-02
 5.449854404615e+04  1.525958800000e+01  6.050959519016e-02
 5.450650390311e+04  1.499259700000e+01  5.879042214222e-02
 5.450651178858e+04  1.494321800000e+01  5.847380983419e-02
 5.450651997891e+04  1.502095100000e+01  5.894826555280e-02
 5.450652825653e+04  1.503498900000e+01  5.904439262569e-02
 5.451553134975e+04  1.430313800000e+01  5.543635669126e-02
 5.451553530480e+04  1.427146700000e+01  5.522669707294e-02
 5.451553928278e+04  1.424248800000e+01  5.521059376690e-02
 5.451554322892e+04  1.426123000000e+01  5.522237405326e-02
 5.464821549135e+04  1.539275900000e+01  6.290418955234e-02
 5.464822295353e+04  1.538655300000e+01  6.289409174730e-02
 5.464823042277e+04  1.530903400000e+01  6.221622434526e-02
 5.464823786839e+04  1.544264200000e+01  6.342333963678e-02
 5.452949034286e+04  1.525346200000e+01  6.054200788737e-02
 5.452949908740e+04  1.529355800000e+01  6.085097825013e-02
 5.452950798934e+04  1.531253900000e+01  6.099400280147e-02
 5.452951682809e+04  1.532415000000e+01  6.107802005654e-02
 5.455632329431e+04  1.481160600000e+01  5.829178085546e-02
 5.455633857098e+04  1.490157800000e+01  5.877777796081e-02
 5.455634765801e+04  1.489300700000e+01  5.866317096958e-02
 5.455635670823e+04  1.495637100000e+01  5.900880830033e-02
 5.459133901068e+04  1.535440000000e+01  6.158193529182e-02
 5.459134705576e+04  1.531716100000e+01  6.126149938794e-02
 5.459135512155e+04  1.532738300000e+01  6.135162542959e-02
 5.459136318689e+04  1.523279200000e+01  6.062263930811e-02
 5.460030924892e+04  1.513699100000e+01  6.011603673651e-02
 5.460031578177e+04  1.504419600000e+01  5.946290178269e-02
 5.460032229737e+04  1.507007700000e+01  5.964340187753e-02
 5.460032878682e+04  1.515987700000e+01  6.025097525062e-02
 5.472909789641e+04  1.438260000000e+01  5.571115452973e-02
 5.472910227348e+04  1.438942000000e+01  5.578390472020e-02
 5.472910657508e+04  1.439652400000e+01  5.586812698481e-02
 5.472911092588e+04  1.440911900000e+01  5.593555111685e-02
 5.493741702479e+04  1.510724300000e+01  6.008430411775e-02
 5.493742190918e+04  1.513545700000e+01  6.030088836902e-02
 5.493742673951e+04  1.510973100000e+01  6.015916106626e-02
 5.493743150319e+04  1.515379000000e+01  6.045328882450e-02
 5.494540876845e+04  1.485929500000e+01  5.936864050064e-02
 5.506218954152e+04  1.527035900000e+01  6.571420063305e-02
 5.506219541659e+04  1.525684300000e+01  6.568760274981e-02
 5.506220120662e+04  1.526549300000e+01  6.585518764863e-02
 5.506220697242e+04  1.524271200000e+01  6.573428722247e-02
 5.488947874870e+04  1.423330100000e+01  5.488801675050e-02
 5.488948674678e+04  1.421470500000e+01  5.483253294850e-02
 5.488949478399e+04  1.423853000000e+01  5.490555266728e-02
 5.488950268242e+04  1.427773000000e+01  5.504875957304e-02
 5.503924431003e+04  1.503861300000e+01  6.014841478144e-02
 5.503925215184e+04  1.505960000000e+01  6.061897516867e-02
 5.503926005825e+04  1.509555500000e+01  6.083210779617e-02
 5.503926784513e+04  1.505207600000e+01  6.036331970131e-02
 5.499332710476e+04  1.525212900000e+01  6.308506820526e-02
 5.499333250572e+04  1.529575100000e+01  6.335154610521e-02
 5.499333793181e+04  1.523107900000e+01  6.367302257141e-02
 5.499334335071e+04  1.526348800000e+01  6.313480555878e-02
 5.500130658963e+04  1.499251000000e+01  5.948526879851e-02
 5.500131145388e+04  1.497692600000e+01  5.943805147918e-02
 5.500131626050e+04  1.504601400000e+01  5.991118634085e-02
 5.500132112648e+04  1.503615200000e+01  5.987813015743e-02
 5.491143340789e+04  1.519147900000e+01  6.009026635682e-02
 5.491143955692e+04  1.515914200000e+01  6.013280458196e-02
 5.491144563407e+04  1.514203600000e+01  5.991911695257e-02
 5.491145162500e+04  1.520083200000e+01  6.079938894003e-02
 5.495339656098e+04  1.481527000000e+01  5.822350749805e-02
 5.495340387604e+04  1.459232300000e+01  5.700999318856e-02
 5.495341109471e+04  1.437386300000e+01  5.596002038816e-02
 5.495341840146e+04  1.424434600000e+01  5.541648101904e-02
 5.496637691447e+04  1.531809200000e+01  6.156132022314e-02
 5.496638298977e+04  1.527422400000e+01  6.123711444395e-02
 5.496638912447e+04  1.516546400000e+01  6.041078015262e-02
 5.496639521794e+04  1.503759700000e+01  5.951432284644e-02
 5.529541043700e+04  1.430444300000e+01  5.539292194162e-02
 5.529541782624e+04  1.433789300000e+01  5.553617063988e-02
 5.529542531295e+04  1.437384100000e+01  5.568282523652e-02
 5.529543275223e+04  1.445493700000e+01  5.603443297943e-02
 5.534833219075e+04  1.527291600000e+01  6.131750951093e-02
 5.534833853887e+04  1.528463200000e+01  6.147998643647e-02
 5.534834494463e+04  1.530319900000e+01  6.164672444884e-02
 5.534835131427e+04  1.526650400000e+01  6.138792324031e-02
 5.535627555183e+04  1.497318500000e+01  5.887231502379e-02
 5.535628299667e+04  1.493324800000e+01  5.880213644396e-02
 5.535629042285e+04  1.504018700000e+01  5.994246115373e-02
 5.535629793134e+04  1.497474900000e+01  5.922589412380e-02
 5.536326814056e+04  1.479296100000e+01  5.795092065499e-02
 5.536327269797e+04  1.485208200000e+01  5.832319367858e-02
 5.536327730480e+04  1.482211600000e+01  5.811538072011e-02
 5.536328182785e+04  1.483950200000e+01  5.825302989276e-02
 5.536815174463e+04  1.481423300000e+01  5.811593321360e-02
 5.536815680472e+04  1.489479800000e+01  5.864103761583e-02
 5.536816191505e+04  1.489173000000e+01  5.862049022296e-02
 5.536816707454e+04  1.485765200000e+01  5.839660536956e-02
 5.527150568896e+04  1.507895700000e+01  5.953906159234e-02
 5.527151044498e+04  1.499941600000e+01  5.900672837612e-02
 5.527151520855e+04  1.483072700000e+01  5.798098291237e-02
 5.527152000705e+04  1.475628700000e+01  5.758498681680e-02
 5.532043045963e+04  1.473630900000e+01  5.906861845652e-02
 5.532043620876e+04  1.468397100000e+01  5.875609543108e-02
 5.532044196691e+04  1.479736200000e+01  5.951728924572e-02
 5.532044772634e+04  1.480915300000e+01  5.959809732595e-02
 5.532940468619e+04  1.529561600000e+01  6.106589766989e-02
 5.532941157132e+04  1.533000100000e+01  6.135747532690e-02
 5.532941851932e+04  1.532889600000e+01  6.148103226446e-02
 5.532942553102e+04  1.534583300000e+01  6.160891875282e-02
 5.545412612177e+04  1.540901200000e+01  6.242167866773e-02
 5.545413642300e+04  1.532202100000e+01  6.181054066949e-02
 5.545414155566e+04  1.525236100000e+01  6.133967420870e-02
 5.567541905398e+04  1.478513600000e+01  6.003119584653e-02
 5.567542618014e+04  1.482174000000e+01  6.031817727602e-02
 5.567543334047e+04  1.480911400000e+01  6.025238492885e-02
 5.567544046991e+04  1.478381900000e+01  6.008140421743e-02
 5.560352581128e+04  1.516691900000e+01  6.053046010950e-02
 5.560353107207e+04  1.518566800000e+01  6.067364080586e-02
 5.560353630463e+04  1.517373500000e+01  6.057478773382e-02
 5.560354151796e+04  1.520420200000e+01  6.077793035867e-02
 5.571522483694e+04  1.517329700000e+01  6.112605777375e-02
 5.571523123323e+04  1.524776400000e+01  6.171491940621e-02
 5.571523762116e+04  1.523309600000e+01  6.156142604430e-02
 5.571524399478e+04  1.519224900000e+01  6.122390490984e-02
 5.562846247247e+04  1.516725900000e+01  6.318787436686e-02
 5.562846879188e+04  1.517133000000e+01  6.376933762445e-02
 5.562847509800e+04  1.512863600000e+01  6.273461125162e-02
 5.562848138756e+04  1.523702500000e+01  6.907512758121e-02
 5.565041698660e+04  1.444022900000e+01  5.706272447723e-02
 5.565042494521e+04  1.448354600000e+01  5.667478462774e-02
 5.565043300235e+04  1.456299700000e+01  5.705147106057e-02
 5.565044105405e+04  1.456568400000e+01  5.707031272408e-02
 5.570539579948e+04  1.518248900000e+01  6.149657041598e-02
 5.570540329200e+04  1.518461800000e+01  6.154675073624e-02
 5.570541088096e+04  1.517391500000e+01  6.151324296735e-02
 5.570541834013e+04  1.508479500000e+01  6.080419777410e-02
 5.494544922390e+04  1.488853200000e+01  5.835474448258e-02
 5.582510380885e+04  1.509045800000e+01  5.777975762071e-02
 5.582511130312e+04  1.514492200000e+01  5.816751587429e-02
 5.582511883285e+04  1.512308400000e+01  5.811650230327e-02
 5.582512641309e+04  1.508283100000e+01  5.793304673205e-02
 5.598745690060e+04  1.425248500000e+01  5.569036002863e-02
 5.598746197895e+04  1.424450000000e+01  5.564650032082e-02
 5.598746707122e+04  1.430450800000e+01  5.589464592521e-02
 5.598747224133e+04  1.428830300000e+01  5.579722511034e-02
 5.601443785038e+04  1.528295800000e+01  5.915563511952e-02
 5.601444539926e+04  1.526669200000e+01  5.903452857461e-02
 5.601445288854e+04  1.536509000000e+01  5.970665850436e-02
 5.601446050091e+04  1.532163600000e+01  5.940934862232e-02
 5.603439883699e+04  1.524864900000e+01  6.125729365784e-02
 5.603440494517e+04  1.521704400000e+01  6.100928301109e-02
 5.603441109159e+04  1.522811400000e+01  6.108420472437e-02
 5.603441725288e+04  1.523131500000e+01  6.115183544594e-02
 5.604241044204e+04  1.510473300000e+01  6.053676288356e-02
 5.604241547966e+04  1.505118300000e+01  5.999281830396e-02
 5.604242059730e+04  1.512659100000e+01  6.084108924164e-02
 5.604242566583e+04  1.511775500000e+01  6.102677637957e-02
 5.605937109598e+04  1.526202000000e+01  6.056032319178e-02
 5.605937793494e+04  1.524457300000e+01  6.042254504933e-02
 5.605938474222e+04  1.525848200000e+01  6.053754091039e-02
 5.605939154891e+04  1.526618900000e+01  6.059655349718e-02
 5.606939943642e+04  1.477356000000e+01  5.772103552832e-02
 5.606940738703e+04  1.472601100000e+01  5.746067173006e-02
 5.606941544183e+04  1.475656100000e+01  5.769486320084e-02
 5.606942344983e+04  1.476585600000e+01  5.777505551684e-02
 5.608734597973e+04  1.504611800000e+01  5.920364735827e-02
 5.608735112328e+04  1.504728300000e+01  5.923467006451e-02
 5.608735626710e+04  1.507314100000e+01  5.940528954910e-02
 5.608736134500e+04  1.504026000000e+01  5.920037799778e-02
 5.609729702630e+04  1.517382200000e+01  6.040441833996e-02
 5.609730480944e+04  1.515229000000e+01  6.023242268011e-02
 5.609731275028e+04  1.521141600000e+01  6.071101109147e-02
 5.609732058551e+04  1.529359800000e+01  6.137848293977e-02
 5.615218861090e+04  1.434925600000e+01  5.680758038799e-02
 5.615219369843e+04  1.427988800000e+01  5.638935325647e-02
 5.615219883633e+04  1.425720400000e+01  5.631569796326e-02
 5.615220401853e+04  1.427087600000e+01  5.640667152542e-02
 5.616713996552e+04  1.521712700000e+01  5.890285178547e-02
 5.616714611273e+04  1.519894300000e+01  5.885534395559e-02
 5.616715235830e+04  1.522635600000e+01  5.904953948300e-02
 5.616715855181e+04  1.523554100000e+01  5.913647025867e-02
