# time mag mag_err
 5.346619346681e+04  1.533412700000e+01  6.206861242238e-02
 5.346620108953e+04  1.537368100000e+01  6.241723022934e-02
 5.346620860807e+04  1.540973000000e+01  6.274020113647e-02
 5.346621624826e+04  1.541665100000e+01  6.285733948928e-02
 5.371043522453e+04  1.572371200000e+01  6.616642469481e-02
 5.371044222105e+04  1.575843800000e+01  6.652063943590e-02
 5.371044924918e+04  1.569354800000e+01  6.580746428136e-02
 5.371045632106e+04  1.568548000000e+01  6.569989757416e-02
 5.372645366665e+04  1.573046600000e+01  6.658345885024e-02
 5.372646031942e+04  1.576584800000e+01  6.688813792694e-02
 5.372646697854e+04  1.576891300000e+01  6.692282381131e-02
 5.372647368223e+04  1.574791300000e+01  6.670203106511e-02
 5.350014900569e+04  1.502255100000e+01  6.026163761095e-02
 5.350015431279e+04  1.505132900000e+01  6.048836623300e-02
 5.350015965922e+04  1.507267300000e+01  6.066443239005e-02
 5.350016499120e+04  1.511758400000e+01  6.104311659328e-02
 5.352115581389e+04  1.545124400000e+01  6.459730869185e-02
 5.352116390666e+04  1.545023400000e+01  6.471582404494e-02
 5.352117204907e+04  1.549005700000e+01  6.538084035580e-02
 5.352118017458e+04  1.552331500000e+01  6.601551401507e-02
 5.368048729590e+04  1.523162000000e+01  6.188215141025e-02
 5.368049207495e+04  1.527219600000e+01  6.215701204175e-02
 5.368049687057e+04  1.528138700000e+01  6.221454143613e-02
 5.368050166606e+04  1.528496400000e+01  6.225736461856e-02
 5.368847007948e+04  1.576783700000e+01  6.716855100505e-02
 5.368847759698e+04  1.569907200000e+01  6.635829193624e-02
 5.368848510221e+04  1.572994200000e+01  6.669177019561e-02
 5.368849262561e+04  1.576629700000e+01  6.709392498352e-02
 5.370342183865e+04  1.550137600000e+01  6.473434180067e-02
 5.370342834788e+04  1.548904300000e+01  7.201314621463e-02
 5.370343877293e+04  1.554551600000e+01  6.503973939713e-02
 5.370344526712e+04  1.555981000000e+01  6.655138183073e-02
 5.367345896581e+04  1.571624500000e+01  6.694991551407e-02
 5.367346550977e+04  1.573269700000e+01  6.711975245231e-02
 5.367347205234e+04  1.574389300000e+01  6.714714120221e-02
 5.367347868589e+04  1.575126000000e+01  6.722860118966e-02
 5.384515874611e+04  1.482020000000e+01  5.945820141044e-02
 5.384516827286e+04  1.479833600000e+01  5.933682303685e-02
 5.384517780655e+04  1.484101200000e+01  5.962640775050e-02
 5.384518731662e+04  1.486640000000e+01  5.982994932919e-02
 5.407042196157e+04  1.562871900000e+01  6.429261379972e-02
 5.407042960536e+04  1.567943600000e+01  6.478287148432e-02
 5.407043756466e+04  1.566522300000e+01  6.463221295210e-02
 5.407044535071e+04  1.568856300000e+01  6.484482585238e-02
 5.408245442736e+04  1.529773400000e+01  6.177851003697e-02
 5.408245985749e+04  1.534341900000e+01  6.215162523972e-02
 5.408246530962e+04  1.535789100000e+01  6.228882134483e-02
 5.408247076810e+04  1.538290700000e+01  6.251699617730e-02
 5.409339084588e+04  1.573510500000e+01  6.545187514172e-02
 5.409339905462e+04  1.574386500000e+01  6.556292863661e-02
 5.409340735631e+04  1.576838600000e+01  6.580394535985e-02
 5.409341562500e+04  1.574248700000e+01  6.552566257787e-02
 5.377226196188e+04  1.485388000000e+01  5.936257735058e-02
 5.377226949905e+04  1.501796400000e+01  6.122997447739e-02
 5.377227699826e+04  1.490075900000e+01  6.241203760942e-02
 5.377228449714e+04  1.498280200000e+01  6.717410901828e-02
 5.377329842684e+04  1.520315500000e+01  6.167962330251e-02
 5.377330482148e+04  1.523983500000e+01  6.198421134668e-02
 5.377331124866e+04  1.525919400000e+01  6.212693771740e-02
 5.377331766101e+04  1.532991100000e+01  6.274777946184e-02
 5.378826006852e+04  1.556393000000e+01  6.497109771900e-02
 5.378826650715e+04  1.545811900000e+01  6.390282173991e-02
 5.378827293537e+04  1.529751900000e+01  6.245095549222e-02
 5.378827934251e+04  1.509747100000e+01  6.081706411315e-02
 5.374338432147e+04  1.573014000000e+01  6.679065645987e-02
 5.374339019583e+04  1.572218900000e+01  6.672014349209e-02
 5.374339599936e+04  1.571470300000e+01  6.663987618107e-02
 5.374340182477e+04  1.576052600000e+01  6.710536394803e-02
 5.375537250721e+04  1.535163600000e+01  6.265810750891e-02
 5.375537894213e+04  1.536622600000e+01  6.284499162492e-02
 5.375538535102e+04  1.541483700000e+01  6.328801750226e-02
 5.375539174763e+04  1.541455100000e+01  6.326694467146e-02
 5.376524105689e+04  1.566815100000e+01  6.906893508187e-02
 5.376524864326e+04  1.568966500000e+01  6.786309339667e-02
 5.376525623692e+04  1.568654800000e+01  6.724436868794e-02
 5.376526387561e+04  1.570257900000e+01  6.725173854651e-02
 5.379920624541e+04  1.558662100000e+01  6.524944583350e-02
 5.379921163549e+04  1.561465200000e+01  6.554734761099e-02
 5.379921715556e+04  1.556232500000e+01  6.564130195634e-02
 5.379922269958e+04  1.562911200000e+01  6.569459490697e-02
 5.381814184528e+04  1.555897100000e+01  6.521926764186e-02
 5.381814787416e+04  1.560340400000e+01  6.646490501274e-02
 5.381815389159e+04  1.561415000000e+01  6.577943141367e-02
 5.381815991573e+04  1.559436300000e+01  6.555156801071e-02
 5.386619666831e+04  1.547499800000e+01  1.085535912090e-01
 5.386619748190e+04  1.538744100000e+01  1.054414433417e-01
 5.386619821422e+04  1.536521900000e+01  1.047498935802e-01
 5.386619903961e+04  1.544644400000e+01  1.077484783558e-01
 5.405541016010e+04  1.569945000000e+01  6.368558601215e-02
 5.405542283354e+04  1.569730200000e+01  6.358106700916e-02
 5.405543548486e+04  1.569558100000e+01  6.352486853407e-02
 5.405544818712e+04  1.569604900000e+01  6.343474499351e-02
 5.403848003773e+04  1.571288800000e+01  6.533221985197e-02
 5.403848640726e+04  1.574102500000e+01  6.557924026486e-02
 5.403849282737e+04  1.571752500000e+01  6.529720033074e-02
 5.403849921125e+04  1.574115400000e+01  6.550941012739e-02
 5.420116809415e+04  1.562600100000e+01  6.534476229458e-02
 5.420117737124e+04  1.570093600000e+01  6.612923889401e-02
 5.420118666116e+04  1.568367300000e+01  6.598943248093e-02
 5.420119592528e+04  1.570832000000e+01  6.629001243557e-02
 5.443936759694e+04  1.569196300000e+01  6.549388270609e-02
 5.443937414356e+04  1.574028300000e+01  6.598471475036e-02
 5.443938070847e+04  1.571819500000e+01  6.572555027628e-02
 5.443938728022e+04  1.575606900000e+01  6.608476866762e-02
 5.444845159101e+04  1.541866200000e+01  6.235528012606e-02
 5.444845696361e+04  1.542912000000e+01  6.241232794240e-02
 5.444846248657e+04  1.543983900000e+01  6.251644577726e-02
 5.444846784679e+04  1.546972200000e+01  6.283459562999e-02
 5.445441853287e+04  1.563829000000e+01  6.458216910429e-02
 5.445442502439e+04  1.568650600000e+01  6.505611203484e-02
 5.445443152020e+04  1.570283600000e+01  6.475223659444e-02
 5.445443800536e+04  1.567855000000e+01  6.498513758810e-02
 5.446541891120e+04  1.536222900000e+01  6.204173972923e-02
 5.446542551848e+04  1.541314100000e+01  6.254465388810e-02
 5.446543211302e+04  1.539010900000e+01  6.232540243020e-02
 5.446543878488e+04  1.543021600000e+01  6.266961927664e-02
 5.413930326720e+04  1.537214700000e+01  6.470478804126e-02
 5.413931085520e+04  1.540090100000e+01  6.338305156721e-02
 5.413931840557e+04  1.536114700000e+01  6.566434319140e-02
 5.413932596058e+04  1.542649200000e+01  6.421491389757e-02
 5.414032806782e+04  1.552045100000e+01  1.205134841525e-01
 5.414032907597e+04  1.551579700000e+01  1.196331133250e-01
 5.414033010009e+04  1.560159400000e+01  1.191911053398e-01
 5.414033114645e+04  1.566555000000e+01  1.228153115353e-01
 5.414630706925e+04  1.570186800000e+01  6.558292499784e-02
 5.414631314132e+04  1.569656800000e+01  6.546833206038e-02
 5.414631924440e+04  1.571238000000e+01  6.560346774501e-02
 5.414632533856e+04  1.569976600000e+01  6.547763784238e-02
 5.410929396558e+04  1.564984700000e+01  6.806646513711e-02
 5.410930205904e+04  1.565438300000e+01  7.156248682599e-02
 5.410931016407e+04  1.562727000000e+01  7.244042827997e-02
 5.410931826146e+04  1.590373000000e+01  8.634329246871e-02
 5.411033741825e+04  1.573467800000e+01  6.706518979564e-02
 5.411034513021e+04  1.571672100000e+01  6.687602784412e-02
 5.411035287725e+04  1.573097400000e+01  6.638257407701e-02
 5.411036058596e+04  1.573824800000e+01  6.619970340304e-02
 5.412529879630e+04  1.554377800000e+01  6.378120895791e-02
 5.412530899993e+04  1.558717900000e+01  6.420336107010e-02
 5.412531923343e+04  1.560188600000e+01  6.384994951063e-02
 5.412532945859e+04  1.560280100000e+01  6.436700804164e-02
 5.417018975301e+04  1.569018300000e+01  6.552787013869e-02
 5.417020271153e+04  1.571896800000e+01  6.584709035154e-02
 5.417020929426e+04  1.576732700000e+01  6.636388772218e-02
 5.440850132773e+04  1.501901100000e+01  5.960297524233e-02
 5.440850618561e+04  1.503289300000e+01  5.966212662712e-02
 5.440851108227e+04  1.504584000000e+01  5.974739985538e-02
 5.440851598749e+04  1.506794400000e+01  5.989973067638e-02
 5.442239083032e+04  1.572187600000e+01  6.614264231756e-02
 5.442239839042e+04  1.571020900000e+01  6.591534335194e-02
 5.442240596522e+04  1.570377600000e+01  6.576235164233e-02
 5.442241357855e+04  1.569056300000e+01  6.551477802912e-02
 5.438448978904e+04  1.570839100000e+01  6.573165817380e-02
 5.438449685236e+04  1.571171800000e+01  6.570796574754e-02
 5.438450396532e+04  1.575846800000e+01  6.619742426112e-02
 5.438451103293e+04  1.573677300000e+01  6.588142376244e-02
 5.456014483306e+04  1.519082500000e+01  5.870616269041e-02
 5.456015093939e+04  1.524130500000e+01  5.902472960154e-02
 5.456015699397e+04  1.526875700000e+01  5.918268737239e-02
 5.456016304034e+04  1.529500100000e+01  5.937818511073e-02
 5.456719045073e+04  1.569042100000e+01  6.565625608125e-02
 5.456719659119e+04  1.569725200000e+01  6.572448545172e-02
 5.456720272345e+04  1.573208300000e+01  6.611818868623e-02
 5.456720887387e+04  1.568181200000e+01  6.559719391366e-02
 5.457417130586e+04  1.488079900000e+01  5.918066729019e-02
 5.457417876907e+04  1.476665300000e+01  5.852431534426e-02
 5.457418615057e+04  1.472783600000e+01  5.828579103141e-02
 5.457419352432e+04  1.468697400000e+01  5.805473476731e-02
 5.480741141169e+04  1.563929700000e+01  6.546908524096e-02
 5.480741682829e+04  1.553911200000e+01  6.426605704191e-02
 5.480742223689e+04  1.551344900000e+01  6.345438367351e-02
 5.480742755775e+04  1.541361300000e+01  6.255580644773e-02
 5.482244728782e+04  1.579368800000e+01  6.604072665707e-02
 5.482245397786e+04  1.582173800000e+01  6.635572777937e-02
 5.482246054358e+04  1.582462200000e+01  6.639716792644e-02
 5.482246736603e+04  1.583047200000e+01  6.647366448473e-02
 5.450326286521e+04  1.500296000000e+01  5.939212918519e-02
 5.450326944296e+04  1.504074600000e+01  5.965896446263e-02
 5.450327602200e+04  1.506370900000e+01  5.980170552018e-02
 5.450328260416e+04  1.510266200000e+01  6.004851010937e-02
 5.451022675977e+04  1.561116400000e+01  6.454509735148e-02
 5.451023333058e+04  1.561086800000e+01  6.452054131098e-02
 5.451023985463e+04  1.578180000000e+01  6.632395415732e-02
 5.451024638968e+04  1.561619600000e+01  6.456175873919e-02
 5.447537653956e+04  1.568997100000e+01  6.514249505681e-02
 5.447538401319e+04  1.573624100000e+01  6.562176387065e-02
 5.447539147757e+04  1.570218200000e+01  6.526813501311e-02
 5.447539896440e+04  1.571727900000e+01  6.543076480154e-02
 5.449528104830e+04  1.572916300000e+01  6.569395996565e-02
 5.449528905795e+04  1.570118100000e+01  6.542220353138e-02
 5.449529709145e+04  1.570855400000e+01  6.554686397997e-02
 5.449530511095e+04  1.572776200000e+01  6.580229418168e-02
 5.452919867813e+04  1.558970500000e+01  6.429661274766e-02
 5.452920791354e+04  1.560511600000e+01  6.442127071953e-02
 5.452921711863e+04  1.564837600000e+01  6.483052405692e-02
 5.452922637256e+04  1.564216800000e+01  6.477282815092e-02
 5.453722588597e+04  1.511561100000e+01  5.825458104586e-02
 5.453723256478e+04  1.496692200000e+01  5.742591322955e-02
 5.453723922171e+04  1.478578400000e+01  5.648848117957e-02
 5.453724586637e+04  1.468934200000e+01  5.604813537956e-02
 5.458815985340e+04  1.571697000000e+01  6.617338594510e-02
 5.458816527126e+04  1.573407100000e+01  6.636645480975e-02
 5.458817066841e+04  1.572367900000e+01  6.625079620855e-02
 5.458817606451e+04  1.573571200000e+01  6.647405928599e-02
 5.477647248414e+04  1.522428800000e+01  6.086890396170e-02
 5.477647858039e+04  1.526257900000e+01  6.114667551468e-02
 5.477648471519e+04  1.528412800000e+01  6.132135970471e-02
 5.477649081028e+04  1.533360800000e+01  6.170679204345e-02
 5.494418929365e+04  1.544207300000e+01  6.356065251878e-02
 5.494419653544e+04  1.544883400000e+01  6.361406826683e-02
 5.494420380398e+04  1.551311100000e+01  6.428804668227e-02
 5.494421094892e+04  1.549571800000e+01  6.417650540442e-02
 5.486429587938e+04  1.560644700000e+01  6.409612781719e-02
 5.486430236639e+04  1.544654700000e+01  6.261970376099e-02
 5.486430878372e+04  1.526285100000e+01  6.106676521863e-02
 5.486431517802e+04  1.509297500000e+01  5.947514127497e-02
 5.487526644502e+04  1.556914700000e+01  6.644812717843e-02
 5.487527186278e+04  1.564179500000e+01  6.728102457075e-02
 5.487527715007e+04  1.562953800000e+01  6.711975245231e-02
 5.487528248182e+04  1.561821500000e+01  6.698591012310e-02
 5.488222344546e+04  1.567618100000e+01  6.505199875658e-02
 5.488222942898e+04  1.561808500000e+01  6.450558200132e-02
 5.488223542627e+04  1.555185100000e+01  6.384038527321e-02
 5.488224146337e+04  1.550594100000e+01  6.339546491077e-02
 5.484843781087e+04  1.545294200000e+01  6.304331729627e-02
 5.484844574089e+04  1.545844500000e+01  6.325667686968e-02
 5.484845343781e+04  1.551340200000e+01  6.435932771212e-02
 5.484846123657e+04  1.547921200000e+01  6.590987296447e-02
 5.490813047409e+04  1.495468800000e+01  5.931231920592e-02
 5.490813716921e+04  1.498807700000e+01  5.954220720789e-02
 5.490814390288e+04  1.502384100000e+01  5.982126239745e-02
 5.490815053990e+04  1.507542900000e+01  6.065134617288e-02
 5.491916948400e+04  1.582088200000e+01  6.677961161881e-02
 5.491917557701e+04  1.581081200000e+01  6.666456072503e-02
 5.491918159678e+04  1.578672000000e+01  6.639443422140e-02
 5.491918755622e+04  1.573468800000e+01  6.579504698233e-02
 5.515143529145e+04  1.576104200000e+01  6.670496494376e-02
 5.515144699285e+04  1.574209000000e+01  6.638343216325e-02
 5.515145866465e+04  1.574504400000e+01  6.636279964678e-02
 5.515147047558e+04  1.575678400000e+01  6.646411643661e-02
 5.512148415212e+04  1.513153000000e+01  6.107354710139e-02
 5.512148903998e+04  1.517156800000e+01  6.133401346255e-02
 5.512149394186e+04  1.518754400000e+01  6.143646022505e-02
 5.512149882880e+04  1.525143500000e+01  6.190305003848e-02
 5.529416842745e+04  1.557223000000e+01  6.446560477953e-02
 5.529417352042e+04  1.559033000000e+01  6.468951499545e-02
 5.529417865668e+04  1.556929800000e+01  6.447894134939e-02
 5.529418375578e+04  1.560624200000e+01  6.480226194266e-02
 5.530117563979e+04  1.569533000000e+01  6.600811576902e-02
 5.530118242634e+04  1.563577700000e+01  6.535194854471e-02
 5.530118938219e+04  1.550992700000e+01  6.409159175176e-02
 5.530119627999e+04  1.542880500000e+01  6.334161843906e-02
 5.553341013339e+04  1.571588500000e+01  6.515435872283e-02
 5.553342065811e+04  1.572711100000e+01  6.552876602807e-02
 5.553342597424e+04  1.570338000000e+01  6.725937820258e-02
 5.523230658641e+04  1.502805300000e+01  7.097834888656e-02
 5.523231164963e+04  1.506699500000e+01  6.934795088933e-02
 5.523231679718e+04  1.508159600000e+01  6.951898847182e-02
 5.523232188019e+04  1.510043300000e+01  7.132701240168e-02
 5.520335526589e+04  1.566215800000e+01  6.505489046139e-02
 5.520335982456e+04  1.569845800000e+01  6.541616236064e-02
 5.520336441252e+04  1.567083000000e+01  6.513507417134e-02
 5.520336898337e+04  1.568211100000e+01  6.522823373407e-02
 5.527020683646e+04  1.514178200000e+01  6.068946399306e-02
 5.527021308100e+04  1.518013500000e+01  6.098382162883e-02
 5.527021936711e+04  1.519009000000e+01  6.109268952471e-02
 5.527022560769e+04  1.522755400000e+01  6.138484291706e-02
 5.532518299962e+04  1.529254400000e+01  6.234444133714e-02
 5.532519043010e+04  1.529467900000e+01  6.240581290478e-02
 5.532519787596e+04  1.533366300000e+01  6.284611305362e-02
 5.532520537876e+04  1.538247700000e+01  6.333185416215e-02
 5.550249899586e+04  1.501970300000e+01  6.157433239006e-02
 5.550251040200e+04  1.505812800000e+01  6.185934806081e-02
 5.550251609444e+04  1.508519000000e+01  6.210777936577e-02
 5.551249365873e+04  1.573743800000e+01  6.634687941000e-02
 5.551250870719e+04  1.573767200000e+01  6.632867295462e-02
 5.551251621396e+04  1.574569200000e+01  6.640834776617e-02
 5.567919472319e+04  1.570504400000e+01  6.396579122099e-02
 5.567920286159e+04  1.569643500000e+01  6.395523329462e-02
 5.567921110056e+04  1.568480500000e+01  6.389365680725e-02
 5.567921933791e+04  1.565090600000e+01  6.360384746255e-02
 5.559627667719e+04  1.489351400000e+01  5.731261794347e-02
 5.559628642550e+04  1.510879000000e+01  5.851963412949e-02
 5.559629615214e+04  1.504165300000e+01  5.812063523497e-02
 5.559630590624e+04  1.508969600000e+01  5.839816362579e-02
 5.560324254699e+04  1.551800300000e+01  6.159261218924e-02
 5.560325370150e+04  1.553613800000e+01  6.171834838424e-02
 5.560326491052e+04  1.557340100000e+01  6.201816809577e-02
 5.560327602198e+04  1.559000900000e+01  6.217861373459e-02
 5.561724873084e+04  1.515756100000e+01  6.114856920982e-02
 5.561725679118e+04  1.518269000000e+01  6.134781990069e-02
 5.561726486904e+04  1.522014700000e+01  6.164096774327e-02
 5.561727283113e+04  1.526516800000e+01  6.201145200985e-02
 5.556333733030e+04  1.528081500000e+01  6.253687676892e-02
 5.556334485448e+04  1.532854500000e+01  6.268281104948e-02
 5.556335270810e+04  1.532736300000e+01  6.267470984542e-02
 5.556336025687e+04  1.537546800000e+01  6.306312998066e-02
 5.557432672328e+04  1.572470000000e+01  6.692114438335e-02
 5.557433450631e+04  1.567955500000e+01  6.708731018329e-02
 5.557434237082e+04  1.560680700000e+01  6.758635309472e-02
 5.557435326432e+04  1.543478000000e+01  6.359267538008e-02
 5.558634572513e+04  1.568213900000e+01  6.703127948647e-02
 5.558635270186e+04  1.572878500000e+01  6.713918193844e-02
 5.558635959617e+04  1.566527000000e+01  6.602758978796e-02
 5.558636648721e+04  1.564060000000e+01  6.614445178564e-02
 5.558729358413e+04  1.569096300000e+01  6.607416121286e-02
 5.558730050057e+04  1.569606400000e+01  6.608940519796e-02
 5.558730746535e+04  1.569033800000e+01  6.600855915424e-02
 5.558731438667e+04  1.570495400000e+01  6.620844691752e-02
 5.562615609698e+04  1.565776600000e+01  6.769072384689e-02
 5.562616839000e+04  1.563717800000e+01  6.749679412536e-02
 5.562617409260e+04  1.565414900000e+01  6.748103496177e-02
 5.562617988352e+04  1.568735000000e+01  6.719202552652e-02
 5.564613832330e+04  1.572226000000e+01  6.704885551725e-02
 5.564614521877e+04  1.570888300000e+01  6.688028465435e-02
 5.564615212978e+04  1.572196100000e+01  6.703707662693e-02
 5.564615903454e+04  1.572272200000e+01  6.701944285168e-02
 5.569517246227e+04  1.557479000000e+01  6.936271149413e-02
 5.569518073678e+04  1.569070400000e+01  7.117725789783e-02
 5.569518899057e+04  1.565948100000e+01  7.104643766200e-02
 5.569519729839e+04  1.571136100000e+01  7.219339252703e-02
 5.586750564079e+04  1.508962700000e+01  6.030845455105e-02
 5.586751013292e+04  1.513839700000e+01  6.063847138739e-02
 5.586751467959e+04  1.516618600000e+01  6.082488592470e-02
 5.586751917715e+04  1.515915700000e+01  6.078653843803e-02
 5.585049656591e+04  1.480128200000e+01  6.494272752049e-02
 5.585050339059e+04  1.484505000000e+01  6.534234499101e-02
 5.585051019139e+04  1.489640200000e+01  6.577435345525e-02
 5.585051690251e+04  1.492207400000e+01  6.594906312326e-02
 5.592237076845e+04  1.482031900000e+01  5.859010747930e-02
 5.592237812412e+04  1.480431700000e+01  5.847502406083e-02
 5.592238542807e+04  1.482525200000e+01  5.859069579774e-02
 5.592239274679e+04  1.487295200000e+01  5.887034256670e-02
 5.594047569939e+04  1.522939200000e+01  6.149265485736e-02
 5.594048074348e+04  1.525148400000e+01  6.162334165272e-02
 5.594048582810e+04  1.535041500000e+01  6.244794516211e-02
 5.594049090593e+04  1.531050800000e+01  6.212024216584e-02
 5.596826739852e+04  1.555875000000e+01  6.436377302190e-02
 5.596827585838e+04  1.555093400000e+01  6.430942669599e-02
 5.596828426446e+04  1.557705400000e+01  6.456718280500e-02
 5.596829275127e+04  1.560806400000e+01  6.485566659371e-02
 5.598224650030e+04  1.510521000000e+01  5.845395609102e-02
 5.598225257505e+04  1.513772100000e+01  5.865476963575e-02
 5.598225872756e+04  1.519955600000e+01  5.903198450246e-02
 5.598226485069e+04  1.521142700000e+01  5.910787635109e-02
 5.598814811273e+04  1.541295200000e+01  6.320895074407e-02
 5.598815326021e+04  1.541611500000e+01  6.322785078338e-02
 5.598815835480e+04  1.548091500000e+01  6.381759782340e-02
 5.598816348874e+04  1.542911900000e+01  6.327539380334e-02
 5.601518699035e+04  1.492410200000e+01  5.953067675174e-02
 5.601519494759e+04  1.486538900000e+01  5.915447300886e-02
 5.601520282556e+04  1.482953800000e+01  5.889030846247e-02
 5.601521075022e+04  1.483105800000e+01  5.892301773010e-02
 5.603414012059e+04  1.551890300000e+01  1.249160658949e-01
 5.603414266934e+04  1.552125700000e+01  1.251613618925e-01
 5.603414532745e+04  1.547489600000e+01  1.226139976203e-01
 5.603414792314e+04  1.535685000000e+01  1.173725699495e-01
 5.603415090024e+04  1.523333000000e+01  6.174509604711e-02
 5.603415650270e+04  1.507466900000e+01  6.049744027286e-02
 5.603416226050e+04  1.493964200000e+01  5.957544563116e-02
 5.603416801012e+04  1.482059900000e+01  5.880754974711e-02
 5.603815913866e+04  1.518599000000e+01  5.937084094391e-02
 5.603816724163e+04  1.525871000000e+01  5.987815502982e-02
 5.603817535905e+04  1.531154600000e+01  6.028797704121e-02
 5.603818350390e+04  1.532670000000e+01  6.041931311827e-02
 5.606215445455e+04  1.568665300000e+01  6.562043509252e-02
 5.606216338715e+04  1.571169100000e+01  6.611053205647e-02
 5.606217198855e+04  1.571339100000e+01  6.619119820101e-02
 5.606218048564e+04  1.566063200000e+01  6.574702329063e-02
 5.606816343257e+04  1.515899600000e+01  6.121589031104e-02
 5.606816837390e+04  1.508859200000e+01  6.073286468915e-02
 5.606817348943e+04  1.502334400000e+01  6.027883521558e-02
 5.606817863888e+04  1.491774300000e+01  5.959948045156e-02
 5.621548599677e+04  1.467619200000e+01  5.817170453889e-02
 5.621549057087e+04  1.472083100000e+01  5.844002151129e-02
 5.621549507398e+04  1.475625600000e+01  5.862325256080e-02
 5.621549964019e+04  1.480417600000e+01  5.889705173925e-02
 5.622745841132e+04  1.582076900000e+01  7.135599456188e-02
 5.622746455838e+04  1.575878400000e+01  7.046200075546e-02
 5.622747058498e+04  1.575090100000e+01  7.028894623783e-02
 5.622747675091e+04  1.568277100000e+01  6.939483877420e-02
