# time mag mag_err
 5.346640079992e+04  1.532574500000e+01  6.109656561056e-02
 5.346640971135e+04  1.533314300000e+01  6.113399541386e-02
 5.346641865637e+04  1.535029000000e+01  6.129040096276e-02
 5.346642759431e+04  1.533068800000e+01  6.116469269923e-02
 5.348133896392e+04  1.497843000000e+01  5.907904144251e-02
 5.348134702000e+04  1.497696800000e+01  5.903241561796e-02
 5.348135509865e+04  1.502823900000e+01  5.932428927334e-02
 5.348136320286e+04  1.501874400000e+01  5.920112562818e-02
 5.355623425515e+04  1.482495800000e+01  5.840392757839e-02
 5.355624062677e+04  1.485912500000e+01  5.862907896574e-02
 5.355624703785e+04  1.489195700000e+01  5.883726901943e-02
 5.355625347729e+04  1.491891100000e+01  5.899361980686e-02
 5.356115783818e+04  1.534976000000e+01  6.217586890832e-02
 5.356116264815e+04  1.532993100000e+01  6.202021497484e-02
 5.356116746505e+04  1.528258900000e+01  6.158467331991e-02
 5.356117226436e+04  1.524408500000e+01  6.128818429759e-02
 5.352930021228e+04  1.455583600000e+01  5.671248700017e-02
 5.352930754529e+04  1.457922600000e+01  5.684479003079e-02
 5.352931487934e+04  1.460483400000e+01  5.698181911424e-02
 5.352932221361e+04  1.463689600000e+01  5.716287900855e-02
 5.349933901275e+04  1.542985800000e+01  6.237380444411e-02
 5.349934380604e+04  1.543210200000e+01  6.241378146032e-02
 5.349934861763e+04  1.543649300000e+01  6.246934197002e-02
 5.349935340663e+04  1.542849500000e+01  6.237916754138e-02
 5.350923376961e+04  1.506638000000e+01  5.981823128382e-02
 5.350924296566e+04  1.508091800000e+01  5.994471616695e-02
 5.350925219807e+04  1.514144300000e+01  6.035682808506e-02
 5.350926142734e+04  1.514783200000e+01  6.042606053837e-02
 5.352036888622e+04  1.514732400000e+01  6.359364400654e-02
 5.352037637872e+04  1.514449000000e+01  6.125685965831e-02
 5.352038391265e+04  1.516309500000e+01  6.137301821953e-02
 5.352039144972e+04  1.519998600000e+01  6.240145978487e-02
 5.382744941706e+04  1.490947900000e+01  5.908751435626e-02
 5.382745716144e+04  1.491453300000e+01  5.940446042393e-02
 5.382746476389e+04  1.490711600000e+01  5.932332197420e-02
 5.382747249634e+04  1.491152600000e+01  5.915132669653e-02
 5.384543112863e+04  1.529501900000e+01  6.232793761802e-02
 5.384544022862e+04  1.532615700000e+01  6.234567192340e-02
 5.384544937201e+04  1.529178400000e+01  6.229312657958e-02
 5.384545855002e+04  1.528762000000e+01  6.230626628589e-02
 5.385235418794e+04  1.493031400000e+01  5.930692774397e-02
 5.385236259819e+04  1.497757300000e+01  5.964056101209e-02
 5.385237102316e+04  1.499678800000e+01  5.975885921704e-02
 5.385237950240e+04  1.501277700000e+01  5.987378743710e-02
 5.393924433633e+04  1.507717500000e+01  6.235047432611e-02
 5.393924750443e+04  1.504941200000e+01  6.225893935114e-02
 5.393925067844e+04  1.501654800000e+01  6.209863679518e-02
 5.393925385174e+04  1.497566800000e+01  6.199350717680e-02
 5.390531048538e+04  1.547244800000e+01  1.026671005425e-01
 5.390531153554e+04  1.538924200000e+01  9.978331623291e-02
 5.390531256222e+04  1.546465000000e+01  1.024088579774e-01
 5.390531360544e+04  1.545745700000e+01  1.020664488557e-01
 5.381845113727e+04  1.511052200000e+01  6.040038776028e-02
 5.381846002314e+04  1.512638400000e+01  6.117029716017e-02
 5.381846894186e+04  1.512401400000e+01  6.070674151815e-02
 5.381847785955e+04  1.513527200000e+01  6.075433488680e-02
 5.385934775736e+04  1.470879200000e+01  5.803871070826e-02
 5.385935695932e+04  1.472665300000e+01  5.817568362330e-02
 5.385936613397e+04  1.471864100000e+01  5.814018815540e-02
 5.385937533824e+04  1.476134400000e+01  5.838934952354e-02
 5.386636696058e+04  1.487552200000e+01  8.505774247338e-02
 5.386636775969e+04  1.491916900000e+01  8.600736397237e-02
 5.386636853450e+04  1.494443500000e+01  8.675079865978e-02
 5.386636932424e+04  1.489053200000e+01  8.546993477452e-02
 5.387336648370e+04  1.527235100000e+01  6.665411061406e-02
 5.387337155722e+04  1.528272900000e+01  6.669307277843e-02
 5.387337662333e+04  1.526774700000e+01  6.646955968224e-02
 5.387338170414e+04  1.525078300000e+01  6.631468127390e-02
 5.387932624885e+04  1.527507700000e+01  6.173640889358e-02
 5.387933646814e+04  1.530127900000e+01  6.196417807732e-02
 5.387934669270e+04  1.528389800000e+01  6.181276968410e-02
 5.387935690686e+04  1.531258700000e+01  6.205393427717e-02
 5.399710471263e+04  1.503016800000e+01  5.899079539557e-02
 5.399711053954e+04  1.504381800000e+01  5.912460207351e-02
 5.399711638612e+04  1.504352700000e+01  5.915062994450e-02
 5.399712222902e+04  1.520236100000e+01  6.028530117448e-02
 5.419742629431e+04  1.487078200000e+01  5.827304233032e-02
 5.419743166390e+04  1.485621600000e+01  5.818731401550e-02
 5.419743704335e+04  1.484525200000e+01  5.812281697791e-02
 5.419744241178e+04  1.483188700000e+01  5.803901306951e-02
 5.421444122929e+04  1.527902500000e+01  6.102903900184e-02
 5.421444768726e+04  1.528303600000e+01  6.107692548555e-02
 5.421445415598e+04  1.529340100000e+01  6.115896349450e-02
 5.421446064659e+04  1.527710000000e+01  6.102582059996e-02
 5.411753170928e+04  1.474100700000e+01  5.738586549687e-02
 5.411753849851e+04  1.477411100000e+01  5.755650028037e-02
 5.411754517002e+04  1.480395800000e+01  5.770512603782e-02
 5.411755201597e+04  1.482976500000e+01  5.785450642750e-02
 5.426428428486e+04  1.485821700000e+01  5.843342588079e-02
 5.426429179809e+04  1.487365500000e+01  5.852831337485e-02
 5.426429930969e+04  1.489525900000e+01  5.868682181050e-02
 5.426430678633e+04  1.490991000000e+01  5.877814387930e-02
 5.427130282821e+04  1.478422700000e+01  5.829322870018e-02
 5.427131030277e+04  1.476983200000e+01  5.822693830652e-02
 5.427131778635e+04  1.474219300000e+01  5.809898144735e-02
 5.427132527017e+04  1.473918400000e+01  5.811432422343e-02
 5.417247442194e+04  1.526461900000e+01  6.072668728934e-02
 5.417248309461e+04  1.528003500000e+01  6.082950542143e-02
 5.417249179203e+04  1.528289700000e+01  6.084038339387e-02
 5.417250051132e+04  1.528107000000e+01  6.081337151874e-02
 5.418546628522e+04  1.511565700000e+01  5.985119385119e-02
 5.418547499606e+04  1.511618300000e+01  5.986573708506e-02
 5.418548368446e+04  1.513336100000e+01  5.993818235495e-02
 5.418549236742e+04  1.518313900000e+01  6.025395709607e-02
 5.424139656740e+04  1.538568200000e+01  6.249933618438e-02
 5.424140519271e+04  1.539545400000e+01  6.262522282200e-02
 5.424141384684e+04  1.532820400000e+01  6.212398277474e-02
 5.424142249890e+04  1.527553600000e+01  6.173197958482e-02
 5.438808375747e+04  1.522529600000e+01  6.492581430226e-02
 5.438808753913e+04  1.523295700000e+01  6.504397287855e-02
 5.438809135818e+04  1.525111000000e+01  6.533215310912e-02
 5.438809515132e+04  1.525063400000e+01  6.537315052162e-02
 5.434616307189e+04  1.536426700000e+01  6.220357811848e-02
 5.434616848523e+04  1.537055200000e+01  6.224128140351e-02
 5.434617390517e+04  1.535443800000e+01  6.216323794189e-02
 5.434617932409e+04  1.534158900000e+01  6.211296524834e-02
 5.435512636498e+04  1.521847800000e+01  6.080328438345e-02
 5.435513171166e+04  1.525957800000e+01  6.113744748426e-02
 5.435513703147e+04  1.526328900000e+01  6.087211417596e-02
 5.435514236924e+04  1.525529000000e+01  6.117975027284e-02
 5.456645711021e+04  1.479185400000e+01  5.785771949247e-02
 5.456646240781e+04  1.481518100000e+01  5.792571767062e-02
 5.456646773771e+04  1.481326600000e+01  5.802461103557e-02
 5.456647307200e+04  1.481749300000e+01  5.798958590550e-02
 5.457139074559e+04  1.537499800000e+01  6.145241839635e-02
 5.457139734465e+04  1.540294500000e+01  6.166840494107e-02
 5.457140394660e+04  1.538905500000e+01  6.152891383264e-02
 5.457141048303e+04  1.533802900000e+01  6.112043732775e-02
 5.458044291303e+04  1.534883400000e+01  6.169831370409e-02
 5.458044945317e+04  1.538165700000e+01  6.195313983454e-02
 5.458045598395e+04  1.534517900000e+01  6.167650883520e-02
 5.458046257131e+04  1.534523900000e+01  6.173289445416e-02
 5.450449486189e+04  1.534413000000e+01  6.009770439214e-02
 5.450450335954e+04  1.537320800000e+01  6.022452150894e-02
 5.450451193230e+04  1.535364100000e+01  6.008650004131e-02
 5.450452056907e+04  1.534668700000e+01  6.000679935752e-02
 5.452347000426e+04  1.483402900000e+01  5.779958031234e-02
 5.452347915309e+04  1.491278400000e+01  5.818873884779e-02
 5.452348830007e+04  1.492549800000e+01  5.824622545615e-02
 5.452349750030e+04  1.496567500000e+01  5.852831337485e-02
 5.447552270690e+04  1.528544100000e+01  6.107116739761e-02
 5.447552874655e+04  1.529816000000e+01  6.112293839973e-02
 5.447553481387e+04  1.532102000000e+01  6.128690917140e-02
 5.447554080709e+04  1.532601500000e+01  6.128305100444e-02
 5.448350228510e+04  1.500135100000e+01  6.196276317252e-02
 5.448350740075e+04  1.499652000000e+01  6.239735839621e-02
 5.448351265934e+04  1.501740300000e+01  6.251648792293e-02
 5.448351779524e+04  1.503456600000e+01  6.261483519386e-02
 5.464824894730e+04  1.529626700000e+01  6.217233135085e-02
 5.464825642788e+04  1.533726900000e+01  6.266861971758e-02
 5.464826388682e+04  1.535523100000e+01  6.285850901049e-02
 5.464827141068e+04  1.533806800000e+01  6.278249751264e-02
 5.462328592566e+04  1.511361100000e+01  5.778052933568e-02
 5.462329536096e+04  1.514381000000e+01  5.795330120695e-02
 5.462330409103e+04  1.517136400000e+01  5.811477942019e-02
 5.462331288626e+04  1.518525900000e+01  5.823448022413e-02
 5.452944047047e+04  1.462301400000e+01  5.676328951147e-02
 5.452945138062e+04  1.462712400000e+01  5.676635193761e-02
 5.452946229957e+04  1.466427700000e+01  5.692393963490e-02
 5.452947323947e+04  1.469065500000e+01  5.703136059613e-02
 5.455631846270e+04  1.487057400000e+01  5.866960069439e-02
 5.455633374541e+04  1.490483000000e+01  5.894346481299e-02
 5.455634280800e+04  1.491027000000e+01  6.145730915704e-02
 5.455635188356e+04  1.494644200000e+01  5.897156738449e-02
 5.458734539959e+04  1.514738500000e+01  5.989947978071e-02
 5.458735083794e+04  1.513085400000e+01  5.977227476567e-02
 5.458735630106e+04  1.514405700000e+01  5.985797500263e-02
 5.458736173304e+04  1.514312500000e+01  5.987578352248e-02
 5.459928321351e+04  1.483430300000e+01  5.844384559100e-02
 5.459928973432e+04  1.483900400000e+01  5.842728238476e-02
 5.459929624031e+04  1.487112100000e+01  5.831983016821e-02
 5.459930275279e+04  1.487772400000e+01  5.861241988609e-02
 5.471516723588e+04  1.488270700000e+01  5.853347577280e-02
 5.471517364464e+04  1.483970200000e+01  5.830177387348e-02
 5.471518007749e+04  1.479031100000e+01  5.808399212412e-02
 5.471518651079e+04  1.472919600000e+01  5.778456917400e-02
 5.473712305396e+04  1.500449900000e+01  6.307880482529e-02
 5.473712750337e+04  1.501228800000e+01  6.326689567201e-02
 5.473713188437e+04  1.503725700000e+01  6.353894475111e-02
 5.473713633321e+04  1.507148900000e+01  6.413900095221e-02
 5.492440023441e+04  1.514868800000e+01  6.006229969872e-02
 5.492440573132e+04  1.513325400000e+01  6.000258757458e-02
 5.506221327303e+04  1.539143600000e+01  6.733195205042e-02
 5.506221819237e+04  1.538302600000e+01  6.723937189089e-02
 5.506222304069e+04  1.539194200000e+01  6.733452559231e-02
 5.506222782844e+04  1.538144500000e+01  6.731210637708e-02
 5.486451465796e+04  1.423852700000e+01  5.489898231537e-02
 5.486452181503e+04  1.427839900000e+01  5.487433815512e-02
 5.486452909155e+04  1.433096400000e+01  5.523234587388e-02
 5.486453631807e+04  1.439818900000e+01  5.550232890831e-02
 5.503925032896e+04  1.495060100000e+01  5.933397782590e-02
 5.503925823965e+04  1.498855100000e+01  6.001011455588e-02
 5.503926603103e+04  1.500630200000e+01  6.006977009691e-02
 5.503927388078e+04  1.503467900000e+01  6.008974301489e-02
 5.499528488353e+04  1.513111600000e+01  6.019243455978e-02
 5.499529074494e+04  1.516347000000e+01  6.001631572057e-02
 5.499529589972e+04  1.514136000000e+01  5.992744024086e-02
 5.499532349685e+04  1.530383200000e+01  6.215768625271e-02
 5.499630006542e+04  1.513029200000e+01  5.996921278806e-02
 5.499630664684e+04  1.512479700000e+01  5.995488986105e-02
 5.499631320587e+04  1.515217200000e+01  6.015032318823e-02
 5.499631980168e+04  1.512800300000e+01  5.999184488590e-02
 5.500431077040e+04  1.489346500000e+01  5.850515785535e-02
 5.500431745823e+04  1.491384400000e+01  5.865658361103e-02
 5.500432415892e+04  1.493689900000e+01  5.882900428888e-02
 5.500433073529e+04  1.494421100000e+01  5.888579258925e-02
 5.489149690832e+04  1.510117900000e+01  5.932913079162e-02
 5.489150476253e+04  1.513682400000e+01  5.954975730240e-02
 5.489151270436e+04  1.516430200000e+01  5.971871172794e-02
 5.489152057247e+04  1.515849600000e+01  5.969876181604e-02
 5.491748325781e+04  1.529944700000e+01  6.503095910346e-02
 5.491748767493e+04  1.525202800000e+01  6.450080006483e-02
 5.491749193453e+04  1.527257400000e+01  6.476796610015e-02
 5.491749631669e+04  1.528538700000e+01  6.485030542156e-02
 5.497023765244e+04  1.535850900000e+01  7.181691703209e-02
 5.498135321774e+04  1.520936400000e+01  6.072171562147e-02
 5.498137520356e+04  1.512782200000e+01  6.015244480105e-02
 5.509011367610e+04  1.531539500000e+01  6.181433099055e-02
 5.509012013873e+04  1.531745200000e+01  6.188704800141e-02
 5.509012620051e+04  1.529504900000e+01  6.178867208148e-02
 5.509910026046e+04  1.529609000000e+01  6.595206965048e-02
 5.509910612947e+04  1.531200200000e+01  6.621636369995e-02
 5.509911185337e+04  1.527306500000e+01  6.591760612943e-02
 5.509911774918e+04  1.532519900000e+01  6.653336663809e-02
 5.529546851711e+04  1.522284200000e+01  6.060545704431e-02
 5.529547138281e+04  1.523447300000e+01  6.069279528524e-02
 5.529547429429e+04  1.522925600000e+01  6.066668096208e-02
 5.529547716434e+04  1.522557100000e+01  6.065025443137e-02
 5.530337710199e+04  1.467699700000e+01  5.771005723820e-02
 5.530338581899e+04  1.470630900000e+01  5.787937572671e-02
 5.530339452777e+04  1.474566200000e+01  5.804540572421e-02
 5.530340323895e+04  1.478403600000e+01  5.827324622920e-02
 5.538221576446e+04  1.521330400000e+01  6.081077913880e-02
 5.538222418920e+04  1.514528700000e+01  6.030116229532e-02
 5.538223271314e+04  1.506410400000e+01  5.976540356986e-02
 5.538224126417e+04  1.503486200000e+01  5.953566419696e-02
 5.534930030471e+04  1.532941100000e+01  6.166367166120e-02
 5.534930659432e+04  1.532724400000e+01  6.160752569682e-02
 5.534931288928e+04  1.532039800000e+01  6.151120825702e-02
 5.534931923439e+04  1.530312600000e+01  6.136442275596e-02
 5.535630683123e+04  1.533505500000e+01  6.260347791541e-02
 5.535631601551e+04  1.532409700000e+01  6.146609699912e-02
 5.535632527074e+04  1.534925300000e+01  6.168005847145e-02
 5.535633455792e+04  1.535178100000e+01  6.172013716064e-02
 5.536330737943e+04  1.524700700000e+01  6.102365459993e-02
 5.536331244867e+04  1.526818400000e+01  6.122324204081e-02
 5.536331766582e+04  1.527605700000e+01  6.127762061755e-02
 5.536332286133e+04  1.528101100000e+01  6.135774785710e-02
 5.536815288773e+04  1.458849300000e+01  5.686076340885e-02
 5.536815792411e+04  1.462340900000e+01  5.708589358446e-02
 5.536816305654e+04  1.465347100000e+01  5.724963335849e-02
 5.536816819311e+04  1.467257000000e+01  5.734220964560e-02
 5.527249857138e+04  1.483436100000e+01  5.783732113673e-02
 5.527250554375e+04  1.484742500000e+01  5.793006055468e-02
 5.527251251973e+04  1.486905000000e+01  5.804969980082e-02
 5.527251944750e+04  1.489120900000e+01  5.821496943357e-02
 5.532334232038e+04  1.524695200000e+01  6.077450913242e-02
 5.532334976035e+04  1.526169600000e+01  6.086517191297e-02
 5.532335732750e+04  1.524916700000e+01  6.076936705389e-02
 5.532336479308e+04  1.525286200000e+01  6.079695602128e-02
 5.533236679718e+04  1.520104100000e+01  6.049744027286e-02
 5.533237361812e+04  1.520261300000e+01  6.052580249200e-02
 5.533238054036e+04  1.521328600000e+01  6.064162086075e-02
 5.533238748794e+04  1.521399700000e+01  6.064677576701e-02
 5.533923781947e+04  1.474392700000e+01  5.799981601403e-02
 5.533924345264e+04  1.473288900000e+01  5.789554955135e-02
 5.533924920304e+04  1.475184400000e+01  5.796377453198e-02
 5.533925490763e+04  1.474745000000e+01  5.794984787291e-02
 5.545612555022e+04  1.513620800000e+01  6.017726090851e-02
 5.545614040920e+04  1.501279000000e+01  5.943572586765e-02
 5.545614785994e+04  1.495751000000e+01  5.912846307732e-02
 5.567544535094e+04  1.505218300000e+01  6.216057988753e-02
 5.567545142243e+04  1.503361700000e+01  6.208227486094e-02
 5.567545757448e+04  1.507186000000e+01  6.240954688523e-02
 5.567546369135e+04  1.511284100000e+01  6.282649802055e-02
 5.563049371182e+04  1.520976300000e+01  6.118783978500e-02
 5.563050143580e+04  1.522482700000e+01  6.132321855459e-02
 5.563050927774e+04  1.519774600000e+01  6.173073547565e-02
 5.563051708744e+04  1.524676200000e+01  6.201395985142e-02
 5.565041360516e+04  1.533558900000e+01  6.230492282064e-02
 5.565042150626e+04  1.533475300000e+01  6.232148018905e-02
 5.565042954014e+04  1.537678700000e+01  6.257129599300e-02
 5.565043758372e+04  1.537455000000e+01  6.269712527880e-02
 5.568435786050e+04  1.526028700000e+01  5.912137338017e-02
 5.568436756956e+04  1.522842700000e+01  5.894203932848e-02
 5.568437734946e+04  1.516798000000e+01  5.857989663670e-02
 5.568438704395e+04  1.511330000000e+01  5.823901256250e-02
 5.582510720270e+04  1.554355800000e+01  6.070170068800e-02
 5.582511475793e+04  1.535595500000e+01  5.944037879103e-02
 5.582512225200e+04  1.521796300000e+01  5.859522209719e-02
 5.582512986280e+04  1.505277500000e+01  5.766335865589e-02
 5.598844346595e+04  1.542818700000e+01  6.255934460363e-02
 5.598845058726e+04  1.544018800000e+01  6.265489693730e-02
 5.598845773264e+04  1.544064400000e+01  6.261479229942e-02
 5.598846492322e+04  1.545810600000e+01  6.277407489001e-02
 5.601247363035e+04  1.474105900000e+01  5.808758822913e-02
 5.601247935448e+04  1.478184800000e+01  5.832271347557e-02
 5.601248514672e+04  1.480329900000e+01  5.848516199033e-02
 5.601249093132e+04  1.482215800000e+01  5.858935335318e-02
 5.603645077002e+04  1.525528000000e+01  6.181462791602e-02
 5.603645526191e+04  1.524880300000e+01  6.333702702633e-02
 5.603646199524e+04  1.524816500000e+01  6.174476576558e-02
 5.603646688206e+04  1.526368500000e+01  6.148741601859e-02
 5.604629531001e+04  1.522198800000e+01  5.912886249741e-02
 5.604630554431e+04  1.495472300000e+01  5.748222711806e-02
 5.604631581000e+04  1.467582200000e+01  5.608446961604e-02
 5.604632608588e+04  1.455592700000e+01  5.555378901913e-02
 5.608739020810e+04  1.479715500000e+01  5.782469237287e-02
 5.608739517559e+04  1.481098300000e+01  5.790030209627e-02
 5.608740032271e+04  1.483141600000e+01  5.807750105191e-02
 5.608740548303e+04  1.485956600000e+01  5.823235034302e-02
 5.609729921922e+04  1.530421900000e+01  6.138871033128e-02
 5.609730702645e+04  1.534012200000e+01  6.166067526882e-02
 5.609731499391e+04  1.533782400000e+01  6.167220200812e-02
 5.609732280565e+04  1.534348400000e+01  6.179540874373e-02
 5.616716588828e+04  1.543740200000e+01  5.960215408847e-02
 5.616717247602e+04  1.545466000000e+01  5.981864994292e-02
 5.616717923544e+04  1.540941600000e+01  5.955971204812e-02
 5.616718589271e+04  1.544326100000e+01  5.988287691488e-02
 5.619010949574e+04  1.448370700000e+01  5.679914088374e-02
 5.619011457100e+04  1.452336300000e+01  5.700979135091e-02
 5.619011978122e+04  1.457747000000e+01  5.734615813594e-02
 5.619012495219e+04  1.455895600000e+01  5.725076893984e-02
