# time mag mag_err
 5.346935352221e+04  1.539037000000e+01  6.245371578723e-02
 5.346936161023e+04  1.541997900000e+01  6.277633429864e-02
 5.346936970102e+04  1.543974500000e+01  6.295170025046e-02
 5.346937784031e+04  1.544906700000e+01  6.306303625783e-02
 5.373151748600e+04  1.556667900000e+01  6.406323070226e-02
 5.373152335538e+04  1.557954700000e+01  6.416133128350e-02
 5.373152925475e+04  1.558743500000e+01  6.423214178412e-02
 5.373153513015e+04  1.559126700000e+01  6.427955014304e-02
 5.355719039830e+04  1.511736500000e+01  6.074870263289e-02
 5.355719644918e+04  1.515570500000e+01  6.108430167684e-02
 5.355720244508e+04  1.518959000000e+01  6.138922397866e-02
 5.355720839874e+04  1.519410800000e+01  6.141483533868e-02
 5.352419694532e+04  1.498888500000e+01  5.942409246774e-02
 5.352420340120e+04  1.498634300000e+01  5.938857784843e-02
 5.352420984017e+04  1.500356500000e+01  5.948396750317e-02
 5.352421632244e+04  1.501996500000e+01  5.964214675002e-02
 5.350728552330e+04  1.517675700000e+01  6.094120638026e-02
 5.350729317206e+04  1.517679800000e+01  6.083673474774e-02
 5.350730083344e+04  1.517638700000e+01  6.098322139401e-02
 5.350730842769e+04  1.519569100000e+01  6.156422452093e-02
 5.382732443191e+04  1.549894200000e+01  6.385207693088e-02
 5.382733475477e+04  1.551452100000e+01  6.396226990060e-02
 5.382734494057e+04  1.555324300000e+01  6.434935012216e-02
 5.382735515821e+04  1.557461500000e+01  6.457965845086e-02
 5.383334008183e+04  1.488758700000e+01  6.060130994979e-02
 5.383335929124e+04  1.497932800000e+01  6.128845313120e-02
 5.383341091301e+04  1.520630500000e+01  6.329082592705e-02
 5.383342018986e+04  1.524980100000e+01  6.373641830662e-02
 5.385025701144e+04  1.563469900000e+01  6.522962034819e-02
 5.385026425508e+04  1.563085800000e+01  6.520853782305e-02
 5.385027135856e+04  1.556790200000e+01  6.456116294246e-02
 5.385027844699e+04  1.547323100000e+01  6.366816920433e-02
 5.376741061576e+04  1.575039900000e+01  6.612029271167e-02
 5.376741841326e+04  1.572159400000e+01  6.576156685261e-02
 5.376742620323e+04  1.569714300000e+01  6.549216722043e-02
 5.376743407226e+04  1.570654000000e+01  6.552807625009e-02
 5.379039816450e+04  1.544356900000e+01  6.304856566756e-02
 5.379040690880e+04  1.543791100000e+01  6.299311301812e-02
 5.379041569002e+04  1.547119800000e+01  6.327447569239e-02
 5.379042451211e+04  1.546315400000e+01  6.318473293052e-02
 5.390525294884e+04  1.567701100000e+01  1.120777442842e-01
 5.390525402250e+04  1.563592500000e+01  1.105305773856e-01
 5.390525507661e+04  1.569660200000e+01  1.129994544072e-01
 5.390525610478e+04  1.565740800000e+01  1.116534989366e-01
 5.380044999175e+04  1.513817400000e+01  6.254775946533e-02
 5.380047867824e+04  1.518486100000e+01  6.501503297855e-02
 5.380048407723e+04  1.517696000000e+01  6.330547433608e-02
 5.380048932241e+04  1.520634300000e+01  6.292885170317e-02
 5.380330775384e+04  1.517674100000e+01  6.491252956552e-02
 5.380331485697e+04  1.517060600000e+01  6.479058359092e-02
 5.380332217424e+04  1.520018000000e+01  6.507781150384e-02
 5.380332940712e+04  1.520860700000e+01  6.510709396313e-02
 5.381931029238e+04  1.528076000000e+01  6.323413220592e-02
 5.381931688773e+04  1.530622300000e+01  6.247836935301e-02
 5.381932349918e+04  1.534289700000e+01  6.252894152356e-02
 5.381933007578e+04  1.535318600000e+01  6.316326961313e-02
 5.385833067866e+04  1.510080400000e+01  6.101605000747e-02
 5.385833882131e+04  1.510745600000e+01  6.105601655712e-02
 5.385928138821e+04  1.561524600000e+01  6.559022974164e-02
 5.385928950100e+04  1.568035500000e+01  6.624284091018e-02
 5.385929759653e+04  1.566174800000e+01  6.600161119673e-02
 5.385930565307e+04  1.562546200000e+01  6.533020999752e-02
 5.387830431875e+04  1.545049900000e+01  6.372296678093e-02
 5.387831026060e+04  1.542467900000e+01  6.347673653524e-02
 5.387831618485e+04  1.547197500000e+01  6.394961063938e-02
 5.387832213700e+04  1.545396400000e+01  6.380137995103e-02
 5.420434645216e+04  1.537060400000e+01  6.200393552270e-02
 5.420435316280e+04  1.538995100000e+01  6.213190550715e-02
 5.420435989624e+04  1.536453000000e+01  6.192687796893e-02
 5.420436658373e+04  1.542178100000e+01  6.242409197028e-02
 5.443750400659e+04  1.560998200000e+01  6.424329408092e-02
 5.443750730688e+04  1.556115000000e+01  6.369827995792e-02
 5.443751059627e+04  1.561340400000e+01  6.415507007235e-02
 5.443751388150e+04  1.560986000000e+01  6.411341961655e-02
 5.411745012039e+04  1.511315700000e+01  5.979496051901e-02
 5.411745714644e+04  1.512596900000e+01  5.985397482913e-02
 5.411746413648e+04  1.513462500000e+01  5.988320158389e-02
 5.411747111576e+04  1.515592200000e+01  6.002126161916e-02
 5.425822105669e+04  1.540347500000e+01  6.238234628701e-02
 5.425822800762e+04  1.544350700000e+01  6.267854079046e-02
 5.425823499419e+04  1.549239400000e+01  6.316203756034e-02
 5.425824194488e+04  1.546441100000e+01  6.287444609106e-02
 5.427621968162e+04  1.511000300000e+01  6.048762462675e-02
 5.427622725931e+04  1.514136400000e+01  6.073436513637e-02
 5.427623483064e+04  1.515930300000e+01  6.091833761211e-02
 5.427624242905e+04  1.513869500000e+01  6.079087905054e-02
 5.417535184744e+04  1.523233400000e+01  6.079166850807e-02
 5.417535830054e+04  1.520574500000e+01  6.057171144665e-02
 5.417536476625e+04  1.526961200000e+01  6.106631542923e-02
 5.417537119412e+04  1.526014400000e+01  6.095858547098e-02
 5.423127000804e+04  1.565891200000e+01  6.497484206148e-02
 5.423127647862e+04  1.559799400000e+01  6.437325257118e-02
 5.423128291529e+04  1.565328900000e+01  6.491850762221e-02
 5.423128934442e+04  1.565570100000e+01  6.495436478328e-02
 5.424524303159e+04  1.548815300000e+01  6.352597687469e-02
 5.424525224999e+04  1.549695100000e+01  6.362522915979e-02
 5.424526146560e+04  1.554072800000e+01  6.406807749649e-02
 5.424527082209e+04  1.555508400000e+01  6.419880128668e-02
 5.456628446043e+04  1.574400400000e+01  6.589712542702e-02
 5.456628873494e+04  1.577561500000e+01  6.637384830908e-02
 5.456629303295e+04  1.570885600000e+01  6.553725656162e-02
 5.456629731373e+04  1.574892100000e+01  6.589210609645e-02
 5.457128933593e+04  1.555706000000e+01  6.348318862898e-02
 5.457129674925e+04  1.557648900000e+01  6.366486695031e-02
 5.457130413411e+04  1.559274900000e+01  6.379579072235e-02
 5.457131154536e+04  1.561359100000e+01  6.397354564154e-02
 5.458531392485e+04  1.533413900000e+01  6.164989363374e-02
 5.458532063595e+04  1.536902800000e+01  6.194067740855e-02
 5.458532732944e+04  1.541626600000e+01  6.234034137273e-02
 5.458533399749e+04  1.543353200000e+01  6.249815491330e-02
 5.449747870405e+04  1.545927600000e+01  6.194669545274e-02
 5.449748491084e+04  1.543318500000e+01  6.207688351043e-02
 5.449749097284e+04  1.544697300000e+01  6.220193970097e-02
 5.449749704559e+04  1.545014500000e+01  6.221137810036e-02
 5.450743331866e+04  1.552720100000e+01  6.403768481081e-02
 5.450744186885e+04  1.555571400000e+01  6.451320568015e-02
 5.450745039764e+04  1.555690000000e+01  6.602506887705e-02
 5.450745887132e+04  1.555847400000e+01  6.932591656785e-02
 5.451439538851e+04  1.493080800000e+01  5.884919890766e-02
 5.451440196013e+04  1.493874500000e+01  5.913573407994e-02
 5.451440855294e+04  1.500892400000e+01  5.956908480135e-02
 5.451441511044e+04  1.502577400000e+01  5.961841799919e-02
 5.448045640262e+04  1.531649100000e+01  6.121053173253e-02
 5.448046352948e+04  1.536154700000e+01  6.152947676969e-02
 5.448047068539e+04  1.536155600000e+01  6.151689307244e-02
 5.448047780831e+04  1.536477000000e+01  6.150942015647e-02
 5.462525718132e+04  1.549167400000e+01  6.330649406126e-02
 5.462526431490e+04  1.545498300000e+01  6.302986840067e-02
 5.462527158146e+04  1.548031700000e+01  6.326805386984e-02
 5.462527878355e+04  1.549746000000e+01  6.345981458398e-02
 5.452838272865e+04  1.563232400000e+01  6.396817623843e-02
 5.452838935420e+04  1.565521900000e+01  6.414518938842e-02
 5.452839600674e+04  1.561398500000e+01  6.377905375559e-02
 5.452840270440e+04  1.561309800000e+01  6.374101250467e-02
 5.453635894471e+04  1.548570300000e+01  6.021722489086e-02
 5.453636564470e+04  1.540771100000e+01  5.963635026611e-02
 5.453637237953e+04  1.537963500000e+01  5.948205016766e-02
 5.453637909931e+04  1.535910400000e+01  5.930432137301e-02
 5.459227916345e+04  1.543811100000e+01  6.277535981287e-02
 5.459228889206e+04  1.540671100000e+01  6.251653006935e-02
 5.459229862090e+04  1.546742800000e+01  6.320489161692e-02
 5.459230834477e+04  1.539977500000e+01  6.265446323973e-02
 5.460018842046e+04  1.543316300000e+01  6.280432123194e-02
 5.460019539569e+04  1.545556700000e+01  6.296954982558e-02
 5.460020237394e+04  1.548379700000e+01  6.323681934329e-02
 5.460020935079e+04  1.543074500000e+01  6.273052226600e-02
 5.494435866262e+04  1.521734200000e+01  6.088463514361e-02
 5.494436755162e+04  1.519103300000e+01  6.071878322423e-02
 5.494437643958e+04  1.522701100000e+01  6.102327275591e-02
 5.494438534141e+04  1.525566900000e+01  6.126156591508e-02
 5.486738893133e+04  1.556828100000e+01  6.576527831653e-02
 5.486739700859e+04  1.555985700000e+01  6.566202101708e-02
 5.486740514707e+04  1.552238600000e+01  6.525057052284e-02
 5.486741333035e+04  1.558255100000e+01  6.585692426608e-02
 5.488942913027e+04  1.534848700000e+01  6.126600955860e-02
 5.488943706006e+04  1.543956200000e+01  6.204721273931e-02
 5.488944490744e+04  1.542987900000e+01  6.193934528242e-02
 5.488945287890e+04  1.547124300000e+01  6.227681601796e-02
 5.486052301074e+04  1.533334700000e+01  6.102582059996e-02
 5.486052793436e+04  1.535270800000e+01  6.119439236378e-02
 5.486053285995e+04  1.532253300000e+01  6.095786249345e-02
 5.486053772270e+04  1.533764000000e+01  6.107814895618e-02
 5.504218098509e+04  1.570272500000e+01  7.243752520976e-02
 5.504218696063e+04  1.574791400000e+01  7.400247361853e-02
 5.498319928455e+04  1.554206200000e+01  6.338054281464e-02
 5.498320517847e+04  1.555777700000e+01  6.353359218192e-02
 5.498321120630e+04  1.550903800000e+01  6.312448480732e-02
 5.498321716793e+04  1.551270000000e+01  6.315611697247e-02
 5.500126695785e+04  1.559114000000e+01  6.505077794330e-02
 5.500127185313e+04  1.560161300000e+01  6.521663277034e-02
 5.500127665036e+04  1.559622000000e+01  6.527583788654e-02
 5.500128147781e+04  1.565925000000e+01  6.592746687738e-02
 5.491835013441e+04  1.541732900000e+01  6.219004536137e-02
 5.491835561479e+04  1.544240600000e+01  6.242804653805e-02
 5.491836111610e+04  1.542841000000e+01  6.231107491571e-02
 5.491836663850e+04  1.537292500000e+01  6.183451488787e-02
 5.496424344385e+04  1.530419900000e+01  6.144590485689e-02
 5.496424950897e+04  1.530687400000e+01  6.144974972068e-02
 5.496425549564e+04  1.526845300000e+01  6.114419566697e-02
 5.496426156390e+04  1.532641000000e+01  6.153183572369e-02
 5.529040510631e+04  1.555235800000e+01  6.370082214980e-02
 5.529041318238e+04  1.551736800000e+01  6.342963525051e-02
 5.529042131377e+04  1.554109200000e+01  6.368434375370e-02
 5.529042949406e+04  1.554662900000e+01  6.376105139011e-02
 5.529928542507e+04  1.509673700000e+01  5.978575488947e-02
 5.529929238742e+04  1.510368400000e+01  5.985218675506e-02
 5.529929937770e+04  1.506843300000e+01  5.957934097902e-02
 5.529930632354e+04  1.507986800000e+01  5.967420091850e-02
 5.524239779773e+04  1.555317400000e+01  6.390432314182e-02
 5.524240479553e+04  1.554426000000e+01  6.373808833582e-02
 5.524241179983e+04  1.563383300000e+01  6.459976538908e-02
 5.524241875228e+04  1.562969000000e+01  6.448253099315e-02
 5.520851595299e+04  1.501032700000e+01  5.924536467513e-02
 5.520852318330e+04  1.500369700000e+01  5.917159971857e-02
 5.520853041479e+04  1.502878900000e+01  5.933320633743e-02
 5.520853767032e+04  1.502920500000e+01  5.933757277328e-02
 5.537023101700e+04  1.530221500000e+01  6.169453450805e-02
 5.537023555821e+04  1.530263900000e+01  6.166547780343e-02
 5.537024018576e+04  1.530020700000e+01  6.172357027151e-02
 5.537024482604e+04  1.527490800000e+01  6.150987619689e-02
 5.527134419205e+04  1.558896700000e+01  6.391468685707e-02
 5.527135116821e+04  1.563387600000e+01  6.424646780353e-02
 5.527135809815e+04  1.568949800000e+01  6.478410480638e-02
 5.527136503961e+04  1.561205200000e+01  6.400815033473e-02
 5.532329601694e+04  1.547175600000e+01  6.279106629154e-02
 5.532330221610e+04  1.547008000000e+01  6.279648893730e-02
 5.532330856921e+04  1.545310700000e+01  6.267309916092e-02
 5.532331490670e+04  1.544085300000e+01  6.253577291559e-02
 5.533725666931e+04  1.509660300000e+01  6.003605495437e-02
 5.533726468966e+04  1.512747800000e+01  6.027837199418e-02
 5.533727281549e+04  1.514608300000e+01  6.037994980111e-02
 5.533728079042e+04  1.516880800000e+01  6.060341213965e-02
 5.565635545499e+04  1.564748200000e+01  6.217153657206e-02
 5.565636169373e+04  1.559784100000e+01  6.176962064388e-02
 5.565636796590e+04  1.564578600000e+01  6.215233822129e-02
 5.565637426471e+04  1.562003700000e+01  6.194776289571e-02
 5.566433701098e+04  1.556043700000e+01  6.179144695607e-02
 5.566434578574e+04  1.549469700000e+01  6.127467382634e-02
 5.566435458388e+04  1.544524400000e+01  6.089315533565e-02
 5.566436469005e+04  1.531787700000e+01  5.995887967387e-02
 5.567619808859e+04  1.561865100000e+01  6.931736955587e-02
 5.567620561893e+04  1.558680300000e+01  6.833046091018e-02
 5.567621318576e+04  1.559862500000e+01  6.896392358718e-02
 5.567622075133e+04  1.553160000000e+01  6.746359267615e-02
 5.557651145697e+04  1.498296100000e+01  6.194048708443e-02
 5.557651823994e+04  1.494601000000e+01  6.188863138520e-02
 5.557652510204e+04  1.493202700000e+01  6.263467923685e-02
 5.557653189466e+04  1.493031200000e+01  6.138080682078e-02
 5.562936165061e+04  1.535599100000e+01  6.259222990441e-02
 5.562936915296e+04  1.537108400000e+01  6.274390125109e-02
 5.562937710998e+04  1.536443800000e+01  6.244585595770e-02
 5.562938461833e+04  1.532907600000e+01  6.215364456608e-02
 5.564727919469e+04  1.562866900000e+01  6.563688476826e-02
 5.564728492751e+04  1.558465200000e+01  6.511078712360e-02
 5.564729072942e+04  1.560071800000e+01  6.526103790360e-02
 5.564729646841e+04  1.558319400000e+01  6.504596213608e-02
 5.569327704066e+04  1.542808000000e+01  6.552497311453e-02
 5.569328530649e+04  1.539055200000e+01  6.514777239704e-02
 5.569329353735e+04  1.530335300000e+01  6.425486426317e-02
 5.569330188510e+04  1.530518000000e+01  6.429638506050e-02
 5.570728004356e+04  1.566294400000e+01  6.562561099931e-02
 5.570728960656e+04  1.567954700000e+01  6.577943141367e-02
 5.570729928553e+04  1.576399700000e+01  6.675617671447e-02
 5.570730887388e+04  1.573956700000e+01  6.654691393276e-02
 5.589350727606e+04  1.497363600000e+01  5.934647368913e-02
 5.589351252634e+04  1.501452300000e+01  5.960466477547e-02
 5.589351775067e+04  1.506701600000e+01  5.989724732905e-02
 5.589352306275e+04  1.506520000000e+01  5.982861552346e-02
 5.593950104421e+04  1.524984700000e+01  6.088463514361e-02
 5.593950665514e+04  1.524764000000e+01  6.089396152782e-02
 5.593951238951e+04  1.526535900000e+01  6.101061644084e-02
 5.593951802116e+04  1.525596900000e+01  6.092966471960e-02
 5.597835024759e+04  1.566257400000e+01  6.906595064595e-02
 5.597835525660e+04  1.555537400000e+01  6.584795759344e-02
 5.597836036877e+04  1.565280700000e+01  6.734971609426e-02
 5.597836551697e+04  1.567370800000e+01  7.082849310317e-02
 5.598142875752e+04  1.509732900000e+01  5.986444263127e-02
 5.598143617097e+04  1.508810300000e+01  5.981552201932e-02
 5.598144353185e+04  1.512427500000e+01  6.008757209306e-02
 5.598145092125e+04  1.511224800000e+01  6.001266083155e-02
 5.598738355862e+04  1.554894700000e+01  6.515135833968e-02
 5.598738982933e+04  1.552408300000e+01  6.479527678787e-02
 5.598739605720e+04  1.550642900000e+01  6.449837990598e-02
 5.598740231677e+04  1.548724500000e+01  6.415132835582e-02
 5.601343906363e+04  1.550573400000e+01  6.402787882891e-02
 5.601344424907e+04  1.553502900000e+01  6.436411935088e-02
 5.601344941736e+04  1.556880100000e+01  6.471204203042e-02
 5.601345453197e+04  1.559443800000e+01  6.503332982051e-02
 5.603333537185e+04  1.546827100000e+01  6.338659599503e-02
 5.603334095025e+04  1.548895800000e+01  6.360972230227e-02
 5.603334662532e+04  1.547053000000e+01  6.344179809120e-02
 5.603335233013e+04  1.545474600000e+01  6.328913068502e-02
 5.603837192637e+04  1.538819800000e+01  6.271849063129e-02
 5.603837926288e+04  1.541745700000e+01  6.304275962496e-02
 5.603838653141e+04  1.544465300000e+01  6.330115360886e-02
 5.603839385435e+04  1.544682400000e+01  6.337508603515e-02
 5.606229366596e+04  1.558832700000e+01  6.367999937227e-02
 5.606230101586e+04  1.561771800000e+01  6.410055686235e-02
 5.606230830109e+04  1.549011100000e+01  6.284431887359e-02
 5.606231558052e+04  1.556045100000e+01  6.352970796160e-02
 5.606928191924e+04  1.533376300000e+01  6.166060265461e-02
 5.606928875697e+04  1.528241900000e+01  6.124662783743e-02
 5.606929562738e+04  1.520099300000e+01  6.064244492830e-02
 5.606930244782e+04  1.516661600000e+01  6.044364879337e-02
