# time mag mag_err
 5.371140973398e+04  1.585661100000e+01  6.756061863054e-02
 5.371141715356e+04  1.582351500000e+01  6.717836724545e-02
 5.371142458032e+04  1.587295700000e+01  6.770114643734e-02
 5.371143196170e+04  1.589558900000e+01  6.791346571129e-02
 5.373437599968e+04  1.576503900000e+01  6.627325577708e-02
 5.373438384253e+04  1.571334600000e+01  6.571115305179e-02
 5.373439167487e+04  1.567541000000e+01  6.526534864940e-02
 5.373439973534e+04  1.564474800000e+01  6.493786429353e-02
 5.353717768388e+04  1.580912800000e+01  7.155470210771e-02
 5.353718348126e+04  1.593632700000e+01  7.347555717173e-02
 5.353718931559e+04  1.590802800000e+01  7.323367641624e-02
 5.353719511529e+04  1.588926900000e+01  7.306329324911e-02
 5.368743927972e+04  1.613411700000e+01  7.164707175785e-02
 5.368744570284e+04  1.618802500000e+01  7.246900806593e-02
 5.368745215663e+04  1.626907300000e+01  7.370432478245e-02
 5.368745859654e+04  1.617649300000e+01  7.221982775458e-02
 5.385222438080e+04  1.611953900000e+01  7.213792717222e-02
 5.385223176403e+04  1.618288600000e+01  7.317145950380e-02
 5.385223917817e+04  1.620969200000e+01  7.359192127957e-02
 5.385224657588e+04  1.621502900000e+01  7.376827501333e-02
 5.409538398041e+04  1.551657200000e+01  6.174560906409e-02
 5.409539635648e+04  1.547892000000e+01  6.140922816417e-02
 5.409540875015e+04  1.551682300000e+01  6.175273127527e-02
 5.409542117057e+04  1.556229100000e+01  6.218151934077e-02
 5.377025715326e+04  1.613681900000e+01  7.218757993410e-02
 5.377026512057e+04  1.613983600000e+01  7.202440810448e-02
 5.377027299595e+04  1.612727600000e+01  7.125197047443e-02
 5.377028084495e+04  1.613569000000e+01  7.195948754030e-02
 5.378929110181e+04  1.613162400000e+01  7.232184701131e-02
 5.378929845218e+04  1.609129100000e+01  7.455883629056e-02
 5.378930573541e+04  1.606907200000e+01  8.717245526429e-02
 5.378931298322e+04  1.608687800000e+01  8.266672412550e-02
 5.374138652282e+04  1.619602600000e+01  7.167722327306e-02
 5.374139351715e+04  1.621014300000e+01  7.192734667866e-02
 5.374140051183e+04  1.623019200000e+01  7.222834107079e-02
 5.374140756484e+04  1.627210600000e+01  7.280832844356e-02
 5.375738105928e+04  1.616086700000e+01  7.176466250551e-02
 5.375738957591e+04  1.616775800000e+01  7.185626160772e-02
 5.375739827044e+04  1.623096800000e+01  7.272213403944e-02
 5.375740713639e+04  1.619687300000e+01  7.222234862904e-02
 5.376233393895e+04  1.570606700000e+01  6.616052840704e-02
 5.376234329543e+04  1.571042400000e+01  6.783367071320e-02
 5.376235850186e+04  1.571951300000e+01  8.101151519539e-02
 5.376236823336e+04  1.573321000000e+01  7.873177515903e-02
 5.390217552312e+04  1.562661300000e+01  1.135237470644e-01
 5.390217650593e+04  1.559958900000e+01  1.125472866712e-01
 5.390217749347e+04  1.559276500000e+01  1.122069244192e-01
 5.390217847847e+04  1.555938700000e+01  1.109604630216e-01
 5.379820967767e+04  1.614184800000e+01  7.170210152235e-02
 5.379821647096e+04  1.614623800000e+01  7.178977474257e-02
 5.379822312672e+04  1.612396800000e+01  7.143029959369e-02
 5.379822988053e+04  1.614528700000e+01  7.171553633882e-02
 5.386027467046e+04  1.601780600000e+01  7.156366220182e-02
 5.386028007363e+04  1.596150200000e+01  7.075583646577e-02
 5.386028548432e+04  1.590095700000e+01  7.008452595084e-02
 5.386029091062e+04  1.604660200000e+01  7.228354091847e-02
 5.388415507127e+04  1.614244200000e+01  7.311152814979e-02
 5.388416152483e+04  1.613247500000e+01  7.299837706971e-02
 5.388416799726e+04  1.613289400000e+01  7.302727065699e-02
 5.388417448520e+04  1.614581400000e+01  7.320644048713e-02
 5.406639954488e+04  1.572584700000e+01  6.358961821213e-02
 5.406641041719e+04  1.575361700000e+01  6.378504790872e-02
 5.406642133509e+04  1.577767600000e+01  6.396362401637e-02
 5.406643229571e+04  1.579652600000e+01  6.413582472850e-02
 5.403548558166e+04  1.587008500000e+01  6.667648803279e-02
 5.403549214494e+04  1.579018400000e+01  6.576999372192e-02
 5.403549878010e+04  1.574658100000e+01  6.527796522769e-02
 5.403550541667e+04  1.569020600000e+01  6.464813621555e-02
 5.420924667383e+04  1.565828300000e+01  6.525679592968e-02
 5.420925041325e+04  1.567244300000e+01  6.537847858939e-02
 5.420925416807e+04  1.569046200000e+01  6.561645166948e-02
 5.420925792728e+04  1.568840700000e+01  6.563905877482e-02
 5.445234497281e+04  1.581253100000e+01  6.648488543573e-02
 5.445235153321e+04  1.583006400000e+01  6.660031396284e-02
 5.445235815193e+04  1.582103100000e+01  6.643303672569e-02
 5.445236478595e+04  1.584881200000e+01  6.674477474335e-02
 5.415819740649e+04  1.568926100000e+01  6.504134276422e-02
 5.415820453242e+04  1.563304400000e+01  6.447529632263e-02
 5.415821165708e+04  1.562758500000e+01  6.441166113629e-02
 5.415821875616e+04  1.557188300000e+01  6.382627902421e-02
 5.425918944963e+04  1.594476600000e+01  6.160402516608e-02
 5.425919743694e+04  1.598324000000e+01  6.198820422572e-02
 5.425920544120e+04  1.600112800000e+01  6.224035622590e-02
 5.425921344596e+04  1.600573500000e+01  6.235659503159e-02
 5.426417375633e+04  1.616143700000e+01  6.356192001508e-02
 5.426418171529e+04  1.618202400000e+01  6.379273513981e-02
 5.426418971730e+04  1.615952700000e+01  6.367121508581e-02
 5.426419773056e+04  1.620485300000e+01  6.419649517837e-02
 5.427015901391e+04  1.628271600000e+01  6.477689247019e-02
 5.427016623973e+04  1.623790400000e+01  6.447400372337e-02
 5.427017345792e+04  1.618283500000e+01  6.399430664137e-02
 5.427018068883e+04  1.619699100000e+01  6.420026515562e-02
 5.427718270389e+04  1.615803900000e+01  6.916645626459e-02
 5.427718791734e+04  1.612670700000e+01  6.896392358718e-02
 5.427719313551e+04  1.607974700000e+01  6.860957781809e-02
 5.427719837654e+04  1.602449600000e+01  6.892548536157e-02
 5.416922322868e+04  1.612408900000e+01  7.134794998169e-02
 5.416923141554e+04  1.608875300000e+01  7.047306884485e-02
 5.416923957035e+04  1.611918900000e+01  7.142624314130e-02
 5.416924776705e+04  1.610844800000e+01  7.051185149226e-02
 5.417630241821e+04  1.606406600000e+01  6.954563063642e-02
 5.417631088760e+04  1.603551300000e+01  7.009787275549e-02
 5.417631931454e+04  1.609024000000e+01  6.995733684607e-02
 5.417632763959e+04  1.610160300000e+01  7.014945463505e-02
 5.423216383177e+04  1.615532400000e+01  7.206726518893e-02
 5.423318434120e+04  1.602451600000e+01  7.276705354647e-02
 5.423318887743e+04  1.602309600000e+01  7.450109416195e-02
 5.423319343668e+04  1.605543000000e+01  7.162618672189e-02
 5.423319796919e+04  1.609416200000e+01  7.173572484197e-02
 5.424418380287e+04  1.551229400000e+01  6.398087481154e-02
 5.424419141263e+04  1.553883200000e+01  6.430353210344e-02
 5.424419896832e+04  1.559350100000e+01  6.487727638559e-02
 5.424420651245e+04  1.559007700000e+01  6.486908638140e-02
 5.441644531906e+04  1.615341400000e+01  7.134278328015e-02
 5.441645090534e+04  1.619237100000e+01  7.169196386302e-02
 5.441646183921e+04  1.613128700000e+01  7.285886382388e-02
 5.441646739701e+04  1.617558900000e+01  8.847840993869e-02
 5.438649375744e+04  1.572250400000e+01  6.808689010655e-02
 5.438649998391e+04  1.573912300000e+01  6.823376514068e-02
 5.438650624464e+04  1.570836200000e+01  6.780454824521e-02
 5.438651249206e+04  1.577263200000e+01  6.863019034386e-02
 5.455725634521e+04  1.579424100000e+01  6.623565892702e-02
 5.455726630335e+04  1.584932900000e+01  6.686185515815e-02
 5.455727616079e+04  1.582219600000e+01  6.655705132722e-02
 5.455728600097e+04  1.583891500000e+01  6.707795631648e-02
 5.456624521218e+04  1.597740900000e+01  6.898107762877e-02
 5.456625180231e+04  1.595406200000e+01  6.878140702061e-02
 5.456625837660e+04  1.598628400000e+01  6.973139896164e-02
 5.456626495668e+04  1.597364100000e+01  6.913341304027e-02
 5.457224398953e+04  1.598367700000e+01  6.867568103086e-02
 5.457224964223e+04  1.608604800000e+01  6.999783843688e-02
 5.457225529762e+04  1.608039600000e+01  6.992631859959e-02
 5.457226096363e+04  1.616435700000e+01  7.137743012341e-02
 5.458421523537e+04  1.617004200000e+01  7.130655093862e-02
 5.458422171127e+04  1.613154500000e+01  7.084586621824e-02
 5.458422813718e+04  1.611011900000e+01  7.057555049270e-02
 5.458423459919e+04  1.610937200000e+01  7.058557455504e-02
 5.480538493396e+04  1.617728800000e+01  7.098386545196e-02
 5.480539275737e+04  1.613473400000e+01  7.035464811888e-02
 5.480540070199e+04  1.622235600000e+01  7.144479744227e-02
 5.480540855237e+04  1.619395200000e+01  7.104935610860e-02
 5.482242632672e+04  1.607797000000e+01  7.245753381403e-02
 5.482243176241e+04  1.606254800000e+01  7.224238690416e-02
 5.482243721672e+04  1.608145800000e+01  7.251878262014e-02
 5.482244245877e+04  1.609978900000e+01  7.275488858401e-02
 5.449723621444e+04  1.587462300000e+01  6.934360811617e-02
 5.449724059973e+04  1.580661900000e+01  7.167900899278e-02
 5.449724498363e+04  1.583994000000e+01  7.776635510378e-02
 5.449724938235e+04  1.583351400000e+01  7.435411149437e-02
 5.450727782100e+04  1.616538200000e+01  7.840484333951e-02
 5.450728478280e+04  1.618751600000e+01  7.412561543240e-02
 5.450729172053e+04  1.614671600000e+01  7.688285714222e-02
 5.450729866475e+04  1.614353700000e+01  7.779689541550e-02
 5.447825468441e+04  1.601683100000e+01  6.917764947705e-02
 5.447825961777e+04  1.593047500000e+01  6.807701313637e-02
 5.447826455852e+04  1.585223800000e+01  6.722431431601e-02
 5.447826946281e+04  1.578880100000e+01  6.627602068626e-02
 5.453030479610e+04  1.613512600000e+01  7.091514931317e-02
 5.453031030759e+04  1.610524600000e+01  7.000993952400e-02
 5.453031576435e+04  1.614757200000e+01  7.472691070944e-02
 5.453032129043e+04  1.611693600000e+01  7.308376507285e-02
 5.454835495280e+04  1.583338100000e+01  6.706091046740e-02
 5.454836108066e+04  1.579418300000e+01  6.665289640451e-02
 5.454836722737e+04  1.584949800000e+01  6.730237957775e-02
 5.454837338486e+04  1.586571900000e+01  6.753961887841e-02
 5.477145358980e+04  1.607990700000e+01  7.005019310725e-02
 5.477145850648e+04  1.607921000000e+01  6.998341285394e-02
 5.477146340869e+04  1.607925900000e+01  6.989663236199e-02
 5.477146829667e+04  1.610193200000e+01  7.013615453542e-02
 5.479047148184e+04  1.614881000000e+01  7.019818782169e-02
 5.479047809410e+04  1.614845000000e+01  7.017586503355e-02
 5.479048482383e+04  1.617277400000e+01  7.044639879906e-02
 5.479049150610e+04  1.612158500000e+01  6.977914295758e-02
 5.492229701243e+04  1.559562700000e+01  6.442733538043e-02
 5.492230488494e+04  1.562701700000e+01  6.472742934306e-02
 5.492231275793e+04  1.565795700000e+01  6.512038782219e-02
 5.492232070878e+04  1.567446900000e+01  6.532625877524e-02
 5.494122208355e+04  1.581266400000e+01  6.645836260530e-02
 5.494122796441e+04  1.576844200000e+01  6.598309347346e-02
 5.494123399145e+04  1.575019500000e+01  6.580423216520e-02
 5.494124009523e+04  1.571857600000e+01  6.548339018608e-02
 5.518340643243e+04  1.609651700000e+01  6.969070441018e-02
 5.518341099712e+04  1.611878800000e+01  7.003134447270e-02
 5.518341561865e+04  1.613107300000e+01  7.033910723658e-02
 5.518342025431e+04  1.615471700000e+01  7.149294767932e-02
 5.487537244035e+04  1.618806700000e+01  7.426435378283e-02
 5.487537732473e+04  1.617867200000e+01  7.414261627743e-02
 5.487538220299e+04  1.609533000000e+01  7.279962425663e-02
 5.487538703216e+04  1.608083600000e+01  7.257192011314e-02
 5.488422509211e+04  1.619337800000e+01  7.106660236950e-02
 5.488423047640e+04  1.619269100000e+01  7.100375352749e-02
 5.488423587829e+04  1.622440200000e+01  7.154413641865e-02
 5.488424133134e+04  1.620217400000e+01  7.125111858225e-02
 5.486123302973e+04  1.557150900000e+01  6.376115579410e-02
 5.486124091403e+04  1.560030100000e+01  6.400716891771e-02
 5.486124877310e+04  1.560740700000e+01  6.402503356407e-02
 5.486125669178e+04  1.563876900000e+01  6.430221599180e-02
 5.489220874672e+04  1.584280500000e+01  6.633951375870e-02
 5.489221725608e+04  1.587051100000e+01  6.660385001589e-02
 5.489222584411e+04  1.593525100000e+01  6.735959372583e-02
 5.489223471920e+04  1.593392300000e+01  6.737019653931e-02
 5.491129864703e+04  1.607882500000e+01  6.970094889000e-02
 5.491130355109e+04  1.606018300000e+01  6.959010481777e-02
 5.491130841522e+04  1.603357300000e+01  6.898950396753e-02
 5.491131333225e+04  1.606360400000e+01  6.956508067253e-02
 5.495228614714e+04  1.610706400000e+01  7.117007412628e-02
 5.495229406306e+04  1.614944200000e+01  7.194263820244e-02
 5.495230191519e+04  1.617445400000e+01  7.247774521481e-02
 5.495230982693e+04  1.614905400000e+01  7.216765624899e-02
 5.497521545273e+04  1.590677100000e+01  6.864780981276e-02
 5.497522134874e+04  1.589327900000e+01  6.852196464847e-02
 5.497522972821e+04  1.607205000000e+01  7.402362005307e-02
 5.497523680519e+04  1.626457100000e+01  1.066379062042e-01
 5.515442431338e+04  1.617759400000e+01  7.213058712886e-02
 5.515443213138e+04  1.610475600000e+01  7.102645710098e-02
 5.515443992755e+04  1.615100300000e+01  7.165894260376e-02
 5.515444775907e+04  1.612719400000e+01  7.135139699668e-02
 5.529712421537e+04  1.597785100000e+01  6.879582926292e-02
 5.529713191311e+04  1.603473400000e+01  6.955745918622e-02
 5.529713953758e+04  1.603360700000e+01  6.952400648064e-02
 5.529714722115e+04  1.605356200000e+01  6.978780890886e-02
 5.524428602781e+04  1.587336200000e+01  6.740003718213e-02
 5.524429226534e+04  1.587622700000e+01  6.737893970443e-02
 5.524429866311e+04  1.588634900000e+01  6.751385930466e-02
 5.524430503870e+04  1.587210600000e+01  6.737171269043e-02
 5.521137695990e+04  1.612848800000e+01  7.031283942557e-02
 5.521138434267e+04  1.612177900000e+01  7.013653044321e-02
 5.521139182894e+04  1.612626900000e+01  7.018947975400e-02
 5.521139929419e+04  1.609010400000e+01  6.970786500380e-02
 5.535415715324e+04  1.610027200000e+01  7.075422230125e-02
 5.535416167650e+04  1.610141800000e+01  7.085347844273e-02
 5.535416625473e+04  1.609970900000e+01  7.087703282446e-02
 5.535417078809e+04  1.609086300000e+01  7.078561076346e-02
 5.527425257878e+04  1.614522500000e+01  7.090351942910e-02
 5.527426007453e+04  1.622706500000e+01  7.199173813916e-02
 5.527426755655e+04  1.618144900000e+01  7.137224684308e-02
 5.527427508113e+04  1.622403300000e+01  7.201329979792e-02
 5.532319024457e+04  1.593032700000e+01  7.137210204557e-02
 5.532319529841e+04  1.593579200000e+01  7.150637590814e-02
 5.532320027451e+04  1.600699500000e+01  7.264097411168e-02
 5.532320525890e+04  1.596899900000e+01  7.208495847869e-02
 5.533718546966e+04  1.575303500000e+01  6.635262167997e-02
 5.533719291588e+04  1.575165500000e+01  6.642189718670e-02
 5.533720038330e+04  1.566656500000e+01  6.553642834234e-02
 5.533720783020e+04  1.562664400000e+01  6.516245440627e-02
 5.551341756705e+04  1.590993100000e+01  6.850533924551e-02
 5.551343349525e+04  1.591950200000e+01  6.855158158905e-02
 5.551344149485e+04  1.595280000000e+01  6.888257845445e-02
 5.552847350370e+04  1.611714500000e+01  7.816551644269e-02
 5.552848749678e+04  1.615577500000e+01  7.894952601902e-02
 5.552849443431e+04  1.611554300000e+01  7.817045363251e-02
 5.549746984019e+04  1.594567400000e+01  7.282240553526e-02
 5.549748123977e+04  1.596131500000e+01  7.288110613248e-02
 5.549748692767e+04  1.597006300000e+01  7.290728998768e-02
 5.568024649225e+04  1.609607100000e+01  7.137181527013e-02
 5.568025384054e+04  1.609243700000e+01  7.142928531268e-02
 5.568026126096e+04  1.615684500000e+01  7.242705371922e-02
 5.568026873448e+04  1.613437600000e+01  7.213074414934e-02
 5.559843479374e+04  1.607889100000e+01  6.848236929303e-02
 5.559844237981e+04  1.615258300000e+01  6.884290484972e-02
 5.559845005184e+04  1.613127300000e+01  6.735567658155e-02
 5.559845767166e+04  1.612110600000e+01  6.755486095685e-02
 5.557631021027e+04  1.599430800000e+01  7.495889148551e-02
 5.557631708759e+04  1.602635600000e+01  7.557457670863e-02
 5.557632390972e+04  1.597045500000e+01  7.445370911824e-02
 5.557633074802e+04  1.599297900000e+01  7.486856510032e-02
 5.562634762873e+04  1.616285500000e+01  7.283918960319e-02
 5.562635341177e+04  1.616258800000e+01  7.280514827141e-02
 5.562635924391e+04  1.618298900000e+01  7.327168363469e-02
 5.562636495534e+04  1.620938000000e+01  7.392618251200e-02
 5.563232682365e+04  1.614015200000e+01  7.195243839460e-02
 5.563233576496e+04  1.611339600000e+01  7.162944267769e-02
 5.563234038892e+04  1.610457900000e+01  7.150754419157e-02
 5.563234503247e+04  1.604829900000e+01  7.071811967873e-02
 5.586246510678e+04  1.569548500000e+01  6.562722098749e-02
 5.586247212244e+04  1.566239800000e+01  6.525467530367e-02
 5.586247921353e+04  1.571927800000e+01  6.578608870474e-02
 5.586248624703e+04  1.570227500000e+01  6.553773951130e-02
 5.592250448582e+04  1.602226200000e+01  6.912083328562e-02
 5.592250961466e+04  1.603361300000e+01  6.934566482053e-02
 5.592251475427e+04  1.604566200000e+01  6.939966872146e-02
 5.592251981238e+04  1.603442600000e+01  6.927623825291e-02
 5.592834767396e+04  1.587823100000e+01  6.767205505615e-02
 5.592835453612e+04  1.585625000000e+01  6.737510227102e-02
 5.592836149550e+04  1.590801100000e+01  6.796012001887e-02
 5.592836838892e+04  1.589381800000e+01  6.778852086248e-02
 5.594546143887e+04  1.580173000000e+01  6.649303527247e-02
 5.594546693683e+04  1.578200700000e+01  6.624880692187e-02
 5.594547250943e+04  1.581758800000e+01  6.670920547491e-02
 5.594547803182e+04  1.583142800000e+01  6.686193812141e-02
 5.596924095731e+04  1.585330500000e+01  6.744303783220e-02
 5.596924887252e+04  1.585979300000e+01  6.750523152169e-02
 5.596925676772e+04  1.582171800000e+01  6.703153498835e-02
 5.596926494726e+04  1.588319700000e+01  6.795549988912e-02
 5.598124137002e+04  1.607967200000e+01  6.634098582676e-02
 5.598125088841e+04  1.607830100000e+01  6.631352301135e-02
 5.598126038125e+04  1.606516000000e+01  6.615041055488e-02
 5.598126987844e+04  1.611189700000e+01  6.664868855679e-02
 5.598726171370e+04  1.604190100000e+01  7.177728583838e-02
 5.598726788265e+04  1.615006200000e+01  7.329065579778e-02
 5.598727419711e+04  1.610161300000e+01  7.279828621572e-02
 5.598728052242e+04  1.606943900000e+01  7.249070274420e-02
 5.601624025594e+04  1.610509200000e+01  7.532224199843e-02
 5.601624641632e+04  1.612569900000e+01  7.698112655815e-02
 5.601625259862e+04  1.611023600000e+01  7.188785594170e-02
 5.601625877660e+04  1.610014900000e+01  7.107273072829e-02
 5.604523784247e+04  1.606718700000e+01  7.040195504590e-02
 5.604524644872e+04  1.606375700000e+01  7.041812589963e-02
 5.604525502583e+04  1.605547700000e+01  7.035992120421e-02
 5.604526361395e+04  1.609326700000e+01  7.095164200496e-02
 5.606723987420e+04  1.606159700000e+01  6.997442486284e-02
 5.606724658322e+04  1.606808000000e+01  7.015234428095e-02
 5.606725343094e+04  1.610552200000e+01  7.073487762068e-02
 5.606726023509e+04  1.610814600000e+01  7.084260694564e-02
 5.609216616609e+04  1.612212800000e+01  7.099021447340e-02
 5.609217124494e+04  1.614645300000e+01  7.138578772985e-02
 5.609217646164e+04  1.609396400000e+01  7.074091817697e-02
 5.609218157603e+04  1.609609900000e+01  7.084844847464e-02
