# time mag mag_err
 5.348022925944e+04  1.523087800000e+01  6.171375198550e-02
 5.348023788175e+04  1.518987100000e+01  6.142210236873e-02
 5.348024650637e+04  1.520518900000e+01  6.160670371812e-02
 5.348025515321e+04  1.517074600000e+01  6.144368909608e-02
 5.370639148400e+04  1.536726000000e+01  6.300195758931e-02
 5.370640173463e+04  1.536856800000e+01  6.280178374555e-02
 5.370641267777e+04  1.539648200000e+01  6.276796575819e-02
 5.370642390483e+04  1.541679900000e+01  6.291208085016e-02
 5.371232731086e+04  1.566953700000e+01  6.563471281934e-02
 5.371233432868e+04  1.565197100000e+01  6.551760076699e-02
 5.371234138390e+04  1.564957400000e+01  6.568223791100e-02
 5.371234842372e+04  1.563848100000e+01  6.539976432141e-02
 5.372544101978e+04  1.529076500000e+01  6.185642458585e-02
 5.372544926116e+04  1.534842900000e+01  6.239355021033e-02
 5.372545749999e+04  1.535607800000e+01  6.244836309762e-02
 5.372546576082e+04  1.535146500000e+01  6.239557768149e-02
 5.373429641806e+04  1.508169800000e+01  6.012488752493e-02
 5.373430347488e+04  1.511778200000e+01  6.041400622105e-02
 5.373431051528e+04  1.514535500000e+01  6.059325878763e-02
 5.373431759654e+04  1.516667300000e+01  6.073313426657e-02
 5.367839562545e+04  1.504061000000e+01  6.030458773496e-02
 5.367840224593e+04  1.495212500000e+01  5.965257604405e-02
 5.367840886743e+04  1.489279300000e+01  5.923751414722e-02
 5.367841547331e+04  1.488216200000e+01  5.914415529460e-02
 5.368544801550e+04  1.564221700000e+01  6.540890737247e-02
 5.368545450378e+04  1.565566600000e+01  6.555219122385e-02
 5.368546110284e+04  1.565519500000e+01  6.557264150399e-02
 5.368546776324e+04  1.555549300000e+01  8.286406922942e-02
 5.367138976465e+04  1.553663000000e+01  6.526322531187e-02
 5.367139570615e+04  1.556999600000e+01  6.574317845057e-02
 5.367140164649e+04  1.558128600000e+01  6.504448674391e-02
 5.367140759910e+04  1.556544400000e+01  6.504930147510e-02
 5.385416438444e+04  1.571802000000e+01  6.772894622682e-02
 5.385417089125e+04  1.567029700000e+01  6.719629396362e-02
 5.385417738127e+04  1.567308300000e+01  6.721941876281e-02
 5.385418389062e+04  1.567038300000e+01  6.718314939551e-02
 5.408632397603e+04  1.572208700000e+01  6.592571254988e-02
 5.408633470909e+04  1.569031200000e+01  6.516650530774e-02
 5.408634650794e+04  1.567742500000e+01  6.684372002381e-02
 5.408635736878e+04  1.572155800000e+01  6.600582346628e-02
 5.409624776954e+04  1.560203900000e+01  6.634191614927e-02
 5.409625671073e+04  1.557226400000e+01  6.613872462211e-02
 5.409626568409e+04  1.560706000000e+01  6.658562389599e-02
 5.409627463569e+04  1.560400700000e+01  6.639685590793e-02
 5.377019414319e+04  1.551445500000e+01  6.519966357246e-02
 5.377020131056e+04  1.553133000000e+01  6.457428328649e-02
 5.377020856556e+04  1.554894400000e+01  6.429518426035e-02
 5.377021580284e+04  1.552690100000e+01  6.460318338791e-02
 5.378812604659e+04  1.565284500000e+01  6.848669068588e-02
 5.378813259668e+04  1.563837900000e+01  6.790782047334e-02
 5.378813912316e+04  1.565560500000e+01  6.784058998028e-02
 5.378814602072e+04  1.567124500000e+01  6.646096299710e-02
 5.374130288012e+04  1.570692700000e+01  6.561680104761e-02
 5.374131001253e+04  1.567227400000e+01  6.525202643606e-02
 5.374131711728e+04  1.569544100000e+01  6.546778592311e-02
 5.374132423581e+04  1.570461900000e+01  6.558563754727e-02
 5.375734269488e+04  1.555522100000e+01  6.454842592948e-02
 5.375735021632e+04  1.558396700000e+01  6.484059374106e-02
 5.375735770755e+04  1.557628800000e+01  6.474579595891e-02
 5.375736518789e+04  1.556144100000e+01  6.457094124628e-02
 5.376220579773e+04  1.538360100000e+01  6.430261593570e-02
 5.376221238753e+04  1.538313600000e+01  6.444299015638e-02
 5.376222048632e+04  1.539532500000e+01  6.518122876204e-02
 5.376222703016e+04  1.541718200000e+01  6.323475631451e-02
 5.379723028997e+04  1.562725200000e+01  6.514360184332e-02
 5.379723859848e+04  1.558271600000e+01  6.469626462571e-02
 5.379724680005e+04  1.550795700000e+01  6.395047524807e-02
 5.379725490716e+04  1.544559800000e+01  6.336693472929e-02
 5.382319887765e+04  1.550144200000e+01  6.423112329867e-02
 5.382320845312e+04  1.553029000000e+01  6.423293282662e-02
 5.382321801378e+04  1.549881100000e+01  6.482394358793e-02
 5.382322754505e+04  1.551223000000e+01  6.484420338236e-02
 5.386117223084e+04  1.555750700000e+01  6.548503518239e-02
 5.386117831436e+04  1.552317600000e+01  6.511928363023e-02
 5.386118421882e+04  1.562069000000e+01  6.622169708826e-02
 5.386119041855e+04  1.555600000000e+01  6.568308536511e-02
 5.405939070295e+04  1.556972300000e+01  6.344940572114e-02
 5.405939662895e+04  1.555169500000e+01  6.327350961306e-02
 5.405940257090e+04  1.556768000000e+01  6.334616471750e-02
 5.405940847572e+04  1.557601400000e+01  6.343896556407e-02
 5.403745269961e+04  1.537658100000e+01  6.470807888899e-02
 5.403745761744e+04  1.538259600000e+01  6.986947934870e-02
 5.403746255786e+04  1.541226100000e+01  7.502313991539e-02
 5.403746743633e+04  1.541416400000e+01  8.163001846298e-02
 5.420913862494e+04  1.561039600000e+01  6.494683606627e-02
 5.420914563605e+04  1.558572900000e+01  6.469754218359e-02
 5.420915261788e+04  1.553685100000e+01  6.420172826840e-02
 5.420915963617e+04  1.552133500000e+01  6.404004313162e-02
 5.445031611093e+04  1.531621600000e+01  6.148103226446e-02
 5.445032282735e+04  1.527297100000e+01  6.113012254682e-02
 5.445032952131e+04  1.526828800000e+01  6.108488154095e-02
 5.445033621736e+04  1.526890200000e+01  6.106024882282e-02
 5.446528869652e+04  1.564885000000e+01  6.433266070606e-02
 5.446529525355e+04  1.565656100000e+01  6.440148503676e-02
 5.446530184774e+04  1.566750200000e+01  6.452338399391e-02
 5.446530844438e+04  1.569738900000e+01  6.425168629262e-02
 5.417025338419e+04  1.532513100000e+01  6.186339777014e-02
 5.417026051069e+04  1.531822400000e+01  6.182605226154e-02
 5.417026762448e+04  1.534171500000e+01  6.204562029144e-02
 5.417027474914e+04  1.538284600000e+01  6.240788702651e-02
 5.417610390162e+04  1.560028000000e+01  6.427311298451e-02
 5.417611151647e+04  1.556785700000e+01  6.397723670651e-02
 5.417611929787e+04  1.560618300000e+01  6.433346561405e-02
 5.417612748265e+04  1.560167100000e+01  6.428644964257e-02
 5.440941454178e+04  1.558142700000e+01  6.390426970077e-02
 5.440943069872e+04  1.561019500000e+01  6.413610322258e-02
 5.440944685507e+04  1.560932800000e+01  6.407805728905e-02
 5.440946306792e+04  1.562328700000e+01  6.417454354396e-02
 5.441634595648e+04  1.514690000000e+01  6.047234294498e-02
 5.441635311598e+04  1.503606200000e+01  5.966612368351e-02
 5.441636037028e+04  1.496193900000e+01  5.912987064990e-02
 5.441636758418e+04  1.489596900000e+01  5.867808922426e-02
 5.442532749950e+04  1.494839000000e+01  5.910359574199e-02
 5.442533193711e+04  1.497421800000e+01  5.923531612558e-02
 5.442533638559e+04  1.499158900000e+01  5.934019918409e-02
 5.442534084530e+04  1.502018500000e+01  5.951965969236e-02
 5.438144566922e+04  1.557076300000e+01  6.381405425155e-02
 5.438145391293e+04  1.558257400000e+01  6.391173180285e-02
 5.438146214204e+04  1.557409400000e+01  6.380686911831e-02
 5.438147034441e+04  1.556749100000e+01  6.368957327446e-02
 5.438946954836e+04  1.536274800000e+01  6.191375773027e-02
 5.438947550896e+04  1.533757400000e+01  6.172178032204e-02
 5.438948143287e+04  1.530894500000e+01  6.147228885989e-02
 5.438948740133e+04  1.528740900000e+01  6.127708476879e-02
 5.455711648536e+04  1.534767100000e+01  6.212492833464e-02
 5.455712425705e+04  1.536495100000e+01  6.214521571979e-02
 5.455713101919e+04  1.538474200000e+01  6.233407482519e-02
 5.455713776409e+04  1.541889700000e+01  6.261875512733e-02
 5.456612952274e+04  1.548700400000e+01  6.344000953116e-02
 5.456613504270e+04  1.552168300000e+01  6.377590087681e-02
 5.456614053532e+04  1.549877900000e+01  6.355416772780e-02
 5.456614603896e+04  1.553384400000e+01  6.394825960218e-02
 5.457219044578e+04  1.538377400000e+01  6.247631131267e-02
 5.457219909817e+04  1.539249700000e+01  6.257292027363e-02
 5.457220776318e+04  1.544048300000e+01  6.306690472065e-02
 5.457221639233e+04  1.539018900000e+01  6.263087721400e-02
 5.480522892597e+04  1.563874900000e+01  6.505366911372e-02
 5.480523619682e+04  1.562814400000e+01  6.494057921228e-02
 5.480524340701e+04  1.562092000000e+01  6.480108676279e-02
 5.480525071571e+04  1.564782100000e+01  6.500437170152e-02
 5.482144210394e+04  1.568242000000e+01  6.456801795277e-02
 5.482144760096e+04  1.569521000000e+01  6.467573243223e-02
 5.482145308851e+04  1.571798500000e+01  6.492039656346e-02
 5.482145857698e+04  1.571712800000e+01  6.495126353212e-02
 5.450622742733e+04  1.529997100000e+01  6.131160399889e-02
 5.450623408368e+04  1.529864100000e+01  6.130762561301e-02
 5.450624123821e+04  1.528957000000e+01  6.123698138534e-02
 5.450624860025e+04  1.531810700000e+01  6.146192710488e-02
 5.447628537225e+04  1.545162700000e+01  6.266318766763e-02
 5.447629417488e+04  1.545538000000e+01  6.257864992412e-02
 5.447630299454e+04  1.548108700000e+01  6.278893372647e-02
 5.447631186164e+04  1.547480100000e+01  6.277044407040e-02
 5.452927022764e+04  1.533635600000e+01  6.167973226814e-02
 5.452927683745e+04  1.536792800000e+01  6.196727575079e-02
 5.452928337782e+04  1.537725100000e+01  6.206117063036e-02
 5.452928990593e+04  1.536987300000e+01  6.201654578456e-02
 5.453423573301e+04  1.516049100000e+01  6.051223081850e-02
 5.453424060802e+04  1.521925800000e+01  6.067708048514e-02
 5.453424549309e+04  1.519744600000e+01  6.083909539501e-02
 5.453425037643e+04  1.521480600000e+01  6.100071794590e-02
 5.459818315591e+04  1.575787600000e+01  6.710992713015e-02
 5.477550566639e+04  1.553038000000e+01  6.480727303292e-02
 5.477835114064e+04  1.558836500000e+01  6.390850972908e-02
 5.477836354831e+04  1.564762200000e+01  6.443667660161e-02
 5.477837601317e+04  1.565228600000e+01  6.439382059604e-02
 5.477838831714e+04  1.563465800000e+01  6.416183485481e-02
 5.478946087256e+04  1.554381100000e+01  6.349932350045e-02
 5.478946825557e+04  1.556972700000e+01  6.371786586383e-02
 5.478947554100e+04  1.556724500000e+01  6.368061951852e-02
 5.478948287157e+04  1.557979300000e+01  6.381923758965e-02
 5.474247731035e+04  1.475957700000e+01  5.825998173938e-02
 5.474248476963e+04  1.544831500000e+01  6.421592864975e-02
 5.474249239027e+04  1.546807100000e+01  6.572647242534e-02
 5.474249982281e+04  1.547290300000e+01  6.610370719919e-02
 5.476441012192e+04  1.567104000000e+01  6.493041729834e-02
 5.476441745007e+04  1.562099400000e+01  6.428211527154e-02
 5.476442481351e+04  1.563799500000e+01  6.428359760032e-02
 5.476443214536e+04  1.566103800000e+01  6.442669390403e-02
 5.494314681552e+04  1.569110300000e+01  7.074521643016e-02
 5.494315173417e+04  1.571831500000e+01  7.117162265799e-02
 5.494315670781e+04  1.573001800000e+01  7.137426159104e-02
 5.494316221537e+04  1.568162700000e+01  7.072079883901e-02
 5.517833055272e+04  1.481403000000e+01  6.282976206784e-02
 5.517833626668e+04  1.482091100000e+01  6.267662456717e-02
 5.517834201731e+04  1.485841200000e+01  6.634501759374e-02
 5.517834778509e+04  1.491490100000e+01  6.635223351252e-02
 5.518532870667e+04  1.564943700000e+01  6.456998686426e-02
 5.518533747710e+04  1.567306600000e+01  6.454711844053e-02
 5.518534628096e+04  1.568567400000e+01  6.473691225813e-02
 5.518535588041e+04  1.569579800000e+01  6.480380823809e-02
 5.487532077042e+04  1.526762600000e+01  6.107515556947e-02
 5.487532679861e+04  1.529875100000e+01  6.134843095598e-02
 5.487533282171e+04  1.531457500000e+01  6.147723330445e-02
 5.487533879538e+04  1.532910800000e+01  6.157163516620e-02
 5.488616162507e+04  1.565159600000e+01  6.462583091861e-02
 5.488616528972e+04  1.569095900000e+01  6.531869894401e-02
 5.488616896144e+04  1.569510900000e+01  6.631437283799e-02
 5.488617263963e+04  1.568594800000e+01  6.936901250093e-02
 5.483331710116e+04  1.501559100000e+01  5.914854120864e-02
 5.483332509854e+04  1.494699500000e+01  5.868968659598e-02
 5.483333314883e+04  1.488795900000e+01  5.832943170670e-02
 5.483334134218e+04  1.488446000000e+01  5.830613040689e-02
 5.485127332618e+04  1.538109000000e+01  5.948264342088e-02
 5.485127967487e+04  1.537782700000e+01  5.945618207882e-02
 5.485128618399e+04  1.539159700000e+01  5.961848882408e-02
 5.485129275897e+04  1.540467900000e+01  5.967458241460e-02
 5.486113349191e+04  1.544659200000e+01  6.270876161461e-02
 5.486114265081e+04  1.490490100000e+01  5.831989852207e-02
 5.486115179525e+04  1.537933400000e+01  6.203960661482e-02
 5.486116103622e+04  1.532234700000e+01  6.156372836429e-02
 5.489310041745e+04  1.502887600000e+01  6.110500639883e-02
 5.489310746330e+04  1.502404000000e+01  6.141514456409e-02
 5.491321135193e+04  1.537469400000e+01  6.188335674704e-02
 5.491321739355e+04  1.536166800000e+01  6.178379214041e-02
 5.491322350626e+04  1.537830500000e+01  6.190520462211e-02
 5.491322957568e+04  1.541796800000e+01  6.223866584374e-02
 5.496516703383e+04  1.541492100000e+01  6.353631815930e-02
 5.496517256351e+04  1.541547200000e+01  6.361146051118e-02
 5.496517797293e+04  1.544550800000e+01  6.391807390600e-02
 5.496518338813e+04  1.545107400000e+01  6.401573946752e-02
 5.515133231167e+04  1.565464600000e+01  6.539874919082e-02
 5.515134093667e+04  1.561382300000e+01  6.491655653429e-02
 5.515134953770e+04  1.561827100000e+01  6.489864404235e-02
 5.515135821836e+04  1.564825800000e+01  6.513852359095e-02
 5.513041925536e+04  1.537329300000e+01  6.246510643057e-02
 5.513042837760e+04  1.539109300000e+01  6.257527155933e-02
 5.513043755051e+04  1.540528400000e+01  6.268019642946e-02
 5.513044665307e+04  1.543164800000e+01  6.287462660928e-02
 5.509348127131e+04  1.527213400000e+01  6.413426604433e-02
 5.509348623220e+04  1.528526200000e+01  6.423321568158e-02
 5.509349121163e+04  1.526347800000e+01  6.400427778741e-02
 5.509349615620e+04  1.527015800000e+01  6.406780203341e-02
 5.529318304087e+04  1.574818700000e+01  6.603827498911e-02
 5.529318760660e+04  1.577312600000e+01  6.630526679980e-02
 5.529319213922e+04  1.576231500000e+01  6.616619796600e-02
 5.529319675034e+04  1.578979800000e+01  6.650841037435e-02
 5.530011901343e+04  1.530018500000e+01  6.163744532390e-02
 5.530012586256e+04  1.530659000000e+01  6.173168657458e-02
 5.530013265907e+04  1.533268300000e+01  6.193466689700e-02
 5.530013950975e+04  1.535764800000e+01  6.218112126319e-02
 5.553335997462e+04  1.502898900000e+01  5.817132555119e-02
 5.553337204598e+04  1.505768300000e+01  5.772286118626e-02
 5.553337809942e+04  1.507171400000e+01  5.800598368954e-02
 5.554337388175e+04  1.516921700000e+01  5.868145559984e-02
 5.554338910668e+04  1.519031800000e+01  5.882143749647e-02
 5.554339675367e+04  1.521776300000e+01  5.898917098728e-02
 5.522916483218e+04  1.503704500000e+01  1.233792442932e-01
 5.524419874806e+04  1.502754400000e+01  5.964707405566e-02
 5.524420397425e+04  1.504218200000e+01  5.975659923512e-02
 5.524420927858e+04  1.506567300000e+01  5.991460902797e-02
 5.524421550944e+04  1.508554000000e+01  6.004887324485e-02
 5.520622448331e+04  1.541012800000e+01  7.158308243968e-02
 5.520622968971e+04  1.526011000000e+01  7.015975798212e-02
 5.520623484078e+04  1.534899600000e+01  6.884936010628e-02
 5.520623998256e+04  1.536161800000e+01  6.705381238563e-02
 5.527421334271e+04  1.565284300000e+01  6.510534429019e-02
 5.527422075119e+04  1.564045400000e+01  6.500067402202e-02
 5.527422818744e+04  1.562887100000e+01  6.485466804012e-02
 5.527423560851e+04  1.556349900000e+01  6.419216651887e-02
 5.532813981787e+04  1.549705200000e+01  6.398027750614e-02
 5.532814666410e+04  1.549452300000e+01  6.400662339823e-02
 5.532815356873e+04  1.552458100000e+01  6.434330230725e-02
 5.532816048155e+04  1.553299200000e+01  6.448930212343e-02
 5.550342585966e+04  1.552021600000e+01  6.391828815322e-02
 5.550343726331e+04  1.551943400000e+01  6.386976272298e-02
 5.550344302041e+04  1.553066700000e+01  6.400220561377e-02
 5.551041530690e+04  1.548914100000e+01  6.360900659815e-02
 5.551042566174e+04  1.539748800000e+01  6.273263209151e-02
 5.551043090657e+04  1.533962000000e+01  6.221482227603e-02
 5.552749808396e+04  1.564240300000e+01  7.065445985897e-02
 5.552751198866e+04  1.561853600000e+01  7.028996681268e-02
 5.552751897002e+04  1.568611600000e+01  7.125296537555e-02
 5.547744101414e+04  1.556574000000e+01  6.468441143520e-02
 5.547745509219e+04  1.549019600000e+01  6.387317820632e-02
 5.547746211177e+04  1.538150900000e+01  6.282359278524e-02
 5.548746725917e+04  1.544521700000e+01  7.345408887912e-02
 5.548747261964e+04  1.535033600000e+01  6.727952654147e-02
 5.548747534929e+04  1.532497600000e+01  6.699158743866e-02
 5.568017494743e+04  1.510473700000e+01  5.894173829948e-02
 5.568018313339e+04  1.511366600000e+01  5.905518828203e-02
 5.568019138730e+04  1.514448000000e+01  5.926933072735e-02
 5.568019968068e+04  1.515067000000e+01  5.934457236822e-02
 5.559818263870e+04  1.534758900000e+01  6.013359704028e-02
 5.559818946939e+04  1.536382000000e+01  6.042499133209e-02
 5.559819634103e+04  1.538249100000e+01  6.025905799845e-02
 5.559820320528e+04  1.539588400000e+01  6.035222856305e-02
 5.556425058728e+04  1.549508600000e+01  6.432490652169e-02
 5.556425800061e+04  1.548309700000e+01  6.477264418018e-02
 5.556426543100e+04  1.549326700000e+01  6.421609834249e-02
 5.556427289751e+04  1.551811100000e+01  6.495468129460e-02
 5.557130100324e+04  1.496179000000e+01  5.941963724034e-02
 5.557130730455e+04  1.492690900000e+01  5.919139515112e-02
 5.557131372508e+04  1.492869200000e+01  5.929511566631e-02
 5.557132017876e+04  1.493723300000e+01  5.961771165205e-02
 5.558924692083e+04  1.521539400000e+01  6.120669863782e-02
 5.558925271663e+04  1.523374800000e+01  6.135880288620e-02
 5.558925849204e+04  1.526368400000e+01  6.160634649797e-02
 5.558926427613e+04  1.528280000000e+01  6.173545693800e-02
 5.489315017514e+04  1.524434300000e+01  6.350128093352e-02
 5.489315395287e+04  1.522576600000e+01  6.260541215935e-02
 5.489315773744e+04  1.522239600000e+01  6.257663970143e-02
 5.489316152027e+04  1.526491500000e+01  6.300089707172e-02
 5.563219512404e+04  1.500855100000e+01  6.493565470301e-02
 5.563221126667e+04  1.504177200000e+01  6.154018700947e-02
 5.563221354294e+04  1.505484200000e+01  6.145935722249e-02
 5.563221581885e+04  1.507972900000e+01  6.146627081826e-02
 5.585845803322e+04  1.552064300000e+01  6.024463885151e-02
 5.585846917003e+04  1.553330500000e+01  6.030826271463e-02
 5.585848042119e+04  1.555113900000e+01  6.043986663231e-02
 5.585849170073e+04  1.555304300000e+01  6.046660743356e-02
 5.585041184639e+04  1.522600600000e+01  6.959834458064e-02
 5.585041848262e+04  1.522095400000e+01  6.940519158553e-02
 5.585042522832e+04  1.519056700000e+01  6.899750013753e-02
 5.585043197487e+04  1.523880600000e+01  6.955043005803e-02
 5.589539714788e+04  1.559483900000e+01  6.431504135425e-02
 5.589540342273e+04  1.562338600000e+01  6.458886665122e-02
 5.589540968674e+04  1.561365200000e+01  6.448453122418e-02
 5.589541602860e+04  1.562678800000e+01  6.461843371329e-02
 5.592032119197e+04  1.531860200000e+01  6.192107189158e-02
 5.592032970488e+04  1.534102100000e+01  6.207294146127e-02
 5.592033826032e+04  1.536138900000e+01  6.225792995610e-02
 5.592034685406e+04  1.538972800000e+01  6.249853463880e-02
 5.592539852907e+04  1.545900200000e+01  6.293796204371e-02
 5.592540227822e+04  1.545614800000e+01  6.292207371810e-02
 5.592540602296e+04  1.545950900000e+01  6.297959757622e-02
 5.592540979994e+04  1.546855000000e+01  6.302148955572e-02
 5.594523630586e+04  1.526803000000e+01  6.147427286713e-02
 5.594524198341e+04  1.525357100000e+01  6.135267918958e-02
 5.594524766795e+04  1.520647000000e+01  6.100306405585e-02
 5.594525331459e+04  1.520669000000e+01  6.098189533801e-02
 5.596726320544e+04  1.545257800000e+01  6.311502878410e-02
 5.596727203073e+04  1.546448100000e+01  6.321578636405e-02
 5.596728056135e+04  1.545654800000e+01  6.313042024655e-02
 5.596728899992e+04  1.548805000000e+01  6.341502317111e-02
 5.598014007595e+04  1.550239100000e+01  6.369376966580e-02
 5.598014676381e+04  1.553628100000e+01  6.400008091998e-02
 5.598015356241e+04  1.552908100000e+01  6.392894481170e-02
 5.598016030999e+04  1.553367500000e+01  6.392980651892e-02
 5.598711524064e+04  1.568225300000e+01  6.718601998276e-02
 5.598712087564e+04  1.560362400000e+01  6.628201388716e-02
 5.598712650837e+04  1.555983400000e+01  6.577778538297e-02
 5.598713224697e+04  1.543575800000e+01  6.445563496214e-02
 5.604419005985e+04  1.514073800000e+01  6.100890165418e-02
 5.604419863009e+04  1.517423000000e+01  6.130452645406e-02
 5.604420713132e+04  1.519834700000e+01  6.151984314880e-02
 5.604421574485e+04  1.523075100000e+01  6.185346542591e-02
 5.621440321638e+04  1.498563000000e+01  5.999702050908e-02
 5.621441189374e+04  1.502004400000e+01  6.018179701618e-02
 5.621442051341e+04  1.506605000000e+01  6.045929149283e-02
 5.621442910104e+04  1.511939400000e+01  6.084560117168e-02
 5.622537230836e+04  1.576371300000e+01  7.019440031516e-02
 5.622537633279e+04  1.572179200000e+01  6.954539633743e-02
 5.622538042836e+04  1.575086400000e+01  6.995168830974e-02
 5.622538445021e+04  1.571007800000e+01  6.940208417685e-02
