# time mag mag_err
 5.346921699516e+04  1.624825300000e+01  7.243253032539e-02
 5.346922509464e+04  1.620578900000e+01  7.184913681346e-02
 5.346923316438e+04  1.618537600000e+01  7.161790384126e-02
 5.346924128608e+04  1.618678700000e+01  7.166755813833e-02
 5.370544088753e+04  1.613049300000e+01  7.164989029343e-02
 5.370544964087e+04  1.618386300000e+01  7.240453831350e-02
 5.370545859061e+04  1.618117800000e+01  7.247693594599e-02
 5.370546732925e+04  1.618562000000e+01  7.271549683720e-02
 5.372839615659e+04  1.564767400000e+01  6.730856790597e-02
 5.372840521815e+04  1.578811100000e+01  6.880642120063e-02
 5.372841436212e+04  1.577714700000e+01  6.889047104217e-02
 5.372842344428e+04  1.577663300000e+01  6.819994053166e-02
 5.373334172650e+04  1.624447500000e+01  7.304835502771e-02
 5.373334970352e+04  1.621179400000e+01  7.253440088164e-02
 5.373335771700e+04  1.628117700000e+01  7.356658921546e-02
 5.373336570929e+04  1.630374300000e+01  7.408960190473e-02
 5.352716208235e+04  1.602322800000e+01  7.059587313307e-02
 5.352716859159e+04  1.593162900000e+01  6.945761159646e-02
 5.352717510024e+04  1.609169100000e+01  7.182054253202e-02
 5.352718164999e+04  1.604543400000e+01  7.130454958120e-02
 5.350016953009e+04  1.635230100000e+01  7.471074936342e-02
 5.350017719170e+04  1.636967200000e+01  7.502917084850e-02
 5.350018486755e+04  1.632547800000e+01  7.433812516034e-02
 5.350019254247e+04  1.635166100000e+01  7.475788777589e-02
 5.367746554363e+04  1.534205600000e+01  7.737380513599e-02
 5.367747234073e+04  1.539957500000e+01  6.819547457171e-02
 5.367747916236e+04  1.535571600000e+01  6.312250706015e-02
 5.367748595043e+04  1.539583600000e+01  6.596315514061e-02
 5.367146998819e+04  1.597294500000e+01  7.565316950565e-02
 5.367147429710e+04  1.602689700000e+01  7.345069497584e-02
 5.367147871954e+04  1.598895300000e+01  7.003320280672e-02
 5.367148311189e+04  1.604823600000e+01  7.375261777353e-02
 5.384418079377e+04  1.621025400000e+01  7.330543476594e-02
 5.384418887612e+04  1.618256700000e+01  7.291236589435e-02
 5.384419693670e+04  1.620522500000e+01  7.330895703610e-02
 5.384420503965e+04  1.620125500000e+01  7.324347054586e-02
 5.408347019743e+04  1.609065500000e+01  7.518040374332e-02
 5.408347560997e+04  1.598505300000e+01  7.013502568599e-02
 5.408348100631e+04  1.612336000000e+01  7.043406678388e-02
 5.408348641294e+04  1.610898400000e+01  7.014506068174e-02
 5.409246937101e+04  1.627163200000e+01  7.192566672045e-02
 5.409247511816e+04  1.623823000000e+01  7.144827946548e-02
 5.409248081833e+04  1.622542900000e+01  7.126234939505e-02
 5.409248654384e+04  1.600645200000e+01  6.847311743212e-02
 5.378633180042e+04  1.594312300000e+01  7.039781982306e-02
 5.378633560211e+04  1.580752700000e+01  6.696603209377e-02
 5.378633936803e+04  1.578703500000e+01  6.831775460494e-02
 5.378634316615e+04  1.571810200000e+01  6.602180867564e-02
 5.373944710763e+04  1.624089000000e+01  7.237694966850e-02
 5.373945538478e+04  1.622610300000e+01  7.218255563982e-02
 5.373946365093e+04  1.616104800000e+01  7.277823261251e-02
 5.373947195829e+04  1.626350200000e+01  7.281100909251e-02
 5.375527991105e+04  1.617248000000e+01  7.184686417388e-02
 5.375528686788e+04  1.617907300000e+01  7.196746345682e-02
 5.375529381881e+04  1.606884800000e+01  7.260220432837e-02
 5.375530075399e+04  1.616247800000e+01  8.155958358750e-02
 5.376135192924e+04  1.596098700000e+01  6.902307472064e-02
 5.376135943655e+04  1.598917000000e+01  6.934852250408e-02
 5.376136696470e+04  1.598891800000e+01  6.929053228651e-02
 5.376137455918e+04  1.604058900000e+01  7.000228257776e-02
 5.390317364544e+04  1.596957600000e+01  1.328270416388e-01
 5.390317466412e+04  1.590152000000e+01  1.296718232926e-01
 5.390317565885e+04  1.609972500000e+01  1.407551454793e-01
 5.390317665462e+04  1.600611600000e+01  1.355816120182e-01
 5.387518909726e+04  1.630491700000e+01  7.637226752404e-02
 5.387519553657e+04  1.619767900000e+01  7.456201960240e-02
 5.387520196664e+04  1.609166600000e+01  7.303463737752e-02
 5.387520841616e+04  1.581549100000e+01  6.925812316604e-02
 5.388118517266e+04  1.619478200000e+01  7.399285972546e-02
 5.388119496759e+04  1.622927400000e+01  7.470792484721e-02
 5.388120475442e+04  1.624234900000e+01  7.513535536149e-02
 5.388121457296e+04  1.625434200000e+01  7.554748475376e-02
 5.405448510346e+04  1.579748800000e+01  6.561798852093e-02
 5.405449113686e+04  1.569370200000e+01  6.456009134611e-02
 5.405449722108e+04  1.555841500000e+01  6.324114084083e-02
 5.405450332913e+04  1.543436600000e+01  6.212221058451e-02
 5.402846372443e+04  1.595207900000e+01  6.820192621340e-02
 5.402847294816e+04  1.597842000000e+01  6.826192996449e-02
 5.402848219284e+04  1.598884900000e+01  6.841691202290e-02
 5.402849144433e+04  1.600252800000e+01  6.843427426366e-02
 5.419716642456e+04  1.620600300000e+01  7.295153930241e-02
 5.419717180284e+04  1.621439700000e+01  7.308221468149e-02
 5.419717714998e+04  1.621770800000e+01  7.259810634049e-02
 5.419718252513e+04  1.620586200000e+01  7.232981333990e-02
 5.420521114366e+04  1.606506800000e+01  6.985818089985e-02
 5.420521873258e+04  1.603938100000e+01  6.951105896789e-02
 5.420522636144e+04  1.610459300000e+01  7.048115104998e-02
 5.420523391169e+04  1.606590200000e+01  6.995967000017e-02
 5.443737773145e+04  1.600766100000e+01  6.874466590391e-02
 5.443739051657e+04  1.606151200000e+01  6.927317945702e-02
 5.443740328365e+04  1.603337200000e+01  6.877980612519e-02
 5.443741608370e+04  1.610927000000e+01  6.975247860486e-02
 5.445439205944e+04  1.613107700000e+01  7.001550193771e-02
 5.445439804990e+04  1.610477200000e+01  6.968047108144e-02
 5.445440409985e+04  1.613201200000e+01  7.003630091713e-02
 5.445441014679e+04  1.608688600000e+01  6.936660655078e-02
 5.446450987168e+04  1.573405300000e+01  6.542505564159e-02
 5.446451643566e+04  1.573740800000e+01  6.546894768563e-02
 5.446452298784e+04  1.575163800000e+01  6.564298550992e-02
 5.446452955367e+04  1.578266500000e+01  6.603218869675e-02
 5.413830535369e+04  1.564556200000e+01  6.543042485141e-02
 5.413831106554e+04  1.566509000000e+01  6.775328342411e-02
 5.413831682000e+04  1.572950200000e+01  7.069364286647e-02
 5.413832265096e+04  1.584667200000e+01  7.658749970816e-02
 5.414037488462e+04  1.563960600000e+01  1.066249760187e-01
 5.414037587367e+04  1.565037600000e+01  1.056554816654e-01
 5.414037686642e+04  1.569591100000e+01  1.098737030002e-01
 5.414037786463e+04  1.566768300000e+01  1.079920905706e-01
 5.414636668032e+04  1.632241100000e+01  7.346785945220e-02
 5.414637449714e+04  1.630542400000e+01  7.359790130710e-02
 5.414638232439e+04  1.632407400000e+01  7.420975013472e-02
 5.414639015486e+04  1.634446000000e+01  7.466402028791e-02
 5.411039555066e+04  1.625410400000e+01  7.222045868102e-02
 5.411040267451e+04  1.626304600000e+01  7.248519303736e-02
 5.411040982370e+04  1.627304600000e+01  7.367797895309e-02
 5.411041702591e+04  1.632468400000e+01  7.339280031419e-02
 5.411633870402e+04  1.601015900000e+01  6.827815522639e-02
 5.411634521256e+04  1.605096800000e+01  6.876573160219e-02
 5.411635178638e+04  1.606336300000e+01  6.889772203573e-02
 5.411635844249e+04  1.607494200000e+01  6.902868389165e-02
 5.412439739429e+04  1.545686600000e+01  6.268721489867e-02
 5.412440574193e+04  1.549831300000e+01  6.304800839781e-02
 5.412441415080e+04  1.552264400000e+01  6.328225823213e-02
 5.412442252726e+04  1.557077000000e+01  6.374838272095e-02
 5.425615797925e+04  1.614408900000e+01  7.534663371200e-02
 5.425616442424e+04  1.609382100000e+01  7.575698936560e-02
 5.425617081519e+04  1.613803700000e+01  7.513262530568e-02
 5.425617723228e+04  1.641955800000e+01  9.714623470176e-02
 5.416830528697e+04  1.622517700000e+01  7.160047684079e-02
 5.416831355682e+04  1.616252700000e+01  7.071731661091e-02
 5.416832189207e+04  1.621960400000e+01  7.154824347061e-02
 5.416833015603e+04  1.620199800000e+01  7.128984309673e-02
 5.422719872315e+04  1.574580800000e+01  6.623680457216e-02
 5.422720790184e+04  1.578464200000e+01  6.674690590345e-02
 5.422721707522e+04  1.580572700000e+01  6.706373438070e-02
 5.422722626595e+04  1.584258800000e+01  6.756025256694e-02
 5.423918226874e+04  1.622787300000e+01  7.555075833336e-02
 5.423919223370e+04  1.619625700000e+01  7.537022294452e-02
 5.423920219404e+04  1.619551300000e+01  7.568869823101e-02
 5.423921215669e+04  1.622982700000e+01  7.674114140467e-02
 5.441745306836e+04  1.621290100000e+01  7.141293218797e-02
 5.441746081273e+04  1.619313200000e+01  7.106381836545e-02
 5.441746861311e+04  1.616960700000e+01  7.070085915592e-02
 5.441747636883e+04  1.619427500000e+01  7.099338998183e-02
 5.438451425797e+04  1.614853000000e+01  7.777272197138e-02
 5.438451593421e+04  1.605595100000e+01  7.606964080166e-02
 5.438451761103e+04  1.603050600000e+01  7.561380151080e-02
 5.438451931887e+04  1.609588500000e+01  7.657313445081e-02
 5.438548906247e+04  1.596975000000e+01  7.130769416785e-02
 5.438549573594e+04  1.601964300000e+01  7.196025413406e-02
 5.438550239738e+04  1.602096100000e+01  7.186278419911e-02
 5.438550903811e+04  1.601078800000e+01  7.157498585784e-02
 5.458019114091e+04  1.603527800000e+01  6.918000262698e-02
 5.458019757178e+04  1.601242900000e+01  6.889198496607e-02
 5.458020404340e+04  1.604545400000e+01  6.935607214862e-02
 5.458021048840e+04  1.609353000000e+01  7.007717491934e-02
 5.482151150426e+04  1.564538100000e+01  6.413916747923e-02
 5.482151691772e+04  1.569693300000e+01  6.463745667006e-02
 5.482152217227e+04  1.571047700000e+01  6.480776746334e-02
 5.482152766953e+04  1.575151000000e+01  6.522196920789e-02
 5.483041090213e+04  1.610815200000e+01  6.930689691844e-02
 5.483041698449e+04  1.616782100000e+01  7.007904311160e-02
 5.483042300319e+04  1.618367700000e+01  7.023932485023e-02
 5.483042911854e+04  1.614961800000e+01  6.981965897517e-02
 5.450227902392e+04  1.621216700000e+01  7.117204490420e-02
 5.450228602404e+04  1.620041800000e+01  7.099035198911e-02
 5.450229301779e+04  1.621942500000e+01  7.123507923704e-02
 5.450230001860e+04  1.624509700000e+01  7.151046625752e-02
 5.452327746713e+04  1.621840400000e+01  7.117669504295e-02
 5.452328469862e+04  1.618914900000e+01  7.078763526944e-02
 5.452329190870e+04  1.620855700000e+01  7.102950587797e-02
 5.452329912110e+04  1.617571500000e+01  7.056909487604e-02
 5.449537894135e+04  1.589663700000e+01  6.707744211978e-02
 5.449538546841e+04  1.592692000000e+01  6.745493099131e-02
 5.449539194455e+04  1.592406800000e+01  6.738805083824e-02
 5.449539842763e+04  1.592586300000e+01  6.739404163757e-02
 5.463015705075e+04  1.621874600000e+01  8.101736235671e-02
 5.463016171788e+04  1.618881100000e+01  8.062117101855e-02
 5.463016635689e+04  1.620564300000e+01  8.113001474446e-02
 5.463017098084e+04  1.619480400000e+01  8.111302119369e-02
 5.452819635873e+04  1.568608800000e+01  6.504525636382e-02
 5.452820278509e+04  1.572721000000e+01  6.543382512195e-02
 5.452820927869e+04  1.571400500000e+01  6.530854153592e-02
 5.452821572381e+04  1.574477100000e+01  6.557826714382e-02
 5.454827279663e+04  1.586739300000e+01  6.734038475817e-02
 5.454827886603e+04  1.577604100000e+01  6.630241371400e-02
 5.454828494701e+04  1.585545500000e+01  6.724270243353e-02
 5.454829104176e+04  1.586984500000e+01  6.744763116765e-02
 5.459113864863e+04  1.621218200000e+01  7.186946406231e-02
 5.459114455113e+04  1.618469800000e+01  7.150827462162e-02
 5.459115045779e+04  1.622880000000e+01  7.213620946312e-02
 5.459115638297e+04  1.620735900000e+01  7.182704037142e-02
 5.477747907123e+04  1.607553700000e+01  6.915539049208e-02
 5.477749087541e+04  1.609318500000e+01  6.934840862502e-02
 5.477750273699e+04  1.617135900000e+01  7.031168750482e-02
 5.477751463469e+04  1.612294400000e+01  6.962169456581e-02
 5.492226174568e+04  1.589273100000e+01  6.763263642574e-02
 5.492226985326e+04  1.591459700000e+01  6.792908196621e-02
 5.492227798193e+04  1.596049100000e+01  6.847024145276e-02
 5.492228605689e+04  1.595673200000e+01  6.846100357737e-02
 5.493819455389e+04  1.594043400000e+01  6.810580003024e-02
 5.493819943448e+04  1.597563800000e+01  6.853406785174e-02
 5.493820430220e+04  1.596618300000e+01  6.847887349274e-02
 5.493820920014e+04  1.597830200000e+01  6.861825557839e-02
 5.495118891295e+04  1.618786400000e+01  7.149192650061e-02
 5.495119680999e+04  1.618563700000e+01  7.154384282097e-02
 5.495120463123e+04  1.618095100000e+01  7.160357678510e-02
 5.495121250802e+04  1.620794800000e+01  7.197437087137e-02
 5.486728607216e+04  1.588396800000e+01  6.990505192294e-02
 5.486729203415e+04  1.588618000000e+01  6.989943756876e-02
 5.486729806061e+04  1.584434500000e+01  6.935973493261e-02
 5.486730386125e+04  1.630790700000e+01  7.640616604544e-02
 5.488731047954e+04  1.584081100000e+01  6.579612275639e-02
 5.488731582656e+04  1.587805100000e+01  6.694949407725e-02
 5.488732123309e+04  1.584577600000e+01  6.634594844117e-02
 5.488732657328e+04  1.588949500000e+01  6.720780398064e-02
 5.490520795770e+04  1.556678200000e+01  6.375262005162e-02
 5.490521328400e+04  1.557095900000e+01  6.382765620771e-02
 5.490521876101e+04  1.560238400000e+01  6.410443486750e-02
 5.490522412366e+04  1.561390000000e+01  6.423214178412e-02
 5.515043878788e+04  1.616194800000e+01  7.182069301118e-02
 5.515044488333e+04  1.619595100000e+01  7.219842253445e-02
 5.515045087199e+04  1.616356100000e+01  7.162515077850e-02
 5.515045691512e+04  1.619449600000e+01  7.203274676041e-02
 5.516144566731e+04  1.625550100000e+01  7.251423263244e-02
 5.516145416970e+04  1.621820400000e+01  7.184731984256e-02
 5.516146265128e+04  1.595695700000e+01  6.827134085744e-02
 5.516147116645e+04  1.572179000000e+01  6.556230444074e-02
 5.516241827894e+04  1.625960100000e+01  7.324014554320e-02
 5.516242751006e+04  1.621144800000e+01  7.238961101284e-02
 5.516243669941e+04  1.633640200000e+01  7.427035166043e-02
 5.516244587759e+04  1.633529400000e+01  7.416424488247e-02
 5.512649307067e+04  1.631019300000e+01  8.221655862913e-02
 5.512649656124e+04  1.631719400000e+01  8.237779382911e-02
 5.512650007403e+04  1.635432800000e+01  8.297730960493e-02
 5.512650362654e+04  1.639476200000e+01  8.376503853170e-02
 5.529617566726e+04  1.578366200000e+01  6.630673181255e-02
 5.529618131755e+04  1.579287600000e+01  6.643987074044e-02
 5.529618698265e+04  1.582695200000e+01  6.678958440725e-02
 5.529619267927e+04  1.581121100000e+01  6.666731796307e-02
 5.553844741590e+04  1.627668300000e+01  7.297757034775e-02
 5.553845788506e+04  1.634170400000e+01  7.395599176502e-02
 5.553846312145e+04  1.636384400000e+01  7.429088854788e-02
 5.554540738710e+04  1.602306100000e+01  6.956766203834e-02
 5.554542605091e+04  1.605758100000e+01  6.999278114104e-02
 5.554543548345e+04  1.607779300000e+01  7.022474650362e-02
 5.555934580657e+04  1.614113500000e+01  7.148988590424e-02
 5.555936676448e+04  1.619889300000e+01  7.222424049277e-02
 5.523626460922e+04  1.619911600000e+01  7.191742046404e-02
 5.524225486157e+04  1.582677400000e+01  6.688479522353e-02
 5.524226393524e+04  1.585635100000e+01  6.721679727630e-02
 5.524227317255e+04  1.584933700000e+01  6.708748208505e-02
 5.524228251777e+04  1.592928100000e+01  6.805164333244e-02
 5.525929042807e+04  1.606017300000e+01  6.933652678365e-02
 5.525929616867e+04  1.612241800000e+01  7.012174761915e-02
 5.525930193794e+04  1.612215300000e+01  7.016252454993e-02
 5.525930774686e+04  1.606412000000e+01  6.939081612732e-02
 5.526720150016e+04  1.623262200000e+01  7.211249683694e-02
 5.526720602146e+04  1.619599700000e+01  7.154824347061e-02
 5.526721061122e+04  1.620566700000e+01  7.163699370499e-02
 5.526721525878e+04  1.630667100000e+01  7.316555367514e-02
 5.532920858683e+04  1.619136200000e+01  7.267296152013e-02
 5.532921546760e+04  1.614839200000e+01  7.122246547470e-02
 5.532922238374e+04  1.618223700000e+01  7.171882363654e-02
 5.532922928698e+04  1.618967200000e+01  7.198159097674e-02
 5.551146452686e+04  1.591009200000e+01  6.825562936874e-02
 5.551147740600e+04  1.593007300000e+01  6.838240153637e-02
 5.551148384536e+04  1.594317400000e+01  6.851566115582e-02
 5.553046926093e+04  1.595408900000e+01  6.837214896018e-02
 5.553048088953e+04  1.594817600000e+01  6.827424576593e-02
 5.553048666308e+04  1.593085500000e+01  6.804073985499e-02
 5.548749965403e+04  1.615784400000e+01  8.036598509702e-02
 5.548750506072e+04  1.617689500000e+01  8.066631574586e-02
 5.548750782961e+04  1.623315700000e+01  8.178038677782e-02
 5.565620548230e+04  1.550207400000e+01  6.125369116120e-02
 5.565621237005e+04  1.552776200000e+01  6.146738312859e-02
 5.565621926716e+04  1.558614600000e+01  6.193478052032e-02
 5.565622621358e+04  1.560722700000e+01  6.212102944724e-02
 5.559630906994e+04  1.610937500000e+01  6.669445588463e-02
 5.559631731480e+04  1.614075400000e+01  6.706142352301e-02
 5.559632565690e+04  1.616374700000e+01  6.731148685126e-02
 5.559633396161e+04  1.615732500000e+01  6.723963461654e-02
 5.561521486861e+04  1.589553000000e+01  6.826183030401e-02
 5.561522289819e+04  1.589636000000e+01  6.823855185599e-02
 5.561523084909e+04  1.595477700000e+01  6.895781410478e-02
 5.561523887274e+04  1.596900200000e+01  6.914110445696e-02
 5.557442229762e+04  1.632084900000e+01  7.377140971240e-02
 5.557442748678e+04  1.633764500000e+01  7.404140197498e-02
 5.557443270000e+04  1.630497400000e+01  7.348523356033e-02
 5.557443794495e+04  1.631674600000e+01  7.365771852889e-02
 5.558549876000e+04  1.609042300000e+01  7.092336768444e-02
 5.558550584660e+04  1.616285300000e+01  7.205889461914e-02
 5.558551289726e+04  1.608496300000e+01  7.103824633696e-02
 5.558551995560e+04  1.605756900000e+01  7.065565603149e-02
 5.562225489529e+04  1.541596000000e+01  6.054019154545e-02
 5.562226592469e+04  1.531856300000e+01  5.985722933927e-02
 5.562227695917e+04  1.536605100000e+01  6.019310355450e-02
 5.562228802365e+04  1.542922500000e+01  6.063956044919e-02
 5.563121129310e+04  1.610722200000e+01  7.159148118187e-02
 5.563121640065e+04  1.607871300000e+01  7.118388402988e-02
 5.563122152593e+04  1.607583600000e+01  7.114209464843e-02
 5.563122668949e+04  1.613049600000e+01  7.194187303747e-02
 5.564416826736e+04  1.618222800000e+01  7.227181075663e-02
 5.564417336101e+04  1.621254900000e+01  7.273725148351e-02
 5.564417852378e+04  1.623834600000e+01  7.315219285875e-02
 5.564418368503e+04  1.621865800000e+01  7.278741874672e-02
 5.375534781119e+04  1.626708700000e+01  7.305504827923e-02
 5.375535483920e+04  1.614206900000e+01  7.117570840936e-02
 5.375536189244e+04  1.614382200000e+01  7.117007412628e-02
 5.375536897440e+04  1.622491100000e+01  7.240405673088e-02
 5.568420073654e+04  1.618033400000e+01  7.303617865937e-02
 5.568421016515e+04  1.618548600000e+01  7.326975413124e-02
 5.568421910475e+04  1.622858100000e+01  7.394285703880e-02
 5.568422796387e+04  1.622596400000e+01  7.397516143720e-02
 5.585148156720e+04  1.584947300000e+01  6.747515608651e-02
 5.585148561764e+04  1.579269100000e+01  6.672905366104e-02
 5.585148962941e+04  1.586202900000e+01  6.746801675451e-02
 5.585149365859e+04  1.590043700000e+01  6.792093451463e-02
 5.588746159235e+04  1.585355900000e+01  6.700023879513e-02
 5.588746894969e+04  1.592152000000e+01  6.777064713702e-02
 5.588747644346e+04  1.590479800000e+01  6.754472618712e-02
 5.588748390601e+04  1.596388200000e+01  6.827374474248e-02
 5.592035905632e+04  1.598981900000e+01  6.909905774375e-02
 5.592037043981e+04  1.598049800000e+01  6.889967088953e-02
 5.592038179987e+04  1.602008400000e+01  6.936523155171e-02
 5.592039324654e+04  1.606911200000e+01  6.992203645154e-02
 5.592649060514e+04  1.585043300000e+01  6.703068279575e-02
 5.592649511103e+04  1.582891000000e+01  6.676677511003e-02
 5.592649970362e+04  1.589562100000e+01  6.759002346774e-02
 5.592650423608e+04  1.589051300000e+01  6.753159962981e-02
 5.594051969824e+04  1.620593300000e+01  7.171777735410e-02
 5.594052549462e+04  1.623820200000e+01  7.217188875056e-02
 5.594053118785e+04  1.628031000000e+01  7.299615824089e-02
 5.594053686291e+04  1.628609500000e+01  7.307360954866e-02
 5.596829937152e+04  1.618387400000e+01  7.133589839457e-02
 5.596830782397e+04  1.621440300000e+01  7.177668378155e-02
 5.596831634503e+04  1.614148300000e+01  7.074911379204e-02
 5.596832482139e+04  1.626728700000e+01  7.257241013486e-02
 5.597630674399e+04  1.586145600000e+01  6.424159441384e-02
 5.597631500183e+04  1.583403500000e+01  6.396855635992e-02
 5.597632364348e+04  1.589916600000e+01  6.428393955414e-02
 5.597633191346e+04  1.589790800000e+01  6.424919004888e-02
 5.597925345259e+04  1.562535500000e+01  6.196704636999e-02
 5.597926228095e+04  1.545291000000e+01  6.061209417470e-02
 5.597927106113e+04  1.534775600000e+01  5.983706889822e-02
 5.597927989895e+04  1.535093900000e+01  5.987413678512e-02
 5.598722151535e+04  1.618992500000e+01  7.001265872141e-02
 5.598722620668e+04  1.615405800000e+01  6.950977623386e-02
 5.598723096931e+04  1.620434100000e+01  7.000586293622e-02
 5.598723575334e+04  1.618981700000e+01  6.972637593506e-02
 5.600022866476e+04  1.625891200000e+01  7.278474617864e-02
 5.600023422859e+04  1.628467600000e+01  7.327958375168e-02
 5.600023986164e+04  1.623849100000e+01  7.252187218011e-02
 5.600024557177e+04  1.629691000000e+01  7.347931988450e-02
 5.601116122025e+04  1.550111100000e+01  6.380697534258e-02
 5.601116693979e+04  1.554836600000e+01  6.424533406774e-02
 5.601117256252e+04  1.558706100000e+01  6.461536784331e-02
 5.601117824241e+04  1.560493800000e+01  6.479780994050e-02
 5.602914399397e+04  1.554116900000e+01  6.498481960681e-02
 5.602914905663e+04  1.555243500000e+01  6.480368379596e-02
 5.602915422216e+04  1.556346200000e+01  6.590542716959e-02
 5.602915931725e+04  1.563186800000e+01  6.811787452662e-02
 5.604016146942e+04  1.617472200000e+01  7.344426453252e-02
 5.604016652002e+04  1.619027700000e+01  7.346016761310e-02
 5.604017320153e+04  1.621429200000e+01  7.371275428248e-02
 5.604017833192e+04  1.619256400000e+01  7.339013629361e-02
 5.604613940510e+04  1.572024200000e+01  6.635891338906e-02
 5.604614508780e+04  1.574810100000e+01  6.663042909436e-02
 5.604615070538e+04  1.579237800000e+01  6.718114853547e-02
 5.604615638193e+04  1.578771300000e+01  6.714999799352e-02
 5.606320517454e+04  1.603263800000e+01  6.597300654544e-02
 5.606321197179e+04  1.603487200000e+01  6.607535604013e-02
 5.606321879574e+04  1.604591700000e+01  6.627963085897e-02
 5.606322556169e+04  1.611239600000e+01  6.710381493438e-02
 5.607715343528e+04  1.614822800000e+01  7.423634154673e-02
 5.607715785355e+04  1.628173100000e+01  7.656715429198e-02
 5.607716232878e+04  1.605399500000e+01  7.283734096451e-02
 5.607716689727e+04  1.609979800000e+01  7.356460046722e-02
 5.622748177047e+04  1.572991900000e+01  6.964392487948e-02
 5.622748887302e+04  1.577280300000e+01  7.014719485656e-02
 5.622749596935e+04  1.579785800000e+01  7.042447348575e-02
 5.622750308661e+04  1.582300100000e+01  7.071852254901e-02
