# time mag mag_err
 5.346622703850e+04  1.495161000000e+01  5.872266834365e-02
 5.346623611140e+04  1.498930400000e+01  5.896730405428e-02
 5.346624528385e+04  1.502615800000e+01  5.920878063354e-02
 5.346625438998e+04  1.507029700000e+01  5.951133514445e-02
 5.372947335124e+04  1.543769600000e+01  6.274222682364e-02
 5.372948237032e+04  1.545356600000e+01  6.289079070200e-02
 5.372949147344e+04  1.548278600000e+01  6.315062822735e-02
 5.372950056475e+04  1.547904100000e+01  6.308684501973e-02
 5.352816015802e+04  1.537198600000e+01  6.265481053384e-02
 5.352816665453e+04  1.537476600000e+01  6.273439131072e-02
 5.352817316515e+04  1.540963900000e+01  6.308820197710e-02
 5.352817965170e+04  1.541331700000e+01  6.315853166087e-02
 5.349727113642e+04  1.478300000000e+01  5.828870002008e-02
 5.349727741370e+04  1.483219800000e+01  5.857042607662e-02
 5.349728371564e+04  1.484872600000e+01  5.873784882748e-02
 5.349729004315e+04  1.485559400000e+01  5.881567420514e-02
 5.352018311448e+04  1.540981000000e+01  6.397978845864e-02
 5.352018951907e+04  1.537555900000e+01  6.337960818917e-02
 5.352019909027e+04  1.531485500000e+01  8.101598641698e-02
 5.367749427017e+04  1.486942200000e+01  6.007248034059e-02
 5.368649053544e+04  1.498448400000e+01  5.962195144703e-02
 5.368649707187e+04  1.503367200000e+01  5.992746588070e-02
 5.368650364245e+04  1.502902500000e+01  5.985782595695e-02
 5.368651013294e+04  1.503874400000e+01  5.990118634415e-02
 5.368747467674e+04  1.473799600000e+01  5.817988135485e-02
 5.368748534475e+04  1.479499400000e+01  5.847302472836e-02
 5.368749605025e+04  1.482161300000e+01  5.852737233686e-02
 5.368750672509e+04  1.486955600000e+01  5.881520759952e-02
 5.370444070134e+04  1.510419700000e+01  6.061531383319e-02
 5.370444780402e+04  1.511313300000e+01  6.063426631198e-02
 5.370445494742e+04  1.514455400000e+01  6.082883233105e-02
 5.370446213840e+04  1.516317700000e+01  6.093960971576e-02
 5.384320003412e+04  1.539969100000e+01  6.354996571405e-02
 5.384320809830e+04  1.536346700000e+01  6.323739592151e-02
 5.384321612878e+04  1.539715300000e+01  6.356653675878e-02
 5.384322419169e+04  1.538862600000e+01  6.348153708730e-02
 5.409249248477e+04  1.536773800000e+01  6.189862989766e-02
 5.409249731927e+04  1.538651800000e+01  6.192710562727e-02
 5.409250213582e+04  1.538448400000e+01  6.190339037222e-02
 5.409250695829e+04  1.541024300000e+01  6.207797721434e-02
 5.377237380644e+04  1.501205000000e+01  6.092466867308e-02
 5.377238084301e+04  1.502376600000e+01  5.989373800699e-02
 5.377238783052e+04  1.502952900000e+01  5.991340066529e-02
 5.377239486096e+04  1.505220200000e+01  5.997002803530e-02
 5.377335921956e+04  1.475418900000e+01  5.810525085843e-02
 5.377336676600e+04  1.475482200000e+01  5.809634469524e-02
 5.377337434497e+04  1.478988900000e+01  5.830168850074e-02
 5.377338190622e+04  1.484658700000e+01  5.865527489504e-02
 5.378635385359e+04  1.537732200000e+01  6.247442134552e-02
 5.378636026213e+04  1.538346200000e+01  6.236869357668e-02
 5.378636667588e+04  1.539822800000e+01  6.259922476153e-02
 5.378637307689e+04  1.546549000000e+01  6.587830228299e-02
 5.374340732470e+04  1.506409800000e+01  6.007960233987e-02
 5.374341275321e+04  1.504928200000e+01  6.000906059800e-02
 5.374342372667e+04  1.509075000000e+01  6.027510200779e-02
 5.374440541391e+04  1.485957100000e+01  5.908362865655e-02
 5.374441139870e+04  1.484713800000e+01  5.899002356309e-02
 5.374441738719e+04  1.489315500000e+01  5.927978706353e-02
 5.374442337615e+04  1.492258000000e+01  5.944487856491e-02
 5.375834603701e+04  1.536418400000e+01  6.242425858364e-02
 5.375835253155e+04  1.536665200000e+01  6.242309320645e-02
 5.375836544169e+04  1.537192100000e+01  6.244669154485e-02
 5.376540661860e+04  1.449775900000e+01  5.677181192793e-02
 5.376541367045e+04  1.450526800000e+01  5.681482248053e-02
 5.376542075147e+04  1.453421500000e+01  5.700880553992e-02
 5.376542782104e+04  1.457078400000e+01  5.719942790972e-02
 5.390518037463e+04  1.497179000000e+01  9.110551183536e-02
 5.390518141738e+04  1.502749500000e+01  9.280017370381e-02
 5.390518244985e+04  1.505233300000e+01  9.353587446309e-02
 5.390518348763e+04  1.504598200000e+01  9.326537042727e-02
 5.379731575406e+04  1.531734300000e+01  9.757580787433e-02
 5.379731598532e+04  1.535574200000e+01  9.558286285224e-02
 5.379731621682e+04  1.536798100000e+01  9.622275967590e-02
 5.379731644843e+04  1.539994000000e+01  9.692479224547e-02
 5.381723927979e+04  1.520845500000e+01  6.175331895057e-02
 5.381724729662e+04  1.523187300000e+01  6.207743033481e-02
 5.381725540964e+04  1.522720600000e+01  6.198359749533e-02
 5.381726349199e+04  1.523951900000e+01  6.220957711123e-02
 5.387420203984e+04  1.532177100000e+01  6.330838884793e-02
 5.387420902097e+04  1.531924500000e+01  6.332351869184e-02
 5.387421603150e+04  1.535225400000e+01  6.367617385247e-02
 5.387422305060e+04  1.535631600000e+01  6.380301639081e-02
 5.388017193037e+04  1.542770800000e+01  6.365878312060e-02
 5.388018059215e+04  1.545313500000e+01  6.393384837091e-02
 5.388018928089e+04  1.547605900000e+01  6.420476881045e-02
 5.388019804082e+04  1.549077200000e+01  6.440003264057e-02
 5.405049511488e+04  1.460144500000e+01  5.783685408374e-02
 5.405050392910e+04  1.464392300000e+01  5.802932609092e-02
 5.405051272537e+04  1.469944100000e+01  5.832606273241e-02
 5.405052146956e+04  1.473271300000e+01  5.849969072051e-02
 5.403750250359e+04  1.509943000000e+01  9.946567849346e-02
 5.403750679999e+04  1.532939600000e+01  1.146497088971e-01
 5.403751112022e+04  1.607975100000e+01  2.757147107208e-01
 5.419721973797e+04  1.534555400000e+01  6.195787325440e-02
 5.419722620902e+04  1.535014300000e+01  6.196406307907e-02
 5.419723266049e+04  1.534592100000e+01  6.186718880039e-02
 5.419723912933e+04  1.536157900000e+01  6.197447224428e-02
 5.443747816502e+04  1.530558500000e+01  6.108185263786e-02
 5.443748411116e+04  1.530353100000e+01  6.105511896369e-02
 5.443749003934e+04  1.531032900000e+01  6.110274114842e-02
 5.443749597031e+04  1.532397900000e+01  6.119373337469e-02
 5.444848076144e+04  1.514937200000e+01  6.122891226068e-02
 5.444848673801e+04  1.517983100000e+01  6.278431649444e-02
 5.444849862899e+04  1.521689400000e+01  6.898042183768e-02
 5.446551534517e+04  1.538541600000e+01  6.172112342358e-02
 5.446552260352e+04  1.537629200000e+01  6.166995987869e-02
 5.446552992587e+04  1.534878800000e+01  6.142392899005e-02
 5.446553719799e+04  1.536356800000e+01  6.157117363887e-02
 5.413934877734e+04  1.538178200000e+01  6.319940433794e-02
 5.413935415851e+04  1.538619700000e+01  6.387520734458e-02
 5.413935957521e+04  1.534173300000e+01  6.548702336353e-02
 5.413936501112e+04  1.533863200000e+01  6.542301791836e-02
 5.414640503928e+04  1.469859100000e+01  5.791333427413e-02
 5.414641167990e+04  1.476001300000e+01  5.837717687851e-02
 5.414641832409e+04  1.477337000000e+01  5.847402391800e-02
 5.414642494329e+04  1.480543400000e+01  5.875651704888e-02
 5.412443124054e+04  1.520174600000e+01  6.035217284881e-02
 5.412443828800e+04  1.522117200000e+01  6.049084689365e-02
 5.412444535953e+04  1.523160100000e+01  6.056936206377e-02
 5.412445245340e+04  1.524742500000e+01  6.071417810185e-02
 5.416823068881e+04  1.533452100000e+01  6.158805374441e-02
 5.416823880750e+04  1.535640300000e+01  6.175934803108e-02
 5.416824693892e+04  1.536861700000e+01  6.183231382489e-02
 5.416825500426e+04  1.536539700000e+01  6.177858430463e-02
 5.417430224779e+04  1.455131100000e+01  5.649326668249e-02
 5.417430938785e+04  1.457374200000e+01  5.658979296793e-02
 5.417431652709e+04  1.462309800000e+01  5.685256853688e-02
 5.417432367270e+04  1.466656900000e+01  5.707796663261e-02
 5.422920801211e+04  1.498459900000e+01  5.953443969203e-02
 5.422921665455e+04  1.503015300000e+01  5.985944193370e-02
 5.422922530741e+04  1.505108900000e+01  6.002278269855e-02
 5.422923398643e+04  1.507251400000e+01  6.020714764751e-02
 5.424118748501e+04  1.483592700000e+01  5.878620929352e-02
 5.424119664229e+04  1.466454500000e+01  5.775339184576e-02
 5.424120578534e+04  1.453191500000e+01  5.715636889398e-02
 5.424121496520e+04  1.453750700000e+01  5.717461481638e-02
 5.440951437498e+04  1.519239300000e+01  6.045235487819e-02
 5.440951716574e+04  1.522554300000e+01  6.067601241566e-02
 5.440952000825e+04  1.524052900000e+01  6.077726378113e-02
 5.440952276615e+04  1.520238500000e+01  6.047302499246e-02
 5.458021951119e+04  1.522918300000e+01  6.073430475778e-02
 5.458022593940e+04  1.520352200000e+01  6.058923886075e-02
 5.458023237259e+04  1.524372800000e+01  6.099099678236e-02
 5.458023878633e+04  1.524937300000e+01  6.091821281538e-02
 5.482940742931e+04  1.508483800000e+01  5.948542847730e-02
 5.482941460108e+04  1.511483500000e+01  5.967162633730e-02
 5.482942193513e+04  1.514269400000e+01  5.983736609566e-02
 5.482942926014e+04  1.517368100000e+01  6.006404240806e-02
 5.448341325081e+04  1.538594300000e+01  6.167270863370e-02
 5.448341982255e+04  1.537306100000e+01  6.160588186957e-02
 5.448342640772e+04  1.536956200000e+01  6.121688319541e-02
 5.448343295608e+04  1.538419400000e+01  6.163320641817e-02
 5.449544851519e+04  1.534250400000e+01  6.134055589604e-02
 5.449545621001e+04  1.533589900000e+01  6.125702647644e-02
 5.449546388574e+04  1.533989200000e+01  6.133787686239e-02
 5.449547151922e+04  1.534550300000e+01  6.137165295480e-02
 5.463116163311e+04  1.459375500000e+01  5.972459334101e-02
 5.463116747462e+04  1.466237400000e+01  6.026563183952e-02
 5.463117338278e+04  1.465910600000e+01  6.036515216076e-02
 5.463117925506e+04  1.463294100000e+01  6.017867483570e-02
 5.452828127510e+04  1.545449600000e+01  6.238837981699e-02
 5.452829176359e+04  1.545122400000e+01  6.235026902993e-02
 5.452830226851e+04  1.551589800000e+01  6.285316119958e-02
 5.452831280375e+04  1.547985900000e+01  6.256215924685e-02
 5.453429014242e+04  1.498865400000e+01  5.913975342068e-02
 5.453429698814e+04  1.501142500000e+01  5.934525785109e-02
 5.453430379148e+04  1.502592200000e+01  6.135087790348e-02
 5.453937752758e+04  1.550689300000e+01  6.348278791678e-02
 5.453938470988e+04  1.546095600000e+01  6.262789882170e-02
 5.453939186856e+04  1.545363100000e+01  6.370320927609e-02
 5.453939901140e+04  1.530123400000e+01  6.197815162084e-02
 5.454922470265e+04  1.537205500000e+01  6.201446110830e-02
 5.454923135530e+04  1.536792200000e+01  6.197129412386e-02
 5.454923797854e+04  1.536589600000e+01  6.190940406579e-02
 5.454924462251e+04  1.537843500000e+01  6.201245485476e-02
 5.459116336654e+04  1.484545900000e+01  5.828380225883e-02
 5.459117261514e+04  1.488640100000e+01  5.852746282507e-02
 5.459118181838e+04  1.491250500000e+01  5.865757419818e-02
 5.459119103376e+04  1.495221700000e+01  5.894830559575e-02
 5.476451046499e+04  1.487377300000e+01  5.856022963386e-02
 5.476451291778e+04  1.488069500000e+01  5.864375751022e-02
 5.476451538074e+04  1.487794700000e+01  5.864709569126e-02
 5.476451775679e+04  1.489235000000e+01  5.872831849984e-02
 5.518049492019e+04  1.537040100000e+01  6.151190969604e-02
 5.518050112631e+04  1.536576900000e+01  6.160070540184e-02
 5.518050749341e+04  1.537310600000e+01  6.162954558334e-02
 5.518051387244e+04  1.539141800000e+01  6.180230178792e-02
 5.486729094405e+04  1.495285100000e+01  6.037847380641e-02
 5.486729692525e+04  1.495984200000e+01  6.039803782187e-02
 5.486730269834e+04  1.498146800000e+01  6.053005733588e-02
 5.486730864366e+04  1.500784600000e+01  6.069645690333e-02
 5.487837388058e+04  1.509236300000e+01  6.428046184658e-02
 5.487837979627e+04  1.505897300000e+01  5.987618274875e-02
 5.487838567284e+04  1.504498400000e+01  6.073859879149e-02
 5.487839153181e+04  1.507309100000e+01  6.075294886414e-02
 5.488929421788e+04  1.471390500000e+01  5.515153109932e-02
 5.488930441816e+04  1.454788200000e+01  5.451852469563e-02
 5.488931460895e+04  1.451962400000e+01  5.441783626752e-02
 5.488932471338e+04  1.455980100000e+01  5.456313577822e-02
 5.485934405468e+04  1.480361500000e+01  5.754543381375e-02
 5.485934895039e+04  1.481754500000e+01  5.760518507256e-02
 5.485935409833e+04  1.485934600000e+01  5.792715406470e-02
 5.485935896119e+04  1.486672600000e+01  5.789046667351e-02
 5.490523227082e+04  1.497864000000e+01  5.890854112162e-02
 5.490523772052e+04  1.501008300000e+01  5.911324883438e-02
 5.490524323525e+04  1.500361700000e+01  5.903048716597e-02
 5.490524863669e+04  1.504926500000e+01  5.932747965483e-02
 5.515150374417e+04  1.539085600000e+01  6.229987564106e-02
 5.515151007469e+04  1.538044500000e+01  6.221109821993e-02
 5.515151633984e+04  1.540191700000e+01  6.235359561231e-02
 5.515152254873e+04  1.538345400000e+01  6.218817124333e-02
 5.513051010101e+04  1.538279500000e+01  6.704953960253e-02
 5.513051195575e+04  1.541959500000e+01  6.743395081857e-02
 5.513051385446e+04  1.539024600000e+01  6.706501840826e-02
 5.513051583661e+04  1.542150900000e+01  6.734296117810e-02
 5.529018116497e+04  1.542593300000e+01  6.262591298159e-02
 5.529018796278e+04  1.542154100000e+01  6.255299500514e-02
 5.529019484160e+04  1.546125300000e+01  6.291244339001e-02
 5.529020171302e+04  1.546871100000e+01  6.293267557243e-02
 5.553148037266e+04  1.534177500000e+01  6.210899673338e-02
 5.553149199030e+04  1.537755400000e+01  6.229576835547e-02
 5.553149781559e+04  1.537683700000e+01  6.227896388719e-02
 5.553846936645e+04  1.456286400000e+01  5.682980527902e-02
 5.553848097641e+04  1.452562900000e+01  5.662925096603e-02
 5.553848678666e+04  1.454625600000e+01  5.673313188634e-02
 5.555937562049e+04  1.540099200000e+01  6.280454390305e-02
 5.555938967306e+04  1.540839700000e+01  6.278409461506e-02
 5.524036021785e+04  1.498668200000e+01  5.958197903597e-02
 5.524036761801e+04  1.500914300000e+01  5.981195323212e-02
 5.524037518578e+04  1.506339000000e+01  6.030277889558e-02
 5.524038269877e+04  1.506612700000e+01  6.034282173955e-02
 5.520352103089e+04  1.511865600000e+01  6.016982592683e-02
 5.536018572958e+04  1.538548600000e+01  6.307058898921e-02
 5.536019025742e+04  1.537185900000e+01  6.304317764683e-02
 5.536019484909e+04  1.534704000000e+01  6.278871166651e-02
 5.536019944007e+04  1.540905800000e+01  6.347818654901e-02
 5.537115788450e+04  1.527581800000e+01  6.676102231006e-02
 5.537116187741e+04  1.531266900000e+01  6.746928175369e-02
 5.537116595735e+04  1.529929100000e+01  6.721382702458e-02
 5.537117002164e+04  1.532047300000e+01  6.772194013533e-02
 5.525933521019e+04  1.503077100000e+01  5.921458399765e-02
 5.525934158145e+04  1.503006100000e+01  5.919977982245e-02
 5.525934809097e+04  1.507476500000e+01  5.953850661418e-02
 5.525935449281e+04  1.506812100000e+01  5.948668470359e-02
 5.526724754611e+04  1.502977400000e+01  5.950408095910e-02
 5.526725327324e+04  1.507399400000e+01  5.981436463825e-02
 5.526725904413e+04  1.506384100000e+01  5.975570002502e-02
 5.526726481947e+04  1.511270100000e+01  6.007203743027e-02
 5.527532204935e+04  1.537113100000e+01  6.196593696490e-02
 5.527532900705e+04  1.537871500000e+01  6.203925824605e-02
 5.527533597339e+04  1.537863700000e+01  6.208986210189e-02
 5.527534296309e+04  1.540196000000e+01  6.237083668141e-02
 5.534120432123e+04  1.534437200000e+01  6.198283009272e-02
 5.534121008032e+04  1.536622000000e+01  6.219738610668e-02
 5.534121583177e+04  1.532366600000e+01  6.187436414334e-02
 5.534122159781e+04  1.534871000000e+01  6.212473136143e-02
 5.551650801331e+04  1.512836500000e+01  6.033735214733e-02
 5.551651501840e+04  1.513718900000e+01  6.039655557790e-02
 5.565525693274e+04  1.538532400000e+01  6.019454849639e-02
 5.565526312727e+04  1.538992800000e+01  6.026625734368e-02
 5.565526934297e+04  1.540367400000e+01  6.033917445313e-02
 5.565527558564e+04  1.541784100000e+01  6.044836751648e-02
 5.560136083859e+04  1.514004900000e+01  6.090818647901e-02
 5.560136716380e+04  1.516196400000e+01  6.102617090650e-02
 5.560137344108e+04  1.518449200000e+01  6.117193711401e-02
 5.560137980836e+04  1.522330700000e+01  6.150272868125e-02
 5.561539906044e+04  1.451914100000e+01  5.683019872503e-02
 5.561540648917e+04  1.450431200000e+01  5.673207418192e-02
 5.561541402207e+04  1.455274600000e+01  5.698364513299e-02
 5.561542154689e+04  1.458392700000e+01  5.718936041331e-02
 5.557247672662e+04  1.535335700000e+01  6.201118155256e-02
 5.557248268468e+04  1.536074300000e+01  6.208114135967e-02
 5.557248877329e+04  1.535603300000e+01  6.207028862609e-02
 5.557249478017e+04  1.536657100000e+01  6.214375234729e-02
 5.558749446307e+04  1.457042700000e+01  5.692660212902e-02
 5.558750134606e+04  1.462643500000e+01  5.724166804407e-02
 5.558750838543e+04  1.465291700000e+01  5.740999343742e-02
 5.558751538730e+04  1.470375900000e+01  5.770492275278e-02
 5.562430203362e+04  1.542122100000e+01  6.053258858086e-02
 5.562431163161e+04  1.534764300000e+01  6.002507812130e-02
 5.562432129892e+04  1.514317800000e+01  5.867258440091e-02
 5.562433099165e+04  1.490011500000e+01  5.724746494379e-02
 5.568815987578e+04  1.471625000000e+01  5.824277721907e-02
 5.568816504954e+04  1.474787800000e+01  5.845241134905e-02
 5.568817015706e+04  1.476212500000e+01  5.853113855054e-02
 5.568817528463e+04  1.478067900000e+01  5.865023102093e-02
 5.588749138863e+04  1.521837900000e+01  6.074076191389e-02
 5.588749988558e+04  1.523277100000e+01  6.083299610278e-02
 5.588750844698e+04  1.525634400000e+01  6.099014302096e-02
 5.588751713659e+04  1.524098000000e+01  6.085860874032e-02
 5.592448203125e+04  1.534880600000e+01  6.182177005017e-02
 5.592448941773e+04  1.536267300000e+01  6.197294016760e-02
 5.592449685157e+04  1.534644500000e+01  6.181232409637e-02
 5.592450430417e+04  1.534626800000e+01  6.181540842365e-02
 5.599924410604e+04  1.533942800000e+01  6.197087315891e-02
 5.599924921787e+04  1.533664500000e+01  6.196096726941e-02
 5.599925433341e+04  1.533309800000e+01  6.188938533317e-02
 5.599925943182e+04  1.535155800000e+01  6.205860187496e-02
 5.600723912858e+04  1.537442000000e+01  5.981749223008e-02
 5.600724935853e+04  1.538840900000e+01  5.989118313816e-02
 5.600725956529e+04  1.538596900000e+01  5.989025685617e-02
 5.600726973869e+04  1.539830100000e+01  5.999863616224e-02
 5.602818312012e+04  1.522238200000e+01  6.140167030527e-02
 5.602818823244e+04  1.524035200000e+01  6.155852331679e-02
 5.602819333883e+04  1.524677400000e+01  6.160834710781e-02
 5.602819849733e+04  1.528102600000e+01  6.186914108110e-02
 5.603519431176e+04  1.541691200000e+01  6.270359663011e-02
 5.603519996507e+04  1.541237000000e+01  6.264168419609e-02
 5.603520564510e+04  1.540544700000e+01  6.261040112476e-02
 5.603521125301e+04  1.540308800000e+01  6.260506874875e-02
 5.604616504878e+04  1.535950900000e+01  6.253331138942e-02
 5.604617347891e+04  1.536132900000e+01  6.259870980285e-02
 5.604618205003e+04  1.536210400000e+01  6.257415925138e-02
 5.604619061331e+04  1.536552100000e+01  6.270245946439e-02
