# time mag mag_err
 5.346433122304e+04  1.581328400000e+01  6.578859585202e-02
 5.346433928896e+04  1.581825700000e+01  6.584499573009e-02
 5.346434741205e+04  1.585203800000e+01  6.624031874001e-02
 5.346435547841e+04  1.585201500000e+01  6.625876043131e-02
 5.370951879366e+04  1.580155900000e+01  6.646372218099e-02
 5.370952797050e+04  1.581992300000e+01  6.655218001631e-02
 5.370953719330e+04  1.582414600000e+01  6.656800290081e-02
 5.370954637500e+04  1.580080200000e+01  6.620996863143e-02
 5.373248905178e+04  1.578004000000e+01  6.627379337634e-02
 5.373249761147e+04  1.574447100000e+01  6.578945579458e-02
 5.373250628528e+04  1.581820900000e+01  6.660883638930e-02
 5.373251499624e+04  1.583355500000e+01  6.684953814513e-02
 5.349428742104e+04  1.564071400000e+01  6.484214916617e-02
 5.349429580097e+04  1.564728400000e+01  6.491215243308e-02
 5.349430411921e+04  1.569078800000e+01  6.543695461592e-02
 5.349431246186e+04  1.566459400000e+01  6.528434870821e-02
 5.352119870977e+04  1.598047600000e+01  7.010461547080e-02
 5.352120681272e+04  1.597861000000e+01  6.856185961649e-02
 5.352121491602e+04  1.591714500000e+01  6.863700292359e-02
 5.352122301353e+04  1.587333200000e+01  6.934406561332e-02
 5.383232412997e+04  1.583814900000e+01  6.998710936290e-02
 5.383233180905e+04  1.590762000000e+01  7.088862854382e-02
 5.383233945086e+04  1.590800300000e+01  7.092652111866e-02
 5.383234712427e+04  1.589965300000e+01  7.085361388800e-02
 5.384530048684e+04  1.589768200000e+01  6.876541222195e-02
 5.384530743672e+04  1.591634900000e+01  6.906760841238e-02
 5.384531438324e+04  1.591810900000e+01  6.909184911708e-02
 5.384532137699e+04  1.588869200000e+01  6.879893008276e-02
 5.407051508646e+04  1.589371300000e+01  6.647943058182e-02
 5.407051843744e+04  1.581337300000e+01  6.556396863939e-02
 5.407052171550e+04  1.577813100000e+01  6.515201053715e-02
 5.407052502017e+04  1.573201000000e+01  6.465502449594e-02
 5.409548596429e+04  1.561439600000e+01  6.367080161895e-02
 5.409549627361e+04  1.564677800000e+01  6.394485588187e-02
 5.409550664947e+04  1.563956200000e+01  6.379536970401e-02
 5.409551699490e+04  1.567670200000e+01  6.412602987884e-02
 5.377344476942e+04  1.599463100000e+01  6.882764855326e-02
 5.377345130678e+04  1.597855300000e+01  6.859339693062e-02
 5.377345783338e+04  1.593099900000e+01  6.804881832339e-02
 5.377346440049e+04  1.593718200000e+01  6.809580072786e-02
 5.378644039968e+04  1.589920600000e+01  6.758938084544e-02
 5.378644984957e+04  1.588782900000e+01  6.726474037673e-02
 5.378645931810e+04  1.582506800000e+01  6.652660251583e-02
 5.378646878083e+04  1.573992500000e+01  6.560946785315e-02
 5.374350700674e+04  1.542732100000e+01  6.300730726191e-02
 5.374351128137e+04  1.545557100000e+01  6.317869459621e-02
 5.374351553286e+04  1.545320700000e+01  6.313315492311e-02
 5.374351980054e+04  1.545206300000e+01  6.310305420912e-02
 5.375843247708e+04  1.577171800000e+01  6.615758247667e-02
 5.375843951620e+04  1.576698900000e+01  6.608162948140e-02
 5.375844655775e+04  1.575738800000e+01  6.595206965048e-02
 5.375845403370e+04  1.576359300000e+01  6.598088344308e-02
 5.376547436734e+04  1.569303400000e+01  6.549045216823e-02
 5.376548034274e+04  1.568996400000e+01  6.555620765529e-02
 5.376548637406e+04  1.570644300000e+01  6.578336782855e-02
 5.376549246777e+04  1.571914300000e+01  6.579691218414e-02
 5.390324604024e+04  1.509432100000e+01  9.514354091443e-02
 5.390324704422e+04  1.520371300000e+01  9.819002071472e-02
 5.390324802356e+04  1.507239100000e+01  9.541321598441e-02
 5.390324900949e+04  1.509523100000e+01  9.585537741472e-02
 5.390616027045e+04  1.526642200000e+01  6.268551375809e-02
 5.387423160878e+04  1.596253500000e+01  7.019982933790e-02
 5.387423805240e+04  1.600160900000e+01  7.083799000771e-02
 5.387424449634e+04  1.598365100000e+01  7.058940144193e-02
 5.387425093139e+04  1.598729700000e+01  7.072334530944e-02
 5.388024639611e+04  1.529065000000e+01  6.225966654658e-02
 5.388025530385e+04  1.532732500000e+01  6.260549864511e-02
 5.388026420499e+04  1.533498200000e+01  6.278161033163e-02
 5.388027311747e+04  1.537020300000e+01  6.310802869446e-02
 5.388620746141e+04  1.546239500000e+01  6.390695278978e-02
 5.388621656071e+04  1.546603200000e+01  6.396216200718e-02
 5.388622566463e+04  1.550441000000e+01  6.440328737811e-02
 5.388623475003e+04  1.552389600000e+01  6.461909473412e-02
 5.406253066963e+04  1.573323900000e+01  7.483256463128e-02
 5.406253299370e+04  1.570507700000e+01  7.431185699351e-02
 5.406253530157e+04  1.573268200000e+01  7.480401567269e-02
 5.406253761766e+04  1.571320200000e+01  7.436113944770e-02
 5.419730068564e+04  1.546622000000e+01  6.264718262762e-02
 5.419730828612e+04  1.544552600000e+01  6.242996223557e-02
 5.419731588998e+04  1.539948500000e+01  6.202926364620e-02
 5.419732345528e+04  1.538375700000e+01  6.191269708346e-02
 5.420530280262e+04  1.589176000000e+01  6.709220633200e-02
 5.420530885176e+04  1.591497800000e+01  6.737670829985e-02
 5.420531489025e+04  1.587239200000e+01  6.687477621378e-02
 5.420532087655e+04  1.589132000000e+01  6.711268388185e-02
 5.443950187249e+04  1.582428300000e+01  6.610805591645e-02
 5.443950845372e+04  1.575453500000e+01  6.530934359891e-02
 5.443951498575e+04  1.569835400000e+01  6.463420164835e-02
 5.443952149406e+04  1.557725000000e+01  6.344771494288e-02
 5.445450180228e+04  1.538306500000e+01  6.136258270985e-02
 5.445450836163e+04  1.571650400000e+01  6.460018566157e-02
 5.445451490964e+04  1.573053800000e+01  6.470022052773e-02
 5.445452158625e+04  1.571053100000e+01  6.447805918569e-02
 5.412448935940e+04  1.579270600000e+01  6.541521233272e-02
 5.412449425513e+04  1.578259900000e+01  6.533382843038e-02
 5.412449915943e+04  1.581571000000e+01  6.564053086573e-02
 5.412450410123e+04  1.583264300000e+01  6.581868107760e-02
 5.426120227126e+04  1.573299300000e+01  6.594451855257e-02
 5.426120762153e+04  1.575341400000e+01  6.619886792951e-02
 5.426121295420e+04  1.577559100000e+01  6.647453276814e-02
 5.426121827946e+04  1.577359300000e+01  6.645190456034e-02
 5.422924621863e+04  1.548963000000e+01  6.340627258266e-02
 5.422925679521e+04  1.552808900000e+01  6.372046814729e-02
 5.422926604983e+04  1.556202200000e+01  6.414530051642e-02
 5.422927530365e+04  1.556893500000e+01  6.420899393231e-02
 5.424123735427e+04  1.589437600000e+01  6.819646678908e-02
 5.424124655323e+04  1.588174300000e+01  6.797689201578e-02
 5.424125576873e+04  1.590565600000e+01  6.839104050199e-02
 5.424126505727e+04  1.592663400000e+01  6.866125994412e-02
 5.458027988479e+04  1.597908400000e+01  6.792332993918e-02
 5.458028635074e+04  1.593156100000e+01  6.738626351072e-02
 5.458029281575e+04  1.595027500000e+01  6.767121982190e-02
 5.458029926654e+04  1.595093400000e+01  6.768542482060e-02
 5.483047114725e+04  1.556352700000e+01  6.287773858838e-02
 5.483047643154e+04  1.557295200000e+01  6.299601382936e-02
 5.483048165727e+04  1.557240500000e+01  6.298423712682e-02
 5.483048681192e+04  1.558459400000e+01  6.305628493172e-02
 5.450247803231e+04  1.592768900000e+01  6.676726809639e-02
 5.450248832877e+04  1.593150900000e+01  6.678447277259e-02
 5.450249860869e+04  1.600626900000e+01  6.769379308588e-02
 5.450250890631e+04  1.597963700000e+01  6.742164159032e-02
 5.448042623561e+04  1.568748100000e+01  6.438657071098e-02
 5.448043384050e+04  1.566823400000e+01  6.413315247115e-02
 5.448044148648e+04  1.565880100000e+01  6.398000592628e-02
 5.448044923872e+04  1.571282500000e+01  6.446495943035e-02
 5.449549218437e+04  1.596950400000e+01  6.712078758404e-02
 5.449549885993e+04  1.594706500000e+01  6.688905710969e-02
 5.449550550598e+04  1.590762400000e+01  6.644978006718e-02
 5.449551216002e+04  1.584289000000e+01  6.575357906433e-02
 5.462419322575e+04  1.560280900000e+01  6.136970768478e-02
 5.462420323713e+04  1.563675500000e+01  6.168560421219e-02
 5.462421323948e+04  1.563580400000e+01  6.174373851415e-02
 5.462422321880e+04  1.563233700000e+01  6.176803583475e-02
 5.459022204773e+04  1.595846700000e+01  6.833611402264e-02
 5.459022740564e+04  1.593934500000e+01  6.917272325980e-02
 5.459023273611e+04  1.593364400000e+01  6.755212064741e-02
 5.459023806462e+04  1.594909700000e+01  6.757013262765e-02
 5.492426707453e+04  1.574379800000e+01  6.520735339355e-02
 5.493822092042e+04  1.525526800000e+01  6.091917900886e-02
 5.493822573686e+04  1.526133000000e+01  6.096232664026e-02
 5.493823061293e+04  1.528790800000e+01  6.117413523714e-02
 5.493823541664e+04  1.528641900000e+01  6.115595381359e-02
 5.518052728992e+04  1.537155700000e+01  6.155710780843e-02
 5.518053366144e+04  1.542061100000e+01  6.193048605539e-02
 5.518054005272e+04  1.542606700000e+01  6.193325980198e-02
 5.518054647215e+04  1.544077000000e+01  6.204942626794e-02
 5.488143756102e+04  1.587939400000e+01  6.613518481965e-02
 5.488144572705e+04  1.593327100000e+01  6.631622591689e-02
 5.488145394620e+04  1.591425500000e+01  6.657889049966e-02
 5.488146211744e+04  1.591665200000e+01  6.663260822169e-02
 5.501815508588e+04  1.572936900000e+01  7.649872790388e-02
 5.501815751439e+04  1.593939000000e+01  8.154847664050e-02
 5.501816002551e+04  1.544261500000e+01  8.341543149037e-02
 5.501816248547e+04  1.586277600000e+01  7.910169985554e-02
 5.499615912331e+04  1.572262500000e+01  7.059125038336e-02
 5.499616439162e+04  1.573689400000e+01  7.078453147701e-02
 5.499616965429e+04  1.571919500000e+01  7.046811929877e-02
 5.499617488858e+04  1.577182000000e+01  7.135297649346e-02
 5.500619476728e+04  1.574110900000e+01  6.921424510585e-02
 5.500619974473e+04  1.577363600000e+01  6.965933116459e-02
 5.500620466407e+04  1.576530600000e+01  6.952680911059e-02
 5.500620964398e+04  1.573408400000e+01  6.921537020170e-02
 5.490633385650e+04  1.551857000000e+01  6.246909041729e-02
 5.490633984269e+04  1.549061700000e+01  6.226508017748e-02
 5.490634571473e+04  1.546379600000e+01  6.217237093785e-02
 5.490635161040e+04  1.542279400000e+01  6.181265864648e-02
 5.496625469420e+04  1.595212700000e+01  6.811217865348e-02
 5.496626262240e+04  1.594423000000e+01  6.807085849333e-02
 5.496627056457e+04  1.595424600000e+01  6.822260673470e-02
 5.496627851382e+04  1.596508000000e+01  6.840824502844e-02
 5.497821598021e+04  1.591126400000e+01  7.091939533919e-02
 5.497822379405e+04  1.580947100000e+01  6.665386712287e-02
 5.497823156934e+04  1.546921500000e+01  7.368145184798e-02
 5.497922372361e+04  1.588898200000e+01  6.754901579507e-02
 5.497923099182e+04  1.587595800000e+01  6.745024347605e-02
 5.497923832505e+04  1.585467300000e+01  6.735469804769e-02
 5.497924571225e+04  1.588186700000e+01  6.766102315003e-02
 5.515954429124e+04  1.587061200000e+01  1.096027045696e-01
 5.515954558575e+04  1.557246600000e+01  9.833324843332e-02
 5.515954689022e+04  1.547223000000e+01  9.443325303990e-02
 5.515954813345e+04  1.595209900000e+01  1.094489286466e-01
 5.516151837187e+04  1.601798100000e+01  6.912083328562e-02
 5.516152196698e+04  1.603420400000e+01  7.127288054671e-02
 5.516152560790e+04  1.603034000000e+01  6.937325425065e-02
 5.516152923552e+04  1.602863200000e+01  6.923350477924e-02
 5.529026109066e+04  1.568389400000e+01  6.491410220946e-02
 5.529026736956e+04  1.565425700000e+01  6.461993666460e-02
 5.529027370646e+04  1.567279300000e+01  6.477239769189e-02
 5.529028010758e+04  1.570384400000e+01  6.501663035125e-02
 5.520448190222e+04  1.598229400000e+01  6.747578915502e-02
 5.520448655222e+04  1.603516500000e+01  6.809678047050e-02
 5.520449121716e+04  1.598374700000e+01  6.745159529601e-02
 5.520449583082e+04  1.601510500000e+01  6.784865358587e-02
 5.535116143392e+04  1.583863400000e+01  6.655832915766e-02
 5.536415673909e+04  1.591998500000e+01  7.356315547465e-02
 5.536416164627e+04  1.586353700000e+01  7.276505403666e-02
 5.536416663078e+04  1.593383500000e+01  7.395449017046e-02
 5.536417164676e+04  1.585542100000e+01  7.274357046494e-02
 5.526737271766e+04  1.589044600000e+01  6.700618173909e-02
 5.526738030726e+04  1.586586600000e+01  6.674739835226e-02
 5.526738799463e+04  1.587770400000e+01  6.693416996161e-02
 5.526739565184e+04  1.587827200000e+01  6.698938417922e-02
 5.533218723335e+04  1.581851900000e+01  6.628885817862e-02
 5.533219352384e+04  1.584075300000e+01  6.652771648141e-02
 5.533219988587e+04  1.585537900000e+01  6.673338974867e-02
 5.533220625297e+04  1.586095300000e+01  6.682041104629e-02
 5.566323241806e+04  1.538575100000e+01  6.034525430687e-02
 5.566323955013e+04  1.540971200000e+01  6.046042497041e-02
 5.566324672691e+04  1.542982600000e+01  6.063623599450e-02
 5.566325384347e+04  1.547488400000e+01  6.094095562503e-02
 5.560340946198e+04  1.590087900000e+01  6.406647976554e-02
 5.560341846141e+04  1.589789800000e+01  6.402328344655e-02
 5.560342750668e+04  1.590707100000e+01  6.412547380324e-02
 5.560343656523e+04  1.590032200000e+01  6.404201765721e-02
 5.556349966015e+04  1.588658800000e+01  6.724208945535e-02
 5.556350720163e+04  1.573235200000e+01  6.547798017093e-02
 5.556351470622e+04  1.561912700000e+01  6.433214323974e-02
 5.556352229745e+04  1.555597900000e+01  6.369589477515e-02
 5.557452024036e+04  1.589170200000e+01  6.715043096174e-02
 5.557452610398e+04  1.586666500000e+01  6.677343725372e-02
 5.557453193138e+04  1.587490100000e+01  6.691988506330e-02
 5.557453776918e+04  1.587757300000e+01  6.689348892130e-02
 5.558846826010e+04  1.570622500000e+01  6.542111739316e-02
 5.558847343625e+04  1.572452800000e+01  6.560528098542e-02
 5.558847865236e+04  1.570233100000e+01  6.539813992118e-02
 5.558848388152e+04  1.570260200000e+01  6.537685930681e-02
 5.564440883565e+04  1.551133000000e+01  6.430130113235e-02
 5.564441455664e+04  1.549663900000e+01  6.418071146692e-02
 5.564442032466e+04  1.550600500000e+01  6.434128765518e-02
 5.564442608572e+04  1.549259800000e+01  6.423683757318e-02
 5.390616503759e+04  1.520705000000e+01  6.216871542748e-02
 5.390617144010e+04  1.521280100000e+01  6.220853696755e-02
 5.390617784703e+04  1.523128600000e+01  6.242721376231e-02
 5.390618425868e+04  1.522743500000e+01  6.246858734690e-02
 5.492427080480e+04  1.575211100000e+01  6.534402285378e-02
 5.492427778341e+04  1.574678800000e+01  6.529020503561e-02
 5.492428453353e+04  1.577908300000e+01  6.566089593867e-02
 5.492429158076e+04  1.576960200000e+01  6.562659088752e-02
 5.535119818088e+04  1.586588200000e+01  6.687110566687e-02
 5.535120603451e+04  1.588512400000e+01  6.706852888067e-02
 5.535121351381e+04  1.587504400000e+01  6.701961319108e-02
 5.535122105273e+04  1.588882100000e+01  6.725920316232e-02
 5.588851892178e+04  1.567916000000e+01  6.501030677403e-02
 5.588852119656e+04  1.567306100000e+01  6.497878088090e-02
 5.588852348140e+04  1.571657700000e+01  6.542750278207e-02
 5.588852581647e+04  1.572315800000e+01  6.544758043993e-02
 5.595847445542e+04  1.537990700000e+01  6.186715067153e-02
 5.595847953544e+04  1.536055000000e+01  6.171375198550e-02
 5.595848461046e+04  1.538792700000e+01  6.193698663062e-02
 5.595848974220e+04  1.539727300000e+01  6.203077336962e-02
 5.599935924825e+04  1.566590300000e+01  6.464529902299e-02
 5.599936455731e+04  1.576485300000e+01  6.574218317382e-02
 5.599936986818e+04  1.576603700000e+01  6.568470753214e-02
 5.599937519088e+04  1.577952100000e+01  6.582472777979e-02
 5.600732139163e+04  1.592955300000e+01  6.428012008119e-02
 5.600733346243e+04  1.577745400000e+01  6.283643136039e-02
 5.600734554590e+04  1.571691900000e+01  6.228476275669e-02
 5.600735758503e+04  1.558726400000e+01  6.119946960711e-02
 5.601325054249e+04  1.561306300000e+01  6.500328796347e-02
 5.601325637056e+04  1.555432800000e+01  6.434779486716e-02
 5.601326230429e+04  1.547416100000e+01  6.354323973380e-02
 5.601326817843e+04  1.537090000000e+01  6.255529547353e-02
 5.601931443422e+04  1.563257000000e+01  6.052606122232e-02
 5.601932620741e+04  1.566621400000e+01  6.084716807399e-02
 5.601933807330e+04  1.564333300000e+01  6.069172430269e-02
 5.601934990366e+04  1.568897100000e+01  6.106920683546e-02
 5.602827499940e+04  1.582938400000e+01  6.772829187220e-02
 5.602828206832e+04  1.592602700000e+01  6.915661893064e-02
 5.602828988584e+04  1.590018000000e+01  6.787594145349e-02
 5.602829575395e+04  1.589415800000e+01  6.763817603280e-02
 5.603321320361e+04  1.602987800000e+01  6.938472858385e-02
 5.603321835456e+04  1.601892800000e+01  6.919491702842e-02
 5.603322336295e+04  1.599177900000e+01  6.883666982652e-02
 5.603322842478e+04  1.599820600000e+01  6.891072458010e-02
 5.603823855211e+04  1.579314700000e+01  6.656336388365e-02
 5.603824640580e+04  1.576601000000e+01  6.629209072091e-02
 5.603825427689e+04  1.578452800000e+01  6.647729716602e-02
 5.603826215132e+04  1.579369600000e+01  6.659742125617e-02
 5.604626761338e+04  1.538920900000e+01  6.275863621595e-02
 5.604627347823e+04  1.535283700000e+01  6.239305315715e-02
 5.604627926845e+04  1.536379000000e+01  6.255704246588e-02
 5.604628494647e+04  1.536802900000e+01  6.260825009150e-02
 5.606226321369e+04  1.550017100000e+01  6.291058306759e-02
 5.606227092740e+04  1.556889200000e+01  6.359053559703e-02
 5.606227974567e+04  1.557261300000e+01  6.363733432864e-02
 5.606228729745e+04  1.553070200000e+01  6.331534035064e-02
 5.606827893065e+04  1.570131800000e+01  6.513910841629e-02
 5.606828681859e+04  1.574896200000e+01  6.572299525080e-02
 5.606829478915e+04  1.575676000000e+01  6.590345999722e-02
 5.606830275721e+04  1.577267200000e+01  6.617066151398e-02
 5.607518392094e+04  1.538481500000e+01  6.378042030567e-02
 5.607519134922e+04  1.538543200000e+01  6.378257599168e-02
 5.607519883799e+04  1.537404800000e+01  6.369055659006e-02
 5.607520625861e+04  1.542872500000e+01  6.425435315188e-02
 5.609218634466e+04  1.597511700000e+01  6.810992024312e-02
 5.609219316598e+04  1.596710200000e+01  6.804404855790e-02
 5.609220009492e+04  1.591321400000e+01  6.740755995326e-02
 5.609220683437e+04  1.583684200000e+01  6.658650575976e-02
 5.609818654002e+04  1.530452100000e+01  6.136418447765e-02
 5.609819345075e+04  1.532127200000e+01  6.154258601043e-02
 5.609820038326e+04  1.533071300000e+01  6.165540737593e-02
 5.609820718985e+04  1.535979700000e+01  6.195955321555e-02
