# time mag mag_err
 5.371241387836e+04  1.557939800000e+01  6.429073013129e-02
 5.371242062476e+04  1.557888600000e+01  6.443112859483e-02
 5.371242734512e+04  1.555546800000e+01  6.419851998168e-02
 5.371243414534e+04  1.556771000000e+01  6.427841042165e-02
 5.373441264941e+04  1.557461300000e+01  6.399942641466e-02
 5.373442143677e+04  1.553578900000e+01  6.362973958097e-02
 5.373443033721e+04  1.554641200000e+01  6.370783111728e-02
 5.373443945664e+04  1.558138200000e+01  6.405195554984e-02
 5.385428017573e+04  1.559299400000e+01  6.574794971082e-02
 5.385428842962e+04  1.559328500000e+01  6.574524313397e-02
 5.385429667227e+04  1.561772800000e+01  6.608058388378e-02
 5.385430485799e+04  1.565154100000e+01  6.655761064310e-02
 5.408637969744e+04  1.528768200000e+01  6.315256750477e-02
 5.408638998800e+04  1.528540400000e+01  6.303937213494e-02
 5.408640145639e+04  1.533489700000e+01  6.369371804038e-02
 5.408641547387e+04  1.525389800000e+01  1.034053823044e-01
 5.377034013089e+04  1.551681800000e+01  6.426156577175e-02
 5.377034823083e+04  1.552861000000e+01  6.389794288783e-02
 5.377035630218e+04  1.554079100000e+01  6.390426970077e-02
 5.377036442041e+04  1.553503600000e+01  6.425997544395e-02
 5.378934817918e+04  1.538186300000e+01  6.676644593518e-02
 5.374146158824e+04  1.524110500000e+01  6.106605824593e-02
 5.374147133896e+04  1.525455000000e+01  6.118145944071e-02
 5.374148055632e+04  1.528875600000e+01  6.145300823799e-02
 5.374149022832e+04  1.529490300000e+01  6.150970089740e-02
 5.375748564250e+04  1.552725400000e+01  6.388803587030e-02
 5.375749231100e+04  1.555868800000e+01  6.419357174210e-02
 5.375749888888e+04  1.557054600000e+01  6.430742283246e-02
 5.375750549406e+04  1.557490000000e+01  6.440782160168e-02
 5.390223002931e+04  1.491001100000e+01  9.032067596183e-02
 5.390223101176e+04  1.488260900000e+01  8.962197023138e-02
 5.390223199560e+04  1.490819900000e+01  9.035333665872e-02
 5.390223299867e+04  1.487560300000e+01  8.985125038159e-02
 5.379630888542e+04  1.557374100000e+01  6.439544616161e-02
 5.379631657712e+04  1.555771500000e+01  6.422564045990e-02
 5.379632398733e+04  1.558168200000e+01  6.441265122449e-02
 5.379633141778e+04  1.558757500000e+01  6.447517922011e-02
 5.386027731898e+04  1.543519300000e+01  6.402995962904e-02
 5.386028271913e+04  1.543779300000e+01  6.409059594660e-02
 5.386028814150e+04  1.548157400000e+01  6.457720943954e-02
 5.386029357766e+04  1.542857300000e+01  6.410748356945e-02
 5.386626361019e+04  1.487664800000e+01  8.722107472141e-02
 5.386626434378e+04  1.492524800000e+01  8.829676681567e-02
 5.386626509185e+04  1.489899100000e+01  8.792178907537e-02
 5.386626601713e+04  1.489848200000e+01  8.746321880995e-02
 5.388315939468e+04  1.493620100000e+01  6.012533558682e-02
 5.388316595773e+04  1.498044200000e+01  6.044065644509e-02
 5.388317244509e+04  1.500371700000e+01  6.062088017103e-02
 5.388317898766e+04  1.503273900000e+01  6.077562877735e-02
 5.406640432904e+04  1.556433500000e+01  6.202636181654e-02
 5.406641518339e+04  1.563611400000e+01  6.255265479944e-02
 5.406642618117e+04  1.564941700000e+01  6.262185919518e-02
 5.406643711146e+04  1.568386600000e+01  6.287246340461e-02
 5.420824995622e+04  1.570136400000e+01  6.512850692726e-02
 5.420825945206e+04  1.564116100000e+01  6.450995425928e-02
 5.420826852855e+04  1.556995200000e+01  6.379336691980e-02
 5.420827739601e+04  1.535410400000e+01  6.192627067985e-02
 5.445237242811e+04  1.555333100000e+01  6.349305462782e-02
 5.445237924280e+04  1.557166300000e+01  6.360977321368e-02
 5.445238581627e+04  1.561924000000e+01  6.400700483075e-02
 5.445239241694e+04  1.562714100000e+01  6.408363301249e-02
 5.426219404985e+04  1.555772600000e+01  5.876692246463e-02
 5.426220209840e+04  1.560244100000e+01  5.907147555511e-02
 5.426221015655e+04  1.561404000000e+01  5.924810712288e-02
 5.426221817490e+04  1.562720500000e+01  5.941894016969e-02
 5.427016439994e+04  1.553915600000e+01  5.851896604187e-02
 5.427017161859e+04  1.537898100000e+01  5.760004323706e-02
 5.427017885228e+04  1.518901900000e+01  5.662678186848e-02
 5.427018607579e+04  1.513457700000e+01  5.639713834420e-02
 5.427718465884e+04  1.544154300000e+01  6.113015495115e-02
 5.427718987681e+04  1.543786000000e+01  6.119370055600e-02
 5.427719510057e+04  1.540722300000e+01  6.104628252409e-02
 5.427720036449e+04  1.544878900000e+01  6.139124496058e-02
 5.417127003880e+04  1.508893700000e+01  5.966141319994e-02
 5.417127519634e+04  1.510314900000e+01  5.977871638438e-02
 5.417128035586e+04  1.509907100000e+01  5.974032548477e-02
 5.417128549361e+04  1.515661000000e+01  5.984028644803e-02
 5.417722726708e+04  1.555140100000e+01  6.413370923286e-02
 5.417723383003e+04  1.557805000000e+01  6.435361609780e-02
 5.417724040999e+04  1.557127500000e+01  6.427391031853e-02
 5.417724722410e+04  1.556418800000e+01  6.413777444848e-02
 5.424418598887e+04  1.553807200000e+01  6.386826976443e-02
 5.424419358009e+04  1.556941200000e+01  6.419975847779e-02
 5.424420113221e+04  1.561209700000e+01  6.462468736143e-02
 5.424420867089e+04  1.560578500000e+01  6.460378310113e-02
 5.441748065990e+04  1.555232300000e+01  6.330858338951e-02
 5.441748735850e+04  1.555417400000e+01  6.331699468834e-02
 5.441749405964e+04  1.555162900000e+01  6.329901859389e-02
 5.441750076633e+04  1.560075200000e+01  6.371479640354e-02
 5.455918635647e+04  1.551855400000e+01  6.341769542965e-02
 5.455919180940e+04  1.552357700000e+01  6.343782381354e-02
 5.455919719797e+04  1.554203800000e+01  6.360599298949e-02
 5.455920256688e+04  1.552881900000e+01  6.348083654232e-02
 5.456624188273e+04  1.508693500000e+01  6.005743887971e-02
 5.456624848595e+04  1.508936300000e+01  6.006211784496e-02
 5.456625507412e+04  1.510623400000e+01  6.020964496337e-02
 5.456626164493e+04  1.500514500000e+01  7.319824933345e-02
 5.457222402510e+04  1.558990300000e+01  6.381072531517e-02
 5.457222914700e+04  1.562146100000e+01  6.412047135686e-02
 5.457223429876e+04  1.561373400000e+01  6.403346521076e-02
 5.457223946002e+04  1.567069400000e+01  6.464342829122e-02
 5.458425910064e+04  1.512767200000e+01  6.023866160445e-02
 5.458426478633e+04  1.511632100000e+01  6.015833772595e-02
 5.458427047354e+04  1.513621300000e+01  6.030615035815e-02
 5.458427616387e+04  1.515062300000e+01  6.043659415127e-02
 5.480541357172e+04  1.521769600000e+01  6.032544137544e-02
 5.480542152733e+04  1.521363400000e+01  6.056017847404e-02
 5.480542955644e+04  1.522992300000e+01  6.064948776843e-02
 5.480543758426e+04  1.525104900000e+01  6.079157775250e-02
 5.450730949988e+04  1.538955600000e+01  6.629124430044e-02
 5.450731701009e+04  1.546246500000e+01  6.633827352156e-02
 5.450732447610e+04  1.544584100000e+01  6.520616917433e-02
 5.450733195622e+04  1.538660300000e+01  6.568379096760e-02
 5.448035436132e+04  1.548564500000e+01  6.260868023209e-02
 5.448036375958e+04  1.549768700000e+01  6.265116840033e-02
 5.448037312093e+04  1.553014100000e+01  6.298014827683e-02
 5.448038250728e+04  1.550059100000e+01  6.271546467386e-02
 5.464216313316e+04  1.491110500000e+01  5.950359942107e-02
 5.464216854292e+04  1.491961200000e+01  5.962346001248e-02
 5.464217388809e+04  1.494068800000e+01  5.982705984009e-02
 5.464217928141e+04  1.499710100000e+01  6.035355778694e-02
 5.453538979838e+04  1.529184000000e+01  6.119123013315e-02
 5.453539419999e+04  1.532498500000e+01  6.149073333009e-02
 5.453539864049e+04  1.533638700000e+01  6.159296846486e-02
 5.453540307381e+04  1.532934700000e+01  6.154639762805e-02
 5.454939456272e+04  1.516073500000e+01  6.237574248512e-02
 5.454940093954e+04  1.520269300000e+01  6.280254017717e-02
 5.454940727713e+04  1.522905200000e+01  6.304340979341e-02
 5.454941360916e+04  1.525116800000e+01  6.327331622740e-02
 5.459428083718e+04  1.490760000000e+01  5.876726787375e-02
 5.459428841428e+04  1.483875900000e+01  5.837426951415e-02
 5.459429597439e+04  1.481588800000e+01  5.824042411854e-02
 5.459430353216e+04  1.481441100000e+01  5.825701080696e-02
 5.478747712508e+04  1.534273000000e+01  6.368470660036e-02
 5.478748150133e+04  1.536400400000e+01  6.381558772164e-02
 5.478748581868e+04  1.531453700000e+01  6.335370022465e-02
 5.478749018835e+04  1.535576900000e+01  6.372812493211e-02
 5.478749449666e+04  1.536836900000e+01  6.381569409793e-02
 5.492232980544e+04  1.485219800000e+01  5.837574876014e-02
 5.492233767679e+04  1.489358100000e+01  5.866056791225e-02
 5.492234560314e+04  1.490434900000e+01  5.874566120930e-02
 5.492235352899e+04  1.494863100000e+01  5.904513370015e-02
 5.494525323791e+04  1.557988200000e+01  6.354748642659e-02
 5.494525995340e+04  1.562237900000e+01  6.435615408120e-02
 5.494526670329e+04  1.562405700000e+01  6.437498813151e-02
 5.494527333767e+04  1.564042400000e+01  6.456551399967e-02
 5.518340870198e+04  1.486835100000e+01  5.824693217825e-02
 5.518341331054e+04  1.489081000000e+01  5.838622436209e-02
 5.518341795073e+04  1.492432500000e+01  5.870349374244e-02
 5.518342262480e+04  1.495567300000e+01  5.889363919491e-02
 5.487539537344e+04  1.550267700000e+01  6.490241102246e-02
 5.487540062797e+04  1.551066500000e+01  6.495917715465e-02
 5.487540608310e+04  1.556377300000e+01  6.553221596742e-02
 5.487541154530e+04  1.555239500000e+01  6.542600705433e-02
 5.488626160157e+04  1.530388100000e+01  6.236889956176e-02
 5.489025083756e+04  1.480386400000e+01  5.799669665074e-02
 5.489026565693e+04  1.487441900000e+01  5.818031159171e-02
 5.486129175337e+04  1.550775500000e+01  6.276858458657e-02
 5.486130474082e+04  1.553956700000e+01  6.266101631555e-02
 5.486131764979e+04  1.553784300000e+01  6.293190170002e-02
 5.486133071965e+04  1.555452100000e+01  6.304401378080e-02
 5.491124443356e+04  1.533352000000e+01  6.146686157583e-02
 5.491125000861e+04  1.535052100000e+01  6.158848131950e-02
 5.491125572706e+04  1.533276700000e+01  6.145044282004e-02
 5.491126150953e+04  1.535642400000e+01  6.161006292947e-02
 5.497720586039e+04  1.547795400000e+01  6.326728202667e-02
 5.497721381877e+04  1.552181100000e+01  6.374137876257e-02
 5.497722174891e+04  1.553521500000e+01  6.385968789325e-02
 5.497722970764e+04  1.551375800000e+01  6.369713940956e-02
 5.514348225728e+04  1.495636300000e+01  6.118774080306e-02
 5.514348661628e+04  1.494863200000e+01  6.108726781666e-02
 5.514349096352e+04  1.499105500000e+01  6.137114107485e-02
 5.514349530829e+04  1.499991800000e+01  6.144618147164e-02
 5.516044384157e+04  1.522154900000e+01  6.090144163217e-02
 5.516045188782e+04  1.523181500000e+01  6.093951555847e-02
 5.516045996198e+04  1.525646800000e+01  6.111660790973e-02
 5.516046801747e+04  1.526680200000e+01  6.115664043157e-02
 5.529712177845e+04  1.509965200000e+01  6.008223986108e-02
 5.529712933255e+04  1.510758900000e+01  6.016048951297e-02
 5.529713700030e+04  1.512684000000e+01  6.029073719202e-02
 5.529714469443e+04  1.515223400000e+01  6.047154725508e-02
 5.530520433234e+04  1.547372700000e+01  6.326655833898e-02
 5.530521231054e+04  1.550761000000e+01  6.371297639233e-02
 5.530522042310e+04  1.550934000000e+01  6.374080439004e-02
 5.530522851898e+04  1.552391600000e+01  6.410510056091e-02
 5.524724730791e+04  1.536140200000e+01  6.780832422446e-02
 5.524725249564e+04  1.550559000000e+01  6.341245062816e-02
 5.524725772576e+04  1.548966200000e+01  6.362384517307e-02
 5.524726288861e+04  1.550873100000e+01  6.342938728834e-02
 5.521137977334e+04  1.556145100000e+01  6.351469734470e-02
 5.521138721656e+04  1.560674200000e+01  6.387147074754e-02
 5.521139471358e+04  1.562759800000e+01  6.407938202694e-02
 5.521140219631e+04  1.560458100000e+01  6.383751871167e-02
 5.535515653867e+04  1.530033800000e+01  6.203232209007e-02
 5.535516167470e+04  1.528795800000e+01  6.264800578361e-02
 5.535516681199e+04  1.530121700000e+01  6.256164769122e-02
 5.535517195045e+04  1.528708000000e+01  6.394226373424e-02
 5.527219679749e+04  1.569028600000e+01  6.495031453803e-02
 5.527220192125e+04  1.568975800000e+01  6.489958558412e-02
 5.527220709872e+04  1.567720800000e+01  6.459347512754e-02
 5.527221222149e+04  1.568952900000e+01  6.489444063234e-02
 5.532224757635e+04  1.563034800000e+01  6.707161341009e-02
 5.532225305141e+04  1.564250000000e+01  6.720082620460e-02
 5.532225859950e+04  1.562808100000e+01  6.713088532865e-02
 5.532226418174e+04  1.569255200000e+01  6.794713234595e-02
 5.533718717380e+04  1.535350700000e+01  6.206935259902e-02
 5.533719464848e+04  1.539564400000e+01  6.248114415564e-02
 5.533720206822e+04  1.540256900000e+01  6.257223578144e-02
 5.533720954772e+04  1.540432400000e+01  6.263364198916e-02
 5.552847536294e+04  1.536290400000e+01  6.670406857681e-02
 5.552848937442e+04  1.539001000000e+01  6.699184157510e-02
 5.552849632178e+04  1.539667000000e+01  6.704646421948e-02
 5.560232477615e+04  1.552215300000e+01  6.110853589485e-02
 5.560233171029e+04  1.555650500000e+01  6.133039034991e-02
 5.560233865833e+04  1.553009600000e+01  6.112050264545e-02
 5.560234556351e+04  1.553633300000e+01  6.116249807411e-02
 5.557630732343e+04  1.535172000000e+01  6.603367281271e-02
 5.557631416442e+04  1.536732200000e+01  6.607737144948e-02
 5.557632099716e+04  1.536170000000e+01  6.605455762605e-02
 5.557632785911e+04  1.542896200000e+01  6.667510754356e-02
 5.562637430303e+04  1.535654000000e+01  6.325580964628e-02
 5.562638010274e+04  1.535513500000e+01  6.327539380334e-02
 5.562638588627e+04  1.536550000000e+01  6.410792757461e-02
 5.562639173147e+04  1.541814900000e+01  6.488328467903e-02
 5.563234894829e+04  1.507345000000e+01  6.016612618809e-02
 5.563235359076e+04  1.499953200000e+01  5.969286588017e-02
 5.563235821057e+04  1.493004000000e+01  5.919007409899e-02
 5.563236284413e+04  1.485290900000e+01  5.889197310128e-02
 5.568519196575e+04  1.572976600000e+01  6.801257845439e-02
 5.568519643090e+04  1.569597100000e+01  7.521780396806e-02
 5.568520092959e+04  1.566945700000e+01  7.412122658298e-02
 5.568520543201e+04  1.563609100000e+01  6.831443046816e-02
 5.489031319899e+04  1.504785700000e+01  5.919453004669e-02
 5.489032195534e+04  1.507499100000e+01  5.939011843514e-02
 5.489033020863e+04  1.509353200000e+01  5.989596871312e-02
 5.489033812292e+04  1.511149500000e+01  6.121744565835e-02
 5.592438191067e+04  1.483201500000e+01  5.662891331343e-02
 5.592439010659e+04  1.479273400000e+01  5.644359279989e-02
 5.592439826609e+04  1.480018600000e+01  5.645598639597e-02
 5.592440639566e+04  1.483487400000e+01  5.662259777635e-02
 5.595841859019e+04  1.550539100000e+01  6.318168976531e-02
 5.595842455089e+04  1.548920400000e+01  6.306108025473e-02
 5.595843054668e+04  1.550112700000e+01  6.316938744942e-02
 5.595843665810e+04  1.552005000000e+01  6.335428741359e-02
 5.597622691194e+04  1.508213000000e+01  6.028937078720e-02
 5.597623535272e+04  1.510896100000e+01  6.044161619359e-02
 5.597624391169e+04  1.510453500000e+01  6.037134900528e-02
 5.597625240878e+04  1.515171900000e+01  6.068206543617e-02
 5.598339240559e+04  1.569568700000e+01  6.518201569613e-02
 5.598339810432e+04  1.567313100000e+01  6.497300185964e-02
 5.598340376502e+04  1.564950600000e+01  6.473060987714e-02
 5.598340948273e+04  1.557348000000e+01  6.402213406656e-02
 5.598919518188e+04  1.517592300000e+01  6.096635342870e-02
 5.598920032749e+04  1.518529400000e+01  6.100560151058e-02
 5.598920545969e+04  1.518931100000e+01  6.100141503707e-02
 5.598921051991e+04  1.522274900000e+01  6.124323245240e-02
 5.600929403278e+04  1.555706800000e+01  6.384564395844e-02
 5.600930036411e+04  1.547223600000e+01  6.303162834539e-02
 5.600930673637e+04  1.531607800000e+01  6.171656093086e-02
 5.600931305425e+04  1.518146000000e+01  6.064483051980e-02
 5.601817595494e+04  1.554981600000e+01  6.393503511710e-02
 5.601818393175e+04  1.553948300000e+01  6.382500765649e-02
 5.601819188866e+04  1.554678600000e+01  6.385660015838e-02
 5.601819979127e+04  1.554877100000e+01  6.388183122665e-02
 5.606728201425e+04  1.507113400000e+01  5.988855444410e-02
 5.606728816282e+04  1.496782300000e+01  5.924294763647e-02
 5.606729440703e+04  1.488643000000e+01  5.872563474118e-02
 5.606730118965e+04  1.484707100000e+01  5.853180871401e-02
 5.608918016601e+04  1.567774300000e+01  6.203534292717e-02
 5.608918617568e+04  1.567544300000e+01  6.201878592518e-02
 5.608919216963e+04  1.562017000000e+01  6.162362864343e-02
 5.608919828791e+04  1.557664200000e+01  6.128284992031e-02
 5.610015988213e+04  1.542770400000e+01  6.328119452337e-02
 5.610016496884e+04  1.542618400000e+01  6.328554882278e-02
 5.610017012247e+04  1.544028700000e+01  6.344433288636e-02
 5.610017533072e+04  1.543734900000e+01  6.352109030104e-02
