# time mag mag_err
 5.346437033020e+04  1.524641500000e+01  6.094126876535e-02
 5.346437843049e+04  1.526193600000e+01  6.105236397851e-02
 5.346438645021e+04  1.522367300000e+01  6.078966456848e-02
 5.346439453487e+04  1.526302700000e+01  6.110080032442e-02
 5.372651647927e+04  1.536877800000e+01  6.270307201861e-02
 5.372652295726e+04  1.537591200000e+01  6.273447980159e-02
 5.372652943432e+04  1.538482100000e+01  6.279955850811e-02
 5.372653592156e+04  1.538469900000e+01  6.522922340717e-02
 5.349432304515e+04  1.509709800000e+01  6.033591702257e-02
 5.349433165229e+04  1.510579900000e+01  6.043391615526e-02
 5.349434038860e+04  1.510633600000e+01  6.055436401016e-02
 5.349434915802e+04  1.517589700000e+01  6.259030020919e-02
 5.352126432044e+04  1.510173500000e+01  6.044571096351e-02
 5.352127237374e+04  1.511723600000e+01  6.062076337608e-02
 5.352128044230e+04  1.510208400000e+01  6.054786420460e-02
 5.352128852801e+04  1.512661500000e+01  6.074202467185e-02
 5.383342942586e+04  1.528714700000e+01  6.437400504069e-02
 5.383343618950e+04  1.529623400000e+01  6.452397628238e-02
 5.383343946455e+04  1.530402000000e+01  6.458826832988e-02
 5.383344274770e+04  1.532021700000e+01  6.476562952502e-02
 5.384433119130e+04  1.532410500000e+01  6.290518632573e-02
 5.384433985434e+04  1.530908700000e+01  6.278391781092e-02
 5.384434847456e+04  1.532091200000e+01  6.290890495373e-02
 5.384435708309e+04  1.534198200000e+01  6.318906446459e-02
 5.408052542981e+04  1.517420500000e+01  6.514145331847e-02
 5.408052931520e+04  1.515648400000e+01  6.494247452384e-02
 5.408053318922e+04  1.516634800000e+01  6.490486096834e-02
 5.408053706801e+04  1.510310100000e+01  6.428308414704e-02
 5.377248441611e+04  1.523903700000e+01  6.132920569398e-02
 5.377249265541e+04  1.522077600000e+01  6.123196600828e-02
 5.377250077398e+04  1.522493900000e+01  6.140009157268e-02
 5.377250887936e+04  1.527107000000e+01  6.237223743367e-02
 5.378652130243e+04  1.518174100000e+01  6.097687743819e-02
 5.378652795611e+04  1.521515700000e+01  6.117544816239e-02
 5.378653455726e+04  1.521210500000e+01  6.115222728241e-02
 5.378654121973e+04  1.519822700000e+01  6.110109152629e-02
 5.376247709074e+04  1.542138300000e+01  6.423321568158e-02
 5.376248358782e+04  1.540315500000e+01  6.439875526074e-02
 5.376249006211e+04  1.544709300000e+01  6.352794306144e-02
 5.376249653894e+04  1.543324000000e+01  6.315062822735e-02
 5.393916924962e+04  1.536463400000e+01  6.569523128668e-02
 5.393918094395e+04  1.537051600000e+01  6.630434124730e-02
 5.393918953222e+04  1.539330600000e+01  6.664197764293e-02
 5.393920575884e+04  1.539368300000e+01  6.738376213549e-02
 5.390426667329e+04  1.505475300000e+01  9.205158904199e-02
 5.390426762426e+04  1.511442100000e+01  9.385177851487e-02
 5.390426858889e+04  1.508680800000e+01  9.311022500068e-02
 5.390426956186e+04  1.511737300000e+01  9.413270438469e-02
 5.379942183888e+04  1.527908800000e+01  6.187319902102e-02
 5.379943041581e+04  1.527722500000e+01  6.185215499911e-02
 5.379943884921e+04  1.529754500000e+01  6.203418069087e-02
 5.379944743332e+04  1.527644500000e+01  6.200378129812e-02
 5.381742290964e+04  1.531227700000e+01  6.654284738586e-02
 5.381743007875e+04  1.533529600000e+01  6.724980756412e-02
 5.381743726094e+04  1.537057400000e+01  6.788575910427e-02
 5.381744444416e+04  1.533803900000e+01  6.691468198978e-02
 5.385623850031e+04  1.512861600000e+01  6.100217600676e-02
 5.385624602581e+04  1.510309500000e+01  6.082063718196e-02
 5.385625355292e+04  1.511066600000e+01  6.085928595306e-02
 5.385626105028e+04  1.510701400000e+01  6.079276186104e-02
 5.387627202934e+04  1.523935300000e+01  6.239148147106e-02
 5.387628057074e+04  1.523221600000e+01  6.237095983664e-02
 5.387628911179e+04  1.526544500000e+01  6.272678713600e-02
 5.387629764311e+04  1.526035400000e+01  6.272200081958e-02
 5.388219673153e+04  1.538641200000e+01  6.341299537680e-02
 5.388220386961e+04  1.538075700000e+01  6.333009849763e-02
 5.388221101661e+04  1.539848200000e+01  6.348363921730e-02
 5.388221820470e+04  1.538588200000e+01  6.334704439958e-02
 5.420629089330e+04  1.536028600000e+01  6.288243222333e-02
 5.420629845062e+04  1.534759500000e+01  6.269821783372e-02
 5.420630604775e+04  1.536547200000e+01  6.283916375032e-02
 5.420631382720e+04  1.535515000000e+01  6.270119099593e-02
 5.421330266649e+04  1.531942800000e+01  6.239657147887e-02
 5.421331213478e+04  1.532095400000e+01  6.236543987470e-02
 5.421332154000e+04  1.532672600000e+01  6.245379913180e-02
 5.421333098363e+04  1.533308500000e+01  6.248972690791e-02
 5.445452765439e+04  1.520398900000e+01  6.451675457402e-02
 5.445453228875e+04  1.515071500000e+01  6.396779719961e-02
 5.445453689697e+04  1.514701100000e+01  6.389419240350e-02
 5.445454155484e+04  1.516212100000e+01  6.400471445934e-02
 5.411646401013e+04  1.521939800000e+01  6.064724723437e-02
 5.411647244573e+04  1.525648900000e+01  6.085002542696e-02
 5.411648076304e+04  1.524766900000e+01  6.074331712401e-02
 5.411648904355e+04  1.525009000000e+01  6.076057778766e-02
 5.412848417009e+04  1.515284800000e+01  6.014335559775e-02
 5.412848970475e+04  1.512789600000e+01  6.061645598334e-02
 5.412849520073e+04  1.513560400000e+01  6.044859333451e-02
 5.412850070008e+04  1.511855600000e+01  6.001430770563e-02
 5.425618875508e+04  1.529063700000e+01  6.350298796267e-02
 5.425619516037e+04  1.528160300000e+01  6.417717774627e-02
 5.425620158072e+04  1.528100300000e+01  6.490033842476e-02
 5.425620798440e+04  1.524995300000e+01  6.918504592997e-02
 5.426320883602e+04  1.526504800000e+01  6.225696095461e-02
 5.426321527222e+04  1.526717200000e+01  6.226116067747e-02
 5.426322169094e+04  1.525821200000e+01  6.229528007061e-02
 5.426322809184e+04  1.527350000000e+01  6.256373836748e-02
 5.426919885727e+04  1.539013700000e+01  6.284319779783e-02
 5.426920643727e+04  1.540037700000e+01  6.298005678862e-02
 5.426921403904e+04  1.539865900000e+01  6.296299818486e-02
 5.426922163131e+04  1.540852000000e+01  6.305581961321e-02
 5.417136930970e+04  1.518938900000e+01  6.053440201756e-02
 5.417137706090e+04  1.520286700000e+01  6.063385467619e-02
 5.417138480550e+04  1.515247300000e+01  6.026894988606e-02
 5.417139252995e+04  1.513458800000e+01  6.015228574954e-02
 5.424132435154e+04  1.517060300000e+01  6.135768005543e-02
 5.456240993111e+04  1.531648000000e+01  6.225453959773e-02
 5.456241549366e+04  1.532644100000e+01  6.235651314175e-02
 5.456242104185e+04  1.533601500000e+01  6.243980172059e-02
 5.456242658611e+04  1.529792400000e+01  6.215396172505e-02
 5.456841128088e+04  1.541062600000e+01  6.241212032822e-02
 5.456841683266e+04  1.544599300000e+01  6.275038163398e-02
 5.456842239093e+04  1.545707000000e+01  6.282614002350e-02
 5.456842792002e+04  1.540053100000e+01  6.237879592034e-02
 5.458539628034e+04  1.523511100000e+01  6.129345801216e-02
 5.458540004777e+04  1.521864800000e+01  6.121033351988e-02
 5.458540380779e+04  1.522133000000e+01  6.126778158099e-02
 5.458540757325e+04  1.525093100000e+01  6.151703364439e-02
 5.483152623479e+04  1.535597200000e+01  6.328225823213e-02
 5.483153456669e+04  1.536661600000e+01  6.336134302167e-02
 5.483154279302e+04  1.536055600000e+01  6.329135957506e-02
 5.483155101403e+04  1.535178700000e+01  6.321990073339e-02
 5.449753033150e+04  1.510312400000e+01  5.972748899892e-02
 5.449753683183e+04  1.512176100000e+01  5.983034448261e-02
 5.449754331097e+04  1.511928700000e+01  5.982242157195e-02
 5.449754976325e+04  1.513077200000e+01  5.991586787976e-02
 5.451044922211e+04  1.525937000000e+01  6.088011723360e-02
 5.451045571907e+04  1.523803600000e+01  6.072318278101e-02
 5.451046223132e+04  1.524865200000e+01  6.078562836209e-02
 5.451046871786e+04  1.525929100000e+01  6.084744407388e-02
 5.462426452212e+04  1.517785800000e+01  5.869818037751e-02
 5.462427233328e+04  1.516915900000e+01  5.867942382637e-02
 5.462428019443e+04  1.516347700000e+01  5.867805177072e-02
 5.462428804435e+04  1.514643700000e+01  5.860137688665e-02
 5.452938930740e+04  1.544151000000e+01  6.245928222062e-02
 5.452940125406e+04  1.540767800000e+01  6.214656051771e-02
 5.452941321206e+04  1.535726200000e+01  6.169268140104e-02
 5.452942512191e+04  1.530295900000e+01  6.126704566562e-02
 5.453836229214e+04  1.543463900000e+01  6.026093157529e-02
 5.453837099106e+04  1.541350400000e+01  5.999064165820e-02
 5.453837972727e+04  1.537354600000e+01  5.968442003540e-02
 5.453838849402e+04  1.534084600000e+01  5.946110732870e-02
 5.455536531414e+04  1.529081800000e+01  6.129994764461e-02
 5.455537243116e+04  1.529211700000e+01  6.133506357715e-02
 5.455537954390e+04  1.529325400000e+01  6.135284919276e-02
 5.455538666740e+04  1.532978200000e+01  6.175622241310e-02
 5.459130167839e+04  1.533515300000e+01  6.182177005017e-02
 5.459130931639e+04  1.535360300000e+01  6.199027870021e-02
 5.459131690958e+04  1.531815700000e+01  6.171400767043e-02
 5.459132452756e+04  1.537181100000e+01  6.216871542748e-02
 5.493831687963e+04  1.516314700000e+01  6.046033972881e-02
 5.493832283954e+04  1.518388800000e+01  6.056892709898e-02
 5.493832883580e+04  1.519219600000e+01  6.063370771292e-02
 5.493833486668e+04  1.520348600000e+01  6.072752664252e-02
 5.494927794962e+04  1.525403100000e+01  5.901932673452e-02
 5.494928630770e+04  1.525709700000e+01  5.904188344245e-02
 5.494929476704e+04  1.525786200000e+01  5.910023665607e-02
 5.494930314838e+04  1.527022400000e+01  5.911182644034e-02
 5.486747952715e+04  1.540710800000e+01  6.418037509704e-02
 5.486748988693e+04  1.538952200000e+01  6.482394358793e-02
 5.486750044324e+04  1.540540700000e+01  6.481606717041e-02
 5.486751105604e+04  1.540250600000e+01  6.553152583959e-02
 5.499324076210e+04  1.522878700000e+01  6.072075802759e-02
 5.499324671332e+04  1.520723800000e+01  6.082433589255e-02
 5.499325275164e+04  1.519190100000e+01  6.081975172298e-02
 5.499325881248e+04  1.518331100000e+01  6.071627074139e-02
 5.490930828447e+04  1.524796400000e+01  6.087100226883e-02
 5.490932039699e+04  1.521467400000e+01  6.058612368429e-02
 5.490933257028e+04  1.519488400000e+01  6.039552145241e-02
 5.490934463500e+04  1.517526100000e+01  6.022551835261e-02
 5.491738385516e+04  1.538535000000e+01  6.216466628377e-02
 5.491739080483e+04  1.536870400000e+01  6.201392141085e-02
 5.491739784465e+04  1.536982600000e+01  6.207376073671e-02
 5.491740482972e+04  1.537775100000e+01  6.214165798084e-02
 5.497628810978e+04  1.534803300000e+01  6.235992624768e-02
 5.497724063538e+04  1.519860800000e+01  6.086492501764e-02
 5.497724967229e+04  1.518783900000e+01  6.077390389883e-02
 5.497725861001e+04  1.517321800000e+01  6.067826699244e-02
 5.497726761566e+04  1.514227200000e+01  6.048711191737e-02
 5.529529323133e+04  1.532752600000e+01  6.181589203305e-02
 5.529529889098e+04  1.532299200000e+01  6.179092872415e-02
 5.529530461925e+04  1.533737400000e+01  6.189530725329e-02
 5.529531035414e+04  1.536843200000e+01  6.211792020062e-02
 5.554452096703e+04  1.535975800000e+01  6.256326833473e-02
 5.554453496215e+04  1.538286900000e+01  6.283137338181e-02
 5.554454184096e+04  1.536962400000e+01  6.249575195798e-02
 5.524147330914e+04  1.531121400000e+01  6.192194454810e-02
 5.524147858347e+04  1.532711600000e+01  6.204046021341e-02
 5.524148385752e+04  1.532162600000e+01  6.199339154562e-02
 5.524148912063e+04  1.533392600000e+01  6.205245750472e-02
 5.521152403549e+04  1.540413200000e+01  6.197734607295e-02
 5.521153213144e+04  1.540688800000e+01  6.209957792538e-02
 5.521154029098e+04  1.540524900000e+01  6.209146770019e-02
 5.521154846669e+04  1.540481500000e+01  6.204088668468e-02
 5.535325590106e+04  1.520515900000e+01  6.104107096221e-02
 5.535326335736e+04  1.518322900000e+01  6.089619484524e-02
 5.535327088899e+04  1.519610100000e+01  6.100994968102e-02
 5.535327838081e+04  1.516727500000e+01  6.080907209154e-02
 5.536516450272e+04  1.534676300000e+01  6.635502924432e-02
 5.536516985479e+04  1.535220000000e+01  6.645489713535e-02
 5.536517527995e+04  1.538522200000e+01  6.674961197855e-02
 5.536518066758e+04  1.540724000000e+01  6.697930655123e-02
 5.527040073424e+04  1.538037300000e+01  6.233022787974e-02
 5.527040705128e+04  1.538794900000e+01  6.238247050649e-02
 5.527041346271e+04  1.538710300000e+01  6.240660114100e-02
 5.527041984351e+04  1.539679000000e+01  6.252114411015e-02
 5.527640669527e+04  1.516545300000e+01  6.069568283624e-02
 5.527641363068e+04  1.515520000000e+01  6.063015269044e-02
 5.527642049698e+04  1.514043900000e+01  6.049318616591e-02
 5.527642749903e+04  1.511305600000e+01  6.037301780660e-02
 5.532227563163e+04  1.537190900000e+01  6.213679920934e-02
 5.532228194168e+04  1.538280500000e+01  6.229166414911e-02
 5.532228819130e+04  1.537024500000e+01  6.216069916592e-02
 5.532229449962e+04  1.539205000000e+01  6.231078987749e-02
 5.533632002377e+04  1.536460100000e+01  6.238821428321e-02
 5.533632749595e+04  1.535397000000e+01  6.241249420174e-02
 5.533633501310e+04  1.537822900000e+01  6.256997171083e-02
 5.533634357314e+04  1.538953000000e+01  6.269511570107e-02
 5.565539549120e+04  1.538519100000e+01  6.036137685275e-02
 5.565540248906e+04  1.536383600000e+01  6.022139658228e-02
 5.565540946559e+04  1.537362000000e+01  6.030425846209e-02
 5.565541642381e+04  1.537392700000e+01  6.031878196155e-02
 5.566332554722e+04  1.515618000000e+01  5.902784311677e-02
 5.566333249942e+04  1.516604500000e+01  5.909315252112e-02
 5.566333950187e+04  1.512598200000e+01  5.881923631586e-02
 5.566334643510e+04  1.512661500000e+01  5.883001929788e-02
 5.567527763959e+04  1.538639700000e+01  6.588708967797e-02
 5.567528460813e+04  1.539840700000e+01  6.599503986961e-02
 5.567529157051e+04  1.538076400000e+01  6.578250864343e-02
 5.567529856637e+04  1.539628500000e+01  6.597970533386e-02
 5.560146130403e+04  1.529222700000e+01  6.203545946725e-02
 5.560146651539e+04  1.529653400000e+01  6.205848559166e-02
 5.560147170803e+04  1.529640600000e+01  6.208829672167e-02
 5.560147695771e+04  1.532097800000e+01  6.226888160556e-02
 5.557054439322e+04  1.516772500000e+01  6.087900410898e-02
 5.557054787730e+04  1.513602300000e+01  6.062627702266e-02
 5.557055131417e+04  1.516913900000e+01  6.086646681277e-02
 5.557055479965e+04  1.517243400000e+01  6.088184993532e-02
 5.559149275098e+04  1.542092200000e+01  6.289658049494e-02
 5.559149798654e+04  1.541526000000e+01  6.284387041683e-02
 5.559150324214e+04  1.540153800000e+01  6.269909203009e-02
 5.559150851844e+04  1.540636400000e+01  6.273131303626e-02
 5.562544517045e+04  1.542431600000e+01  6.307240876167e-02
 5.562545096485e+04  1.541878500000e+01  6.301427855780e-02
 5.562545679280e+04  1.539428500000e+01  6.290079155936e-02
 5.562546264833e+04  1.536089000000e+01  6.254099803781e-02
 5.563438201838e+04  1.543222400000e+01  6.389687108677e-02
 5.563439113911e+04  1.542468900000e+01  6.359257384745e-02
 5.563440037779e+04  1.543335500000e+01  6.371178027619e-02
 5.563440959876e+04  1.543626000000e+01  6.410382552257e-02
 5.564541900378e+04  1.512318600000e+01  6.078283876309e-02
 5.564542474065e+04  1.510441600000e+01  6.063705971107e-02
 5.564543055299e+04  1.511146800000e+01  6.077311732639e-02
 5.564543628221e+04  1.510805600000e+01  6.066384080511e-02
 5.568829956427e+04  1.518565500000e+01  6.161664456988e-02
 5.568830525831e+04  1.515479800000e+01  6.137687666983e-02
 5.568831101704e+04  1.517017600000e+01  6.149125731179e-02
 5.568831681399e+04  1.514394100000e+01  6.129769395017e-02
 5.570528055104e+04  1.534664700000e+01  6.310718327190e-02
 5.570528898412e+04  1.534047300000e+01  6.309124417782e-02
 5.570529759395e+04  1.536878600000e+01  6.341205561998e-02
 5.570530620310e+04  1.536256700000e+01  6.344875947631e-02
 5.424133072164e+04  1.517665400000e+01  6.142996625877e-02
 5.424134774668e+04  1.516722300000e+01  6.143065668609e-02
 5.424135780795e+04  1.522237500000e+01  6.197340019334e-02
 5.424136790810e+04  1.521768300000e+01  6.207130252227e-02
 5.424137799772e+04  1.523616900000e+01  6.237615499084e-02
 5.597550218149e+04  1.525426400000e+01  6.145501935608e-02
 5.597550783084e+04  1.526327000000e+01  6.153683771441e-02
 5.597551349075e+04  1.524327200000e+01  6.138518508333e-02
 5.597551912251e+04  1.524453200000e+01  6.141476610164e-02
 5.598249434939e+04  1.521249400000e+01  6.096320693101e-02
 5.598250064929e+04  1.519737900000e+01  6.086850260689e-02
 5.598250676649e+04  1.520055800000e+01  6.090625860623e-02
 5.598251296623e+04  1.519564000000e+01  6.086322960478e-02
 5.598836614647e+04  1.528097700000e+01  6.170431605646e-02
 5.598837180010e+04  1.532738500000e+01  6.208055523833e-02
 5.598837750591e+04  1.529743000000e+01  6.179733467449e-02
 5.598838329660e+04  1.531767500000e+01  6.196016505545e-02
 5.600233146384e+04  1.517072800000e+01  6.083998497654e-02
 5.600234016617e+04  1.516426000000e+01  6.073409490443e-02
 5.600234876615e+04  1.518028700000e+01  6.083171005474e-02
 5.600235739385e+04  1.519895900000e+01  6.093166468417e-02
 5.601041391750e+04  1.543214800000e+01  6.037335196429e-02
 5.601042271389e+04  1.542633000000e+01  6.034929338320e-02
 5.601043166610e+04  1.544143700000e+01  6.046836694368e-02
 5.601044060256e+04  1.541436100000e+01  6.027619174743e-02
 5.603225067229e+04  1.531567900000e+01  6.258502876759e-02
 5.603225573574e+04  1.528685400000e+01  6.228484358208e-02
 5.603226089003e+04  1.528828600000e+01  6.227665460553e-02
 5.603226601934e+04  1.522390200000e+01  6.168698288809e-02
 5.603733037192e+04  1.543863900000e+01  6.131936695025e-02
 5.603733788142e+04  1.543400600000e+01  6.126878474029e-02
 5.603734534683e+04  1.542623800000e+01  6.106943154215e-02
 5.603735283331e+04  1.538441800000e+01  6.073529553062e-02
 5.605925865366e+04  1.509222600000e+01  5.992241959664e-02
 5.605926548470e+04  1.509723200000e+01  5.993443895903e-02
 5.605927236179e+04  1.509093900000e+01  5.992935969715e-02
 5.605927908840e+04  1.509648700000e+01  5.999402211042e-02
 5.606931236638e+04  1.547113300000e+01  6.315157422568e-02
 5.606931925247e+04  1.546730100000e+01  6.315891092527e-02
 5.606932599350e+04  1.545048200000e+01  6.304875173893e-02
 5.606933283040e+04  1.545277100000e+01  6.310136493570e-02
 5.609121096444e+04  1.522854100000e+01  6.093954674035e-02
 5.609121719311e+04  1.522286000000e+01  6.092816573798e-02
 5.609122339815e+04  1.522537900000e+01  6.097867543035e-02
 5.609122955852e+04  1.521979000000e+01  6.098101108719e-02
 5.609821505711e+04  1.540866200000e+01  6.247916799254e-02
 5.609822399167e+04  1.535454700000e+01  6.207832810110e-02
 5.609823316522e+04  1.535295400000e+01  6.205996402139e-02
 5.609824224058e+04  1.525437600000e+01  6.127785551905e-02
