# time mag mag_err
 5.370653508721e+04  1.589461500000e+01  1.039425915683e-01
 5.370653954484e+04  1.569181500000e+01  6.818664990528e-02
 5.373249542987e+04  1.591268700000e+01  6.833661899539e-02
 5.373250404766e+04  1.576759500000e+01  6.655265943780e-02
 5.373251278398e+04  1.557077200000e+01  6.449448768063e-02
 5.373252147527e+04  1.539852800000e+01  6.288550257924e-02
 5.355415372924e+04  1.517142100000e+01  6.147169679786e-02
 5.355416011579e+04  1.519308900000e+01  6.171951683038e-02
 5.355416658035e+04  1.523666800000e+01  6.211823527136e-02
 5.355417300277e+04  1.524939000000e+01  6.229361387831e-02
 5.349824040350e+04  1.586882600000e+01  6.737804706359e-02
 5.349824740905e+04  1.588512700000e+01  6.757040797711e-02
 5.349825447884e+04  1.588301700000e+01  6.754837661298e-02
 5.349826152965e+04  1.589661300000e+01  6.774831632740e-02
 5.352122829585e+04  1.571090500000e+01  6.727661995876e-02
 5.352123689060e+04  1.566535300000e+01  6.588541857885e-02
 5.352124550075e+04  1.568805900000e+01  6.607707318492e-02
 5.352125410211e+04  1.570992500000e+01  6.604317845560e-02
 5.384433493685e+04  1.551729300000e+01  6.480764415426e-02
 5.384434357605e+04  1.558805800000e+01  6.559830856797e-02
 5.384435218760e+04  1.558175200000e+01  6.556688230451e-02
 5.384436078432e+04  1.563095800000e+01  6.620312349245e-02
 5.409450328580e+04  1.552046300000e+01  6.299656610227e-02
 5.409451166932e+04  1.549931200000e+01  6.279626658168e-02
 5.409452007332e+04  1.551732900000e+01  6.291230776732e-02
 5.409452845904e+04  1.558785600000e+01  6.351665982363e-02
 5.377347029256e+04  1.594501900000e+01  6.868611838436e-02
 5.377347682344e+04  1.593511100000e+01  6.898096868299e-02
 5.377348333372e+04  1.592824500000e+01  6.850595879052e-02
 5.377348984747e+04  1.594667800000e+01  6.869614629071e-02
 5.378843014943e+04  1.599982700000e+01  6.929802862490e-02
 5.378843761265e+04  1.595674300000e+01  6.873097005743e-02
 5.378844510990e+04  1.595004500000e+01  6.861626884571e-02
 5.378845260634e+04  1.596497900000e+01  6.878941622357e-02
 5.374350914538e+04  1.596905300000e+01  6.938128463499e-02
 5.374351342060e+04  1.598997200000e+01  6.958928105145e-02
 5.374351766815e+04  1.597767500000e+01  6.936912666044e-02
 5.374352193549e+04  1.600897900000e+01  6.973295400211e-02
 5.375849044223e+04  1.598161600000e+01  6.906086825637e-02
 5.375849878466e+04  1.595519300000e+01  6.870555150646e-02
 5.375850720904e+04  1.594442000000e+01  6.855511020257e-02
 5.375851559152e+04  1.596457900000e+01  6.883054652327e-02
 5.376549733954e+04  1.606978100000e+01  7.056316967396e-02
 5.376550288738e+04  1.610514800000e+01  7.114967898176e-02
 5.376550831392e+04  1.610599600000e+01  7.155749134701e-02
 5.376551378550e+04  1.615036800000e+01  7.218962137906e-02
 5.390425448322e+04  1.550230800000e+01  1.073972529233e-01
 5.390425546081e+04  1.555150000000e+01  1.091761045488e-01
 5.390425643516e+04  1.549058800000e+01  1.070862169386e-01
 5.390425740894e+04  1.562705200000e+01  1.123313310245e-01
 5.379647076789e+04  1.592455900000e+01  1.177562029143e-01
 5.379647123736e+04  1.583170800000e+01  1.137573791999e-01
 5.379647147904e+04  1.591748100000e+01  1.175210201639e-01
 5.380341729703e+04  1.599052900000e+01  7.617769230544e-02
 5.380342369167e+04  1.595165500000e+01  7.566330821993e-02
 5.380343011826e+04  1.596189600000e+01  7.564810366412e-02
 5.380343647645e+04  1.594489100000e+01  7.592620464140e-02
 5.385624279197e+04  1.563964800000e+01  6.564109102783e-02
 5.385625033262e+04  1.567250900000e+01  6.597492013771e-02
 5.385625785093e+04  1.566538800000e+01  6.593822017686e-02
 5.385626535247e+04  1.570031600000e+01  6.634331148054e-02
 5.387423583978e+04  1.537631100000e+01  6.381521800163e-02
 5.387424229103e+04  1.538449300000e+01  6.391350508431e-02
 5.387424872375e+04  1.541267200000e+01  6.420037726798e-02
 5.387425516759e+04  1.543074300000e+01  6.439858057710e-02
 5.388024799804e+04  1.596026400000e+01  6.979696511775e-02
 5.388026583111e+04  1.599373400000e+01  7.032269690195e-02
 5.388027472368e+04  1.601008200000e+01  7.057423248092e-02
 5.420626613119e+04  1.572046700000e+01  6.645844185762e-02
 5.420627211157e+04  1.574280400000e+01  6.671491756702e-02
 5.420627812113e+04  1.577345800000e+01  6.706082440457e-02
 5.420628414794e+04  1.577971200000e+01  6.666780427092e-02
 5.417034656984e+04  1.598179200000e+01  6.828627983178e-02
 5.417035086786e+04  1.597596600000e+01  6.821186211325e-02
 5.417035517571e+04  1.595919000000e+01  6.800579602957e-02
 5.417035949792e+04  1.596836600000e+01  6.809638817668e-02
 5.422928750008e+04  1.559939100000e+01  6.477172079759e-02
 5.422929771795e+04  1.563672500000e+01  6.523727897291e-02
 5.422930792564e+04  1.564698000000e+01  6.536567199360e-02
 5.422931814582e+04  1.565271100000e+01  6.549752150629e-02
 5.423722932639e+04  1.530792200000e+01  6.343380275683e-02
 5.423922993558e+04  1.550680300000e+01  6.505855460276e-02
 5.423923964440e+04  1.553859800000e+01  6.541616236064e-02
 5.423924935877e+04  1.552740100000e+01  6.545555943642e-02
 5.423925904524e+04  1.557296800000e+01  6.602084501706e-02
 5.480753106383e+04  1.498212800000e+01  6.446390271125e-02
 5.480753665149e+04  1.543240100000e+01  6.596403625354e-02
 5.480754214412e+04  1.536452800000e+01  6.437817122883e-02
 5.480754650372e+04  1.538071300000e+01  6.409424729268e-02
 5.483048785525e+04  1.603510100000e+01  6.832380241289e-02
 5.483049385741e+04  1.596905600000e+01  6.749389404904e-02
 5.483049995620e+04  1.583478600000e+01  6.591731388735e-02
 5.483050613105e+04  1.568039700000e+01  6.431939845261e-02
 5.452343283887e+04  1.594056500000e+01  6.724068647006e-02
 5.452344271678e+04  1.597927900000e+01  6.769016626452e-02
 5.452345265709e+04  1.595550400000e+01  6.744258770651e-02
 5.452346257704e+04  1.597082900000e+01  6.763457537402e-02
 5.448347220976e+04  1.600936400000e+01  6.820748936065e-02
 5.448347885859e+04  1.598988100000e+01  6.796137163808e-02
 5.448348547257e+04  1.600962300000e+01  6.814602208263e-02
 5.448349216966e+04  1.594954600000e+01  6.747814000187e-02
 5.449643571797e+04  1.587069500000e+01  6.646466858538e-02
 5.449644008637e+04  1.588023700000e+01  6.650642714378e-02
 5.449644445869e+04  1.590134100000e+01  6.676463814862e-02
 5.449644885220e+04  1.589838500000e+01  6.674944857712e-02
 5.462521394631e+04  1.610205000000e+01  7.045393731817e-02
 5.462522836682e+04  1.605425200000e+01  6.985951605474e-02
 5.462523562898e+04  1.604768200000e+01  6.991066875189e-02
 5.452932434931e+04  1.551820600000e+01  6.315261463180e-02
 5.452933148242e+04  1.550033600000e+01  6.298731667220e-02
 5.452933866021e+04  1.552604600000e+01  6.317964515920e-02
 5.452934581206e+04  1.555660500000e+01  6.309916155713e-02
 5.453836427557e+04  1.599533800000e+01  6.503852084784e-02
 5.453837298260e+04  1.599737900000e+01  6.489795390986e-02
 5.453838173477e+04  1.597335600000e+01  6.464173838137e-02
 5.453839049192e+04  1.601870200000e+01  6.512278953468e-02
 5.455438057455e+04  1.572069600000e+01  6.509971254418e-02
 5.455438759978e+04  1.580071400000e+01  6.596616774542e-02
 5.455439463172e+04  1.576959900000e+01  6.571398745171e-02
 5.455440170836e+04  1.580561300000e+01  6.614075825526e-02
 5.458725285228e+04  1.513601100000e+01  5.812317521013e-02
 5.458725968398e+04  1.516922600000e+01  5.828789979462e-02
 5.458726654833e+04  1.518649500000e+01  5.841688907768e-02
 5.458727342438e+04  1.522155600000e+01  5.859975430554e-02
 5.494131097317e+04  1.598519100000e+01  6.475585866808e-02
 5.494924105641e+04  1.560878200000e+01  6.153039244635e-02
 5.494924900657e+04  1.565451200000e+01  6.189236388605e-02
 5.494925700456e+04  1.568379300000e+01  6.215562518054e-02
 5.494926489815e+04  1.569203300000e+01  6.223798229542e-02
 5.488147508071e+04  1.598867800000e+01  6.787708471908e-02
 5.488148114872e+04  1.598930600000e+01  6.788089619731e-02
 5.488148719103e+04  1.603581000000e+01  6.845782450912e-02
 5.488149314757e+04  1.599944100000e+01  6.807154231685e-02
 5.490741048285e+04  1.555031900000e+01  6.335462980806e-02
 5.490741534895e+04  1.556789100000e+01  6.349370667581e-02
 5.490742005902e+04  1.554108200000e+01  6.327090180326e-02
 5.490742476284e+04  1.560363900000e+01  6.389221030354e-02
 5.496628673057e+04  1.598719400000e+01  6.896687127310e-02
 5.496630352171e+04  1.598696500000e+01  6.901703058568e-02
 5.498114642377e+04  1.578734900000e+01  6.627325577708e-02
 5.498114939509e+04  1.580748200000e+01  6.663995745054e-02
 5.498115245486e+04  1.585755500000e+01  6.769537496339e-02
 5.498115542444e+04  1.579076000000e+01  6.697473867847e-02
 5.529133651139e+04  1.594307200000e+01  6.817031454626e-02
 5.529135038282e+04  1.594304900000e+01  6.817506297004e-02
 5.529135736663e+04  1.599170100000e+01  6.869023298371e-02
 5.554551029625e+04  1.513653800000e+01  6.062950624112e-02
 5.554552190103e+04  1.518250800000e+01  6.091702831561e-02
 5.554552777089e+04  1.520628900000e+01  6.108288346648e-02
 5.524140605181e+04  1.594342900000e+01  6.858016300035e-02
 5.524141412773e+04  1.595557300000e+01  6.865159004862e-02
 5.524142232794e+04  1.595545900000e+01  6.871740379420e-02
 5.524143045762e+04  1.598325300000e+01  6.904553218933e-02
 5.521149920359e+04  1.599183700000e+01  6.802392812484e-02
 5.521150671442e+04  1.595884500000e+01  6.764492201071e-02
 5.521151426926e+04  1.599730900000e+01  6.809109985493e-02
 5.521152179486e+04  1.598727500000e+01  6.798036613170e-02
 5.527036435257e+04  1.508557800000e+01  5.997655681090e-02
 5.527037064525e+04  1.510126000000e+01  6.009487476232e-02
 5.527037702324e+04  1.511661800000e+01  6.021515411194e-02
 5.527038336325e+04  1.512870500000e+01  6.029204899812e-02
 5.532323338279e+04  1.595814000000e+01  6.462637279871e-02
 5.532324165256e+04  1.594823600000e+01  6.454884284938e-02
 5.532324988155e+04  1.596737200000e+01  6.468210363972e-02
 5.532325816212e+04  1.600000700000e+01  6.507503945442e-02
 5.533626441294e+04  1.593518300000e+01  6.812013426220e-02
 5.533628048279e+04  1.599712300000e+01  6.899421301174e-02
 5.533628852902e+04  1.601765500000e+01  6.927737175326e-02
 5.560143882448e+04  1.599534800000e+01  6.944545904815e-02
 5.560144926095e+04  1.595841300000e+01  6.894419229530e-02
 5.560145453759e+04  1.597446600000e+01  6.917193949027e-02
 5.556549806290e+04  1.525146500000e+01  6.145876732854e-02
 5.556550564819e+04  1.528109200000e+01  6.167194906684e-02
 5.556551327262e+04  1.530413400000e+01  6.183141865342e-02
 5.556552085899e+04  1.532040400000e+01  6.199050908013e-02
 5.559146437962e+04  1.598713700000e+01  6.892168398073e-02
 5.559146962723e+04  1.600281300000e+01  6.910449653022e-02
 5.559147483582e+04  1.596905200000e+01  6.898239043664e-02
 5.559148007811e+04  1.593044000000e+01  6.830285652250e-02
 5.571515803942e+04  1.527970100000e+01  6.228606086035e-02
 5.571516723286e+04  1.514489800000e+01  6.117180576969e-02
 5.571517181608e+04  1.510770700000e+01  6.088188075271e-02
 5.562240815067e+04  1.564724700000e+01  6.219694709729e-02
 5.562241862031e+04  1.567363900000e+01  6.242817097717e-02
 5.562242897929e+04  1.570692500000e+01  6.271542100522e-02
 5.562243940854e+04  1.572189900000e+01  6.285720516776e-02
 5.563341019693e+04  1.561476000000e+01  6.508491001783e-02
 5.563342276204e+04  1.540995700000e+01  6.310676060725e-02
 5.563342908622e+04  1.529055700000e+01  6.209248559176e-02
 5.564930214632e+04  1.581920600000e+01  6.041030311475e-02
 5.564931506426e+04  1.586402800000e+01  6.067776234341e-02
 5.564932803552e+04  1.587741700000e+01  6.078735800793e-02
 5.564934095506e+04  1.590830800000e+01  6.099938656408e-02
 5.568230971676e+04  1.567512000000e+01  6.165641741779e-02
 5.568232781815e+04  1.575816600000e+01  6.246963614525e-02
 5.570517999741e+04  1.522013800000e+01  5.952385092351e-02
 5.570519158706e+04  1.509655600000e+01  5.872772806748e-02
 5.570520326366e+04  1.510985000000e+01  5.878126833828e-02
 5.570521492375e+04  1.514763700000e+01  5.903457026727e-02
 5.521149920359e+04  1.599183700000e+01  6.802392812484e-02
 5.521150671442e+04  1.595884500000e+01  6.764492201071e-02
 5.521151426926e+04  1.599730900000e+01  6.809109985493e-02
 5.521152179486e+04  1.598727500000e+01  6.798036613170e-02
 5.566236151691e+04  1.576971100000e+01  6.343673077098e-02
 5.566237052743e+04  1.578251900000e+01  6.351515031818e-02
 5.566237944201e+04  1.579260500000e+01  6.367364200187e-02
 5.566238846354e+04  1.578479700000e+01  6.364344774559e-02
 5.591949223725e+04  1.595234400000e+01  6.880021399505e-02
 5.591949684153e+04  1.594512400000e+01  6.863889029568e-02
 5.591950142545e+04  1.595924300000e+01  6.878631798087e-02
 5.591950599223e+04  1.596693200000e+01  6.885668307908e-02
 5.592945706245e+04  1.590095100000e+01  6.786119178787e-02
 5.592946564358e+04  1.594171300000e+01  6.830909449047e-02
 5.592947429344e+04  1.590992800000e+01  6.782032536572e-02
 5.592948301356e+04  1.593795700000e+01  6.812672142192e-02
 5.595952078856e+04  1.599969100000e+01  6.861543139718e-02
 5.595953115090e+04  1.601324700000e+01  6.890682101376e-02
 5.595953636553e+04  1.600087000000e+01  6.877703136040e-02
 5.599938647818e+04  1.595251200000e+01  6.822669019480e-02
 5.599939232002e+04  1.595326100000e+01  6.824983326282e-02
 5.599939814927e+04  1.595046600000e+01  6.819765780799e-02
 5.599940401310e+04  1.595301300000e+01  6.826463203269e-02
 5.601633568463e+04  1.598248500000e+01  6.909007608278e-02
 5.601634250962e+04  1.599145100000e+01  6.918728838139e-02
 5.601634949934e+04  1.593206800000e+01  6.846069603165e-02
 5.601635649601e+04  1.599529400000e+01  6.927725883952e-02
 5.602924922265e+04  1.585897400000e+01  6.771139649015e-02
 5.602925425418e+04  1.590170300000e+01  6.821564083732e-02
 5.602925934147e+04  1.594391900000e+01  7.073420669954e-02
 5.602926448307e+04  1.588127800000e+01  6.792562967848e-02
 5.603824303167e+04  1.609795700000e+01  7.085483830472e-02
 5.603825087660e+04  1.609983900000e+01  7.090584447387e-02
 5.603825876866e+04  1.609361600000e+01  7.078048432367e-02
 5.603826666855e+04  1.607220300000e+01  7.049328759170e-02
 5.604626308770e+04  1.598824600000e+01  6.948092363665e-02
 5.604626879422e+04  1.596127300000e+01  6.921604489341e-02
 5.604627465606e+04  1.593718000000e+01  6.892266173494e-02
 5.604628041365e+04  1.596541600000e+01  6.928542470125e-02
 5.605922764766e+04  1.589105400000e+01  6.705586369368e-02
 5.605924128135e+04  1.590278700000e+01  6.715406905581e-02
 5.605924809766e+04  1.591414400000e+01  6.737251573845e-02
 5.606831050030e+04  1.517978500000e+01  6.082430483953e-02
 5.606831785685e+04  1.521049100000e+01  6.113676349594e-02
 5.606832524635e+04  1.527457900000e+01  6.168266741459e-02
 5.606833253757e+04  1.524848900000e+01  6.157692487947e-02
 5.609918443507e+04  1.595815900000e+01  6.920435104053e-02
 5.609919113045e+04  1.592623000000e+01  6.900133677804e-02
 5.609919793519e+04  1.594646600000e+01  6.927578556004e-02
 5.609920482373e+04  1.596970000000e+01  6.970357190328e-02
