# time mag mag_err
 5.371111171730e+04  1.553022900000e+01  6.414608173543e-02
 5.371111874127e+04  1.553558400000e+01  6.421491389757e-02
 5.371112573606e+04  1.554976100000e+01  6.437481410218e-02
 5.371113273965e+04  1.556915200000e+01  6.459790785662e-02
 5.373007610309e+04  1.508205100000e+01  6.176450016500e-02
 5.373008407987e+04  1.503691000000e+01  6.161109981709e-02
 5.355437709104e+04  1.556876000000e+01  6.548949166011e-02
 5.355438586463e+04  1.558456800000e+01  6.560737409869e-02
 5.355439449862e+04  1.559408700000e+01  6.553760190750e-02
 5.355440309905e+04  1.558928900000e+01  6.546758029792e-02
 5.355937526042e+04  1.544307000000e+01  6.384973660141e-02
 5.355938174859e+04  1.544521500000e+01  6.388792822774e-02
 5.355938822252e+04  1.548998200000e+01  6.392038585737e-02
 5.355939464333e+04  1.545517400000e+01  6.385282191039e-02
 5.353141394818e+04  1.526595600000e+01  6.402322789566e-02
 5.353141974650e+04  1.530707400000e+01  6.432243934294e-02
 5.353142553777e+04  1.530209400000e+01  6.425395626554e-02
 5.353143146919e+04  1.528379500000e+01  6.400384114636e-02
 5.367514826463e+04  1.530247800000e+01  6.210636596793e-02
 5.367515490801e+04  1.525535100000e+01  6.176542072071e-02
 5.367516157617e+04  1.517705700000e+01  6.110944254567e-02
 5.367516820277e+04  1.513912700000e+01  6.082240977681e-02
 5.370413217235e+04  1.518380400000e+01  6.143462845151e-02
 5.370413916344e+04  1.518418500000e+01  6.154505645072e-02
 5.370414634075e+04  1.519675600000e+01  6.157440380834e-02
 5.370415341600e+04  1.520482800000e+01  6.166464732367e-02
 5.365020750294e+04  1.549596900000e+01  6.553642834234e-02
 5.365021560196e+04  1.545916600000e+01  6.508930250558e-02
 5.365022361035e+04  1.545381100000e+01  6.501682131303e-02
 5.365023177603e+04  1.541938700000e+01  6.470405749790e-02
 5.367016894584e+04  1.520797300000e+01  6.136554774139e-02
 5.367017693432e+04  1.520941100000e+01  6.139107367120e-02
 5.367018494119e+04  1.522553600000e+01  6.147719860207e-02
 5.367019309958e+04  1.522396500000e+01  6.151131374069e-02
 5.364322421600e+04  1.559535600000e+01  6.566307620363e-02
 5.364323180503e+04  1.559548700000e+01  6.563954898021e-02
 5.364323935286e+04  1.560256100000e+01  6.574090175886e-02
 5.364324697650e+04  1.556653600000e+01  6.503672536964e-02
 5.407911816181e+04  1.569634800000e+01  6.722965149671e-02
 5.407912386602e+04  1.567748100000e+01  6.709478445807e-02
 5.407912958888e+04  1.565916600000e+01  6.772530281166e-02
 5.409506867525e+04  1.566810600000e+01  6.474340511299e-02
 5.409507837042e+04  1.567618700000e+01  6.488228311717e-02
 5.409508804972e+04  1.568117800000e+01  6.500998757492e-02
 5.409509775517e+04  1.566483400000e+01  6.483387929429e-02
 5.393933760139e+04  1.567922000000e+01  7.238624408821e-02
 5.393934078917e+04  1.567420400000e+01  7.064329553724e-02
 5.388742914797e+04  1.518705100000e+01  6.264384809084e-02
 5.388743890112e+04  1.508617700000e+01  6.165144235442e-02
 5.388744865242e+04  1.502131500000e+01  6.108072513844e-02
 5.388745844573e+04  1.499740300000e+01  6.085765442697e-02
 5.390542252266e+04  1.567201800000e+01  1.136830788573e-01
 5.390542366300e+04  1.567109600000e+01  1.134086353403e-01
 5.390542476595e+04  1.564173900000e+01  1.126202803799e-01
 5.390542582340e+04  1.560893800000e+01  1.109673208619e-01
 5.405312541270e+04  1.568222700000e+01  6.487014817035e-02
 5.405313195006e+04  1.570433300000e+01  6.484302060966e-02
 5.405313841855e+04  1.566981100000e+01  6.446008989719e-02
 5.405314491656e+04  1.570731900000e+01  6.480417916244e-02
 5.406409745079e+04  1.491065900000e+01  5.861205006144e-02
 5.406410495914e+04  1.494454900000e+01  5.882578478769e-02
 5.406411246275e+04  1.497036000000e+01  5.900000587802e-02
 5.406411997053e+04  1.497445700000e+01  5.903391285211e-02
 5.402525555009e+04  1.552316000000e+01  6.305456380345e-02
 5.402526220007e+04  1.555399400000e+01  6.348043696556e-02
 5.402526887286e+04  1.557772400000e+01  6.361836638929e-02
 5.402527550780e+04  1.556553300000e+01  6.352239962114e-02
 5.403411131906e+04  1.500884300000e+01  5.916538876200e-02
 5.403411936691e+04  1.501693900000e+01  5.925134873050e-02
 5.403412877850e+04  1.506489300000e+01  5.950302612493e-02
 5.403413682970e+04  1.508914900000e+01  5.969087878710e-02
 5.398930942669e+04  1.532168400000e+01  6.156411864251e-02
 5.398931639590e+04  1.517219800000e+01  6.033682753697e-02
 5.398932337403e+04  1.503868300000e+01  5.942740358967e-02
 5.398933030389e+04  1.496295400000e+01  5.893965208676e-02
 5.400519239987e+04  1.489638100000e+01  5.853461799257e-02
 5.400519889198e+04  1.489459600000e+01  5.851961649094e-02
 5.400520537135e+04  1.489721900000e+01  5.850870436914e-02
 5.400521183071e+04  1.491830100000e+01  5.862377121177e-02
 5.445310550912e+04  1.517057300000e+01  6.051005328498e-02
 5.445311033193e+04  1.517131800000e+01  6.054512250720e-02
 5.445311518762e+04  1.521017000000e+01  6.088321091125e-02
 5.445312003751e+04  1.520100800000e+01  6.082815933368e-02
 5.411609722510e+04  1.562809300000e+01  6.487802666158e-02
 5.411610217211e+04  1.558137200000e+01  6.448582711106e-02
 5.411610709597e+04  1.553949800000e+01  6.417628094141e-02
 5.411611204344e+04  1.548549800000e+01  6.370175661527e-02
 5.429238257418e+04  1.541572700000e+01  6.452741310136e-02
 5.429238577862e+04  1.556950500000e+01  6.312660397747e-02
 5.429238896652e+04  1.580094400000e+01  6.510586294459e-02
 5.429239217294e+04  1.570017800000e+01  6.495816392627e-02
 5.425639495376e+04  1.555537400000e+01  6.529946729867e-02
 5.425640196418e+04  1.563232400000e+01  6.593580418605e-02
 5.425640893767e+04  1.565705200000e+01  6.607834290319e-02
 5.425641593061e+04  1.559611200000e+01  6.549360793092e-02
 5.426437450799e+04  1.562397200000e+01  6.615388206989e-02
 5.426438205999e+04  1.558978600000e+01  6.567159370801e-02
 5.426438961568e+04  1.556209100000e+01  6.524534296826e-02
 5.426439714395e+04  1.554720700000e+01  6.502513413637e-02
 5.427137010285e+04  1.525648300000e+01  6.279333247689e-02
 5.427137493122e+04  1.524756100000e+01  6.265741338215e-02
 5.427137981618e+04  1.528915800000e+01  6.294005929223e-02
 5.427138465936e+04  1.529187600000e+01  6.291566736987e-02
 5.427740019826e+04  1.554889600000e+01  6.514496968006e-02
 5.427740588131e+04  1.555684600000e+01  6.518686602894e-02
 5.427741153263e+04  1.551541200000e+01  6.484158892773e-02
 5.427741721404e+04  1.544662700000e+01  6.962748239751e-02
 5.424144231030e+04  1.543564700000e+01  6.432065989698e-02
 5.424145250490e+04  1.543519800000e+01  6.429232825777e-02
 5.424146694475e+04  1.546238000000e+01  6.440177555594e-02
 5.440721343499e+04  1.518840400000e+01  6.067989891813e-02
 5.440722149441e+04  1.519894800000e+01  6.079309650096e-02
 5.440722956981e+04  1.521367600000e+01  6.091450505569e-02
 5.440723764800e+04  1.523151700000e+01  6.108739695646e-02
 5.441316433877e+04  1.552880300000e+01  6.345234240336e-02
 5.441317080843e+04  1.550066500000e+01  6.321196146563e-02
 5.441317728560e+04  1.555700400000e+01  6.373177461606e-02
 5.441318380167e+04  1.555277700000e+01  6.369330303119e-02
 5.442011743238e+04  1.565973200000e+01  6.589421498164e-02
 5.442012392380e+04  1.557159200000e+01  6.498723590452e-02
 5.442013356236e+04  1.554566500000e+01  6.475297379402e-02
 5.442014001557e+04  1.544870000000e+01  6.405464893625e-02
 5.438116360705e+04  1.519096500000e+01  6.042097052301e-02
 5.438117006339e+04  1.518983800000e+01  6.040049924918e-02
 5.438117650133e+04  1.520020600000e+01  6.046623831908e-02
 5.438118290072e+04  1.519227800000e+01  6.041622378304e-02
 5.439217262811e+04  1.551623900000e+01  6.325171793015e-02
 5.439218073778e+04  1.551886500000e+01  6.327278515778e-02
 5.439218882672e+04  1.551411500000e+01  6.324979340365e-02
 5.439219692411e+04  1.551255200000e+01  6.322243732811e-02
 5.435330296551e+04  1.546798400000e+01  6.349586207288e-02
 5.435331182764e+04  1.544581000000e+01  6.328549966797e-02
 5.435332137580e+04  1.532203300000e+01  6.215859746090e-02
 5.435333016384e+04  1.526582400000e+01  6.170540813376e-02
 5.480213125781e+04  1.550393300000e+01  6.461735133649e-02
 5.480213663852e+04  1.548202300000e+01  6.318050116955e-02
 5.480214211332e+04  1.548676200000e+01  6.371573201267e-02
 5.480214745363e+04  1.552632300000e+01  6.399534131623e-02
 5.447607010333e+04  1.555304000000e+01  6.861815137703e-02
 5.447607390606e+04  1.555282800000e+01  6.875944826007e-02
 5.447607771656e+04  1.556194600000e+01  6.891560586015e-02
 5.447608150691e+04  1.555597600000e+01  6.888852437713e-02
 5.465043946486e+04  1.554787900000e+01  6.537079144790e-02
 5.465044484001e+04  1.550742900000e+01  6.490115512149e-02
 5.465045020764e+04  1.556963100000e+01  6.544478535424e-02
 5.465045557249e+04  1.557247400000e+01  6.542872535707e-02
 5.463038407720e+04  1.538374600000e+01  6.277376516802e-02
 5.463038948627e+04  1.540334400000e+01  6.291789222945e-02
 5.463039494672e+04  1.540753500000e+01  6.289174009821e-02
 5.463040038878e+04  1.540981400000e+01  6.287994962552e-02
 5.460043568044e+04  1.546739400000e+01  6.662800878479e-02
 5.460044160111e+04  1.546546300000e+01  6.652350078805e-02
 5.460044754122e+04  1.544897400000e+01  6.617527873433e-02
 5.460045350830e+04  1.545654900000e+01  6.620761041165e-02
 5.477112961304e+04  1.544344800000e+01  6.274200658639e-02
 5.477113441340e+04  1.538487700000e+01  6.225881789852e-02
 5.477113929374e+04  1.538302300000e+01  6.223335841919e-02
 5.477114407047e+04  1.536490300000e+01  6.204907650300e-02
 5.477710028503e+04  1.548866300000e+01  6.301409359408e-02
 5.477711189846e+04  1.546305200000e+01  6.277053226158e-02
 5.477712345713e+04  1.551759000000e+01  6.325778507049e-02
 5.477713512010e+04  1.548540800000e+01  6.299605969999e-02
 5.474520577773e+04  1.521362800000e+01  6.033409544881e-02
 5.474521304464e+04  1.522766700000e+01  6.043115551619e-02
 5.474522026572e+04  1.525783100000e+01  6.065167057473e-02
 5.474522757072e+04  1.527694800000e+01  6.079850674728e-02
 5.476412961017e+04  1.550751200000e+01  6.278724680902e-02
 5.476413873007e+04  1.551632600000e+01  6.282457558014e-02
 5.476414793262e+04  1.550292600000e+01  6.270766701589e-02
 5.476415715286e+04  1.550401200000e+01  6.269315033607e-02
 5.471822902291e+04  1.552317800000e+01  6.336551163314e-02
 5.471823347150e+04  1.547695400000e+01  6.292880547686e-02
 5.471823779568e+04  1.551731800000e+01  6.328027550592e-02
 5.471824208918e+04  1.548222200000e+01  6.294599094894e-02
 5.473133443344e+04  1.555476200000e+01  6.357674484273e-02
 5.473134165035e+04  1.552385000000e+01  6.331558357857e-02
 5.473134878786e+04  1.551911900000e+01  6.328893773060e-02
 5.473135609597e+04  1.552601800000e+01  6.330688302616e-02
 5.506031458856e+04  1.548455300000e+01  6.068681814781e-02
 5.506032256779e+04  1.547846600000e+01  6.067150758835e-02
 5.506033046172e+04  1.549041800000e+01  6.074548294661e-02
 5.506033835683e+04  1.548776700000e+01  6.073187441490e-02
 5.507033078833e+04  1.538577600000e+01  6.273228082869e-02
 5.507033793733e+04  1.538891400000e+01  6.278276352098e-02
 5.507034516779e+04  1.537005900000e+01  6.258468660538e-02
 5.507035226005e+04  1.539822200000e+01  6.283508795685e-02
 5.507425276297e+04  1.537820800000e+01  6.804482700019e-02
 5.507425713888e+04  1.535119300000e+01  6.747560814635e-02
 5.507426138773e+04  1.536297200000e+01  6.770077360115e-02
 5.507426569488e+04  1.533867400000e+01  6.751704042638e-02
 5.504331200199e+04  1.548743200000e+01  6.842599636433e-02
 5.504331975542e+04  1.548582800000e+01  6.849729756210e-02
 5.504332744750e+04  1.550395600000e+01  6.871994619465e-02
 5.504333510314e+04  1.550591500000e+01  6.861783776217e-02
 5.514312846753e+04  1.557940700000e+01  6.454878361919e-02
 5.514313557843e+04  1.556163000000e+01  6.435390442806e-02
 5.514314288274e+04  1.553088700000e+01  6.410981332611e-02
 5.514315382035e+04  1.553631800000e+01  6.416799023180e-02
 5.515412067229e+04  1.523859900000e+01  6.140919391938e-02
 5.515412796097e+04  1.524850600000e+01  6.148396185163e-02
 5.515413528332e+04  1.525642100000e+01  6.155240375192e-02
 5.515414257154e+04  1.529073100000e+01  6.186283506421e-02
 5.512016866086e+04  1.532647600000e+01  6.206498763794e-02
 5.512017532520e+04  1.533683100000e+01  6.216109574704e-02
 5.512018196920e+04  1.533486600000e+01  6.213944561075e-02
 5.512018871628e+04  1.533262800000e+01  6.214656051771e-02
 5.512916087972e+04  1.530643800000e+01  6.185841096773e-02
 5.512916875468e+04  1.531672100000e+01  6.194273349096e-02
 5.512917678007e+04  1.529031000000e+01  6.341551790729e-02
 5.512918478875e+04  1.530574800000e+01  6.233968582257e-02
 5.508827379282e+04  1.536983900000e+01  6.734864889766e-02
 5.508827903210e+04  1.541263700000e+01  6.769658453204e-02
 5.508828263416e+04  1.539743900000e+01  6.763448251682e-02
 5.508828454409e+04  1.539739200000e+01  6.762581029165e-02
 5.509525570419e+04  1.532895600000e+01  6.551711924500e-02
 5.509526941381e+04  1.527787900000e+01  6.418278706289e-02
 5.509527871302e+04  1.538550100000e+01  6.292434725689e-02
 5.509528523872e+04  1.538198100000e+01  6.303798036775e-02
 5.510219851197e+04  1.542987000000e+01  6.318154674969e-02
 5.510220402764e+04  1.548319300000e+01  6.366667253635e-02
 5.510220958036e+04  1.544101700000e+01  6.326038611944e-02
 5.510221505493e+04  1.548468000000e+01  6.367994685493e-02
 5.553306367701e+04  1.566475500000e+01  6.146773085988e-02
 5.553307705661e+04  1.568666500000e+01  6.171845815993e-02
 5.553308376597e+04  1.569330600000e+01  6.171550285819e-02
 5.538139159697e+04  1.570239300000e+01  6.580933283598e-02
 5.538139944728e+04  1.566808300000e+01  6.541507719293e-02
 5.538140730394e+04  1.570877900000e+01  6.585431950219e-02
 5.538141516903e+04  1.567705100000e+01  6.545542348815e-02
 5.535744630862e+04  1.549685200000e+01  6.378725868985e-02
 5.535745151300e+04  1.549536200000e+01  6.369781297579e-02
 5.535745675968e+04  1.549056700000e+01  6.367793133192e-02
 5.535746192700e+04  1.552023100000e+01  6.388263308963e-02
 5.536539785197e+04  1.552670300000e+01  6.396102501161e-02
 5.536540247951e+04  1.553239600000e+01  6.403521821097e-02
 5.536540714469e+04  1.555558900000e+01  6.424267103772e-02
 5.536541178612e+04  1.555701200000e+01  6.424998435141e-02
 5.533444925142e+04  1.568558900000e+01  7.711280334334e-02
 5.533445562964e+04  1.565889200000e+01  8.148559362959e-02
 5.533446206933e+04  1.571716600000e+01  7.152201801059e-02
 5.533446840333e+04  1.572044200000e+01  6.672602783698e-02
 5.550614382830e+04  1.491503500000e+01  5.915618492346e-02
 5.550615641227e+04  1.498649500000e+01  5.975834882824e-02
 5.550616275521e+04  1.499753500000e+01  5.979780434009e-02
 5.551315235694e+04  1.551432700000e+01  6.409159175176e-02
 5.551316710389e+04  1.558346500000e+01  6.484600895194e-02
 5.551317454743e+04  1.562447300000e+01  6.528880711153e-02
 5.547613847753e+04  1.489032000000e+01  5.956962050364e-02
 5.547615205369e+04  1.491820800000e+01  5.926627106372e-02
 5.547616015940e+04  1.501781600000e+01  6.006027127295e-02
 5.548111153799e+04  1.562906600000e+01  6.519355655080e-02
 5.548112633926e+04  1.555514100000e+01  6.442197084942e-02
 5.548113380907e+04  1.557962800000e+01  6.462697467977e-02
 5.549912707815e+04  1.567932100000e+01  6.593470654528e-02
 5.549914071285e+04  1.567878700000e+01  6.601403374033e-02
 5.549914754642e+04  1.568613300000e+01  6.614927881198e-02
 5.557008444767e+04  1.484530200000e+01  5.894501082488e-02
 5.557008905034e+04  1.483353600000e+01  5.889921560783e-02
 5.557009361955e+04  1.488293500000e+01  5.921051402782e-02
 5.557009825258e+04  1.486843200000e+01  5.914371242917e-02
 5.582321177384e+04  1.508267400000e+01  5.975516580505e-02
 5.582321861666e+04  1.512902600000e+01  6.004444061762e-02
 5.582322550546e+04  1.514106100000e+01  6.011866914287e-02
 5.582323224358e+04  1.517122300000e+01  6.032971149700e-02
 5.585818777157e+04  1.573240500000e+01  6.183746346081e-02
 5.585819890456e+04  1.571772800000e+01  6.168825278214e-02
 5.585821009078e+04  1.564996600000e+01  6.112999229563e-02
 5.585822129010e+04  1.536587700000e+01  5.915466364534e-02
 5.585215571466e+04  1.526953900000e+01  6.111125760792e-02
 5.585216131304e+04  1.526397400000e+01  6.112079436602e-02
 5.585216692628e+04  1.529500300000e+01  6.131896123690e-02
 5.585217255156e+04  1.527763900000e+01  6.118237941045e-02
 5.592906633513e+04  1.500838500000e+01  5.958641800264e-02
 5.592907094472e+04  1.504249700000e+01  5.988132712737e-02
 5.592907547810e+04  1.505805700000e+01  5.999835415778e-02
 5.592908005530e+04  1.506150100000e+01  6.004200643415e-02
 5.607443806370e+04  1.573342300000e+01  6.604853127456e-02
 5.607444145438e+04  1.575244700000e+01  6.621605875834e-02
 5.607444482399e+04  1.570912900000e+01  6.568527269293e-02
 5.607444823286e+04  1.573342500000e+01  6.590797785168e-02
 5.609339406418e+04  1.544043600000e+01  6.398696150207e-02
 5.609340317300e+04  1.542026500000e+01  6.363230416780e-02
 5.609341233250e+04  1.545806200000e+01  6.386459049455e-02
 5.609342145900e+04  1.548744200000e+01  6.400444180195e-02
 5.610036516954e+04  1.557537200000e+01  6.594752312038e-02
 5.610037201896e+04  1.557316000000e+01  6.583164567368e-02
 5.610037880488e+04  1.555444700000e+01  6.553663471315e-02
 5.610038567444e+04  1.557108700000e+01  6.563366199144e-02
 5.616432162363e+04  1.551581800000e+01  6.420037726798e-02
 5.616432727468e+04  1.553479900000e+01  6.444094355809e-02
 5.616433297126e+04  1.555128800000e+01  6.456730277084e-02
 5.616433864836e+04  1.554935600000e+01  6.455883963236e-02
 5.618613531160e+04  1.530103500000e+01  6.006797331730e-02
 5.618613945079e+04  1.529445600000e+01  6.000595136954e-02
 5.618614356951e+04  1.528261300000e+01  5.990480206788e-02
 5.618614770205e+04  1.532151900000e+01  6.014195249272e-02
 5.619319885801e+04  1.557552100000e+01  6.313994837414e-02
 5.619320291574e+04  1.553859800000e+01  6.286561645968e-02
 5.619320697682e+04  1.560289600000e+01  6.496982859827e-02
 5.619321099678e+04  1.550787400000e+01  6.409961585859e-02
 5.620412633124e+04  1.524681500000e+01  6.196758135776e-02
 5.620413362130e+04  1.521605100000e+01  6.170315170948e-02
 5.620414097317e+04  1.513905000000e+01  6.102078962092e-02
 5.620414825747e+04  1.512955500000e+01  6.094784932215e-02
 5.621412168838e+04  1.553438000000e+01  6.432071815776e-02
 5.621413071072e+04  1.554887600000e+01  6.445018703229e-02
 5.621413971780e+04  1.553784900000e+01  6.432008627827e-02
 5.621414873457e+04  1.553029400000e+01  6.421299612369e-02
 5.622011973738e+04  1.532118400000e+01  6.005912795162e-02
 5.622012521567e+04  1.527608600000e+01  6.197428071066e-02
 5.622013062641e+04  1.533065600000e+01  6.095079788159e-02
 5.622013603919e+04  1.534071600000e+01  6.643751350145e-02
