# time mag mag_err
 5.347019638380e+04  1.550079900000e+01  6.512395900472e-02
 5.347020370141e+04  1.553053600000e+01  6.544519522763e-02
 5.347021103047e+04  1.555288500000e+01  6.562680136973e-02
 5.347021832957e+04  1.557218600000e+01  6.585251150794e-02
 5.349019598095e+04  1.567139600000e+01  6.518083596921e-02
 5.349020411700e+04  1.568408200000e+01  6.533905864137e-02
 5.349021224368e+04  1.568021700000e+01  6.534341982333e-02
 5.349022037788e+04  1.569567800000e+01  6.555883922765e-02
 5.370942932485e+04  1.567754100000e+01  6.538279813823e-02
 5.370943668448e+04  1.568836700000e+01  6.549813844579e-02
 5.370944405069e+04  1.573133400000e+01  6.591366545233e-02
 5.370945138775e+04  1.572973600000e+01  6.587242540281e-02
 5.372836044104e+04  1.573973300000e+01  6.672790834762e-02
 5.372836905802e+04  1.571926700000e+01  6.671385657138e-02
 5.372837772928e+04  1.573148100000e+01  6.772857295539e-02
 5.372838635066e+04  1.576127200000e+01  6.869836424845e-02
 5.353216158594e+04  1.575137800000e+01  6.713667451440e-02
 5.353216807249e+04  1.575590400000e+01  6.729575486364e-02
 5.353217456934e+04  1.583538100000e+01  6.832158513741e-02
 5.353218111978e+04  1.577417200000e+01  6.767168362873e-02
 5.350020235742e+04  1.524731900000e+01  6.151426062411e-02
 5.350020886214e+04  1.524679400000e+01  6.152381377249e-02
 5.350021536756e+04  1.525577800000e+01  6.163338595088e-02
 5.350022186730e+04  1.526137300000e+01  6.168894242439e-02
 5.367847355317e+04  1.590820100000e+01  6.876850147409e-02
 5.367847892358e+04  1.591705400000e+01  6.882378444637e-02
 5.367848426088e+04  1.592681800000e+01  6.894778604512e-02
 5.367848960351e+04  1.590822700000e+01  6.867273181297e-02
 5.370251209120e+04  1.592084800000e+01  6.837275728278e-02
 5.370251753858e+04  1.593707800000e+01  6.854069540906e-02
 5.370252294464e+04  1.592989100000e+01  6.844419707248e-02
 5.370252836991e+04  1.595001400000e+01  6.871009960367e-02
 5.367245951125e+04  1.501253600000e+01  6.033903636657e-02
 5.367246335773e+04  1.504972900000e+01  6.058481431407e-02
 5.367246719983e+04  1.508009000000e+01  6.078338471114e-02
 5.367247105684e+04  1.509056500000e+01  6.079872000345e-02
 5.383110706308e+04  1.582810200000e+01  6.783803016788e-02
 5.383111368794e+04  1.575600700000e+01  6.737849337084e-02
 5.383112017542e+04  1.579967700000e+01  6.791624124597e-02
 5.383112671093e+04  1.580795700000e+01  6.792543871039e-02
 5.385014028329e+04  1.589145300000e+01  6.861417743137e-02
 5.385014800486e+04  1.588802900000e+01  6.855158158905e-02
 5.385015571219e+04  1.589177300000e+01  6.857433495959e-02
 5.385016353468e+04  1.587879500000e+01  6.838209700064e-02
 5.408449889917e+04  1.549385300000e+01  6.286696707598e-02
 5.408450483638e+04  1.550380800000e+01  6.292780458584e-02
 5.408451082453e+04  1.548635300000e+01  6.302112007450e-02
 5.408451680747e+04  1.552132300000e+01  6.346175908356e-02
 5.379329999097e+04  1.578687500000e+01  6.689934656374e-02
 5.379330644639e+04  1.579619800000e+01  6.700524786419e-02
 5.379331294810e+04  1.579266700000e+01  6.692164866363e-02
 5.379331943338e+04  1.578168400000e+01  6.681461596327e-02
 5.373940448769e+04  1.501527100000e+01  5.956094369816e-02
 5.373941258219e+04  1.507579400000e+01  5.998838909206e-02
 5.373942074833e+04  1.510733000000e+01  6.021913574754e-02
 5.373942882247e+04  1.512885600000e+01  6.037009779445e-02
 5.375742635112e+04  1.556330800000e+01  6.440630983374e-02
 5.375743394583e+04  1.557054900000e+01  6.447700143957e-02
 5.375744161821e+04  1.559769100000e+01  6.478022015256e-02
 5.375744920700e+04  1.560687600000e+01  6.490278759419e-02
 5.376229160837e+04  1.587976900000e+01  6.789377375615e-02
 5.376229807038e+04  1.590226800000e+01  6.893385482023e-02
 5.376230452128e+04  1.593444700000e+01  7.179715628869e-02
 5.376231096326e+04  1.589867900000e+01  6.987957545522e-02
 5.390215622622e+04  1.568019200000e+01  1.152863378438e-01
 5.390215719351e+04  1.564563400000e+01  1.137306846056e-01
 5.390215817735e+04  1.564769200000e+01  1.138491145422e-01
 5.390215915182e+04  1.567759500000e+01  1.152177664022e-01
 5.380034845255e+04  1.554689000000e+01  6.467361009360e-02
 5.380035504710e+04  1.554978200000e+01  6.441993101165e-02
 5.380036156119e+04  1.556789000000e+01  6.461843371329e-02
 5.380036804242e+04  1.559120800000e+01  6.487458636246e-02
 5.381918680869e+04  1.526470800000e+01  6.453061320329e-02
 5.381919285899e+04  1.529315000000e+01  6.393994353930e-02
 5.381919891948e+04  1.530140300000e+01  6.342140862876e-02
 5.381920496307e+04  1.535092400000e+01  6.289165000907e-02
 5.385916146581e+04  1.562399000000e+01  6.607154919280e-02
 5.385916791659e+04  1.563427100000e+01  6.621506890487e-02
 5.385917429214e+04  1.562101400000e+01  6.610633119238e-02
 5.385918069060e+04  1.566059700000e+01  6.654731276771e-02
 5.388021090535e+04  1.579323400000e+01  6.823197098961e-02
 5.388021732661e+04  1.579839800000e+01  6.835380715965e-02
 5.388022379152e+04  1.582023400000e+01  6.874859852461e-02
 5.388023022899e+04  1.586974900000e+01  6.944152724444e-02
 5.405653337973e+04  1.575639600000e+01  6.508897946642e-02
 5.405653459843e+04  1.576207400000e+01  6.513130143482e-02
 5.405653577117e+04  1.574997900000e+01  6.502321486219e-02
 5.405653697378e+04  1.575930800000e+01  6.508930250558e-02
 5.406244986087e+04  1.526092300000e+01  6.085420734363e-02
 5.406245745360e+04  1.525605500000e+01  6.077417636291e-02
 5.406246507563e+04  1.529332200000e+01  6.103631253341e-02
 5.406247265135e+04  1.534038400000e+01  6.138525325176e-02
 5.403650348782e+04  1.558443700000e+01  6.674329962842e-02
 5.403650951532e+04  1.558522300000e+01  6.521143169648e-02
 5.403651555185e+04  1.561748600000e+01  6.556618865532e-02
 5.403652149149e+04  1.564157700000e+01  6.664650459850e-02
 5.444039381117e+04  1.577902200000e+01  6.585547728979e-02
 5.444040034367e+04  1.578950000000e+01  6.593470654528e-02
 5.444040688103e+04  1.579057200000e+01  6.588868877400e-02
 5.444041341087e+04  1.581191100000e+01  6.613247435475e-02
 5.444947026204e+04  1.548247000000e+01  6.260885246534e-02
 5.444947747131e+04  1.548407300000e+01  6.265442004094e-02
 5.444948473313e+04  1.551199900000e+01  6.283741724938e-02
 5.444949196705e+04  1.554743500000e+01  6.320116887580e-02
 5.414027869163e+04  1.562909900000e+01  6.429158657852e-02
 5.414028515955e+04  1.563797400000e+01  6.436279167290e-02
 5.414029164876e+04  1.564826900000e+01  6.449731878297e-02
 5.414029812708e+04  1.568584000000e+01  6.576599239580e-02
 5.411036550299e+04  1.575702900000e+01  6.579935108341e-02
 5.411037151359e+04  1.578302400000e+01  6.609524226747e-02
 5.411037752950e+04  1.575358000000e+01  6.586582966959e-02
 5.411038355365e+04  1.570636600000e+01  6.527211828613e-02
 5.411733091424e+04  1.571188600000e+01  6.503800744659e-02
 5.411733890387e+04  1.573133900000e+01  6.476698211285e-02
 5.411734687185e+04  1.572543600000e+01  6.511376922582e-02
 5.411735487087e+04  1.572925000000e+01  6.515005413669e-02
 5.412938426913e+04  1.518904400000e+01  6.859026889263e-02
 5.412938924705e+04  1.521705400000e+01  7.110748586804e-02
 5.412939327074e+04  1.529903000000e+01  7.702510115885e-02
 5.412939690137e+04  1.586263000000e+01  9.542425305562e-02
 5.425818659329e+04  1.519944100000e+01  5.924551562795e-02
 5.425819343818e+04  1.517773600000e+01  5.913598630518e-02
 5.425819935330e+04  1.519774900000e+01  5.930502177962e-02
 5.425820525000e+04  1.519427500000e+01  5.930907426179e-02
 5.417121462273e+04  1.570761000000e+01  6.517036323051e-02
 5.417121796340e+04  1.567526300000e+01  6.484750242079e-02
 5.417122130361e+04  1.557755800000e+01  6.386059402178e-02
 5.417122463122e+04  1.552426400000e+01  6.336806290827e-02
 5.423021501889e+04  1.551174500000e+01  6.397088736632e-02
 5.423022144444e+04  1.553598500000e+01  6.426617144754e-02
 5.423022786525e+04  1.552963600000e+01  6.425770329447e-02
 5.423023431811e+04  1.556687100000e+01  6.463685380769e-02
 5.423619682633e+04  1.517532600000e+01  6.150780790594e-02
 5.423620329088e+04  1.519595900000e+01  6.171112748661e-02
 5.423620971609e+04  1.516996500000e+01  6.154029308787e-02
 5.423621612485e+04  1.521299700000e+01  6.157653432767e-02
 5.441351536248e+04  1.591436600000e+01  6.738831879860e-02
 5.441352032338e+04  1.589538700000e+01  6.661704714773e-02
 5.441352535256e+04  1.583356900000e+01  6.643115312758e-02
 5.441353034054e+04  1.567489000000e+01  6.469875936694e-02
 5.438250930522e+04  1.539645500000e+01  6.315824769134e-02
 5.438251254809e+04  1.541923000000e+01  6.307016898249e-02
 5.438251578703e+04  1.540351000000e+01  6.310192827771e-02
 5.438251905524e+04  1.541842500000e+01  6.295503657375e-02
 5.439049070788e+04  1.593841300000e+01  6.823366583296e-02
 5.439049720103e+04  1.593660400000e+01  6.821494536272e-02
 5.439050366328e+04  1.595089900000e+01  6.824713623469e-02
 5.439051020064e+04  1.588913000000e+01  6.743161360884e-02
 5.455714830049e+04  1.547241300000e+01  6.307007605663e-02
 5.455715751611e+04  1.522351600000e+01  6.096440260945e-02
 5.455716675186e+04  1.503730600000e+01  5.956920121323e-02
 5.455717599341e+04  1.492437600000e+01  5.882709163917e-02
 5.456423958637e+04  1.587329400000e+01  6.720771620697e-02
 5.456424609838e+04  1.589657800000e+01  6.754792021426e-02
 5.456425257602e+04  1.590743100000e+01  6.770384776360e-02
 5.456425901523e+04  1.594626500000e+01  6.814276929567e-02
 5.457423810721e+04  1.558927300000e+01  6.462131898537e-02
 5.457424348630e+04  1.569711600000e+01  6.575799948380e-02
 5.457424887603e+04  1.564485600000e+01  6.527391101346e-02
 5.457425426113e+04  1.570236000000e+01  6.583618888109e-02
 5.458219465365e+04  1.541093600000e+01  6.249524646494e-02
 5.458220110351e+04  1.524197500000e+01  6.141225470989e-02
 5.458220754075e+04  1.509923300000e+01  6.030689115422e-02
 5.458221396363e+04  1.497276400000e+01  5.946117518936e-02
 5.483136580852e+04  1.576113400000e+01  6.540071217838e-02
 5.483137359421e+04  1.578426000000e+01  6.563940930905e-02
 5.483138146914e+04  1.579479600000e+01  6.572476966567e-02
 5.483138932566e+04  1.577043800000e+01  6.542736606909e-02
 5.450224796405e+04  1.578501200000e+01  6.590338743901e-02
 5.450225559337e+04  1.579598300000e+01  6.599865683308e-02
 5.450226321191e+04  1.580174200000e+01  6.601543956014e-02
 5.450227082838e+04  1.580216100000e+01  6.601011194670e-02
 5.452338683982e+04  1.597450200000e+01  6.789568335833e-02
 5.452339512935e+04  1.590175800000e+01  6.703622379778e-02
 5.452340339781e+04  1.579294600000e+01  6.587097519147e-02
 5.452341167242e+04  1.556280600000e+01  6.357389919620e-02
 5.447636413242e+04  1.600050100000e+01  7.379984603449e-02
 5.447637319051e+04  1.594566900000e+01  6.751076998835e-02
 5.447638225346e+04  1.586273400000e+01  6.651341115853e-02
 5.447639133204e+04  1.569614400000e+01  6.475131611178e-02
 5.449630633389e+04  1.591194100000e+01  6.720666982071e-02
 5.449631173659e+04  1.589939600000e+01  6.705449609149e-02
 5.449631707285e+04  1.579947300000e+01  6.593419494422e-02
 5.449632439902e+04  1.561465200000e+01  6.404602435433e-02
 5.452824454029e+04  1.568042200000e+01  6.479750093713e-02
 5.452825105554e+04  1.569661900000e+01  6.492354600944e-02
 5.452825753318e+04  1.569379500000e+01  6.489331119671e-02
 5.452826399160e+04  1.572569200000e+01  6.521202424675e-02
 5.453615305242e+04  1.594165300000e+01  6.451302782541e-02
 5.453615972069e+04  1.594814500000e+01  6.457374578503e-02
 5.453616638595e+04  1.591663500000e+01  6.420060259783e-02
 5.453617308281e+04  1.588930500000e+01  6.392910683280e-02
 5.454825342275e+04  1.583799900000e+01  6.689959754561e-02
 5.454825841363e+04  1.579427600000e+01  6.640302938280e-02
 5.454826339929e+04  1.578947800000e+01  6.635844672484e-02
 5.454826837245e+04  1.579874900000e+01  6.646049040866e-02
 5.480043252681e+04  1.545281900000e+01  6.234854436362e-02
 5.480044528334e+04  1.516006900000e+01  6.002046276589e-02
 5.480045809220e+04  1.496818200000e+01  5.873611232292e-02
 5.480047092420e+04  1.495111600000e+01  5.858771775314e-02
 5.493919316506e+04  1.570938500000e+01  6.531976869517e-02
 5.493919981356e+04  1.570675600000e+01  6.530593907773e-02
 5.493920650395e+04  1.577203000000e+01  6.601492128882e-02
 5.493921305590e+04  1.574635900000e+01  6.573222720671e-02
 5.518239992354e+04  1.550442900000e+01  6.309035457154e-02
 5.518240570196e+04  1.547443600000e+01  6.282216253661e-02
 5.518241150168e+04  1.548375600000e+01  6.290858692938e-02
 5.518241730927e+04  1.547099700000e+01  6.275470658935e-02
 5.486721705034e+04  1.583339500000e+01  6.957000920885e-02
 5.486722534970e+04  1.579459900000e+01  6.900868641060e-02
 5.486723363889e+04  1.579111600000e+01  6.888852437713e-02
 5.486724189346e+04  1.579425100000e+01  6.890909813279e-02
 5.488233656833e+04  1.542088200000e+01  6.224857197995e-02
 5.488234301831e+04  1.546455600000e+01  6.257415925138e-02
 5.488234942742e+04  1.547504600000e+01  6.275735594140e-02
 5.488235591744e+04  1.547839100000e+01  6.271752605437e-02
 5.490721591808e+04  1.579438700000e+01  6.587917343422e-02
 5.490722135087e+04  1.573346400000e+01  6.523265618333e-02
 5.490722677777e+04  1.568237900000e+01  6.473213919168e-02
 5.490723208566e+04  1.561722500000e+01  6.403406768162e-02
 5.491723581823e+04  1.578410600000e+01  6.616385429137e-02
 5.491724126712e+04  1.577472000000e+01  6.603931502999e-02
 5.491724675883e+04  1.576972000000e+01  6.599135057655e-02
 5.491725216848e+04  1.576391200000e+01  6.595559132558e-02
 5.515350984038e+04  1.573762500000e+01  7.136922343955e-02
 5.515351461124e+04  1.574466000000e+01  7.143319734235e-02
 5.515351961056e+04  1.573421300000e+01  7.125054977242e-02
 5.515352458142e+04  1.576740200000e+01  7.170986179529e-02
 5.516248227617e+04  1.554008400000e+01  6.387050986012e-02
 5.516248973163e+04  1.551850900000e+01  6.364725257095e-02
 5.516249713074e+04  1.551032500000e+01  6.360155017407e-02
 5.516250460440e+04  1.553303200000e+01  6.375612699935e-02
 5.530211921556e+04  1.563659500000e+01  6.499264566428e-02
 5.530212608527e+04  1.565207300000e+01  6.535208242519e-02
 5.530213294637e+04  1.566874100000e+01  6.539360847168e-02
 5.530213979733e+04  1.571651200000e+01  6.646790300825e-02
 5.553142803203e+04  1.499102800000e+01  5.961811217737e-02
 5.553143965927e+04  1.508843900000e+01  6.025417424421e-02
 5.553144550412e+04  1.508449100000e+01  6.019730685287e-02
 5.554144162774e+04  1.589862400000e+01  6.452296988718e-02
 5.554145819957e+04  1.590808300000e+01  6.465859249130e-02
 5.554146651084e+04  1.591700300000e+01  6.505765533102e-02
 5.524432179620e+04  1.556719000000e+01  6.399202097487e-02
 5.524432998189e+04  1.558077900000e+01  6.410299439924e-02
 5.524433800627e+04  1.561053800000e+01  6.440009163739e-02
 5.524434592097e+04  1.560806800000e+01  6.439834918492e-02
 5.526023967708e+04  1.568171400000e+01  6.527377868273e-02
 5.526024592744e+04  1.568264500000e+01  6.528035815822e-02
 5.526025222679e+04  1.569485600000e+01  6.537416180609e-02
 5.526025850234e+04  1.567813000000e+01  6.523721316818e-02
 5.534717420396e+04  1.574664000000e+01  6.615214609860e-02
 5.534717988238e+04  1.578392700000e+01  6.660224229097e-02
 5.534718567769e+04  1.578023200000e+01  6.662196154154e-02
 5.534719142093e+04  1.578288300000e+01  6.666172380906e-02
 5.550845494562e+04  1.516007100000e+01  6.094587459786e-02
 5.550846078997e+04  1.517147700000e+01  6.100223916824e-02
 5.550846376269e+04  1.520144900000e+01  6.121473219360e-02
 5.551646543251e+04  1.590113600000e+01  6.799911681513e-02
 5.551647704497e+04  1.591742400000e+01  6.813242783667e-02
 5.551648285645e+04  1.589881500000e+01  6.789415601141e-02
 5.565916875182e+04  1.485511800000e+01  5.900976696415e-02
 5.565917443427e+04  1.489355300000e+01  5.925247290011e-02
 5.565918011883e+04  1.492795100000e+01  6.149873873886e-02
 5.565918582872e+04  1.503152200000e+01  6.398804911926e-02
 5.556939797278e+04  1.561526100000e+01  6.475770105451e-02
 5.556940403778e+04  1.567879500000e+01  6.543294168425e-02
 5.556941028753e+04  1.566524800000e+01  6.524534296826e-02
 5.556941677199e+04  1.571819300000e+01  6.578744989403e-02
 5.558745835089e+04  1.591885200000e+01  6.816378928191e-02
 5.558746670248e+04  1.590490100000e+01  6.802344276748e-02
 5.558747505906e+04  1.588675100000e+01  6.786946736897e-02
 5.558748336366e+04  1.583246000000e+01  6.718662924352e-02
 5.562226110199e+04  1.589748900000e+01  6.465980234951e-02
 5.562227215523e+04  1.590064800000e+01  6.466494678179e-02
 5.562228317132e+04  1.587767400000e+01  6.446484137165e-02
 5.562229423995e+04  1.586319300000e+01  6.428816148867e-02
 5.562519320742e+04  1.585764500000e+01  6.212079340469e-02
 5.562520129127e+04  1.589240400000e+01  6.238850336509e-02
 5.562520935647e+04  1.585201100000e+01  6.201361239091e-02
 5.562521742530e+04  1.587939500000e+01  6.227045966338e-02
 5.563418532414e+04  1.517778900000e+01  6.153172981895e-02
 5.563419218110e+04  1.524085400000e+01  6.200697954281e-02
 5.563419911422e+04  1.525712700000e+01  6.214422722431e-02
 5.563420600913e+04  1.529923200000e+01  6.249895640369e-02
 5.586547615663e+04  1.589424000000e+01  6.795655809487e-02
 5.586547961597e+04  1.587979000000e+01  6.777233848128e-02
 5.586548304566e+04  1.588288600000e+01  6.781531501465e-02
 5.586548651075e+04  1.587747500000e+01  6.773539782573e-02
 5.588845312794e+04  1.584137300000e+01  6.698218470932e-02
 5.588846003549e+04  1.582716600000e+01  6.679222414614e-02
 5.588846691060e+04  1.586884600000e+01  6.727274568953e-02
 5.588847386865e+04  1.587504900000e+01  6.728067176322e-02
 5.592036701476e+04  1.507685500000e+01  6.009291055898e-02
 5.592037838779e+04  1.511164900000e+01  6.031617045334e-02
 5.592038980493e+04  1.515594800000e+01  6.061165529826e-02
 5.592040127810e+04  1.522817400000e+01  6.112206101060e-02
 5.592646825997e+04  1.506054800000e+01  5.976735168285e-02
 5.592647325833e+04  1.504365200000e+01  5.966864805659e-02
 5.592647832132e+04  1.502537800000e+01  5.953510965283e-02
 5.592648342163e+04  1.499743000000e+01  5.935683315977e-02
 5.594435481170e+04  1.507655900000e+01  5.793183951937e-02
 5.594436434308e+04  1.500442700000e+01  5.750318774569e-02
 5.594437390538e+04  1.498505300000e+01  5.737533945722e-02
 5.594438341086e+04  1.502490100000e+01  5.759352831670e-02
 5.596933232740e+04  1.586150400000e+01  6.754919855551e-02
 5.596933739583e+04  1.648072900000e+01  7.653086337079e-02
 5.596934251530e+04  1.586909800000e+01  6.756427666433e-02
 5.596934767148e+04  1.587760200000e+01  6.770421983861e-02
 5.597937032214e+04  1.574488200000e+01  6.297698022713e-02
 5.597937913615e+04  1.577800800000e+01  6.329484840490e-02
 5.597938812203e+04  1.578667400000e+01  6.338841758138e-02
 5.597939694368e+04  1.577761500000e+01  6.333531844078e-02
 5.598627719367e+04  1.503523100000e+01  6.113197692765e-02
 5.598628172840e+04  1.502305900000e+01  6.104244544343e-02
 5.598628626149e+04  1.498449100000e+01  6.058964667334e-02
 5.598629071009e+04  1.499723800000e+01  6.058577471102e-02
 5.599918351508e+04  1.542978500000e+01  6.303904681553e-02
 5.599918860176e+04  1.548954100000e+01  6.354859995345e-02
 5.599919372227e+04  1.545900600000e+01  6.325826679862e-02
 5.599919886877e+04  1.549741300000e+01  6.362092613475e-02
 5.601617570837e+04  1.579635100000e+01  6.859986559418e-02
 5.601618425074e+04  1.585834000000e+01  7.620567895004e-02
 5.601619284047e+04  1.581034200000e+01  7.225344943178e-02
 5.601620141168e+04  1.582651300000e+01  6.808532493157e-02
 5.607717249179e+04  1.585557700000e+01  6.982207665779e-02
 5.607717645550e+04  1.587066200000e+01  7.007256818786e-02
 5.607718042642e+04  1.579335700000e+01  6.910005679063e-02
 5.607718434444e+04  1.580183700000e+01  6.919312180965e-02
 5.622348758620e+04  1.507553400000e+01  6.056327616817e-02
 5.622349274565e+04  1.508943300000e+01  6.063702983896e-02
 5.622349827590e+04  1.513566100000e+01  6.094882197370e-02
 5.622350340601e+04  1.513969300000e+01  6.096131999662e-02
