# time mag mag_err
 5.347039266127e+04  1.564693100000e+01  6.605381331605e-02
 5.347039993709e+04  1.564702700000e+01  6.607341482233e-02
 5.347040720447e+04  1.566441100000e+01  6.623214632137e-02
 5.347041449244e+04  1.570232000000e+01  6.659967130140e-02
 5.355827944806e+04  1.607172400000e+01  7.017233926276e-02
 5.355828650883e+04  1.607192100000e+01  7.013352241498e-02
 5.355829347005e+04  1.602524300000e+01  6.946363559784e-02
 5.355830038995e+04  1.610177100000e+01  7.044717900350e-02
 5.354928616613e+04  1.559688700000e+01  6.496418373364e-02
 5.354929274181e+04  1.560921600000e+01  6.501266882868e-02
 5.354929927002e+04  1.564688500000e+01  6.543069707599e-02
 5.354930581259e+04  1.564139000000e+01  6.539151156007e-02
 5.349735694706e+04  1.586848100000e+01  6.657648734500e-02
 5.349736503578e+04  1.574919000000e+01  6.520972117798e-02
 5.349737308594e+04  1.574782700000e+01  6.519893997946e-02
 5.349738114954e+04  1.566800800000e+01  6.562337295371e-02
 5.350635615856e+04  1.604152800000e+01  7.142537494220e-02
 5.350636385050e+04  1.602745500000e+01  7.118219158931e-02
 5.350637157439e+04  1.603689800000e+01  7.130640717240e-02
 5.350637926782e+04  1.606304100000e+01  7.166562660390e-02
 5.365409507154e+04  1.553630400000e+01  6.494177975973e-02
 5.365409981425e+04  1.550633600000e+01  6.467627852586e-02
 5.365410458579e+04  1.551107400000e+01  6.479336219131e-02
 5.365410933891e+04  1.555186900000e+01  6.527045830108e-02
 5.363612483025e+04  1.617456900000e+01  7.268270936170e-02
 5.363612967957e+04  1.613905000000e+01  7.230625092650e-02
 5.363613454243e+04  1.618039100000e+01  7.295629774715e-02
 5.363613937358e+04  1.612575500000e+01  7.217377063561e-02
 5.385037616481e+04  1.613929700000e+01  7.207579774736e-02
 5.385038439682e+04  1.616002700000e+01  7.310703997068e-02
 5.385039256227e+04  1.615098500000e+01  7.779290742647e-02
 5.385040064034e+04  1.619454000000e+01  7.178751642651e-02
 5.392534092755e+04  1.579009600000e+01  1.162229548854e-01
 5.392534248191e+04  1.579729000000e+01  1.166079722775e-01
 5.392534405456e+04  1.576420700000e+01  1.152399334128e-01
 5.392534560800e+04  1.571192500000e+01  1.130272790122e-01
 5.390030050234e+04  1.583320900000e+01  1.203053627730e-01
 5.390030148664e+04  1.587144500000e+01  1.221511212248e-01
 5.390030247627e+04  1.578172200000e+01  1.179599924484e-01
 5.390030344785e+04  1.600811500000e+01  1.284729553014e-01
 5.379747884446e+04  1.577855700000e+01  6.900605260080e-02
 5.379748703411e+04  1.573872700000e+01  6.564565072611e-02
 5.379749526785e+04  1.569875500000e+01  6.555184513726e-02
 5.379750373979e+04  1.560155000000e+01  6.606878882377e-02
 5.381949063758e+04  1.570377500000e+01  6.562428147382e-02
 5.381949732112e+04  1.571846200000e+01  6.609172424512e-02
 5.381950414948e+04  1.571873100000e+01  6.859172890034e-02
 5.381951116603e+04  1.576111100000e+01  7.171284812087e-02
 5.385941631713e+04  1.598141200000e+01  6.928474326109e-02
 5.385942436464e+04  1.596482300000e+01  6.905501729838e-02
 5.385943242870e+04  1.601903300000e+01  6.980468408503e-02
 5.385944053131e+04  1.603753100000e+01  7.005044164541e-02
 5.386637047244e+04  1.605067100000e+01  1.245087043493e-01
 5.386637123613e+04  1.607373900000e+01  1.253686808333e-01
 5.386637204694e+04  1.604302500000e+01  1.240601365077e-01
 5.386637296852e+04  1.602171700000e+01  1.228599403195e-01
 5.387940021457e+04  1.569944100000e+01  6.562274320799e-02
 5.387940972292e+04  1.572781300000e+01  6.594056262777e-02
 5.387941924619e+04  1.574459100000e+01  6.616015059821e-02
 5.387942868450e+04  1.576798200000e+01  6.642134831792e-02
 5.388625254560e+04  1.555080300000e+01  6.272059682518e-02
 5.388626319635e+04  1.559254800000e+01  6.304800839781e-02
 5.388627387050e+04  1.560650600000e+01  6.319635259104e-02
 5.388628453723e+04  1.565804400000e+01  6.368196406013e-02
 5.399812705259e+04  1.580491600000e+01  6.541270341610e-02
 5.399813194728e+04  1.583308600000e+01  6.578723513609e-02
 5.399813682021e+04  1.584163800000e+01  6.589341510709e-02
 5.399814165494e+04  1.583720200000e+01  6.588992472336e-02
 5.420442478141e+04  1.596383800000e+01  6.737572703927e-02
 5.420443268123e+04  1.596894400000e+01  6.745420984975e-02
 5.420444059389e+04  1.598326100000e+01  6.762876180209e-02
 5.420444842344e+04  1.598900300000e+01  6.766556399355e-02
 5.414054057978e+04  1.611050800000e+01  1.442206471480e-01
 5.414054215520e+04  1.590081400000e+01  1.293962332315e-01
 5.414054371708e+04  1.608670200000e+01  1.390958731250e-01
 5.414054528904e+04  1.605488900000e+01  1.341419699543e-01
 5.425836321145e+04  1.558673200000e+01  6.355295230124e-02
 5.425837008146e+04  1.558079300000e+01  6.353535874988e-02
 5.425837697220e+04  1.558222700000e+01  6.354546344015e-02
 5.425838384291e+04  1.561694500000e+01  6.392576732353e-02
 5.426727155321e+04  1.603334000000e+01  7.017473225312e-02
 5.426727922072e+04  1.603467300000e+01  7.900229448679e-02
 5.426930349858e+04  1.551368900000e+01  6.321994840695e-02
 5.426931208720e+04  1.556839500000e+01  6.375288172477e-02
 5.426932066332e+04  1.557920500000e+01  6.387990739206e-02
 5.426932925611e+04  1.560870900000e+01  6.416933315541e-02
 5.417148346631e+04  1.578068400000e+01  6.511967406941e-02
 5.417148840556e+04  1.577960800000e+01  6.514151818424e-02
 5.417149333832e+04  1.577552300000e+01  6.509033608415e-02
 5.417149825743e+04  1.578339700000e+01  6.516265089575e-02
 5.418547062073e+04  1.604512900000e+01  6.838575417863e-02
 5.418547931422e+04  1.602371400000e+01  6.810011193501e-02
 5.418548802345e+04  1.603225900000e+01  6.816270274440e-02
 5.418549666612e+04  1.602445800000e+01  6.803743349780e-02
 5.423037272674e+04  1.598556000000e+01  6.810766344077e-02
 5.423038118016e+04  1.598906000000e+01  6.818536087447e-02
 5.423038962758e+04  1.600835300000e+01  6.839551651197e-02
 5.423039807904e+04  1.600655000000e+01  6.844491388629e-02
 5.423635232284e+04  1.618919000000e+01  7.150973565459e-02
 5.423635985758e+04  1.618482200000e+01  7.154193680692e-02
 5.423636752174e+04  1.615568500000e+01  7.103297287516e-02
 5.423637508171e+04  1.609567200000e+01  7.025265678819e-02
 5.424240796017e+04  1.591446400000e+01  6.774897238264e-02
 5.424241605860e+04  1.590583200000e+01  6.766853083767e-02
 5.424242416028e+04  1.594572000000e+01  6.824094678746e-02
 5.424243224043e+04  1.595705800000e+01  6.842855017243e-02
 5.438208504756e+04  1.614659000000e+01  8.316985483878e-02
 5.438208758241e+04  1.626468800000e+01  8.585884415700e-02
 5.438209012569e+04  1.617745100000e+01  8.391037170530e-02
 5.438209266321e+04  1.620549100000e+01  8.460225871140e-02
 5.438910379568e+04  1.553623600000e+01  6.735888073375e-02
 5.438910766938e+04  1.548722900000e+01  6.750722795519e-02
 5.438911157015e+04  1.552889800000e+01  6.807935948710e-02
 5.438911549025e+04  1.553830900000e+01  6.825532965194e-02
 5.434715439248e+04  1.579000400000e+01  6.271603496839e-02
 5.434716430419e+04  1.577202600000e+01  6.256860436615e-02
 5.434717418872e+04  1.579301600000e+01  6.284252525822e-02
 5.434718409788e+04  1.577428600000e+01  6.276354258642e-02
 5.435414945588e+04  1.590719900000e+01  6.748691838504e-02
 5.435415375992e+04  1.589375100000e+01  6.732742924892e-02
 5.435415803432e+04  1.589766000000e+01  6.747172148711e-02
 5.435416230259e+04  1.591627000000e+01  6.764972974631e-02
 5.455933067661e+04  1.604054900000e+01  6.877319222177e-02
 5.455933983250e+04  1.604201100000e+01  6.868685603426e-02
 5.455934898828e+04  1.603744300000e+01  6.854639585613e-02
 5.455935816409e+04  1.604021100000e+01  6.853893406693e-02
 5.456531374406e+04  1.573965300000e+01  6.598965429966e-02
 5.456532033514e+04  1.573669700000e+01  6.585063197642e-02
 5.456532690826e+04  1.568717800000e+01  6.518430921138e-02
 5.456533345951e+04  1.565172300000e+01  6.472473970963e-02
 5.457237497081e+04  1.575476100000e+01  6.493432832017e-02
 5.457238196583e+04  1.577253100000e+01  6.506505409307e-02
 5.457238896514e+04  1.578506200000e+01  6.521472288193e-02
 5.457239596086e+04  1.576895700000e+01  6.501643814702e-02
 5.458238265027e+04  1.605267000000e+01  6.879198020706e-02
 5.458238917351e+04  1.601668400000e+01  6.837184382466e-02
 5.458239568216e+04  1.603940100000e+01  6.870185128060e-02
 5.458240221270e+04  1.606046100000e+01  6.893331110327e-02
 5.450550277602e+04  1.560934400000e+01  6.334249839895e-02
 5.450551026771e+04  1.561408600000e+01  6.333092720546e-02
 5.450551779123e+04  1.563599400000e+01  6.351298794796e-02
 5.450552532934e+04  1.568265300000e+01  6.396107894786e-02
 5.451551133289e+04  1.602545600000e+01  6.812721320785e-02
 5.451551567396e+04  1.598809300000e+01  6.761364787767e-02
 5.451552003355e+04  1.598845500000e+01  6.771857983702e-02
 5.451552437185e+04  1.599953400000e+01  6.791002033990e-02
 5.462534926160e+04  1.567635700000e+01  6.451302782541e-02
 5.462535698779e+04  1.572382700000e+01  6.502577401856e-02
 5.462536472648e+04  1.572356700000e+01  6.503025493277e-02
 5.462537242711e+04  1.574676400000e+01  6.537254356021e-02
 5.464036078778e+04  1.578646200000e+01  6.621963929929e-02
 5.464036726993e+04  1.579885800000e+01  6.643390087783e-02
 5.464037380671e+04  1.577983400000e+01  6.651619052698e-02
 5.464038032845e+04  1.579737100000e+01  6.682198511185e-02
 5.452750403413e+04  1.582953800000e+01  6.551388263580e-02
 5.452751055205e+04  1.583238500000e+01  6.557236353067e-02
 5.452751705341e+04  1.586008100000e+01  6.589923654653e-02
 5.452752352932e+04  1.586152600000e+01  6.592132937530e-02
 5.453649500218e+04  1.601804800000e+01  6.770906573396e-02
 5.453649995139e+04  1.595636200000e+01  6.697025699012e-02
 5.453650490094e+04  1.584271100000e+01  6.569586772604e-02
 5.453650984968e+04  1.578873800000e+01  6.512662215576e-02
 5.454849758490e+04  1.608042600000e+01  7.214167791675e-02
 5.454850248201e+04  1.609217200000e+01  7.233698869333e-02
 5.454850736733e+04  1.614516100000e+01  7.312483432973e-02
 5.454851224882e+04  1.614688400000e+01  7.314508683874e-02
 5.458931201822e+04  1.603638400000e+01  6.815865222711e-02
 5.458932014698e+04  1.604728000000e+01  6.825642899656e-02
 5.458932829229e+04  1.601149300000e+01  6.781540915447e-02
 5.458933641897e+04  1.605615300000e+01  6.830114682400e-02
 5.460036522799e+04  1.614248200000e+01  6.978383626666e-02
 5.460037283241e+04  1.616217900000e+01  7.010249172410e-02
 5.460038048395e+04  1.615082800000e+01  6.999759140549e-02
 5.460038807808e+04  1.619974200000e+01  7.072548930298e-02
 5.460139631027e+04  1.603404800000e+01  6.883548823830e-02
 5.460140084534e+04  1.601243400000e+01  6.853603441097e-02
 5.460140540332e+04  1.603315300000e+01  6.882743365718e-02
 5.460140996998e+04  1.603804800000e+01  6.893983808657e-02
 5.474610602748e+04  1.617075400000e+01  6.946607063547e-02
 5.474611086453e+04  1.620351000000e+01  7.002032607612e-02
 5.474611573907e+04  1.614738100000e+01  6.930189367441e-02
 5.474612059973e+04  1.626557700000e+01  7.096415947378e-02
 5.492339698852e+04  1.604286900000e+01  6.825882934042e-02
 5.492340182013e+04  1.605864700000e+01  6.843222968885e-02
 5.492340658925e+04  1.606058600000e+01  6.845228869153e-02
 5.492341149215e+04  1.606481600000e+01  6.847578969733e-02
 5.494445721826e+04  1.569258000000e+01  6.456849556245e-02
 5.494446449862e+04  1.569866500000e+01  6.461867322292e-02
 5.494447177620e+04  1.572976500000e+01  6.495968444609e-02
 5.494447906604e+04  1.572910800000e+01  6.493975882083e-02
 5.504521351855e+04  1.550307000000e+01  6.807701313637e-02
 5.504521843593e+04  1.562398800000e+01  6.970464439307e-02
 5.504522339081e+04  1.547181100000e+01  6.784115853022e-02
 5.504522831374e+04  1.554674300000e+01  6.882721876785e-02
 5.505819955143e+04  1.605451500000e+01  6.586597471094e-02
 5.505820678756e+04  1.602712100000e+01  6.561470504654e-02
 5.505821402388e+04  1.605311000000e+01  6.599400638356e-02
 5.505822126287e+04  1.601269700000e+01  6.547052105743e-02
 5.487752699263e+04  1.574575800000e+01  6.927193257764e-02
 5.488849973660e+04  1.554075600000e+01  6.245430167905e-02
 5.488850798735e+04  1.551329700000e+01  6.220265932635e-02
 5.488851629402e+04  1.551217800000e+01  6.218570091913e-02
 5.488852467302e+04  1.550245800000e+01  6.209483565875e-02
 5.499730382397e+04  1.608896400000e+01  6.900989323083e-02
 5.499730993747e+04  1.603576200000e+01  6.831916574271e-02
 5.499731603859e+04  1.594412100000e+01  6.716195696820e-02
 5.499732196817e+04  1.583375000000e+01  6.594151527874e-02
 5.491449682576e+04  1.566261100000e+01  6.374022905240e-02
 5.491450048348e+04  1.565784600000e+01  6.367167900956e-02
 5.491450418054e+04  1.568568200000e+01  6.398522213788e-02
 5.491450782852e+04  1.567633000000e+01  6.391087262776e-02
 5.495432740464e+04  1.582201600000e+01  7.612836370519e-02
 5.495434915437e+04  1.583332700000e+01  6.800521533012e-02
 5.495525651524e+04  1.607098600000e+01  7.568472069362e-02
 5.495526244831e+04  1.599889400000e+01  7.532160123835e-02
 5.495526828124e+04  1.592602600000e+01  7.349133113358e-02
 5.495527412575e+04  1.585532900000e+01  7.253114519704e-02
 5.496643956051e+04  1.585010900000e+01  6.652962553734e-02
 5.498030040289e+04  1.590854600000e+01  6.730653334589e-02
 5.498030849302e+04  1.591552200000e+01  6.734749330120e-02
 5.498031655525e+04  1.592204000000e+01  6.746296062270e-02
 5.498032461435e+04  1.594052700000e+01  6.759994209915e-02
 5.511908335056e+04  1.585870300000e+01  6.683043874818e-02
 5.511908885009e+04  1.584976700000e+01  6.678290674532e-02
 5.511909434898e+04  1.585957600000e+01  6.697634525008e-02
 5.511909987565e+04  1.588322100000e+01  6.734376030731e-02
 5.510109771394e+04  1.555981900000e+01  6.856082087663e-02
 5.510110058920e+04  1.557227600000e+01  6.876179068703e-02
 5.510110358588e+04  1.562727400000e+01  6.950791223443e-02
 5.510110646628e+04  1.555720800000e+01  6.860351943671e-02
 5.529637681719e+04  1.561847000000e+01  6.376026534806e-02
 5.529638200274e+04  1.561601500000e+01  6.378489068716e-02
 5.529638722630e+04  1.563079200000e+01  6.390915358918e-02
 5.529639242147e+04  1.564327500000e+01  6.399806441480e-02
 5.520253874461e+04  1.570829500000e+01  6.977842167993e-02
 5.520254343722e+04  1.575481800000e+01  7.332464688481e-02
 5.538123780472e+04  1.596975600000e+01  6.799379643588e-02
 5.538124577362e+04  1.594920600000e+01  6.784267548532e-02
 5.538125385389e+04  1.594354000000e+01  6.778861559606e-02
 5.538126186808e+04  1.598152000000e+01  6.829722700548e-02
 5.535130675862e+04  1.593617300000e+01  6.720762928685e-02
 5.535131417314e+04  1.593159100000e+01  6.906804989191e-02
 5.535132163010e+04  1.597875400000e+01  6.787289480991e-02
 5.535132913639e+04  1.599620800000e+01  6.801005895940e-02
 5.535928179583e+04  1.582008500000e+01  6.624612951342e-02
 5.535928928729e+04  1.584231000000e+01  6.633447847937e-02
 5.535929666569e+04  1.585448200000e+01  6.646253954389e-02
 5.535930418924e+04  1.587188900000e+01  6.670822654941e-02
 5.536527729196e+04  1.604083100000e+01  6.842201465044e-02
 5.536528237696e+04  1.605047900000e+01  6.855210034625e-02
 5.536528760117e+04  1.606432400000e+01  6.871549803349e-02
 5.536529274924e+04  1.605950900000e+01  6.868337544880e-02
 5.532927842321e+04  1.573356000000e+01  6.509828955985e-02
 5.532928532242e+04  1.575601200000e+01  6.591235262591e-02
 5.532929218712e+04  1.577733400000e+01  6.524706263499e-02
 5.532929906501e+04  1.578352700000e+01  6.526521519217e-02
 5.534029838834e+04  1.584147500000e+01  6.611976664602e-02
 5.534030346831e+04  1.587695100000e+01  6.647563870780e-02
 5.534030857690e+04  1.589908000000e+01  6.664852661352e-02
 5.534031373479e+04  1.591001300000e+01  6.678496695311e-02
 5.545415765351e+04  1.554794100000e+01  6.346195873031e-02
 5.545417260277e+04  1.553779500000e+01  6.352890128264e-02
 5.545418002179e+04  1.546352100000e+01  6.290627447595e-02
 5.571327098385e+04  1.623908000000e+01  8.181869940826e-02
 5.571327606294e+04  1.617776500000e+01  7.773139651416e-02
 5.571328124052e+04  1.626324200000e+01  7.773880400596e-02
 5.571328632412e+04  1.616278500000e+01  7.297671856207e-02
 5.564838923461e+04  1.575947700000e+01  6.605574839517e-02
 5.564839782745e+04  1.575789000000e+01  6.603916633993e-02
 5.564840646969e+04  1.578961100000e+01  6.631290549962e-02
 5.564841508516e+04  1.578064100000e+01  6.620433962523e-02
 5.568832296892e+04  1.602565000000e+01  6.968511040023e-02
 5.568832873764e+04  1.605051800000e+01  7.002069699671e-02
 5.568833454894e+04  1.605369600000e+01  7.012149703113e-02
 5.568834031404e+04  1.605165000000e+01  7.000759274741e-02
 5.495436125013e+04  1.586274700000e+01  6.812918065890e-02
 5.495438326201e+04  1.592822300000e+01  7.421129122403e-02
 5.496644538488e+04  1.584077000000e+01  6.644820631790e-02
 5.496645324396e+04  1.588055100000e+01  6.699591226789e-02
 5.496646104417e+04  1.587946200000e+01  6.700779597890e-02
 5.496646897406e+04  1.590413100000e+01  6.730821380445e-02
 5.583012990032e+04  1.609292700000e+01  6.962854648718e-02
 5.583013800127e+04  1.614788300000e+01  7.006385990155e-02
 5.583014535975e+04  1.613199900000e+01  7.001006381845e-02
 5.583015277655e+04  1.610822900000e+01  6.982751893938e-02
 5.601242214304e+04  1.573214600000e+01  6.618141529910e-02
 5.601242887696e+04  1.575680600000e+01  6.645733855968e-02
 5.601243566352e+04  1.575889400000e+01  6.643405807782e-02
 5.601244240697e+04  1.578630100000e+01  6.676619946597e-02
 5.601941917000e+04  1.588259200000e+01  6.690278012393e-02
 5.601942594939e+04  1.590516900000e+01  6.710682752755e-02
 5.601943285498e+04  1.590201800000e+01  6.709779340042e-02
 5.601943964309e+04  1.587908900000e+01  6.676792653495e-02
 5.603844458874e+04  1.589438500000e+01  6.738456646407e-02
 5.603845020297e+04  1.589567600000e+01  6.742954566371e-02
 5.603845583983e+04  1.592280100000e+01  6.778324888640e-02
 5.603846149478e+04  1.595022600000e+01  6.807681748006e-02
 5.604634364215e+04  1.555184500000e+01  6.125505824375e-02
 5.604635394502e+04  1.560013600000e+01  6.164571698757e-02
 5.604636419939e+04  1.561210200000e+01  6.174436243426e-02
 5.604637446221e+04  1.564707300000e+01  6.202729038250e-02
 5.606041238163e+04  1.602689300000e+01  6.790801194412e-02
 5.606042035751e+04  1.596551700000e+01  6.718706433832e-02
 5.606042831745e+04  1.600852500000e+01  6.764991492851e-02
 5.606043621287e+04  1.601243600000e+01  6.773418214622e-02
 5.607234093653e+04  1.576689900000e+01  6.498685445521e-02
 5.607234591456e+04  1.576010600000e+01  6.491479404704e-02
 5.607235102315e+04  1.577656600000e+01  6.510631585193e-02
 5.607235608850e+04  1.578593600000e+01  6.520222500562e-02
 5.608741539825e+04  1.591296900000e+01  6.683193234116e-02
 5.608742057419e+04  1.594896300000e+01  6.731794814303e-02
 5.608742574274e+04  1.594197100000e+01  6.724621004589e-02
 5.608743081141e+04  1.589784500000e+01  6.678381364820e-02
 5.609329306416e+04  1.603786900000e+01  6.880256818399e-02
 5.609330155220e+04  1.604466000000e+01  6.899541771032e-02
 5.609331005786e+04  1.607813300000e+01  6.967084507384e-02
 5.609331857971e+04  1.606762900000e+01  6.962134052607e-02
 5.609924428281e+04  1.601617200000e+01  6.871115771459e-02
 5.609925283494e+04  1.592181100000e+01  6.759920711144e-02
 5.609926142802e+04  1.579866000000e+01  6.619514585291e-02
 5.609926997579e+04  1.574446200000e+01  6.560381646017e-02
 5.618713929377e+04  1.596979400000e+01  6.498946291413e-02
 5.618714415304e+04  1.602065700000e+01  6.552166547075e-02
 5.618714903391e+04  1.602047900000e+01  6.561903694445e-02
 5.618715381101e+04  1.603829200000e+01  6.580976373512e-02
 5.619609490740e+04  1.554008800000e+01  6.413571376935e-02
 5.619610165866e+04  1.553782700000e+01  6.420786695426e-02
 5.619610852617e+04  1.556186300000e+01  6.450198051359e-02
 5.619611537734e+04  1.555558000000e+01  6.464373002335e-02
 5.620908655444e+04  1.606352900000e+01  6.990297665225e-02
 5.620909168282e+04  1.607580600000e+01  7.019932488701e-02
 5.620909672685e+04  1.605274200000e+01  6.994028142808e-02
 5.620910188579e+04  1.604772700000e+01  6.993537977999e-02
