# time mag mag_err
 5.371136530747e+04  1.531654800000e+01  6.203030838698e-02
 5.371137354213e+04  1.531565500000e+01  6.195405577257e-02
 5.371138179729e+04  1.532701400000e+01  6.204674633058e-02
 5.371139004480e+04  1.529253800000e+01  6.174806808525e-02
 5.373432922802e+04  1.465394000000e+01  5.741074243025e-02
 5.367839779106e+04  1.529345300000e+01  6.243575566563e-02
 5.367840444487e+04  1.529475600000e+01  6.240838460724e-02
 5.367841103709e+04  1.529059400000e+01  6.229950934700e-02
 5.367841764287e+04  1.529542100000e+01  6.231898944649e-02
 5.385425102706e+04  1.529389500000e+01  6.335154610521e-02
 5.385425759394e+04  1.530191400000e+01  6.351892479702e-02
 5.385426414450e+04  1.527460000000e+01  6.333273266728e-02
 5.385427074193e+04  1.530731900000e+01  6.376084156405e-02
 5.408934750514e+04  1.474666700000e+01  5.968057330543e-02
 5.408935399782e+04  1.494697500000e+01  5.910591249947e-02
 5.408936051863e+04  1.500370900000e+01  7.271864959414e-02
 5.408936702220e+04  1.499918300000e+01  5.923514450574e-02
 5.377019631425e+04  1.481713000000e+01  5.878816080259e-02
 5.377020352329e+04  1.484465400000e+01  5.905036357445e-02
 5.377021077145e+04  1.485408800000e+01  5.920289927912e-02
 5.377021800097e+04  1.488794800000e+01  5.934600907381e-02
 5.378815554492e+04  1.497396600000e+01  6.008179600196e-02
 5.378816207429e+04  1.498733900000e+01  5.990269250108e-02
 5.378817020606e+04  1.501507000000e+01  5.994849387402e-02
 5.378817677966e+04  1.500028000000e+01  6.020105843813e-02
 5.374133153096e+04  1.530799300000e+01  6.182877190098e-02
 5.374133921838e+04  1.531048000000e+01  6.181749130968e-02
 5.374134689608e+04  1.529861800000e+01  6.170515357965e-02
 5.374135459137e+04  1.530818500000e+01  6.180222718501e-02
 5.375727322973e+04  1.527740200000e+01  6.215253620238e-02
 5.375728024466e+04  1.528788700000e+01  6.208724065258e-02
 5.375728725728e+04  1.530213900000e+01  6.218554140610e-02
 5.375729429502e+04  1.529417400000e+01  6.225203897256e-02
 5.376223417762e+04  1.530297300000e+01  6.215364456608e-02
 5.376224065282e+04  1.530478100000e+01  6.211945499917e-02
 5.376224712456e+04  1.532803300000e+01  6.372567606920e-02
 5.376225361412e+04  1.530348700000e+01  6.217352373747e-02
 5.379818528737e+04  1.425481600000e+01  5.568592708301e-02
 5.379819182853e+04  1.427071100000e+01  5.575253420953e-02
 5.379819842966e+04  1.430650100000e+01  5.591252733326e-02
 5.379820538429e+04  1.435752200000e+01  5.613583621466e-02
 5.382320531512e+04  1.527331900000e+01  6.205440131031e-02
 5.382321487971e+04  1.528169500000e+01  6.291198955394e-02
 5.382322442937e+04  1.526636700000e+01  6.246527428357e-02
 5.382323396839e+04  1.527095400000e+01  6.322488052872e-02
 5.405946413311e+04  1.527418100000e+01  6.081798009573e-02
 5.405947070740e+04  1.528412000000e+01  6.089954733867e-02
 5.405947729429e+04  1.530812300000e+01  6.107843820718e-02
 5.405948387553e+04  1.528780500000e+01  6.091649885302e-02
 5.420919646890e+04  1.530408000000e+01  6.201743418638e-02
 5.420920240323e+04  1.525751500000e+01  6.164787697619e-02
 5.420920833512e+04  1.529881700000e+01  6.200539899505e-02
 5.420921425475e+04  1.528156500000e+01  6.184770255836e-02
 5.445231872312e+04  1.532440100000e+01  6.157806132290e-02
 5.445232428405e+04  1.530539500000e+01  6.140015994055e-02
 5.445232985308e+04  1.537142000000e+01  6.190475118607e-02
 5.445233540022e+04  1.536796500000e+01  6.150237857453e-02
 5.426114116382e+04  1.434163200000e+01  5.974313447787e-02
 5.426114451214e+04  1.431009100000e+01  6.017296916945e-02
 5.426114785652e+04  1.432972100000e+01  6.064321046638e-02
 5.426115118910e+04  1.430045500000e+01  6.057496238258e-02
 5.416919498155e+04  1.468489000000e+01  5.740951247493e-02
 5.416920322086e+04  1.470530300000e+01  5.751711212448e-02
 5.416921152671e+04  1.473465300000e+01  5.789218051205e-02
 5.416922000259e+04  1.480946200000e+01  5.832786738852e-02
 5.417617598032e+04  1.527242100000e+01  6.134316807139e-02
 5.417618493759e+04  1.528820500000e+01  6.141242671128e-02
 5.417619374718e+04  1.529947700000e+01  6.149083839497e-02
 5.417620265734e+04  1.530647000000e+01  6.152729547384e-02
 5.440941674756e+04  1.480631800000e+01  5.809817227538e-02
 5.440943293679e+04  1.486276300000e+01  5.839450589504e-02
 5.440944906514e+04  1.489521100000e+01  5.854004328941e-02
 5.440946528285e+04  1.495939600000e+01  5.889266703061e-02
 5.442534748742e+04  1.456974000000e+01  5.691386507522e-02
 5.442535193150e+04  1.459656200000e+01  5.701071804969e-02
 5.442535632628e+04  1.460247700000e+01  5.705149502357e-02
 5.442536080660e+04  1.463422700000e+01  5.720422137383e-02
 5.455718358859e+04  1.503124500000e+01  5.954019479940e-02
 5.455719250998e+04  1.505872100000e+01  5.971355928283e-02
 5.455720134387e+04  1.510208800000e+01  6.003016270684e-02
 5.455721013447e+04  1.509447000000e+01  5.999922627469e-02
 5.456618521197e+04  1.482923800000e+01  5.844522772136e-02
 5.456619074940e+04  1.463006700000e+01  5.729082638623e-02
 5.456619619214e+04  1.445683200000e+01  5.642107687153e-02
 5.456620167865e+04  1.432091900000e+01  5.580215071830e-02
 5.457218819913e+04  1.499228500000e+01  5.932721570431e-02
 5.457219694101e+04  1.501739700000e+01  5.948700461772e-02
 5.457220560984e+04  1.505224100000e+01  5.973210221624e-02
 5.457221422983e+04  1.509922700000e+01  6.008683965878e-02
 5.480531671043e+04  1.528555500000e+01  6.143580343779e-02
 5.480532275703e+04  1.527834900000e+01  6.133747032902e-02
 5.480532878499e+04  1.527047600000e+01  6.170839473569e-02
 5.480533475750e+04  1.529105700000e+01  6.138532208972e-02
 5.450625234523e+04  1.475592800000e+01  5.765494852977e-02
 5.450625892763e+04  1.479507200000e+01  5.786277245219e-02
 5.450626552691e+04  1.481632500000e+01  5.798567470383e-02
 5.450627210443e+04  1.483167600000e+01  5.805659087721e-02
 5.446646136374e+04  1.423296400000e+01  5.510402890165e-02
 5.446646907824e+04  1.429929000000e+01  5.537994825902e-02
 5.446647679726e+04  1.433806200000e+01  5.555941669018e-02
 5.446648448699e+04  1.440080100000e+01  5.583574229921e-02
 5.447823286296e+04  1.497684100000e+01  5.921248492748e-02
 5.447823778161e+04  1.499815500000e+01  5.933426458656e-02
 5.447824264539e+04  1.503769300000e+01  5.952078784047e-02
 5.447824760142e+04  1.503280100000e+01  5.953379328931e-02
 5.452926805854e+04  1.528931300000e+01  6.118418774227e-02
 5.452927466733e+04  1.527791200000e+01  6.111754835214e-02
 5.452928118756e+04  1.529545500000e+01  6.126196705274e-02
 5.452928770559e+04  1.526448300000e+01  6.103896254182e-02
 5.453425570899e+04  1.425639800000e+01  5.541423492941e-02
 5.453426132734e+04  1.430270500000e+01  5.561065813105e-02
 5.453426690631e+04  1.434125200000e+01  5.579783149542e-02
 5.453427247395e+04  1.436508200000e+01  5.590439673103e-02
 5.454931074189e+04  1.452241400000e+01  5.675545982406e-02
 5.454931752243e+04  1.458215400000e+01  5.707488857141e-02
 5.454932433307e+04  1.462971600000e+01  5.734033587908e-02
 5.454933111859e+04  1.468235400000e+01  5.764139968697e-02
 5.459818099284e+04  1.426062600000e+01  5.575892336363e-02
 5.459819802921e+04  1.436500500000e+01  5.644923565144e-02
 5.479044228155e+04  1.432974100000e+01  5.550812277539e-02
 5.479044959047e+04  1.439569900000e+01  5.578851278035e-02
 5.479045677046e+04  1.443023600000e+01  5.594171386251e-02
 5.479046387823e+04  1.448458700000e+01  5.619039988190e-02
 5.476745473073e+04  1.530442700000e+01  6.123924126593e-02
 5.476746325604e+04  1.530822300000e+01  6.125689289138e-02
 5.476747179002e+04  1.530394000000e+01  6.118399056627e-02
 5.476748028652e+04  1.529612800000e+01  6.109979798790e-02
 5.494322644402e+04  1.528042100000e+01  6.184261738883e-02
 5.494323191514e+04  1.521848900000e+01  6.114984291596e-02
 5.494323740269e+04  1.526354700000e+01  6.151429557737e-02
 5.494324284291e+04  1.528922900000e+01  6.200578430469e-02
 5.518235483234e+04  1.505771100000e+01  5.981532485388e-02
 5.518236004312e+04  1.507107000000e+01  5.981239581017e-02
 5.518236526690e+04  1.509051500000e+01  5.986128198355e-02
 5.518237045650e+04  1.511548400000e+01  5.995176707770e-02
 5.486119841852e+04  1.472980600000e+01  5.749898856721e-02
 5.486120755959e+04  1.476232600000e+01  5.764054298608e-02
 5.486121674293e+04  1.481513600000e+01  5.791216417682e-02
 5.486122589488e+04  1.483546500000e+01  5.802072590509e-02
 5.496521065889e+04  1.485906300000e+01  5.910044519574e-02
 5.496521729162e+04  1.466635700000e+01  5.795962560378e-02
 5.496522387125e+04  1.444702200000e+01  5.679672577508e-02
 5.496523049347e+04  1.430017000000e+01  5.613347680708e-02
 5.515138688582e+04  1.514549400000e+01  6.063823636646e-02
 5.515139924988e+04  1.517134500000e+01  6.078945230244e-02
 5.515141153061e+04  1.521615000000e+01  6.108620395933e-02
 5.515142363308e+04  1.522600600000e+01  6.113240026559e-02
 5.513144064958e+04  1.480786900000e+01  5.833950586172e-02
 5.513144902063e+04  1.484457900000e+01  5.852862168260e-02
 5.513145760125e+04  1.488504300000e+01  5.877928175138e-02
 5.513146602333e+04  1.491422400000e+01  5.894969320575e-02
 5.529328095782e+04  1.517642500000e+01  6.080307092687e-02
 5.529328613171e+04  1.516759500000e+01  6.075282823147e-02
 5.529329128625e+04  1.519307400000e+01  6.096220072198e-02
 5.529329646028e+04  1.520213500000e+01  6.104788218422e-02
 5.554041832747e+04  1.531053800000e+01  6.195363542029e-02
 5.554042945189e+04  1.529178000000e+01  6.179544563534e-02
 5.554043509534e+04  1.532698900000e+01  6.206677993388e-02
 5.524423185736e+04  1.470036400000e+01  5.758772857961e-02
 5.524423708726e+04  1.472789900000e+01  5.772100643937e-02
 5.524424230915e+04  1.477366300000e+01  5.798405780049e-02
 5.524424761475e+04  1.481881300000e+01  5.825523924148e-02
 5.520933201013e+04  1.446550000000e+01  5.618142699222e-02
 5.520934009596e+04  1.452716800000e+01  5.689576968834e-02
 5.520934850085e+04  1.456825700000e+01  5.665649429837e-02
 5.520935717451e+04  1.454645700000e+01  6.314367929697e-02
 5.532714854002e+04  1.506770100000e+01  6.007399266986e-02
 5.532715624527e+04  1.507704700000e+01  6.019179231184e-02
 5.532716391013e+04  1.508151700000e+01  6.025789064404e-02
 5.532717150104e+04  1.514671300000e+01  6.079598343224e-02
 5.550345276638e+04  1.516474100000e+01  6.084145718594e-02
 5.550346443337e+04  1.521427700000e+01  6.119169131525e-02
 5.550347024830e+04  1.520363100000e+01  6.110015355105e-02
 5.551240782256e+04  1.502333300000e+01  5.977322545530e-02
 5.551242395514e+04  1.445588500000e+01  5.643907232747e-02
 5.551243198646e+04  1.427946900000e+01  5.562259080693e-02
 5.560120944984e+04  1.499174400000e+01  5.998790283279e-02
 5.560121458910e+04  1.501799500000e+01  6.017243630061e-02
 5.560121979228e+04  1.503249400000e+01  6.027845398624e-02
 5.560122495713e+04  1.502770400000e+01  6.022581471020e-02
 5.556639148608e+04  1.510775400000e+01  5.836858418114e-02
 5.556639884951e+04  1.512466400000e+01  6.012892372125e-02
 5.556640682089e+04  1.520313600000e+01  6.332429794681e-02
 5.556641491458e+04  1.521910500000e+01  6.860404154936e-02
 5.558929594025e+04  1.528313400000e+01  6.166414148045e-02
 5.558930288413e+04  1.528630700000e+01  6.169918648726e-02
 5.558930994363e+04  1.529107000000e+01  6.171393431105e-02
 5.558931702976e+04  1.524466100000e+01  6.136231058590e-02
 5.563017067036e+04  1.459038300000e+01  5.751639539588e-02
 5.563017811635e+04  1.463708500000e+01  5.776571523921e-02
 5.563018557228e+04  1.471022800000e+01  5.818772826851e-02
 5.563019317557e+04  1.474460800000e+01  5.840042246723e-02
 5.373433738005e+04  1.468891100000e+01  5.761503655081e-02
 5.373434672935e+04  1.473714600000e+01  5.787032668847e-02
 5.373435609463e+04  1.476060600000e+01  5.800794149721e-02
 5.373436552392e+04  1.481585100000e+01  5.831665774802e-02
 5.583446699042e+04  1.428705100000e+01  5.608777845179e-02
 5.583447219681e+04  1.428586000000e+01  5.603818035398e-02
 5.583447738804e+04  1.431084900000e+01  5.610873287800e-02
 5.583448255100e+04  1.432643600000e+01  5.615802341127e-02
 5.592245066911e+04  1.527455100000e+01  6.142037935793e-02
 5.592245686132e+04  1.527575900000e+01  6.144694376136e-02
 5.592246306836e+04  1.530458200000e+01  6.166685117264e-02
 5.592246924439e+04  1.530336500000e+01  6.166410550160e-02
 5.592827539229e+04  1.526743000000e+01  6.146915734779e-02
 5.592828461329e+04  1.531107200000e+01  6.183115792394e-02
 5.592829384707e+04  1.526025400000e+01  6.139032033407e-02
 5.592830306608e+04  1.525712700000e+01  6.134819342546e-02
 5.594049619565e+04  1.447811900000e+01  5.640211672428e-02
 5.594050128366e+04  1.436250400000e+01  5.588394927741e-02
 5.594050643102e+04  1.428037500000e+01  5.552812413646e-02
 5.594051159992e+04  1.426049700000e+01  5.546900098263e-02
 5.596738475712e+04  1.523717300000e+01  6.128204500992e-02
 5.596739346764e+04  1.523758700000e+01  6.130991797246e-02
 5.596740220536e+04  1.528212100000e+01  6.168520541313e-02
 5.596741084059e+04  1.524467300000e+01  6.136179964421e-02
 5.598019225263e+04  1.494576100000e+01  5.916952119833e-02
 5.598019959983e+04  1.466051500000e+01  5.745825770279e-02
 5.598020691281e+04  1.445584300000e+01  5.639119973715e-02
 5.598021421788e+04  1.429047400000e+01  5.563787955050e-02
 5.598714713480e+04  1.498134100000e+01  6.057920298423e-02
 5.598715396744e+04  1.499529900000e+01  6.068194656273e-02
 5.598716075946e+04  1.498375900000e+01  6.056930429265e-02
 5.598716768885e+04  1.499683900000e+01  6.070432501358e-02
 5.606917047829e+04  1.527647900000e+01  6.172762685150e-02
 5.606917614788e+04  1.529911900000e+01  6.200077744108e-02
 5.606918181255e+04  1.529969000000e+01  6.206140483639e-02
 5.606918748251e+04  1.528633000000e+01  6.198801219935e-02
 5.607418288832e+04  1.432848400000e+01  5.586743180922e-02
 5.607418820376e+04  1.434566200000e+01  5.599792832001e-02
 5.607419334997e+04  1.438672800000e+01  5.619779576719e-02
 5.607419844957e+04  1.442582000000e+01  5.641849181396e-02
 5.622739592093e+04  1.513905800000e+01  6.319030223779e-02
 5.622740354110e+04  1.519659200000e+01  6.361565384787e-02
 5.622741119093e+04  1.517976100000e+01  6.343171815352e-02
 5.622741878855e+04  1.518957400000e+01  6.349475930525e-02
