# time mag mag_err
 5.371140700688e+04  1.533770100000e+01  6.192824480752e-02
 5.371141442530e+04  1.535262000000e+01  6.203627304860e-02
 5.371142184604e+04  1.533147600000e+01  6.185346542591e-02
 5.371142925336e+04  1.535963100000e+01  6.209851964408e-02
 5.373434217843e+04  1.498634600000e+01  5.926870148846e-02
 5.373435154718e+04  1.501103300000e+01  5.941675920666e-02
 5.373436091559e+04  1.502875400000e+01  5.953023821764e-02
 5.373437033654e+04  1.503682900000e+01  5.957808087425e-02
 5.353716251413e+04  1.544385600000e+01  6.646750854489e-02
 5.385425268547e+04  1.529602600000e+01  6.287025526334e-02
 5.385425923512e+04  1.532099700000e+01  6.313655065730e-02
 5.385426577433e+04  1.533992200000e+01  6.339260531399e-02
 5.385427238681e+04  1.529076400000e+01  6.275581033541e-02
 5.409428704032e+04  1.532615100000e+01  6.139014907573e-02
 5.409429847966e+04  1.531281300000e+01  6.121890253571e-02
 5.409430986657e+04  1.531737400000e+01  6.122798373381e-02
 5.409432123358e+04  1.532966300000e+01  6.126093198679e-02
 5.377025466275e+04  1.498253400000e+01  5.948997555312e-02
 5.377026252552e+04  1.492243100000e+01  5.913819536436e-02
 5.377027049363e+04  1.485603300000e+01  5.855685495735e-02
 5.377027835501e+04  1.481855400000e+01  5.856678630591e-02
 5.378929373852e+04  1.534337600000e+01  6.317598671174e-02
 5.378930091039e+04  1.538498900000e+01  6.932534649518e-02
 5.378930811388e+04  1.538098000000e+01  6.974900229547e-02
 5.378931526273e+04  1.542139200000e+01  7.070995372133e-02
 5.374133323291e+04  1.504261800000e+01  5.961411133116e-02
 5.374134085040e+04  1.504866000000e+01  5.964655284104e-02
 5.374134852845e+04  1.505594900000e+01  5.968764822661e-02
 5.374135623323e+04  1.506665800000e+01  5.974963098168e-02
 5.375730970424e+04  1.533646800000e+01  6.243287894958e-02
 5.375731787339e+04  1.533625700000e+01  6.223532827002e-02
 5.375732611859e+04  1.533173600000e+01  6.218637792809e-02
 5.375733436461e+04  1.532860300000e+01  6.215340709546e-02
 5.390216823757e+04  1.502631600000e+01  9.186314206244e-02
 5.390216923091e+04  1.499090900000e+01  9.125550748903e-02
 5.390217021244e+04  1.496628200000e+01  9.045878751770e-02
 5.390217118436e+04  1.502770800000e+01  9.227281048782e-02
 5.379820783453e+04  1.483354100000e+01  5.854705730107e-02
 5.379821470941e+04  1.484081700000e+01  5.858310754395e-02
 5.379822140824e+04  1.488009600000e+01  5.883656538749e-02
 5.379822825777e+04  1.491497400000e+01  5.903606828228e-02
 5.382316117230e+04  1.483081000000e+01  5.865103329300e-02
 5.382316987250e+04  1.480611400000e+01  5.849415971367e-02
 5.382317872618e+04  1.481557400000e+01  5.856263913756e-02
 5.382318819101e+04  1.481755900000e+01  5.856043066650e-02
 5.406634835704e+04  1.525481600000e+01  5.967725474581e-02
 5.406636001815e+04  1.527893700000e+01  5.975448555081e-02
 5.406637165843e+04  1.528053400000e+01  5.971618295351e-02
 5.406638331236e+04  1.529630100000e+01  5.975664764087e-02
 5.420919485759e+04  1.506720600000e+01  6.045524131463e-02
 5.420920080060e+04  1.509003000000e+01  6.011035600257e-02
 5.420920671490e+04  1.509891100000e+01  6.012752502457e-02
 5.420921263534e+04  1.510318600000e+01  6.016354639831e-02
 5.445232144977e+04  1.532438800000e+01  6.144313547428e-02
 5.445232700212e+04  1.532743300000e+01  6.113240026559e-02
 5.445233259465e+04  1.532508800000e+01  6.107544527480e-02
 5.445233814133e+04  1.531917000000e+01  6.132501071856e-02
 5.426216563559e+04  1.519420500000e+01  5.681229469440e-02
 5.426217367777e+04  1.521218100000e+01  5.692650939364e-02
 5.426218170965e+04  1.522069600000e+01  5.701550928921e-02
 5.426218972556e+04  1.523537300000e+01  5.713110587990e-02
 5.416919660594e+04  1.523299800000e+01  6.076483445209e-02
 5.416920487001e+04  1.524843300000e+01  6.088234484694e-02
 5.416921315213e+04  1.523705300000e+01  6.091970876101e-02
 5.416922166841e+04  1.525993900000e+01  6.129550823366e-02
 5.417617437469e+04  1.523128900000e+01  6.076247893818e-02
 5.417618333080e+04  1.525259500000e+01  6.091846180356e-02
 5.417619213899e+04  1.527168300000e+01  6.105495874097e-02
 5.417620096258e+04  1.527164000000e+01  6.102887961963e-02
 5.423216221664e+04  1.539785100000e+01  6.316199035658e-02
 5.424418869698e+04  1.526953300000e+01  6.164888485549e-02
 5.424419627780e+04  1.525714200000e+01  6.161124227461e-02
 5.424420383465e+04  1.524178100000e+01  6.150959544641e-02
 5.424421138145e+04  1.532968100000e+01  6.195768231541e-02
 5.441543499625e+04  1.493268600000e+01  5.861843438186e-02
 5.441544001200e+04  1.494187500000e+01  5.866620623993e-02
 5.441544496689e+04  1.495337000000e+01  5.871448259933e-02
 5.441544990220e+04  1.495798300000e+01  5.873615032425e-02
 5.442538824870e+04  1.507299700000e+01  5.957125075397e-02
 5.442539260736e+04  1.509153500000e+01  5.968234061961e-02
 5.442539698513e+04  1.508844900000e+01  5.965079656910e-02
 5.442540133593e+04  1.508672200000e+01  5.962938098900e-02
 5.455725245683e+04  1.498650400000e+01  5.900736076586e-02
 5.455726244737e+04  1.499509600000e+01  5.909775616156e-02
 5.455727235017e+04  1.500206100000e+01  5.915741109808e-02
 5.455728221792e+04  1.502061300000e+01  5.929111996534e-02
 5.456618688126e+04  1.531164200000e+01  6.160863327159e-02
 5.456619237749e+04  1.530771600000e+01  6.153408980347e-02
 5.456619785689e+04  1.531255800000e+01  6.158883731133e-02
 5.456620331449e+04  1.531897000000e+01  6.166114411274e-02
 5.457222127764e+04  1.523710000000e+01  6.083128124796e-02
 5.457222641539e+04  1.517595900000e+01  6.037543895138e-02
 5.457223152745e+04  1.509068800000e+01  5.978108596827e-02
 5.457223669912e+04  1.505175600000e+01  5.951947536774e-02
 5.480534120134e+04  1.482684400000e+01  5.809185094703e-02
 5.480534725049e+04  1.482099900000e+01  5.803363396284e-02
 5.480535332359e+04  1.484435000000e+01  5.814872290727e-02
 5.480535941035e+04  1.486095200000e+01  5.822549905556e-02
 5.450625400654e+04  1.520911500000e+01  6.039661182256e-02
 5.450626057794e+04  1.521066300000e+01  6.039764618865e-02
 5.450626718370e+04  1.522580100000e+01  6.048446185626e-02
 5.450627375336e+04  1.526267600000e+01  6.076247893818e-02
 5.446649419847e+04  1.485748300000e+01  5.797471604788e-02
 5.446649970072e+04  1.479955600000e+01  5.765720019921e-02
 5.446650519578e+04  1.481440400000e+01  5.773383464451e-02
 5.446651066932e+04  1.479634100000e+01  5.763620575677e-02
 5.447827882878e+04  1.508141800000e+01  5.960278735316e-02
 5.447828586628e+04  1.507297300000e+01  5.951558749502e-02
 5.447829286872e+04  1.510884200000e+01  5.974548463668e-02
 5.447829984985e+04  1.515125400000e+01  6.203987850952e-02
 5.463217331074e+04  1.483731000000e+01  6.080581149352e-02
 5.463217712998e+04  1.488339200000e+01  6.122413667575e-02
 5.463218093855e+04  1.485940700000e+01  6.112667553284e-02
 5.463218474858e+04  1.486142300000e+01  6.121281335621e-02
 5.453030185301e+04  1.542301800000e+01  6.235902096582e-02
 5.453030748454e+04  1.540981100000e+01  6.216145284994e-02
 5.453031298192e+04  1.543843800000e+01  6.290963054027e-02
 5.453031845406e+04  1.541504600000e+01  6.815046012891e-02
 5.454931239023e+04  1.526181900000e+01  6.114984291596e-02
 5.454931914994e+04  1.529431700000e+01  6.141548876721e-02
 5.454932595572e+04  1.528983600000e+01  6.138942998702e-02
 5.454933277712e+04  1.532415700000e+01  6.165825698578e-02
 5.458825085966e+04  1.529049000000e+01  6.140507009223e-02
 5.458825537737e+04  1.526275300000e+01  6.118862914018e-02
 5.458825987597e+04  1.530852800000e+01  6.157759991616e-02
 5.458826444785e+04  1.527297900000e+01  6.137284754143e-02
 5.479047392016e+04  1.525820400000e+01  6.061774487612e-02
 5.479048051713e+04  1.527479300000e+01  6.071035367378e-02
 5.479048728564e+04  1.529508700000e+01  6.084925706003e-02
 5.479049395715e+04  1.527869300000e+01  6.073793760666e-02
 5.476748864492e+04  1.529598500000e+01  6.091151618244e-02
 5.476749664786e+04  1.517977100000e+01  6.004552913729e-02
 5.476750457059e+04  1.506514300000e+01  5.924776200438e-02
 5.476751262655e+04  1.502668800000e+01  5.897808140929e-02
 5.494324885918e+04  1.519588800000e+01  6.122483333209e-02
 5.494326438013e+04  1.520951800000e+01  6.105188359259e-02
 5.494326987462e+04  1.515437200000e+01  6.178490088645e-02
 5.494327681306e+04  1.532927600000e+01  6.281577836283e-02
 5.518237792900e+04  1.543482100000e+01  6.223363944649e-02
 5.518238312752e+04  1.543700000000e+01  6.223078667308e-02
 5.518238829644e+04  1.547272100000e+01  6.253725914590e-02
 5.518239348999e+04  1.547397400000e+01  6.255201603393e-02
 5.487537351089e+04  1.530260300000e+01  6.298589161658e-02
 5.487537840245e+04  1.529895800000e+01  6.294772544092e-02
 5.487538327757e+04  1.529483900000e+01  6.289965934325e-02
 5.487538811381e+04  1.531775900000e+01  6.317047831157e-02
 5.488419740531e+04  1.534873900000e+01  6.167346831151e-02
 5.488420283266e+04  1.536246500000e+01  6.168205151306e-02
 5.488420818791e+04  1.537555500000e+01  6.171382534233e-02
 5.488421356329e+04  1.538088500000e+01  6.174146552289e-02
 5.486123425063e+04  1.507619300000e+01  5.936968500541e-02
 5.486124210449e+04  1.506812300000e+01  5.906005895370e-02
 5.486124999365e+04  1.507316400000e+01  5.932772212529e-02
 5.486125787436e+04  1.509163400000e+01  5.945470794870e-02
 5.489216950010e+04  1.524302400000e+01  6.056127809994e-02
 5.489218061662e+04  1.528461600000e+01  6.087844794370e-02
 5.489219157019e+04  1.527766900000e+01  6.076634484829e-02
 5.489220266946e+04  1.529796100000e+01  6.089830549684e-02
 5.491313439737e+04  1.528178900000e+01  6.094891569649e-02
 5.491314043345e+04  1.527628700000e+01  6.089849163167e-02
 5.491314652545e+04  1.529657700000e+01  6.102862436982e-02
 5.491315246868e+04  1.530575400000e+01  6.110772618558e-02
 5.515347829484e+04  1.486376700000e+01  5.838697507061e-02
 5.515348554645e+04  1.489587800000e+01  5.859466977922e-02
 5.515349285550e+04  1.490442700000e+01  5.864271431200e-02
 5.515350022647e+04  1.494371100000e+01  5.888559464599e-02
 5.529721601074e+04  1.523265600000e+01  6.102394131356e-02
 5.529722294085e+04  1.526192800000e+01  6.127922915849e-02
 5.529722990927e+04  1.527684700000e+01  6.140493255433e-02
 5.529723682523e+04  1.526526100000e+01  6.135026589037e-02
 5.554041660363e+04  1.538399700000e+01  6.234866782274e-02
 5.554042771047e+04  1.523918500000e+01  6.115242385016e-02
 5.554043335637e+04  1.511694200000e+01  6.024074346851e-02
 5.524425840182e+04  1.521587300000e+01  6.075759109922e-02
 5.524426533714e+04  1.516176600000e+01  6.036676286605e-02
 5.524427227909e+04  1.523351100000e+01  6.089541918816e-02
 5.524427916624e+04  1.522485400000e+01  6.082262348681e-02
 5.521229605977e+04  1.516245500000e+01  6.644301493054e-02
 5.521230228291e+04  1.507174000000e+01  6.617474855385e-02
 5.521230846725e+04  1.516272400000e+01  6.692366366872e-02
 5.521231467428e+04  1.517566600000e+01  6.976940498269e-02
 5.527233039898e+04  1.533428500000e+01  6.154954127756e-02
 5.527233501472e+04  1.534875000000e+01  6.165292043630e-02
 5.527233969528e+04  1.533870800000e+01  6.159524934811e-02
 5.527234431917e+04  1.534482200000e+01  6.166847766402e-02
 5.527234899000e+04  1.533847400000e+01  6.167169613782e-02
 5.532714668750e+04  1.525536000000e+01  6.121320998522e-02
 5.532715430130e+04  1.505856700000e+01  5.975642886941e-02
 5.532716197508e+04  1.503976800000e+01  5.965815640999e-02
 5.532716959088e+04  1.500596000000e+01  5.949086732169e-02
 5.534714759067e+04  1.517796600000e+01  6.057072498412e-02
 5.534715322927e+04  1.517353600000e+01  6.057383011383e-02
 5.534715893096e+04  1.522116300000e+01  6.094267814362e-02
 5.534716460323e+04  1.521030900000e+01  6.088181851422e-02
 5.550547037206e+04  1.538338900000e+01  6.465309073822e-02
 5.550548204534e+04  1.541649400000e+01  6.374900990881e-02
 5.550548785083e+04  1.545660000000e+01  6.381484727093e-02
 5.567925433130e+04  1.539205900000e+01  6.330664015718e-02
 5.567926006282e+04  1.539694300000e+01  6.337213841449e-02
 5.567926576773e+04  1.543855000000e+01  6.378236542154e-02
 5.567927155878e+04  1.542942600000e+01  6.372593658280e-02
 5.559828445903e+04  1.524822000000e+01  6.229816753814e-02
 5.559829016822e+04  1.528311000000e+01  6.176663638924e-02
 5.559829595289e+04  1.526115400000e+01  6.138881332405e-02
 5.559830174080e+04  1.528529200000e+01  6.155696614056e-02
 5.556934185693e+04  1.533417000000e+01  6.199739128665e-02
 5.556934709133e+04  1.534258900000e+01  6.203236066240e-02
 5.556935228372e+04  1.530898000000e+01  6.177478286139e-02
 5.556935751145e+04  1.533299200000e+01  6.193930737499e-02
 5.559132089831e+04  1.528760600000e+01  6.156440168192e-02
 5.559132577285e+04  1.528347200000e+01  6.152690865486e-02
 5.559133065608e+04  1.527587500000e+01  6.144718593221e-02
 5.559133552395e+04  1.529892300000e+01  6.163888293007e-02
 5.562635052691e+04  1.537871500000e+01  6.368393039798e-02
 5.562635634943e+04  1.536831900000e+01  6.317940750394e-02
 5.562636213039e+04  1.539810400000e+01  6.396861036270e-02
 5.562636787181e+04  1.540481400000e+01  6.387809058674e-02
 5.563232510759e+04  1.482310800000e+01  5.862349304426e-02
 5.563232971697e+04  1.480339100000e+01  5.852749887959e-02
 5.563233864255e+04  1.485630800000e+01  5.889211172286e-02
 5.563234328618e+04  1.485151200000e+01  5.885324164442e-02
 5.568516986626e+04  1.495645000000e+01  6.320217156408e-02
 5.568517552127e+04  1.489787900000e+01  6.155441954808e-02
 5.568518126185e+04  1.488237300000e+01  6.315110120731e-02
 5.568518687799e+04  1.483917300000e+01  6.101230017740e-02
 5.586746164189e+04  1.532666700000e+01  5.939675776010e-02
 5.586746846028e+04  1.531639000000e+01  5.931168355302e-02
 5.586747528785e+04  1.534052700000e+01  5.945817880579e-02
 5.586748209412e+04  1.532609400000e+01  5.936488612757e-02
 5.592335227751e+04  1.545334600000e+01  6.278782351356e-02
 5.592335786272e+04  1.545777700000e+01  6.280458913396e-02
 5.592336355687e+04  1.539528700000e+01  6.551450240740e-02
 5.592336920069e+04  1.545601600000e+01  6.276005054810e-02
 5.594533474391e+04  1.535538200000e+01  6.181492558457e-02
 5.594533980318e+04  1.535162400000e+01  6.178578819564e-02
 5.594534494477e+04  1.533717800000e+01  6.166844165524e-02
 5.594535008958e+04  1.535248100000e+01  6.178223985526e-02
 5.595837580208e+04  1.490559400000e+01  5.861315963904e-02
 5.595838086889e+04  1.491084600000e+01  5.867151455479e-02
 5.595838598223e+04  1.491368300000e+01  5.868776399561e-02
 5.595839101581e+04  1.492493000000e+01  5.876967153941e-02
 5.596737852336e+04  1.533151300000e+01  6.172653013015e-02
 5.596738724094e+04  1.533472400000e+01  6.174674705112e-02
 5.596739589345e+04  1.533907800000e+01  6.180104092407e-02
 5.596740462411e+04  1.533426800000e+01  6.176722562179e-02
 5.598121621404e+04  1.521058600000e+01  6.085617672141e-02
 5.598122295715e+04  1.523714600000e+01  6.103187698831e-02
 5.598122972622e+04  1.526418600000e+01  6.126046441820e-02
 5.598123653407e+04  1.525109800000e+01  6.112891864806e-02
 5.598719404183e+04  1.535186800000e+01  6.348734295819e-02
 5.598720076404e+04  1.531023700000e+01  6.309752101394e-02
 5.598720764425e+04  1.533499600000e+01  6.334787644545e-02
 5.598721437874e+04  1.534965500000e+01  6.344940572114e-02
 5.601814102282e+04  1.522980000000e+01  6.105255602067e-02
 5.601814955544e+04  1.504478500000e+01  5.971994041871e-02
 5.601815813626e+04  1.499328000000e+01  5.934307013038e-02
 5.601816682721e+04  1.499319600000e+01  5.934013278168e-02
 5.604524301568e+04  1.531564100000e+01  6.198567018290e-02
 5.604525158874e+04  1.532038400000e+01  6.208712298487e-02
 5.604526015479e+04  1.533069000000e+01  6.218860954393e-02
 5.604526875240e+04  1.533298400000e+01  6.229060744356e-02
 5.606721276097e+04  1.517172400000e+01  6.053719491741e-02
 5.606721942660e+04  1.519033900000e+01  6.071139905073e-02
 5.606722616917e+04  1.520058300000e+01  6.081032180339e-02
 5.606723289476e+04  1.522540500000e+01  6.106162862741e-02
 5.608618435512e+04  1.487198200000e+01  5.872647238632e-02
 5.608618946454e+04  1.485143300000e+01  5.862210249938e-02
 5.608619464963e+04  1.483857600000e+01  5.857639485371e-02
 5.608619980955e+04  1.483691600000e+01  5.860478986365e-02
