# time mag mag_err
 5.370652911978e+04  1.599658400000e+01  1.094005647092e-01
 5.370653352729e+04  1.603173200000e+01  1.192422084931e-01
 5.370653808678e+04  1.591590800000e+01  7.033743938626e-02
 5.370951826781e+04  1.563804400000e+01  6.460012595508e-02
 5.370952744513e+04  1.572255100000e+01  6.535705757228e-02
 5.370953663563e+04  1.568757700000e+01  6.497871759263e-02
 5.370954583007e+04  1.574114400000e+01  6.547099928456e-02
 5.373248852468e+04  1.566357900000e+01  6.481488949471e-02
 5.373249706618e+04  1.565770900000e+01  6.483015162853e-02
 5.373250572749e+04  1.568997600000e+01  6.513253718244e-02
 5.373251446855e+04  1.569575700000e+01  6.523404242623e-02
 5.352519201737e+04  1.581322900000e+01  6.685968948967e-02
 5.352520121876e+04  1.581148000000e+01  6.692668843981e-02
 5.352521041400e+04  1.585253200000e+01  6.754144265185e-02
 5.352521954999e+04  1.590271900000e+01  6.820182730471e-02
 5.349819116157e+04  1.595860200000e+01  6.789396488143e-02
 5.349819764650e+04  1.591990700000e+01  6.744060817434e-02
 5.349820409336e+04  1.591231600000e+01  6.732095983026e-02
 5.349821051578e+04  1.595009900000e+01  6.781626015058e-02
 5.383231888884e+04  1.585852400000e+01  7.009063464839e-02
 5.383232652545e+04  1.584158400000e+01  6.984980713221e-02
 5.383233419481e+04  1.581486200000e+01  6.951105896789e-02
 5.383234185365e+04  1.586764500000e+01  7.029890410840e-02
 5.384530208519e+04  1.565320100000e+01  6.580236568926e-02
 5.384530903297e+04  1.566076600000e+01  6.590083843905e-02
 5.384531599050e+04  1.567597100000e+01  6.614452688315e-02
 5.384532297834e+04  1.566971000000e+01  6.609456820266e-02
 5.407051566358e+04  1.591890100000e+01  6.663817998783e-02
 5.407051900378e+04  1.591182400000e+01  6.654005772932e-02
 5.407052224758e+04  1.589855300000e+01  6.633540795377e-02
 5.407052560227e+04  1.591183100000e+01  6.646719268133e-02
 5.408554273302e+04  1.564241200000e+01  7.780168225391e-02
 5.408554504575e+04  1.558976400000e+01  7.356622743592e-02
 5.408554731034e+04  1.567005400000e+01  7.688900518455e-02
 5.408554958104e+04  1.566215700000e+01  7.559625291518e-02
 5.409447057955e+04  1.575683800000e+01  6.496957455608e-02
 5.409448066824e+04  1.576865500000e+01  6.504647615691e-02
 5.409449069443e+04  1.580045700000e+01  6.527225058406e-02
 5.409450070442e+04  1.581748700000e+01  6.535208242519e-02
 5.377344852713e+04  1.595801300000e+01  6.781342508886e-02
 5.377345509030e+04  1.594638200000e+01  6.805846559648e-02
 5.377346162720e+04  1.593105100000e+01  6.788852476744e-02
 5.377346817035e+04  1.598796700000e+01  6.861564075169e-02
 5.378644092471e+04  1.588455400000e+01  6.850502999533e-02
 5.378645037541e+04  1.590790400000e+01  6.733550151561e-02
 5.378645984453e+04  1.594481000000e+01  6.780502014187e-02
 5.378646930911e+04  1.591918600000e+01  6.751231448945e-02
 5.375843195182e+04  1.527400300000e+01  6.138436378907e-02
 5.375843898944e+04  1.515165700000e+01  6.040685575210e-02
 5.375844603042e+04  1.514068200000e+01  6.032029455640e-02
 5.375845348299e+04  1.515433900000e+01  6.040523066995e-02
 5.390323062941e+04  1.541971300000e+01  1.049669598322e-01
 5.390323161869e+04  1.541559400000e+01  1.048921556038e-01
 5.390323260462e+04  1.549607300000e+01  1.077560071111e-01
 5.390323357713e+04  1.533458600000e+01  1.029981954049e-01
 5.390616079628e+04  1.599437300000e+01  7.079303618830e-02
 5.387325250812e+04  1.602822000000e+01  7.071022161742e-02
 5.387325787263e+04  1.604196300000e+01  7.100970037947e-02
 5.387326321549e+04  1.603504400000e+01  7.098428040891e-02
 5.387326855372e+04  1.601967400000e+01  7.086681369812e-02
 5.387919701407e+04  1.551130300000e+01  6.381257484400e-02
 5.387920247962e+04  1.552075000000e+01  6.394010479663e-02
 5.387920795212e+04  1.554136100000e+01  6.414965349249e-02
 5.387921338606e+04  1.554335400000e+01  6.417342275744e-02
 5.388620693593e+04  1.592952600000e+01  6.897735932104e-02
 5.388621603406e+04  1.590855600000e+01  6.878845428647e-02
 5.388622513799e+04  1.591476000000e+01  6.890530434442e-02
 5.388623422362e+04  1.594351400000e+01  6.937749814895e-02
 5.406253105310e+04  1.555047300000e+01  7.184928923027e-02
 5.406253335600e+04  1.553039000000e+01  7.147837415394e-02
 5.406253566063e+04  1.560006500000e+01  7.244349130378e-02
 5.406253797718e+04  1.551603000000e+01  7.112078126353e-02
 5.419730337766e+04  1.558317300000e+01  6.361100020119e-02
 5.419731096416e+04  1.560165000000e+01  6.375549907654e-02
 5.419731856615e+04  1.560638700000e+01  6.379147074835e-02
 5.419732614211e+04  1.563488600000e+01  6.408319181853e-02
 5.421321972451e+04  1.589895400000e+01  6.769891151110e-02
 5.421322928703e+04  1.591704400000e+01  6.790189280610e-02
 5.421323887328e+04  1.595478300000e+01  6.833035939983e-02
 5.421324848937e+04  1.594402200000e+01  6.829541843606e-02
 5.443950347488e+04  1.520358400000e+01  6.038530220725e-02
 5.443951006201e+04  1.514086100000e+01  5.989867720495e-02
 5.443951660354e+04  1.512081500000e+01  5.972447272978e-02
 5.443952310271e+04  1.512175300000e+01  5.970846072828e-02
 5.445449849714e+04  1.592809200000e+01  6.692282381131e-02
 5.445450512721e+04  1.592490100000e+01  6.674395510902e-02
 5.445451166586e+04  1.596069300000e+01  6.710734375864e-02
 5.445451827938e+04  1.590740600000e+01  6.649422293464e-02
 5.412449152676e+04  1.602656900000e+01  6.816408554773e-02
 5.412449643337e+04  1.606459900000e+01  6.832118152538e-02
 5.412450133176e+04  1.604538900000e+01  6.809678047050e-02
 5.412450624589e+04  1.603978800000e+01  6.802480222354e-02
 5.426120386520e+04  1.593145400000e+01  6.815420956649e-02
 5.426120922497e+04  1.591635900000e+01  6.803791972310e-02
 5.426121455034e+04  1.596009200000e+01  6.856674369378e-02
 5.426121988394e+04  1.594557900000e+01  6.841171010039e-02
 5.422727882968e+04  1.594664900000e+01  6.778889796337e-02
 5.422728872310e+04  1.593786100000e+01  6.778193099526e-02
 5.422729856538e+04  1.595116600000e+01  6.796580328678e-02
 5.422730845059e+04  1.588644300000e+01  6.742469487845e-02
 5.424122776468e+04  1.579546300000e+01  6.676225467184e-02
 5.456726334544e+04  1.589447000000e+01  6.667445822501e-02
 5.456727245573e+04  1.592452700000e+01  6.696746845329e-02
 5.456728158212e+04  1.593816800000e+01  6.710768849223e-02
 5.456729069727e+04  1.595763600000e+01  6.734153926688e-02
 5.458030432061e+04  1.593303200000e+01  6.734607140363e-02
 5.458031077302e+04  1.595114500000e+01  6.756235544227e-02
 5.458031722935e+04  1.593320800000e+01  6.736823496290e-02
 5.458032368407e+04  1.590407300000e+01  6.705808762748e-02
 5.482952195861e+04  1.595914800000e+01  6.687118873456e-02
 5.482952749569e+04  1.594779700000e+01  6.669526997375e-02
 5.482953292698e+04  1.593777400000e+01  6.661761111861e-02
 5.482953839890e+04  1.596919000000e+01  6.695227584023e-02
 5.450546624064e+04  1.565419900000e+01  6.372124905032e-02
 5.450547347213e+04  1.570435800000e+01  6.422541422784e-02
 5.450548067434e+04  1.570425700000e+01  6.421045908731e-02
 5.450548785803e+04  1.565987100000e+01  6.380011479339e-02
 5.448042676619e+04  1.573083400000e+01  6.464481566872e-02
 5.448043438822e+04  1.576346700000e+01  6.495157989398e-02
 5.448044203733e+04  1.574588400000e+01  6.474959894603e-02
 5.448044978181e+04  1.578969200000e+01  6.513455322846e-02
 5.462416469898e+04  1.588057600000e+01  6.361442690926e-02
 5.462417331006e+04  1.590136900000e+01  6.380554920494e-02
 5.462418194428e+04  1.588837500000e+01  6.371557657579e-02
 5.462419059403e+04  1.589751700000e+01  6.381722694802e-02
 5.459725789091e+04  1.517850200000e+01  6.076691904047e-02
 5.459726502819e+04  1.521674900000e+01  6.116842788303e-02
 5.459727212981e+04  1.527520800000e+01  6.173944972948e-02
 5.459727926860e+04  1.524949500000e+01  6.158357084977e-02
 5.480052994473e+04  1.559860900000e+01  6.318430552811e-02
 5.480053239855e+04  1.557678000000e+01  6.301307775106e-02
 5.480053484856e+04  1.555699200000e+01  6.277491676286e-02
 5.480053729532e+04  1.560547300000e+01  6.321220044854e-02
 5.492427621516e+04  1.547619800000e+01  6.257172330167e-02
 5.492428310290e+04  1.552813400000e+01  6.308525545281e-02
 5.492429001552e+04  1.554787700000e+01  6.323326924689e-02
 5.492429700212e+04  1.556486000000e+01  6.342140862876e-02
 5.493724512910e+04  1.511924600000e+01  6.064306321594e-02
 5.518052787860e+04  1.598216800000e+01  6.745763654179e-02
 5.518053420579e+04  1.599140900000e+01  6.753888966979e-02
 5.518054064280e+04  1.602830600000e+01  6.791988019993e-02
 5.518054705552e+04  1.606299200000e+01  6.832803881490e-02
 5.485939449549e+04  1.555843000000e+01  6.276354258642e-02
 5.485939932188e+04  1.553373300000e+01  6.266979338979e-02
 5.485940681751e+04  1.537677700000e+01  6.126340292996e-02
 5.485941537823e+04  1.521432600000e+01  6.003817569061e-02
 5.501815545639e+04  1.591807600000e+01  7.984451538845e-02
 5.501815795214e+04  1.594981900000e+01  8.373019326959e-02
 5.501816039694e+04  1.581249200000e+01  7.963508695221e-02
 5.501816286326e+04  1.581837500000e+01  7.818088520551e-02
 5.499615771050e+04  1.594172600000e+01  7.366337226146e-02
 5.499616297211e+04  1.579582500000e+01  7.069057151460e-02
 5.499616816764e+04  1.600880100000e+01  7.472145309882e-02
 5.499617347983e+04  1.600026900000e+01  7.465598447108e-02
 5.500619531325e+04  1.508370200000e+01  6.218199676108e-02
 5.500620029130e+04  1.509781400000e+01  6.238408158179e-02
 5.500620522372e+04  1.513315400000e+01  6.263588974187e-02
 5.500621020211e+04  1.511560400000e+01  6.256454851736e-02
 5.496625409024e+04  1.592226600000e+01  6.761346357027e-02
 5.496626200824e+04  1.589121600000e+01  6.730432324193e-02
 5.496626996106e+04  1.594603700000e+01  6.798229707381e-02
 5.496627791078e+04  1.590638200000e+01  6.756866843978e-02
 5.497919822115e+04  1.568145900000e+01  6.496392990893e-02
 5.497920426821e+04  1.575624500000e+01  6.575464839554e-02
 5.497921040001e+04  1.573920400000e+01  6.559134325981e-02
 5.497921648516e+04  1.573568700000e+01  6.566356813011e-02
 5.515954525529e+04  1.593397400000e+01  1.110531683009e-01
 5.515954656184e+04  1.590070800000e+01  1.087787110533e-01
 5.515954779986e+04  1.584668900000e+01  1.054155065117e-01
 5.515954912470e+04  1.589692300000e+01  1.053773422191e-01
 5.516152020646e+04  1.571553400000e+01  6.620578470472e-02
 5.516152378883e+04  1.577141000000e+01  6.659332621236e-02
 5.516152739608e+04  1.578858800000e+01  6.632921475536e-02
 5.516153106697e+04  1.579872500000e+01  6.629748130475e-02
 5.529026050523e+04  1.602693500000e+01  6.868316433307e-02
 5.529026678272e+04  1.586681700000e+01  6.676422720431e-02
 5.529027312633e+04  1.578307100000e+01  6.578429844216e-02
 5.529027953036e+04  1.560305600000e+01  6.390738261268e-02
 5.529630482247e+04  1.584530600000e+01  6.633277488467e-02
 5.529631116514e+04  1.584117100000e+01  6.631313696567e-02
 5.529631753095e+04  1.587045000000e+01  6.660119761860e-02
 5.529632386968e+04  1.590057100000e+01  6.700771052981e-02
 5.524536715450e+04  1.549345500000e+01  6.309752101394e-02
 5.524537403667e+04  1.540861000000e+01  6.233387014102e-02
 5.524538102025e+04  1.527748000000e+01  6.124346575917e-02
 5.524538795314e+04  1.515790200000e+01  6.031617045334e-02
 5.520452257156e+04  1.595580600000e+01  7.275022678507e-02
 5.520452630265e+04  1.591840600000e+01  7.220581348382e-02
 5.520453005978e+04  1.592565800000e+01  7.233044999784e-02
 5.520453382514e+04  1.593707800000e+01  7.246723000611e-02
 5.535120044037e+04  1.590894900000e+01  6.720518655293e-02
 5.535120834030e+04  1.590635100000e+01  6.721539986644e-02
 5.535121584321e+04  1.595300800000e+01  6.782780029177e-02
 5.535122334324e+04  1.590772400000e+01  6.732769506845e-02
 5.526737438186e+04  1.531785400000e+01  6.137715024074e-02
 5.526738205502e+04  1.535064200000e+01  6.165905120919e-02
 5.526738974818e+04  1.536265100000e+01  6.179081814570e-02
 5.526739739081e+04  1.540794100000e+01  6.217435840906e-02
 5.533221061027e+04  1.555653200000e+01  6.350826214666e-02
 5.533221574814e+04  1.553416000000e+01  6.338216651244e-02
 5.533222085899e+04  1.553778400000e+01  6.353076695451e-02
 5.533222601528e+04  1.558340500000e+01  6.400084300077e-02
 5.566323449420e+04  1.511195800000e+01  5.842816445370e-02
 5.566324162191e+04  1.514160700000e+01  5.859235131732e-02
 5.566324875745e+04  1.517040000000e+01  5.875310643388e-02
 5.566325593397e+04  1.523026300000e+01  5.913737504887e-02
 5.556350193586e+04  1.526865100000e+01  6.116109071972e-02
 5.556350950487e+04  1.525671900000e+01  6.104545102971e-02
 5.556351700991e+04  1.531615200000e+01  6.150864922572e-02
 5.556352466574e+04  1.535584800000e+01  6.182996514177e-02
 5.558846883711e+04  1.603184800000e+01  6.903187411220e-02
 5.558847403189e+04  1.608751900000e+01  6.979093988355e-02
 5.558847924904e+04  1.614813800000e+01  7.066643661909e-02
 5.558848447472e+04  1.606604300000e+01  6.953638930919e-02
 5.562235003201e+04  1.592742000000e+01  6.439167421851e-02
 5.562235974581e+04  1.592978600000e+01  6.437527743785e-02
 5.562236950177e+04  1.600350700000e+01  6.512207552416e-02
 5.562237926166e+04  1.597137800000e+01  6.478003597228e-02
 5.564440943301e+04  1.518684100000e+01  6.134951856408e-02
 5.564441514233e+04  1.518566700000e+01  6.138480883513e-02
 5.564442087990e+04  1.518034100000e+01  6.136970768478e-02
 5.564442667324e+04  1.516779500000e+01  6.128429174433e-02
 5.390616556435e+04  1.600708500000e+01  7.093392584561e-02
 5.390617197416e+04  1.601065400000e+01  7.099325242133e-02
 5.390617837726e+04  1.603283300000e+01  7.141177439228e-02
 5.390618478661e+04  1.606771400000e+01  7.209148601717e-02
 5.424123682230e+04  1.576088000000e+01  6.646080597779e-02
 5.424124602102e+04  1.576172300000e+01  6.648203860702e-02
 5.424125523641e+04  1.582267800000e+01  6.713814425244e-02
 5.424126443791e+04  1.582169700000e+01  6.726491640595e-02
 5.493729817787e+04  1.538198400000e+01  6.231956118818e-02
 5.493730178395e+04  1.539340300000e+01  6.247290917954e-02
 5.493730423085e+04  1.537187100000e+01  6.230048592047e-02
 5.493730666140e+04  1.541329800000e+01  6.268542688371e-02
 5.588852004175e+04  1.574726400000e+01  6.568957909218e-02
 5.588852231618e+04  1.576466700000e+01  6.576399399676e-02
 5.588852466942e+04  1.571302700000e+01  6.523410819908e-02
 5.588852693308e+04  1.573480900000e+01  6.546197742522e-02
 5.592948856384e+04  1.599735400000e+01  6.809540848295e-02
 5.592949652106e+04  1.603836000000e+01  6.858766312121e-02
 5.592950453694e+04  1.603197300000e+01  6.846223487871e-02
 5.592951252995e+04  1.609080300000e+01  6.920524981443e-02
 5.595847276656e+04  1.565371800000e+01  6.425327452233e-02
 5.595847785061e+04  1.566735900000e+01  6.437498813151e-02
 5.595848291789e+04  1.567824900000e+01  6.448553272500e-02
 5.595848801977e+04  1.571534800000e+01  6.488760697456e-02
 5.600044436123e+04  1.594717600000e+01  6.788318435393e-02
 5.600044943807e+04  1.597230300000e+01  6.820530340543e-02
 5.600045458358e+04  1.594163900000e+01  6.784381386051e-02
 5.600045968766e+04  1.600555700000e+01  6.865211527823e-02
 5.600732477960e+04  1.607621100000e+01  6.562092533132e-02
 5.600733688031e+04  1.604904400000e+01  6.534617191592e-02
 5.600734889711e+04  1.607521700000e+01  6.557285033128e-02
 5.600736099968e+04  1.600013600000e+01  6.478601667720e-02
 5.601931737014e+04  1.596519900000e+01  6.319025480484e-02
 5.601932921138e+04  1.602874100000e+01  6.384011981354e-02
 5.601934104104e+04  1.608256700000e+01  6.436914719998e-02
 5.601935291768e+04  1.606486200000e+01  6.422937060969e-02
 5.602827908028e+04  1.553787500000e+01  6.408755551633e-02
 5.602828690039e+04  1.541307800000e+01  6.327075659231e-02
 5.602829277648e+04  1.525489800000e+01  6.123831083328e-02
 5.602829856983e+04  1.521033200000e+01  6.079567946392e-02
 5.603321266424e+04  1.578732800000e+01  6.628747346819e-02
 5.603321779123e+04  1.583598500000e+01  6.679767095834e-02
 5.603322279764e+04  1.579699900000e+01  6.630233617177e-02
 5.603322788296e+04  1.583870300000e+01  6.679527669857e-02
 5.603823799177e+04  1.515225700000e+01  6.051750535445e-02
 5.603824583910e+04  1.518277600000e+01  6.072893525767e-02
 5.603825373172e+04  1.519531900000e+01  6.085125506577e-02
 5.603826158149e+04  1.524721000000e+01  6.127179541395e-02
 5.604713773968e+04  1.529209400000e+01  6.192239945256e-02
 5.604714632388e+04  1.531242700000e+01  6.208434631185e-02
 5.604715497002e+04  1.537113300000e+01  6.254125286478e-02
 5.604716359274e+04  1.537102600000e+01  6.250030676090e-02
 5.606827779865e+04  1.585322000000e+01  6.667665060024e-02
 5.606828573104e+04  1.588522500000e+01  6.714151704954e-02
 5.606829366988e+04  1.587302400000e+01  6.713399579298e-02
 5.606830162988e+04  1.586666700000e+01  6.715476202486e-02
 5.607518688127e+04  1.592452900000e+01  6.974948109668e-02
 5.607519430966e+04  1.596097300000e+01  7.023399751559e-02
 5.607520174183e+04  1.592462400000e+01  6.977000580000e-02
 5.607520927073e+04  1.599663100000e+01  7.083975455969e-02
 5.609218859272e+04  1.568619900000e+01  6.478564678829e-02
 5.609219548427e+04  1.566046600000e+01  6.451645875753e-02
 5.609220232999e+04  1.571658000000e+01  6.515168443042e-02
 5.609220914078e+04  1.569594600000e+01  6.498354783532e-02
 5.609818881487e+04  1.591790600000e+01  6.721732115864e-02
 5.609819576082e+04  1.601356900000e+01  6.842855017243e-02
 5.609820261660e+04  1.602125000000e+01  6.863574457968e-02
 5.609820948681e+04  1.603370300000e+01  6.888171310781e-02
