# time mag mag_err
 5.355234933292e+04  1.403253600000e+01  5.465791508176e-02
 5.355235809424e+04  1.403356500000e+01  5.468545326286e-02
 5.355236680138e+04  1.407488700000e+01  5.486105912689e-02
 5.355237552345e+04  1.411434400000e+01  5.502813741265e-02
 5.356121124523e+04  1.473960600000e+01  5.764949161247e-02
 5.356121884631e+04  1.475581300000e+01  5.776572967663e-02
 5.356122648338e+04  1.476332300000e+01  5.780559929946e-02
 5.356123354449e+04  1.476512500000e+01  5.782254412310e-02
 5.352639399358e+04  1.474206000000e+01  5.759219013018e-02
 5.352640371964e+04  1.474566500000e+01  5.759492371647e-02
 5.352641344663e+04  1.474132300000e+01  5.759545890337e-02
 5.352642325765e+04  1.475415700000e+01  5.769116877148e-02
 5.353431304409e+04  1.461716800000e+01  5.683423695238e-02
 5.353432202138e+04  1.463093900000e+01  5.690031586773e-02
 5.353433047806e+04  1.466132600000e+01  5.704642296333e-02
 5.353433885683e+04  1.467340400000e+01  5.713653069366e-02
 5.364413965477e+04  1.476897900000e+01  5.837757684651e-02
 5.364414620139e+04  1.478537200000e+01  5.849902602519e-02
 5.364415273250e+04  1.482160400000e+01  5.872947954091e-02
 5.364415928446e+04  1.480948800000e+01  5.869093151510e-02
 5.365614163009e+04  1.480882600000e+01  5.898409884129e-02
 5.365614649978e+04  1.481553600000e+01  5.904509270444e-02
 5.365615138475e+04  1.483709000000e+01  5.920460937002e-02
 5.365615625466e+04  1.483300900000e+01  5.921334183750e-02
 5.383345045375e+04  1.464068500000e+01  5.728691539894e-02
 5.383345692502e+04  1.464674100000e+01  5.732637067620e-02
 5.383346360267e+04  1.466670100000e+01  5.742686718542e-02
 5.383347026353e+04  1.467436800000e+01  5.757434912887e-02
 5.384840084089e+04  1.478128400000e+01  5.801909365254e-02
 5.384841188520e+04  1.476658200000e+01  5.793843716747e-02
 5.384842323043e+04  1.477493500000e+01  5.794903954406e-02
 5.384843502477e+04  1.478900300000e+01  5.804063852575e-02
 5.385543809500e+04  1.456386500000e+01  5.697176474171e-02
 5.385544545197e+04  1.437505700000e+01  5.605751294590e-02
 5.385545285199e+04  1.432337100000e+01  5.583579884081e-02
 5.385545999840e+04  1.424602200000e+01  5.549418993398e-02
 5.389132668520e+04  1.479119200000e+01  8.493969661934e-02
 5.389132909353e+04  1.577021600000e+01  2.797397399669e-01
 5.390143985274e+04  1.467645700000e+01  8.210414359103e-02
 5.390144082883e+04  1.471905500000e+01  8.306304751185e-02
 5.390144185725e+04  1.468431400000e+01  8.225008688980e-02
 5.390144285417e+04  1.465512800000e+01  8.172838384243e-02
 5.379647557380e+04  1.476793500000e+01  5.784307085061e-02
 5.379648202076e+04  1.477851600000e+01  5.791709241038e-02
 5.379648848427e+04  1.478697900000e+01  5.791569063196e-02
 5.379649495959e+04  1.477927800000e+01  5.787323367366e-02
 5.388439937556e+04  1.478067500000e+01  5.821578709725e-02
 5.388440541567e+04  1.477534500000e+01  5.819150847884e-02
 5.388441142928e+04  1.477696600000e+01  5.819517572057e-02
 5.388441741441e+04  1.477960200000e+01  5.820618317726e-02
 5.399516470713e+04  1.474174800000e+01  5.694379859462e-02
 5.399517433447e+04  1.474910200000e+01  5.701366553918e-02
 5.399518393922e+04  1.475241900000e+01  5.704507819449e-02
 5.399519354502e+04  1.472700000000e+01  5.693917968260e-02
 5.400711094186e+04  1.478826900000e+01  6.172061208429e-02
 5.400711370925e+04  1.478058300000e+01  6.078205074035e-02
 5.400711540424e+04  1.475903300000e+01  6.041501646626e-02
 5.400711708697e+04  1.476622100000e+01  6.125162463306e-02
 5.420844577775e+04  1.447961400000e+01  5.612714384457e-02
 5.420845538969e+04  1.449379800000e+01  5.610090968485e-02
 5.420846461909e+04  1.452801800000e+01  5.626618296968e-02
 5.420847402395e+04  1.453540000000e+01  5.630367232555e-02
 5.415749025407e+04  1.404129100000e+01  5.419925259557e-02
 5.415750057809e+04  1.409408700000e+01  5.436355043750e-02
 5.415751093821e+04  1.413653800000e+01  5.450423839091e-02
 5.415752126789e+04  1.417015400000e+01  5.461890919624e-02
 5.428616757104e+04  1.459914000000e+01  5.836504179150e-02
 5.428617630723e+04  1.468614000000e+01  5.786248360800e-02
 5.428618503279e+04  1.468325400000e+01  5.789231803653e-02
 5.428619381159e+04  1.464499600000e+01  5.871216878964e-02
 5.429529039609e+04  1.459410200000e+01  5.849320932222e-02
 5.429529588779e+04  1.464770900000e+01  5.771423798129e-02
 5.429530135821e+04  1.466901300000e+01  5.762127884399e-02
 5.429530682201e+04  1.467696900000e+01  5.768088769588e-02
 5.426132783502e+04  1.455874700000e+01  5.654732822832e-02
 5.426133603149e+04  1.435727400000e+01  5.564053174274e-02
 5.426134421847e+04  1.428599100000e+01  5.533824736746e-02
 5.426135232895e+04  1.418695700000e+01  5.496026327272e-02
 5.427332941139e+04  1.432739000000e+01  5.582041189341e-02
 5.427333708689e+04  1.423838100000e+01  5.555680609780e-02
 5.427335198693e+04  1.409170200000e+01  5.499777179290e-02
 5.427336266721e+04  1.391223400000e+01  5.468827417332e-02
 5.427934048642e+04  1.471117900000e+01  5.766524162323e-02
 5.427934699601e+04  1.469918500000e+01  5.761726309862e-02
 5.427935345674e+04  1.474091100000e+01  5.786699562688e-02
 5.427935992697e+04  1.465863700000e+01  5.721589925695e-02
 5.417746768818e+04  1.401850200000e+01  5.417314210802e-02
 5.417747704271e+04  1.404678200000e+01  5.427252234288e-02
 5.417748635000e+04  1.409761500000e+01  5.444190224179e-02
 5.417749667169e+04  1.413487600000e+01  5.456410746683e-02
 5.422841984145e+04  1.445891400000e+01  5.720852968918e-02
 5.422842824140e+04  1.450129700000e+01  5.742591322955e-02
 5.422843600255e+04  1.451091300000e+01  5.748782813575e-02
 5.422844341194e+04  1.451956200000e+01  5.756244478127e-02
 5.423530986866e+04  1.457223900000e+01  5.787429977081e-02
 5.423531528675e+04  1.457490800000e+01  5.695107098692e-02
 5.423532070196e+04  1.457959900000e+01  5.699965134545e-02
 5.423532609065e+04  1.458542400000e+01  5.702658178525e-02
 5.424635449669e+04  1.475385300000e+01  5.784192301242e-02
 5.424636387101e+04  1.475802200000e+01  5.786909419233e-02
 5.424637328432e+04  1.474763200000e+01  5.780195357700e-02
 5.424638233975e+04  1.474220300000e+01  5.778309845941e-02
 5.440608019646e+04  1.469579400000e+01  5.705559947223e-02
 5.440608449632e+04  1.468730600000e+01  5.704295403658e-02
 5.440608880545e+04  1.469809400000e+01  5.710410095027e-02
 5.440609311584e+04  1.471622000000e+01  5.723064900726e-02
 5.440708556336e+04  1.442924500000e+01  5.812456010177e-02
 5.440708940613e+04  1.443786900000e+01  5.821271687946e-02
 5.440709327948e+04  1.444028600000e+01  5.824193665907e-02
 5.440709711867e+04  1.444065900000e+01  5.825896852666e-02
 5.441906981196e+04  1.442095200000e+01  5.585419890542e-02
 5.441907519671e+04  1.443639700000e+01  5.594902573173e-02
 5.441908060612e+04  1.444360900000e+01  5.600150816204e-02
 5.441908601299e+04  1.447539100000e+01  5.617376285513e-02
 5.439012839328e+04  1.473712900000e+01  5.582013042353e-02
 5.439013574873e+04  1.473736100000e+01  5.584499988195e-02
 5.439014306553e+04  1.475445500000e+01  5.598858781338e-02
 5.439015035547e+04  1.475682700000e+01  5.601480541236e-02
 5.439210401706e+04  1.400644000000e+01  5.413440608033e-02
 5.439210852586e+04  1.397911700000e+01  5.405762462948e-02
 5.439211303557e+04  1.401020900000e+01  5.418179228403e-02
 5.439211749331e+04  1.401446600000e+01  5.419610198430e-02
 5.436315586267e+04  1.447284800000e+01  5.601435780974e-02
 5.436316299509e+04  1.448174900000e+01  5.605656939188e-02
 5.436317016199e+04  1.452291200000e+01  5.626774015428e-02
 5.436317739951e+04  1.452595400000e+01  5.630245712303e-02
 5.456846288113e+04  1.439792000000e+01  5.552941150021e-02
 5.456846837123e+04  1.434694800000e+01  5.531624497807e-02
 5.456847338015e+04  1.430246400000e+01  5.513684049394e-02
 5.456847882347e+04  1.423346500000e+01  5.486721516008e-02
 5.456944968762e+04  1.475190900000e+01  5.726532524037e-02
 5.456945408054e+04  1.475584500000e+01  5.727210020040e-02
 5.456945848550e+04  1.475381200000e+01  5.726233975627e-02
 5.456946297034e+04  1.475275200000e+01  5.725285016141e-02
 5.458543699417e+04  1.476154200000e+01  5.740376906606e-02
 5.458544351162e+04  1.474715100000e+01  5.733366006614e-02
 5.458544985823e+04  1.475992200000e+01  5.753811715781e-02
 5.458545557332e+04  1.460528900000e+01  5.907176517576e-02
 5.458637777521e+04  1.452001200000e+01  5.612635645889e-02
 5.458638228793e+04  1.452169000000e+01  5.612930088705e-02
 5.458638682786e+04  1.453763800000e+01  5.618021498307e-02
 5.458639133097e+04  1.453583800000e+01  5.618449108437e-02
 5.462736650340e+04  1.422877400000e+01  5.515557302149e-02
 5.462737532201e+04  1.424670500000e+01  5.520373354821e-02
 5.462738398622e+04  1.429185600000e+01  5.537424947670e-02
 5.462739270853e+04  1.430611100000e+01  5.556205183191e-02
 5.464138350168e+04  1.475308500000e+01  5.794869707516e-02
 5.464138898101e+04  1.475562300000e+01  5.795940698376e-02
 5.464139448881e+04  1.474121400000e+01  5.785947849218e-02
 5.464139998838e+04  1.476236700000e+01  5.798485788636e-02
 5.453148396561e+04  1.431204200000e+01  5.531520364893e-02
 5.453149169296e+04  1.433102000000e+01  5.536229798302e-02
 5.453149942101e+04  1.435964600000e+01  5.547357489030e-02
 5.453150734744e+04  1.436323200000e+01  5.546627166001e-02
 5.459634374034e+04  1.474550300000e+01  5.770769989484e-02
 5.459635117369e+04  1.475142000000e+01  5.768153750772e-02
 5.459635859941e+04  1.477997600000e+01  5.782723247730e-02
 5.459636609677e+04  1.478961000000e+01  5.783790960251e-02
 5.459838388557e+04  1.453862800000e+01  5.644645763362e-02
 5.459838877123e+04  1.454896200000e+01  5.695390755945e-02
 5.459839557226e+04  1.456613700000e+01  5.722179165269e-02
 5.459840422431e+04  1.458096500000e+01  5.751937419842e-02
 5.474114918123e+04  1.466981400000e+01  5.694106390584e-02
 5.474115739506e+04  1.467511000000e+01  5.701637808555e-02
 5.474116555299e+04  1.469298200000e+01  5.711930032664e-02
 5.474117374275e+04  1.470589000000e+01  5.724114597279e-02
 5.494339099122e+04  1.475745200000e+01  5.736889944797e-02
 5.494339646199e+04  1.474948000000e+01  5.731168237904e-02
 5.494340197222e+04  1.474171000000e+01  5.728416873960e-02
 5.494340742262e+04  1.473784500000e+01  5.724263533124e-02
 5.506323891816e+04  1.476268200000e+01  6.067894901899e-02
 5.506324472251e+04  1.474968600000e+01  6.060677208809e-02
 5.506325060569e+04  1.477393400000e+01  6.084375896550e-02
 5.506325646468e+04  1.476741800000e+01  6.082959748534e-02
 5.500337514150e+04  1.472721700000e+01  5.753447129238e-02
 5.500337991990e+04  1.473740100000e+01  5.759216207326e-02
 5.500338470439e+04  1.474599200000e+01  5.764851838082e-02
 5.500338952281e+04  1.476571800000e+01  5.774979834643e-02
 5.489250090559e+04  1.473036100000e+01  5.833042946824e-02
 5.489250863248e+04  1.474374000000e+01  5.838877368187e-02
 5.489251632916e+04  1.475516800000e+01  5.842999952328e-02
 5.489252437111e+04  1.473768900000e+01  5.832219846440e-02
 5.491544789045e+04  1.475022900000e+01  6.030403949519e-02
 5.491545530576e+04  1.474411200000e+01  5.990761603892e-02
 5.491546280384e+04  1.475658200000e+01  6.001842725670e-02
 5.491547032679e+04  1.475254700000e+01  5.999069266142e-02
 5.495544879573e+04  1.482590500000e+01  6.000410240255e-02
 5.495546757816e+04  1.482937300000e+01  5.790501460691e-02
 5.495548280117e+04  1.485040100000e+01  5.812188878725e-02
 5.495548850145e+04  1.463497600000e+01  5.705579189002e-02
 5.496742023854e+04  1.473106100000e+01  5.749695913456e-02
 5.496742705126e+04  1.477611600000e+01  5.775577932850e-02
 5.496743381250e+04  1.478977300000e+01  5.782726302086e-02
 5.496744056424e+04  1.478687000000e+01  5.783341811083e-02
 5.508516184291e+04  1.386024800000e+01  5.665841124334e-02
 5.508516577713e+04  1.407102700000e+01  5.657414582297e-02
 5.508516971163e+04  1.407475600000e+01  5.658623006242e-02
 5.508517364516e+04  1.409349100000e+01  5.671488248095e-02
 5.509116325912e+04  1.473068100000e+01  5.750348975731e-02
 5.509116817964e+04  1.473717400000e+01  5.755371299014e-02
 5.509117304933e+04  1.474906000000e+01  5.763687589300e-02
 5.509117794334e+04  1.473604200000e+01  5.759410622620e-02
 5.510314551760e+04  1.475122000000e+01  6.085882404294e-02
 5.510315000731e+04  1.475850800000e+01  6.092036402757e-02
 5.510315447663e+04  1.475036500000e+01  6.089151186629e-02
 5.510315894155e+04  1.477551400000e+01  6.111300747769e-02
 5.530044527812e+04  1.431382800000e+01  5.527056510309e-02
 5.530045319378e+04  1.432873000000e+01  5.533589892732e-02
 5.530046114270e+04  1.435007600000e+01  5.542588168248e-02
 5.530046882120e+04  1.437221900000e+01  5.551500116211e-02
 5.535036001575e+04  1.475835200000e+01  5.795373712919e-02
 5.535036581988e+04  1.473335100000e+01  5.811473053313e-02
 5.535037166232e+04  1.475514700000e+01  5.819185644538e-02
 5.535037749780e+04  1.475064100000e+01  5.823193118976e-02
 5.535735258271e+04  1.485621900000e+01  5.802058289198e-02
 5.535736290656e+04  1.487526400000e+01  5.812721739056e-02
 5.535736809394e+04  1.487071900000e+01  5.810696937252e-02
 5.536432704878e+04  1.409521400000e+01  5.449918898183e-02
 5.536433230808e+04  1.412289600000e+01  5.460314684405e-02
 5.536433751463e+04  1.414213100000e+01  5.466773102492e-02
 5.536434266963e+04  1.414881000000e+01  5.469766222244e-02
 5.537035929975e+04  1.474264100000e+01  5.755222280316e-02
 5.537036395241e+04  1.475923600000e+01  5.763536422676e-02
 5.537036983025e+04  1.472951300000e+01  5.747621239839e-02
 5.537037446810e+04  1.477067800000e+01  5.770139208919e-02
 5.537037908347e+04  1.475352100000e+01  5.762932508848e-02
 5.532634743399e+04  1.472249500000e+01  5.737049864242e-02
 5.532635490256e+04  1.473900000000e+01  5.746578978004e-02
 5.532636243661e+04  1.474143500000e+01  5.746420068892e-02
 5.532637005194e+04  1.476386500000e+01  5.753161810130e-02
 5.534034903602e+04  1.409288500000e+01  5.449471772063e-02
 5.534035369840e+04  1.410094200000e+01  5.452757572445e-02
 5.534035844480e+04  1.412591900000e+01  5.463104697744e-02
 5.534036393628e+04  1.414906400000e+01  5.470893097730e-02
 5.551308498648e+04  1.475357300000e+01  5.802051974495e-02
 5.551309634966e+04  1.478644800000e+01  5.828157632610e-02
 5.551310206118e+04  1.476686900000e+01  5.824202070672e-02
 5.547811926826e+04  1.460084900000e+01  5.680986969317e-02
 5.547812953358e+04  1.461095100000e+01  5.687745485783e-02
 5.547813461612e+04  1.462286700000e+01  5.696109729227e-02
 5.548811619867e+04  1.485353000000e+01  5.847602445999e-02
 5.548812654318e+04  1.476550600000e+01  5.801464434717e-02
 5.548813173128e+04  1.471704400000e+01  5.776757812864e-02
 5.545616139791e+04  1.472180700000e+01  5.836145049002e-02
 5.545617476786e+04  1.436948300000e+01  5.646970289935e-02
 5.545618148981e+04  1.432322600000e+01  5.626382089246e-02
 5.565240735405e+04  1.472508800000e+01  5.768959040683e-02
 5.565241426100e+04  1.473431900000e+01  5.773807237710e-02
 5.565242117340e+04  1.474122300000e+01  5.775561692736e-02
 5.565242814530e+04  1.472777300000e+01  5.768068578180e-02
 5.567743150800e+04  1.472686400000e+01  5.779442047311e-02
 5.567744094970e+04  1.471874000000e+01  5.778333579960e-02
 5.567744884249e+04  1.475418900000e+01  5.795914209923e-02
 5.567745653431e+04  1.474225200000e+01  5.787355370804e-02
 5.567836561448e+04  1.430712200000e+01  5.557524401541e-02
 5.567837076149e+04  1.432189700000e+01  5.564054675915e-02
 5.567837596837e+04  1.433693100000e+01  5.569752284001e-02
 5.567838116677e+04  1.434494000000e+01  5.574152724087e-02
 5.571338341848e+04  1.468762300000e+01  5.836693400800e-02
 5.571338849828e+04  1.470334800000e+01  5.985889463096e-02
 5.571339597457e+04  1.475354900000e+01  6.174670978333e-02
 5.571437804253e+04  1.442400600000e+01  5.650389430198e-02
 5.571438680226e+04  1.443430400000e+01  5.641543634207e-02
 5.571439196791e+04  1.446877600000e+01  5.669191056010e-02
 5.571439719260e+04  1.445682900000e+01  5.655408065037e-02
 5.568644364247e+04  1.450546200000e+01  5.697471291336e-02
 5.568644766836e+04  1.451295700000e+01  5.688756606417e-02
 5.568645168640e+04  1.452753500000e+01  5.695217960713e-02
 5.568645573706e+04  1.452205000000e+01  5.709930180393e-02
 5.585710453753e+04  1.443189500000e+01  5.591355795374e-02
 5.585711077326e+04  1.444745200000e+01  5.600858722218e-02
 5.585711705060e+04  1.446730300000e+01  5.609812615887e-02
 5.585712331133e+04  1.448175500000e+01  5.619824472611e-02
 5.583816219199e+04  1.414566900000e+01  5.531874283981e-02
 5.588206469228e+04  1.419841500000e+01  5.505241672056e-02
 5.588206979369e+04  1.414252900000e+01  5.486849389479e-02
 5.588207481919e+04  1.407662700000e+01  5.463320567631e-02
 5.588207999434e+04  1.405135800000e+01  5.456496215647e-02
 5.600846431285e+04  1.459888400000e+01  5.697915829245e-02
 5.600847113164e+04  1.462054700000e+01  5.707911867856e-02
 5.600847792839e+04  1.462567800000e+01  5.719042600661e-02
 5.600848471645e+04  1.464101700000e+01  5.722742790368e-02
 5.604230565053e+04  1.476618400000e+01  5.791438142446e-02
 5.604231073667e+04  1.477884900000e+01  5.797640717746e-02
 5.604231586611e+04  1.476887300000e+01  5.789250220758e-02
 5.604232095039e+04  1.476820800000e+01  5.789688258858e-02
 5.604824761471e+04  1.416257600000e+01  5.526890631471e-02
 5.604825730594e+04  1.419762000000e+01  5.537703580241e-02
 5.604826705115e+04  1.423416300000e+01  5.550024550542e-02
 5.604827678767e+04  1.425831000000e+01  5.556318719766e-02
 5.606541458646e+04  1.430189400000e+01  5.508727829388e-02
 5.606542142817e+04  1.431943600000e+01  5.517251253112e-02
 5.606542831697e+04  1.433948700000e+01  5.525331270425e-02
 5.606543505966e+04  1.435616600000e+01  5.533427197652e-02
 5.607238592704e+04  1.457142900000e+01  5.634036512227e-02
 5.607239106039e+04  1.457027600000e+01  5.633422991583e-02
 5.607239614666e+04  1.459020000000e+01  5.641276799856e-02
 5.607240129494e+04  1.460726700000e+01  5.649793825462e-02
 5.608838134689e+04  1.460555800000e+01  5.651196529147e-02
 5.608838698822e+04  1.460994100000e+01  5.654920042249e-02
 5.608839265563e+04  1.462588600000e+01  5.663154210654e-02
 5.608839850387e+04  1.463686500000e+01  5.669619812293e-02
 5.617612230608e+04  1.408476400000e+01  5.505046717272e-02
 5.617612907040e+04  1.407354700000e+01  5.650741444354e-02
 5.617613581675e+04  1.415278700000e+01  5.551262027264e-02
 5.617614261454e+04  1.416157900000e+01  5.562961633722e-02
 5.618919221681e+04  1.419718200000e+01  5.525840660691e-02
 5.618919682792e+04  1.413521700000e+01  5.503327509648e-02
 5.618920131764e+04  1.408137700000e+01  5.482699224233e-02
 5.618920596301e+04  1.403085600000e+01  5.466483739051e-02
 5.619521846043e+04  1.474497100000e+01  5.662531641129e-02
 5.619522391650e+04  1.477497500000e+01  5.684065929465e-02
 5.619522938553e+04  1.477256800000e+01  5.686177387275e-02
 5.619523485249e+04  1.477452900000e+01  5.689353345895e-02
 5.622110830904e+04  1.488607900000e+01  5.700721494584e-02
 5.622111357655e+04  1.487150700000e+01  5.694276236250e-02
 5.622111900036e+04  1.485016800000e+01  5.684638245663e-02
 5.622112446198e+04  1.480721000000e+01  5.665811289224e-02
