# time mag mag_err
 5.376725048882e+04  1.558359000000e+01  6.408545637208e-02
 5.376725649514e+04  1.549013000000e+01  6.319049290201e-02
 5.376726250331e+04  1.541417400000e+01  6.245949161261e-02
 5.376726853764e+04  1.535658600000e+01  6.194520927879e-02
 5.374626478913e+04  1.560895500000e+01  6.626980171435e-02
 5.374626915207e+04  1.559182200000e+01  6.597830595733e-02
 5.374627349998e+04  1.562338800000e+01  6.626197856497e-02
 5.374627786524e+04  1.561239800000e+01  6.605954668523e-02
 5.390020986519e+04  1.546959800000e+01  1.209046571007e-01
 5.390021088735e+04  1.533089500000e+01  1.143418059682e-01
 5.390021189747e+04  1.551765300000e+01  1.242190062665e-01
 5.390021291812e+04  1.556124600000e+01  1.251189317430e-01
 5.390117166314e+04  1.517976600000e+01  9.639882006665e-02
 5.390117271388e+04  1.512385500000e+01  9.455451651636e-02
 5.390117372447e+04  1.506289600000e+01  9.283337723990e-02
 5.390117473690e+04  1.508109800000e+01  9.352896766989e-02
 5.388418691752e+04  1.537779600000e+01  6.312208419805e-02
 5.388419346647e+04  1.538622800000e+01  6.323576383650e-02
 5.388420001008e+04  1.542513400000e+01  6.356465891996e-02
 5.388420661087e+04  1.537685800000e+01  6.317760126903e-02
 5.421219226590e+04  1.535556100000e+01  6.151994812330e-02
 5.421219889632e+04  1.532127800000e+01  6.125665961428e-02
 5.421220551043e+04  1.528702000000e+01  6.099238893975e-02
 5.421221214571e+04  1.529556400000e+01  6.105960730051e-02
 5.415830770734e+04  1.566242500000e+01  6.378236542154e-02
 5.415831606944e+04  1.570636500000e+01  6.421638043860e-02
 5.415832445331e+04  1.570422300000e+01  6.420065865650e-02
 5.415833294436e+04  1.571968200000e+01  6.433496007327e-02
 5.412822149510e+04  1.561957300000e+01  6.374137876257e-02
 5.412822801638e+04  1.562272800000e+01  6.373114920719e-02
 5.412823450212e+04  1.561876100000e+01  6.369314715713e-02
 5.412824103045e+04  1.562846000000e+01  6.372958494925e-02
 5.427616723399e+04  1.564282200000e+01  6.745908042489e-02
 5.427617219095e+04  1.566132400000e+01  6.772763848700e-02
 5.427617717684e+04  1.565356000000e+01  6.764011638236e-02
 5.427618217837e+04  1.563528400000e+01  6.747199242013e-02
 5.480346878589e+04  1.551352200000e+01  6.444415993706e-02
 5.480347314282e+04  1.552017200000e+01  6.452231755054e-02
 5.480347746075e+04  1.552096000000e+01  6.449861611881e-02
 5.480348182936e+04  1.551656000000e+01  6.443299754033e-02
 5.463020988590e+04  1.559965500000e+01  6.432571044102e-02
 5.463021265618e+04  1.555238100000e+01  6.389804965966e-02
 5.463021538619e+04  1.548231100000e+01  6.327143270266e-02
 5.463021811351e+04  1.548407500000e+01  6.331393058623e-02
 5.494722425395e+04  1.563197400000e+01  6.672774543127e-02
 5.494722860612e+04  1.560795700000e+01  6.644498074895e-02
 5.494723297279e+04  1.565811200000e+01  6.703571247988e-02
 5.494723736595e+04  1.555615200000e+01  6.589407006021e-02
 5.518435527628e+04  1.562185200000e+01  6.358946599157e-02
 5.518436125078e+04  1.560775300000e+01  6.345642661663e-02
 5.518436715572e+04  1.556467700000e+01  6.301737510417e-02
 5.518437308888e+04  1.565517200000e+01  6.383757157258e-02
 5.486525255773e+04  1.554749900000e+01  6.259480386697e-02
 5.486525750682e+04  1.554204400000e+01  6.254678058161e-02
 5.486526244978e+04  1.555946000000e+01  6.266205778160e-02
 5.486526741044e+04  1.554815700000e+01  6.255478454611e-02
 5.491328864641e+04  1.520194400000e+01  5.992496716428e-02
 5.491329402240e+04  1.522525500000e+01  6.009419333375e-02
 5.491329941826e+04  1.522320600000e+01  6.008948136641e-02
 5.491330489808e+04  1.522009400000e+01  6.007242841112e-02
 5.514346110273e+04  1.564162100000e+01  6.729469527704e-02
 5.514346544241e+04  1.560453600000e+01  6.686452022002e-02
 5.514346977191e+04  1.564460200000e+01  6.727873333442e-02
 5.514347410338e+04  1.561088900000e+01  6.690219371268e-02
 5.529827843466e+04  1.516137200000e+01  6.028874216243e-02
 5.529828409118e+04  1.517648100000e+01  6.042718604987e-02
 5.529828981392e+04  1.517410600000e+01  6.042515999331e-02
 5.529829559028e+04  1.520979100000e+01  6.070441414689e-02
 5.524720264904e+04  1.557178600000e+01  6.362497295316e-02
 5.524720850569e+04  1.558052100000e+01  6.370585699628e-02
 5.524721443125e+04  1.557046100000e+01  6.357664258645e-02
 5.524722030155e+04  1.555554000000e+01  6.345154611895e-02
 5.527327924297e+04  1.529015100000e+01  6.090563679514e-02
 5.527328321688e+04  1.529072800000e+01  6.093297727913e-02
 5.527328727147e+04  1.532551000000e+01  6.118833343874e-02
 5.527329127919e+04  1.532795200000e+01  6.120669863782e-02
 5.532819921551e+04  1.522298100000e+01  6.074542242900e-02
 5.532820496208e+04  1.516078300000e+01  6.030686329872e-02
 5.532821070787e+04  1.514871500000e+01  6.023663502307e-02
 5.532821651325e+04  1.514868000000e+01  6.024014832833e-02
 5.560438717008e+04  1.559341400000e+01  6.382108970222e-02
 5.560439123509e+04  1.552821300000e+01  6.323413220592e-02
 5.560439531480e+04  1.548747800000e+01  6.285576645723e-02
 5.560439937240e+04  1.541150600000e+01  6.218438605015e-02
 5.557727111013e+04  1.558613800000e+01  6.872641024841e-02
 5.557727793652e+04  1.557328200000e+01  6.868126660554e-02
 5.557728476808e+04  1.562231700000e+01  6.935504189599e-02
 5.557729160810e+04  1.557337400000e+01  6.872450237159e-02
 5.563623927917e+04  1.516362000000e+01  6.464759250067e-02
 5.563624248906e+04  1.516331700000e+01  6.463606969967e-02
 5.563624573378e+04  1.513188600000e+01  6.434163275400e-02
 5.563624898314e+04  1.512324100000e+01  6.422066964356e-02
 5.569520909880e+04  1.556329900000e+01  6.744132802401e-02
 5.569521394927e+04  1.558205800000e+01  6.768273086271e-02
 5.569521857821e+04  1.560496800000e+01  6.805417624232e-02
 5.569522327256e+04  1.564626900000e+01  6.867367910748e-02
 5.592731246043e+04  1.545616100000e+01  6.244861371106e-02
 5.592731876354e+04  1.544861000000e+01  6.245396664263e-02
 5.592732521215e+04  1.544673700000e+01  6.242708853119e-02
 5.592733154221e+04  1.547330100000e+01  6.264263671427e-02
 5.598916235123e+04  1.559610600000e+01  6.413866682268e-02
 5.598916572767e+04  1.558423600000e+01  6.400476877959e-02
 5.598916917844e+04  1.562777800000e+01  6.445112481424e-02
 5.598917255707e+04  1.558413500000e+01  6.401339039390e-02
 5.603917867683e+04  1.547551500000e+01  6.306909587212e-02
 5.603918468477e+04  1.547191400000e+01  6.304252750449e-02
 5.603919059343e+04  1.549742100000e+01  6.329058371971e-02
 5.603919657543e+04  1.548585900000e+01  6.317807644215e-02
 5.608915610840e+04  1.523308900000e+01  5.845733210016e-02
 5.608916221125e+04  1.525583300000e+01  5.865598470336e-02
 5.608916837642e+04  1.526561800000e+01  5.872468359068e-02
 5.608917448888e+04  1.526669300000e+01  5.874581432564e-02
 5.609816634073e+04  1.576634500000e+01  6.553325129045e-02
 5.609817151392e+04  1.571972400000e+01  6.509421438907e-02
 5.609817669891e+04  1.571877100000e+01  6.510728755610e-02
 5.609818187544e+04  1.572800300000e+01  6.520452548722e-02
