# time mag mag_err
 5.355724559144e+04  1.553105100000e+01  6.335291612236e-02
 5.355725198574e+04  1.559202200000e+01  6.392673690937e-02
 5.355725841696e+04  1.559124000000e+01  6.393789288228e-02
 5.355726493545e+04  1.564092300000e+01  6.443959855229e-02
 5.352533727390e+04  1.532686200000e+01  6.158613252527e-02
 5.352534369969e+04  1.531448300000e+01  6.151366371153e-02
 5.352535012951e+04  1.530188700000e+01  6.144472755137e-02
 5.352535659153e+04  1.533603400000e+01  6.170846730567e-02
 5.349733054112e+04  1.518513900000e+01  6.000577175687e-02
 5.349733711193e+04  1.519511100000e+01  6.003085984863e-02
 5.349734367036e+04  1.523026600000e+01  6.077717329457e-02
 5.349735021640e+04  1.524781500000e+01  6.041092037042e-02
 5.350731859057e+04  1.505987800000e+01  6.047217258735e-02
 5.350732664803e+04  1.501792500000e+01  6.107049244510e-02
 5.350733467690e+04  1.532248000000e+01  7.145336101138e-02
 5.350734268425e+04  1.510117400000e+01  6.495911405550e-02
 5.363612270365e+04  1.530604600000e+01  6.253097771630e-02
 5.363612754336e+04  1.531409200000e+01  6.261457699028e-02
 5.363613239858e+04  1.531047500000e+01  6.256343917520e-02
 5.363613724881e+04  1.535539300000e+01  6.302773727835e-02
 5.382744411252e+04  1.457490400000e+01  5.680826160011e-02
 5.382745165282e+04  1.462568900000e+01  5.706118034746e-02
 5.382745936802e+04  1.467805000000e+01  5.765922287239e-02
 5.382746700127e+04  1.471178200000e+01  5.760952714439e-02
 5.384342841413e+04  1.527009600000e+01  6.146707073368e-02
 5.384343680539e+04  1.531497900000e+01  6.157696025935e-02
 5.384344500557e+04  1.533740400000e+01  6.202938005432e-02
 5.384345319197e+04  1.537244600000e+01  6.234075123148e-02
 5.385030989068e+04  1.531072200000e+01  6.170985202525e-02
 5.385031612097e+04  1.532075000000e+01  6.178900513387e-02
 5.385032216375e+04  1.536618800000e+01  6.216764352897e-02
 5.385032822794e+04  1.532621000000e+01  6.502052931641e-02
 5.391728618575e+04  1.528072200000e+01  6.335135014110e-02
 5.391729101944e+04  1.550552200000e+01  8.175381509138e-02
 5.391730068093e+04  1.532680500000e+01  6.371776118590e-02
 5.392532311567e+04  1.552642600000e+01  1.044994401758e-01
 5.392532457373e+04  1.554656400000e+01  1.054783473459e-01
 5.392532605008e+04  1.550210700000e+01  1.038086714859e-01
 5.392532753256e+04  1.547583800000e+01  1.030387042086e-01
 5.394021352029e+04  1.548581800000e+01  6.476218686216e-02
 5.394021994943e+04  1.554606200000e+01  6.600767168951e-02
 5.394022637788e+04  1.547519900000e+01  6.704808724857e-02
 5.394023282530e+04  1.550641400000e+01  6.580653054456e-02
 5.390530554949e+04  1.556033200000e+01  1.037819845050e-01
 5.390530660764e+04  1.559940800000e+01  1.051955497219e-01
 5.390530766279e+04  1.558454400000e+01  1.045848132625e-01
 5.390530875554e+04  1.556454300000e+01  1.039515503925e-01
 5.381945678323e+04  1.561050200000e+01  6.428342607295e-02
 5.381946591273e+04  1.557852900000e+01  6.436960899179e-02
 5.381947521574e+04  1.546416900000e+01  6.277159499082e-02
 5.381948447847e+04  1.518920300000e+01  6.053115001640e-02
 5.385934242237e+04  1.549877000000e+01  6.356871856479e-02
 5.385935161657e+04  1.553662700000e+01  6.394447827556e-02
 5.385936077745e+04  1.553370700000e+01  6.393282397346e-02
 5.385937000580e+04  1.555559300000e+01  6.406785690964e-02
 5.386636370752e+04  1.541053100000e+01  9.814217868008e-02
 5.386636447608e+04  1.552437800000e+01  1.019386876175e-01
 5.386636535263e+04  1.547718800000e+01  1.003529585463e-01
 5.386636620985e+04  1.534210800000e+01  9.597910352789e-02
 5.387645795826e+04  1.512588500000e+01  6.137885872138e-02
 5.387646184330e+04  1.497886500000e+01  6.035693908348e-02
 5.387646568272e+04  1.486883200000e+01  5.962784687582e-02
 5.387646949877e+04  1.477834700000e+01  5.901797772081e-02
 5.388328731064e+04  1.562300200000e+01  6.468204316864e-02
 5.388329116303e+04  1.561200700000e+01  6.456461980133e-02
 5.388329504390e+04  1.558044100000e+01  6.422982226399e-02
 5.388329895809e+04  1.555096800000e+01  6.402344689802e-02
 5.399214261437e+04  1.509092100000e+01  6.262319581237e-02
 5.399214637289e+04  1.510993700000e+01  6.285338578927e-02
 5.399215009565e+04  1.509519100000e+01  6.275704626885e-02
 5.399215382465e+04  1.515216800000e+01  6.326385754784e-02
 5.420137665788e+04  1.560490500000e+01  6.373417397241e-02
 5.420138591042e+04  1.562291600000e+01  6.385830347137e-02
 5.420139520694e+04  1.561647800000e+01  6.381881391539e-02
 5.420140448287e+04  1.550744600000e+01  6.281778676074e-02
 5.421241977142e+04  1.551646900000e+01  6.263947805075e-02
 5.421242969727e+04  1.551502400000e+01  6.261578232320e-02
 5.421243966154e+04  1.553837700000e+01  6.282524600321e-02
 5.421244957777e+04  1.555859800000e+01  6.303992857327e-02
 5.411753010075e+04  1.552581000000e+01  6.242713000368e-02
 5.411753677597e+04  1.548107000000e+01  6.204472796868e-02
 5.411754353499e+04  1.527565900000e+01  6.042085854734e-02
 5.411755028150e+04  1.498465500000e+01  5.842805831927e-02
 5.425726327356e+04  1.548974900000e+01  6.317883754197e-02
 5.425727290841e+04  1.553867000000e+01  6.431888207245e-02
 5.425728257093e+04  1.554910900000e+01  6.420724632280e-02
 5.425729221227e+04  1.558633300000e+01  6.403806923507e-02
 5.426431368888e+04  1.497828700000e+01  5.891160741994e-02
 5.426432131241e+04  1.502374500000e+01  5.921801439711e-02
 5.426432898397e+04  1.505405800000e+01  5.944193853861e-02
 5.426433662022e+04  1.507953200000e+01  5.958102138175e-02
 5.427230847278e+04  1.525156500000e+01  6.119020950878e-02
 5.427231574976e+04  1.527324900000e+01  6.129328998727e-02
 5.427232304259e+04  1.529158100000e+01  6.148420577549e-02
 5.427233034065e+04  1.532069400000e+01  6.177157460382e-02
 5.418542034103e+04  1.558949300000e+01  6.336055886164e-02
 5.418542971256e+04  1.560128300000e+01  6.346300576682e-02
 5.418543906975e+04  1.556475700000e+01  6.311775531077e-02
 5.418544849729e+04  1.558713400000e+01  6.293768781082e-02
 5.423133831388e+04  1.555325900000e+01  6.316445470309e-02
 5.423134476870e+04  1.555660500000e+01  6.321382504446e-02
 5.423135120433e+04  1.556599800000e+01  6.329819436166e-02
 5.423135763347e+04  1.555131400000e+01  6.317237691679e-02
 5.424139763123e+04  1.555326000000e+01  6.352234944675e-02
 5.424140626696e+04  1.554558900000e+01  6.351102667459e-02
 5.424141491611e+04  1.558332100000e+01  6.353742961043e-02
 5.424142357140e+04  1.555508300000e+01  6.377511291241e-02
 5.438208612353e+04  1.534203600000e+01  6.928304156587e-02
 5.438208866197e+04  1.536012500000e+01  6.954188605354e-02
 5.438209119971e+04  1.531093300000e+01  6.896927391289e-02
 5.438209373641e+04  1.535913700000e+01  6.964439896567e-02
 5.439109652669e+04  1.551735100000e+01  6.305679755222e-02
 5.439110097147e+04  1.549003400000e+01  6.285518282527e-02
 5.439110541764e+04  1.548586800000e+01  6.292857790550e-02
 5.439110990328e+04  1.551892200000e+01  6.329068116918e-02
 5.434616628142e+04  1.524576700000e+01  6.075415418093e-02
 5.434617167347e+04  1.526563400000e+01  6.092148658844e-02
 5.434617710429e+04  1.527154000000e+01  6.102397303331e-02
 5.434618252725e+04  1.529308000000e+01  6.127474052688e-02
 5.435512210376e+04  1.521178000000e+01  6.029834141239e-02
 5.435512744569e+04  1.519946500000e+01  6.023620290590e-02
 5.435513278196e+04  1.521923700000e+01  6.039521409766e-02
 5.435513810549e+04  1.524525500000e+01  6.062064601181e-02
 5.456642470860e+04  1.558157400000e+01  6.325234391310e-02
 5.456643170686e+04  1.561073200000e+01  6.352794306144e-02
 5.456643871149e+04  1.560698900000e+01  6.350047808314e-02
 5.456644574807e+04  1.563882700000e+01  6.374686609370e-02
 5.457141205649e+04  1.523629300000e+01  5.998496140451e-02
 5.457141968454e+04  1.523997100000e+01  6.002734849232e-02
 5.457142730215e+04  1.527132900000e+01  6.024090560059e-02
 5.457143495508e+04  1.526820200000e+01  6.020776529533e-02
 5.458044668105e+04  1.539637500000e+01  6.164766037459e-02
 5.458045320904e+04  1.542644400000e+01  6.189575988375e-02
 5.458045975439e+04  1.543737400000e+01  6.199758365001e-02
 5.458046636096e+04  1.547930300000e+01  6.240572947004e-02
 5.450449010737e+04  1.541474900000e+01  6.020789953195e-02
 5.450449854784e+04  1.541113700000e+01  6.020261377012e-02
 5.450450706597e+04  1.545620000000e+01  6.046099181131e-02
 5.450451559729e+04  1.546958300000e+01  6.052588892113e-02
 5.452347441836e+04  1.538573500000e+01  6.104791405757e-02
 5.452348355181e+04  1.541146100000e+01  6.129248341402e-02
 5.452349274346e+04  1.543799200000e+01  6.146839174986e-02
 5.452350189936e+04  1.543923400000e+01  6.149227063074e-02
 5.464828678101e+04  1.455307500000e+01  5.705447953095e-02
 5.464829527981e+04  1.459579200000e+01  5.734163307200e-02
 5.464830373752e+04  1.464881300000e+01  5.768198545015e-02
 5.464831222765e+04  1.470649800000e+01  5.803277484668e-02
 5.462432838201e+04  1.558307300000e+01  6.074951523999e-02
 5.462433376480e+04  1.556821500000e+01  6.064114937163e-02
 5.462433914238e+04  1.554524500000e+01  6.047973583610e-02
 5.462434453628e+04  1.556760700000e+01  6.067933498365e-02
 5.464133079686e+04  1.556672500000e+01  6.416821330357e-02
 5.464133734591e+04  1.560287900000e+01  6.460162462939e-02
 5.464134394068e+04  1.561449900000e+01  6.491523523901e-02
 5.464135047029e+04  1.562127100000e+01  6.495702345738e-02
 5.452844316938e+04  1.556892600000e+01  6.276226033976e-02
 5.452844968914e+04  1.558172700000e+01  6.282707872158e-02
 5.452845619826e+04  1.560219500000e+01  6.300366310818e-02
 5.452846276051e+04  1.563404900000e+01  6.328462912451e-02
 5.453747416453e+04  1.465602700000e+01  5.851867753646e-02
 5.453747955993e+04  1.455687300000e+01  5.931383333344e-02
 5.453748500234e+04  1.455232000000e+01  5.825817516313e-02
 5.453749039404e+04  1.452282000000e+01  5.603635824065e-02
 5.458734861978e+04  1.549990100000e+01  6.219970260352e-02
 5.458735407144e+04  1.552383500000e+01  6.238482475512e-02
 5.458735950400e+04  1.555249600000e+01  6.264861159558e-02
 5.458736497186e+04  1.553349600000e+01  6.250347178723e-02
 5.459335378332e+04  1.561650500000e+01  6.528528043804e-02
 5.459336028723e+04  1.551765600000e+01  6.280040416967e-02
 5.459336673998e+04  1.541995100000e+01  6.196742892548e-02
 5.459337319400e+04  1.522999300000e+01  6.048580117021e-02
 5.460021943265e+04  1.549380300000e+01  6.294781730787e-02
 5.460022586793e+04  1.541774400000e+01  6.220449784671e-02
 5.460023230852e+04  1.516812100000e+01  6.021496609625e-02
 5.460023873882e+04  1.492921700000e+01  5.858334631610e-02
 5.460132701296e+04  1.453439600000e+01  5.644820979060e-02
 5.460133362185e+04  1.455982300000e+01  5.655480203166e-02
 5.460134020794e+04  1.460605000000e+01  5.677148075429e-02
 5.460134681881e+04  1.464271800000e+01  5.694135472160e-02
 5.471516244420e+04  1.552334400000e+01  6.277651173162e-02
 5.471516884997e+04  1.549290300000e+01  6.253233503944e-02
 5.471517528350e+04  1.552589000000e+01  6.291712035010e-02
 5.471518171692e+04  1.550605000000e+01  6.285217258366e-02
 5.473708746214e+04  1.536460700000e+01  6.495088416540e-02
 5.473709239676e+04  1.532164200000e+01  6.483437574914e-02
 5.473709712223e+04  1.531606500000e+01  6.497255676688e-02
 5.473710206831e+04  1.535489700000e+01  6.542661884285e-02
 5.494442656623e+04  1.536303100000e+01  6.133719888362e-02
 5.494443504375e+04  1.539676700000e+01  6.162244578340e-02
 5.494444359905e+04  1.541556600000e+01  6.175872304628e-02
 5.494445211384e+04  1.542418200000e+01  6.188765082427e-02
 5.506221671534e+04  1.554568000000e+01  6.842354607425e-02
 5.506222156586e+04  1.553113000000e+01  6.831362497467e-02
 5.506222635706e+04  1.555254600000e+01  6.856009363596e-02
 5.506223121994e+04  1.555596500000e+01  6.875327676205e-02
 5.486450914287e+04  1.561836100000e+01  6.288667788305e-02
 5.486451648132e+04  1.558267000000e+01  6.254227312015e-02
 5.486452364058e+04  1.549238200000e+01  6.174553597754e-02
 5.486453091734e+04  1.527769100000e+01  6.006263802679e-02
 5.504222504133e+04  1.555263100000e+01  6.843090019631e-02
 5.504223048241e+04  1.549701800000e+01  6.791279557996e-02
 5.504223579946e+04  1.547649000000e+01  6.761438425387e-02
 5.504224115513e+04  1.552110200000e+01  6.822549479416e-02
 5.499630365167e+04  1.554234000000e+01  6.281742931133e-02
 5.499631021229e+04  1.551707600000e+01  6.260584208206e-02
 5.499631682375e+04  1.551989900000e+01  6.262336849221e-02
 5.499632337206e+04  1.553280800000e+01  6.277013368174e-02
 5.500431442035e+04  1.547155700000e+01  6.231556104299e-02
 5.500432112508e+04  1.526835000000e+01  6.070292298241e-02
 5.500432775562e+04  1.499738100000e+01  5.884594342049e-02
 5.500433441870e+04  1.480463300000e+01  5.773525621170e-02
 5.489149142888e+04  1.463456000000e+01  5.639081874682e-02
 5.489149935983e+04  1.469200100000e+01  5.666534325072e-02
 5.489150719668e+04  1.473963200000e+01  5.690143028700e-02
 5.489151508758e+04  1.480227000000e+01  5.720645038328e-02
 5.491844174499e+04  1.494116700000e+01  5.832031068078e-02
 5.491844712743e+04  1.495429100000e+01  5.840331395493e-02
 5.491845253895e+04  1.496831900000e+01  5.847950902225e-02
 5.491845802312e+04  1.500059800000e+01  5.867053881820e-02
 5.495433099927e+04  1.504829600000e+01  6.675831200546e-02
 5.495435274182e+04  1.508871200000e+01  6.076000434662e-02
 5.495525996067e+04  1.527715200000e+01  6.466979235291e-02
 5.495526585844e+04  1.503816100000e+01  6.245438503285e-02
 5.495527162922e+04  1.488344900000e+01  6.132071824256e-02
 5.495527759016e+04  1.473735700000e+01  6.003424518003e-02
 5.496539789006e+04  1.492675000000e+01  5.854294930988e-02
 5.496540413366e+04  1.499474900000e+01  5.896738530172e-02
 5.496541041268e+04  1.504087400000e+01  5.901566809009e-02
 5.496541650153e+04  1.504454600000e+01  5.934256188008e-02
 5.498036090198e+04  1.552557300000e+01  6.307208157954e-02
 5.498036851546e+04  1.552760000000e+01  6.311004738544e-02
 5.498037618207e+04  1.555847400000e+01  6.342507382224e-02
 5.498038395433e+04  1.552974900000e+01  6.323422872287e-02
 5.509712361677e+04  1.558123100000e+01  6.381326133528e-02
 5.509712851889e+04  1.557683400000e+01  6.382543072672e-02
 5.509713343279e+04  1.559888900000e+01  6.411625041484e-02
 5.509713833306e+04  1.562228900000e+01  6.436498581958e-02
 5.529344183672e+04  1.454042400000e+01  5.616322731843e-02
 5.529344822167e+04  1.451664100000e+01  5.607100829781e-02
 5.529345455473e+04  1.456662200000e+01  5.626426123776e-02
 5.529346094014e+04  1.459717500000e+01  5.642264639039e-02
 5.520253555534e+04  1.554966600000e+01  6.737840445630e-02
 5.520254016215e+04  1.555844300000e+01  6.743655930017e-02
 5.520254481738e+04  1.558226300000e+01  6.985696687250e-02
 5.538222136510e+04  1.519072000000e+01  6.022775598064e-02
 5.538222986161e+04  1.523338900000e+01  6.056573857014e-02
 5.538223840509e+04  1.521521500000e+01  6.046391234196e-02
 5.538224702233e+04  1.525335500000e+01  6.072791651722e-02
 5.534934468733e+04  1.470377700000e+01  5.715375073908e-02
 5.534935099250e+04  1.457863100000e+01  5.654191445030e-02
 5.534935734804e+04  1.452325800000e+01  5.628772468489e-02
 5.534936364164e+04  1.453417300000e+01  5.635253839536e-02
 5.535529406839e+04  1.512052200000e+01  6.278214314349e-02
 5.535529855021e+04  1.512064700000e+01  6.372312342516e-02
 5.535530311042e+04  1.511097300000e+01  6.386960330396e-02
 5.535530763043e+04  1.517094700000e+01  6.395604480039e-02
 5.536428259892e+04  1.517213100000e+01  5.991438237391e-02
 5.536428720078e+04  1.519953800000e+01  6.014017983840e-02
 5.536429175157e+04  1.521254900000e+01  6.022576101719e-02
 5.536429637664e+04  1.522396900000e+01  6.031715979812e-02
 5.536823082992e+04  1.553061200000e+01  6.294211186437e-02
 5.536823880405e+04  1.550957700000e+01  6.269341217484e-02
 5.536824675434e+04  1.549444600000e+01  6.256250086600e-02
 5.536825475152e+04  1.548070500000e+01  6.249566798029e-02
 5.527249626410e+04  1.520724200000e+01  5.986063535379e-02
 5.527250322986e+04  1.522571400000e+01  6.000474438913e-02
 5.527251019861e+04  1.525041700000e+01  6.017910160004e-02
 5.527251713709e+04  1.525977300000e+01  6.027292329552e-02
 5.532334456552e+04  1.555608400000e+01  6.287900218498e-02
 5.532335209229e+04  1.556176400000e+01  6.292803212651e-02
 5.532335961049e+04  1.555239300000e+01  6.282936018394e-02
 5.532336705500e+04  1.554112500000e+01  6.272516151207e-02
 5.533233843979e+04  1.555278500000e+01  6.291839267546e-02
 5.533234541007e+04  1.556511100000e+01  6.302264603139e-02
 5.533235236875e+04  1.557406600000e+01  6.311136298458e-02
 5.533235933929e+04  1.556606600000e+01  6.303640325585e-02
 5.534024279657e+04  1.555191300000e+01  6.311540430572e-02
 5.534024963373e+04  1.553993400000e+01  6.299431057202e-02
 5.534025650850e+04  1.553417800000e+01  6.290260357122e-02
 5.534026342505e+04  1.554070200000e+01  6.298644291970e-02
 5.545612441750e+04  1.529213400000e+01  6.087050850372e-02
 5.545613925544e+04  1.532948700000e+01  6.129607952889e-02
 5.545614669391e+04  1.532917400000e+01  6.135638668074e-02
 5.567544836522e+04  1.490834300000e+01  6.058411658457e-02
 5.567545450291e+04  1.495104900000e+01  6.091892937548e-02
 5.567546060845e+04  1.496699800000e+01  6.110957226127e-02
 5.567546674949e+04  1.499548400000e+01  6.136258270985e-02
 5.571326704650e+04  1.565074700000e+01  7.263587319845e-02
 5.571327209723e+04  1.558002200000e+01  7.042952775282e-02
 5.571327720848e+04  1.560987600000e+01  6.842201465044e-02
 5.571328238237e+04  1.561227000000e+01  6.607864122164e-02
 5.565041131500e+04  1.557629400000e+01  6.399261941851e-02
 5.565041925384e+04  1.557151800000e+01  6.414056082147e-02
 5.565042723086e+04  1.555397600000e+01  6.374069931533e-02
 5.565043531740e+04  1.554863700000e+01  6.362128418607e-02
 5.568743106632e+04  1.562694000000e+01  6.497928844676e-02
 5.568743787727e+04  1.562501900000e+01  6.492052325031e-02
 5.568744477043e+04  1.561041200000e+01  6.477147434436e-02
 5.568745156568e+04  1.564784200000e+01  6.515827463491e-02
 5.570637712549e+04  1.557730300000e+01  6.407105349252e-02
 5.570638649171e+04  1.552008500000e+01  6.354344113700e-02
 5.570639574646e+04  1.553524000000e+01  6.372327905577e-02
 5.570640508259e+04  1.553940100000e+01  6.380718573411e-02
 5.495436492347e+04  1.514783300000e+01  6.083452784030e-02
 5.495438686118e+04  1.519284100000e+01  6.219838434117e-02
 5.598844457942e+04  1.543992700000e+01  6.220257892962e-02
 5.598845169669e+04  1.544896600000e+01  6.224007406612e-02
 5.598845885243e+04  1.545997500000e+01  6.233170063833e-02
 5.598846605314e+04  1.549238700000e+01  6.260863738430e-02
 5.601245411701e+04  1.478532400000e+01  5.809571359106e-02
 5.601245919069e+04  1.468081700000e+01  5.748840229865e-02
 5.601246419514e+04  1.460253200000e+01  5.704084294803e-02
 5.601246931949e+04  1.455489100000e+01  5.678448862449e-02
 5.603539486367e+04  1.537861800000e+01  6.181644976389e-02
 5.603539771390e+04  1.543356700000e+01  6.228447829280e-02
 5.603540055085e+04  1.547787400000e+01  6.265381275610e-02
 5.603540340343e+04  1.546192800000e+01  6.250613130768e-02
 5.604630283271e+04  1.492229500000e+01  5.702740545114e-02
 5.604631305674e+04  1.496013700000e+01  5.721182158215e-02
 5.604632332938e+04  1.499875200000e+01  5.742952841763e-02
 5.604633363853e+04  1.503514500000e+01  5.761261385906e-02
 5.608739347146e+04  1.455010400000e+01  5.628514763042e-02
 5.608739862425e+04  1.459277900000e+01  5.649790781739e-02
 5.608740377184e+04  1.460934900000e+01  5.660132081868e-02
 5.608740885464e+04  1.465566700000e+01  5.685729281132e-02
 5.609325545063e+04  1.489127100000e+01  5.818107270115e-02
 5.609326385404e+04  1.493600100000e+01  5.849227597703e-02
 5.609327228346e+04  1.497285200000e+01  5.874132334744e-02
 5.609328075742e+04  1.501749900000e+01  5.901223676894e-02
 5.609921345689e+04  1.543787200000e+01  6.290709094633e-02
 5.609922193936e+04  1.543841000000e+01  6.249992691430e-02
 5.609923041272e+04  1.542439700000e+01  6.228188235288e-02
 5.609923890318e+04  1.545276000000e+01  6.249002216578e-02
 5.618711487282e+04  1.463117700000e+01  5.465093718066e-02
 5.618712041991e+04  1.467337300000e+01  5.480900096453e-02
 5.618712599059e+04  1.469802400000e+01  5.490233342210e-02
 5.618713153010e+04  1.473412500000e+01  5.506238707374e-02
