# time mag mag_err
 5.372850235457e+04  1.607070000000e+01  7.207921170515e-02
 5.372851155608e+04  1.601940300000e+01  7.246189621028e-02
 5.372852075155e+04  1.595532700000e+01  7.119263216171e-02
 5.372852993442e+04  1.606073600000e+01  7.307773975240e-02
 5.352916609601e+04  1.592025100000e+01  6.844522082520e-02
 5.352917202640e+04  1.589821000000e+01  6.818585633259e-02
 5.352917795354e+04  1.598027100000e+01  6.929291645319e-02
 5.352918392630e+04  1.597582500000e+01  6.927249901612e-02
 5.349816042417e+04  1.600978300000e+01  6.920805979784e-02
 5.349816688213e+04  1.602060100000e+01  6.935618613309e-02
 5.349817339206e+04  1.603105400000e+01  6.951653810529e-02
 5.349817993185e+04  1.607093700000e+01  6.999771552247e-02
 5.352018469811e+04  1.600279000000e+01  7.087635118824e-02
 5.352019112216e+04  1.628175700000e+01  1.048615013598e-01
 5.352020069417e+04  1.591552300000e+01  7.961871702125e-02
 5.352020710711e+04  1.612854000000e+01  7.382076261782e-02
 5.368649162958e+04  1.596991800000e+01  6.936007815531e-02
 5.368649812516e+04  1.596257500000e+01  6.921649544975e-02
 5.368650469575e+04  1.594733800000e+01  6.893211441570e-02
 5.368651121911e+04  1.592586700000e+01  6.858735068845e-02
 5.370446369242e+04  1.560678500000e+01  6.514503585199e-02
 5.370447013742e+04  1.549864000000e+01  6.402240750569e-02
 5.370447659734e+04  1.540409500000e+01  6.314401053776e-02
 5.370448307382e+04  1.527471800000e+01  6.220957711123e-02
 5.382722777178e+04  1.603235300000e+01  7.027594088960e-02
 5.382723329301e+04  1.600651000000e+01  6.994592129330e-02
 5.382723883345e+04  1.602994200000e+01  7.028537453583e-02
 5.382724439437e+04  1.599639700000e+01  6.980914975292e-02
 5.384323048610e+04  1.583912100000e+01  6.863134242955e-02
 5.384323858222e+04  1.582994300000e+01  6.859861302563e-02
 5.384324667765e+04  1.586662600000e+01  6.907789378265e-02
 5.384325476288e+04  1.586488900000e+01  6.908021767503e-02
 5.385219666738e+04  1.528725600000e+01  6.237623797918e-02
 5.385220444531e+04  1.533302200000e+01  6.276703591465e-02
 5.385221225414e+04  1.534291500000e+01  6.287345466180e-02
 5.385222005581e+04  1.544131100000e+01  6.378583716097e-02
 5.409251574530e+04  1.598385000000e+01  6.800289107558e-02
 5.409252056707e+04  1.601949800000e+01  6.837986244377e-02
 5.409252537378e+04  1.600524400000e+01  6.815460475420e-02
 5.409253021697e+04  1.602051800000e+01  6.786375925622e-02
 5.378737848152e+04  1.579990000000e+01  6.691577327425e-02
 5.378738442116e+04  1.584689900000e+01  6.748610313262e-02
 5.378739038002e+04  1.579701900000e+01  6.690445537275e-02
 5.378739634721e+04  1.585534000000e+01  6.753724809043e-02
 5.374444258451e+04  1.591920900000e+01  6.896545220026e-02
 5.374444806256e+04  1.590495500000e+01  6.881488415992e-02
 5.374445354999e+04  1.591633300000e+01  6.898829906511e-02
 5.374445905141e+04  1.588912400000e+01  6.856674369378e-02
 5.376142223308e+04  1.520616100000e+01  6.119225096542e-02
 5.376142863073e+04  1.523496300000e+01  6.139799874454e-02
 5.376143506589e+04  1.525195800000e+01  6.154989460068e-02
 5.376144152733e+04  1.527717600000e+01  6.180022561500e-02
 5.390518908073e+04  1.604017300000e+01  1.329810732469e-01
 5.390519014780e+04  1.609486400000e+01  1.363120927476e-01
 5.390519117435e+04  1.594669500000e+01  1.282477004470e-01
 5.390519220531e+04  1.597842300000e+01  1.302034838585e-01
 5.379732461422e+04  1.609435000000e+01  1.309900739645e-01
 5.379732485104e+04  1.611336400000e+01  1.317746555485e-01
 5.379732508867e+04  1.607477700000e+01  1.281667409521e-01
 5.379732533116e+04  1.617527400000e+01  1.301142835629e-01
 5.381724244291e+04  1.533283000000e+01  6.298878879206e-02
 5.381725048394e+04  1.518569000000e+01  6.192486580213e-02
 5.381725863527e+04  1.520105000000e+01  6.210173495020e-02
 5.381726673000e+04  1.519138900000e+01  6.230382299930e-02
 5.385820036535e+04  1.562859000000e+01  6.619734859936e-02
 5.385820693454e+04  1.570128700000e+01  6.703758887129e-02
 5.385821349598e+04  1.570832800000e+01  6.710803240138e-02
 5.385822009584e+04  1.570895600000e+01  6.716672863249e-02
 5.387618160367e+04  1.603462500000e+01  7.147153223772e-02
 5.387618903946e+04  1.601209100000e+01  7.111350247157e-02
 5.387619647247e+04  1.600817900000e+01  7.117810430998e-02
 5.387620390733e+04  1.603148100000e+01  7.163047765258e-02
 5.419822866755e+04  1.594072900000e+01  6.906164157965e-02
 5.419823462142e+04  1.598947300000e+01  7.026333748975e-02
 5.419824060807e+04  1.596936600000e+01  7.050596443022e-02
 5.419824657747e+04  1.596456900000e+01  7.379374598625e-02
 5.420524259742e+04  1.600717200000e+01  6.889967088953e-02
 5.420524799850e+04  1.595653700000e+01  6.833439715710e-02
 5.420525336394e+04  1.599369400000e+01  6.876370734067e-02
 5.420525878098e+04  1.597156400000e+01  6.852703060182e-02
 5.421425712130e+04  1.573179600000e+01  6.573080609980e-02
 5.421426369200e+04  1.577025600000e+01  6.621149067236e-02
 5.421427023353e+04  1.575472500000e+01  6.606722298474e-02
 5.421427674589e+04  1.574562900000e+01  6.598162004222e-02
 5.443747709472e+04  1.515471000000e+01  6.012599488389e-02
 5.443748304142e+04  1.517779400000e+01  6.029483881728e-02
 5.443748896638e+04  1.516369600000e+01  6.020368657400e-02
 5.443749489259e+04  1.517407600000e+01  6.024886233078e-02
 5.413937131213e+04  1.615345900000e+01  7.276722127660e-02
 5.413937667976e+04  1.614276500000e+01  7.423595532071e-02
 5.413938203164e+04  1.615013500000e+01  7.227846594029e-02
 5.413938739024e+04  1.609115800000e+01  7.306449660054e-02
 5.411534850049e+04  1.540603800000e+01  6.205677355382e-02
 5.411535804703e+04  1.549648700000e+01  6.278880100996e-02
 5.411536763559e+04  1.548433200000e+01  6.265888903429e-02
 5.411537720806e+04  1.554864400000e+01  6.318149938829e-02
 5.416843099287e+04  1.531405500000e+01  6.167430090374e-02
 5.416843410471e+04  1.528633600000e+01  6.143767006787e-02
 5.416843724608e+04  1.525808400000e+01  6.124972487706e-02
 5.416844033118e+04  1.524291800000e+01  6.110552418837e-02
 5.417429955310e+04  1.601737900000e+01  6.847661172530e-02
 5.417430672140e+04  1.592504400000e+01  6.734456038932e-02
 5.417431383054e+04  1.573030700000e+01  6.516506793803e-02
 5.417432098877e+04  1.555911600000e+01  6.350650356766e-02
 5.422921173359e+04  1.551180000000e+01  6.400340560097e-02
 5.422922038749e+04  1.556853200000e+01  6.464270348463e-02
 5.422922904822e+04  1.555196200000e+01  6.447935375694e-02
 5.422923772447e+04  1.561633200000e+01  6.516153965729e-02
 5.458126471976e+04  1.600735300000e+01  7.000746848849e-02
 5.458127180588e+04  1.604993400000e+01  7.012462684871e-02
 5.458127889546e+04  1.606996500000e+01  7.095329200790e-02
 5.458128598541e+04  1.607695600000e+01  7.103949469365e-02
 5.452331204652e+04  1.609072200000e+01  6.957153498872e-02
 5.452331905809e+04  1.612494300000e+01  7.002119238648e-02
 5.452332609258e+04  1.611642400000e+01  6.995082894311e-02
 5.452333312047e+04  1.608659200000e+01  6.955113339428e-02
 5.448240266965e+04  1.596394700000e+01  6.867652371515e-02
 5.448240695807e+04  1.598263200000e+01  6.966478885141e-02
 5.448241123918e+04  1.607408100000e+01  7.519834889926e-02
 5.448241551578e+04  1.604824200000e+01  8.099742112852e-02
 5.462517854293e+04  1.595704700000e+01  6.888614527764e-02
 5.462518576181e+04  1.600356000000e+01  6.943817503250e-02
 5.462519293669e+04  1.599437800000e+01  6.948882484935e-02
 5.462520007443e+04  1.601230300000e+01  6.972183428372e-02
 5.453627897431e+04  1.517433100000e+01  5.830138104127e-02
 5.453628489774e+04  1.515234800000e+01  5.819238720439e-02
 5.453629079677e+04  1.515726400000e+01  5.818661830188e-02
 5.453629667032e+04  1.519641800000e+01  5.841198422920e-02
 5.454928519640e+04  1.562915100000e+01  6.707195565664e-02
 5.454929099380e+04  1.562115700000e+01  6.696214765038e-02
 5.454929679235e+04  1.565630500000e+01  6.739225289476e-02
 5.454930257863e+04  1.569361500000e+01  6.783120844181e-02
 5.459120171659e+04  1.569628700000e+01  6.526660820163e-02
 5.459120977394e+04  1.569778100000e+01  6.530120092042e-02
 5.459121782538e+04  1.572174400000e+01  6.557604454992e-02
 5.459122587566e+04  1.574203100000e+01  6.582588063408e-02
 5.493924197348e+04  1.589084400000e+01  6.734651582619e-02
 5.493924665230e+04  1.587671900000e+01  6.714895880334e-02
 5.493925156530e+04  1.592046500000e+01  6.722116692986e-02
 5.493925635373e+04  1.593014600000e+01  6.783395565535e-02
 5.494822831830e+04  1.547875400000e+01  6.322602952250e-02
 5.494823501112e+04  1.554322500000e+01  6.381669805064e-02
 5.494824175778e+04  1.553231600000e+01  6.375120659825e-02
 5.494824825150e+04  1.555451000000e+01  6.399501483801e-02
 5.486341157856e+04  1.559407600000e+01  6.094255333846e-02
 5.486341811060e+04  1.561761100000e+01  6.112631743917e-02
 5.486342464148e+04  1.563381400000e+01  6.120550973986e-02
 5.486343119541e+04  1.564908700000e+01  6.135604644354e-02
 5.487743656359e+04  1.576642000000e+01  6.643476436759e-02
 5.487744190726e+04  1.577583500000e+01  6.573222720671e-02
 5.487744736250e+04  1.580584800000e+01  6.601447750051e-02
 5.487745285919e+04  1.580336500000e+01  6.597756970742e-02
 5.485637825052e+04  1.537406200000e+01  6.154308014158e-02
 5.485638606122e+04  1.544958200000e+01  6.217022513142e-02
 5.485639398267e+04  1.544123000000e+01  6.208497179794e-02
 5.485640184962e+04  1.547659900000e+01  6.238821428321e-02
 5.500617261671e+04  1.521734100000e+01  6.645214133794e-02
 5.500617751036e+04  1.525615000000e+01  6.697710694425e-02
 5.500618238005e+04  1.530393700000e+01  6.774091783486e-02
 5.500618730112e+04  1.529943100000e+01  6.782439271588e-02
 5.490538712344e+04  1.582773400000e+01  6.643288031590e-02
 5.490539270219e+04  1.582671700000e+01  6.641257443063e-02
 5.490539823602e+04  1.585286500000e+01  6.674748002960e-02
 5.490540382912e+04  1.597403200000e+01  6.818248841083e-02
 5.491127174198e+04  1.575129800000e+01  6.248715907342e-02
 5.491127869071e+04  1.578354400000e+01  6.275196971007e-02
 5.491128563874e+04  1.577938800000e+01  6.272595239033e-02
 5.491129258745e+04  1.578167200000e+01  6.273879175484e-02
 5.491820729054e+04  1.564579600000e+01  6.465266699457e-02
 5.491821209404e+04  1.567800700000e+01  6.491171267696e-02
 5.491821688387e+04  1.567588500000e+01  6.490863152897e-02
 5.491822176987e+04  1.564081600000e+01  6.454569165482e-02
 5.496715712943e+04  1.586171700000e+01  6.772502184773e-02
 5.496716818486e+04  1.586400200000e+01  6.777149322145e-02
 5.496717916076e+04  1.595349200000e+01  6.893004955824e-02
 5.496719011793e+04  1.591203900000e+01  6.834642200980e-02
 5.515448037763e+04  1.560104600000e+01  6.493818001009e-02
 5.515448681162e+04  1.565748900000e+01  6.543205703381e-02
 5.515449341461e+04  1.568131200000e+01  6.564649367107e-02
 5.515449997141e+04  1.566713600000e+01  6.541636642929e-02
 5.529029380656e+04  1.555656000000e+01  6.392770559592e-02
 5.529030075795e+04  1.556063300000e+01  6.396882743576e-02
 5.529030773355e+04  1.557276000000e+01  6.414781122641e-02
 5.529031467964e+04  1.557751500000e+01  6.419666434505e-02
 5.529919693270e+04  1.600564300000e+01  6.880727860437e-02
 5.553150119564e+04  1.578157200000e+01  6.668436921142e-02
 5.553151162544e+04  1.578045900000e+01  6.674428247141e-02
 5.553151688762e+04  1.581692800000e+01  6.686427043164e-02
 5.553846647855e+04  1.574900100000e+01  6.610918106005e-02
 5.553847809685e+04  1.573784600000e+01  6.595977593931e-02
 5.553848389219e+04  1.575888400000e+01  6.616808883063e-02
 5.554545043506e+04  1.573577000000e+01  6.605396231687e-02
 5.554546679958e+04  1.577557500000e+01  6.643845645735e-02
 5.554547498407e+04  1.577981300000e+01  6.642056451200e-02
 5.535417635920e+04  1.543090800000e+01  6.311531065292e-02
 5.535418314030e+04  1.539550200000e+01  6.285343053263e-02
 5.535419000321e+04  1.541722400000e+01  6.883183542417e-02
 5.535419690111e+04  1.550866700000e+01  7.348487468614e-02
 5.536018854218e+04  1.578458000000e+01  6.725068514365e-02
 5.536019311278e+04  1.573849300000e+01  6.679304920922e-02
 5.536019772041e+04  1.576628900000e+01  6.717054849754e-02
 5.536020231498e+04  1.578706600000e+01  6.747470405356e-02
 5.537016511919e+04  1.612148700000e+01  7.846345570101e-02
 5.537017055142e+04  1.616068700000e+01  7.941297868093e-02
 5.537017603040e+04  1.604767800000e+01  7.732951191342e-02
 5.537018147303e+04  1.603853000000e+01  7.728156967527e-02
 5.526031812659e+04  1.576187000000e+01  6.599887894455e-02
 5.526032393779e+04  1.578725200000e+01  6.625071997495e-02
 5.526032971087e+04  1.576421800000e+01  6.599607278794e-02
 5.526033541039e+04  1.585805400000e+01  6.705937067983e-02
 5.526724924550e+04  1.564836800000e+01  6.495676990982e-02
 5.526725500736e+04  1.565082500000e+01  6.490718539926e-02
 5.526726078743e+04  1.568219700000e+01  6.525480855087e-02
 5.526726657985e+04  1.570911100000e+01  6.554679508510e-02
 5.527532147769e+04  1.573909200000e+01  6.561484421437e-02
 5.527532842670e+04  1.574416200000e+01  6.566370966861e-02
 5.527533539731e+04  1.575829300000e+01  6.594451855257e-02
 5.527534237590e+04  1.578079800000e+01  6.626044565315e-02
 5.532422154476e+04  1.577869500000e+01  6.632743460071e-02
 5.532422892359e+04  1.578670200000e+01  6.643963513493e-02
 5.532423647454e+04  1.583920600000e+01  6.705954110124e-02
 5.532424397160e+04  1.581784500000e+01  6.685195018569e-02
 5.534120545356e+04  1.548270400000e+01  6.335688360198e-02
 5.534121120087e+04  1.537466400000e+01  6.242808801731e-02
 5.534121698021e+04  1.527723500000e+01  6.159410843308e-02
 5.534122274463e+04  1.520007700000e+01  6.101287168610e-02
 5.550751515723e+04  1.592262700000e+01  6.839694050064e-02
 5.550751977309e+04  1.599883500000e+01  6.927136617762e-02
 5.550752208190e+04  1.597792500000e+01  6.902373499343e-02
 5.565627461938e+04  1.604351300000e+01  6.626282225673e-02
 5.565628081494e+04  1.600922700000e+01  6.591264466051e-02
 5.565628704101e+04  1.599809700000e+01  6.581752942149e-02
 5.565629319260e+04  1.601541400000e+01  6.600079891117e-02
 5.566415610591e+04  1.570235600000e+01  6.645962382047e-02
 5.566416136655e+04  1.585003700000e+01  6.825043229298e-02
 5.566416661878e+04  1.589551600000e+01  6.874009840136e-02
 5.566417182358e+04  1.587596500000e+01  6.851328614347e-02
 5.560246255795e+04  1.591972300000e+01  6.484096676661e-02
 5.560247157520e+04  1.595480700000e+01  6.523919532358e-02
 5.560248064847e+04  1.600217200000e+01  6.576470794311e-02
 5.560248969603e+04  1.601728000000e+01  6.589268776974e-02
 5.561743973485e+04  1.586249300000e+01  6.766065315974e-02
 5.561744776082e+04  1.588951300000e+01  6.795136336593e-02
 5.561745592101e+04  1.592076400000e+01  6.841262813282e-02
 5.561746401352e+04  1.593642800000e+01  6.860487679624e-02
 5.557448067781e+04  1.579308100000e+01  6.693484270909e-02
 5.557448643539e+04  1.584047100000e+01  6.733133089180e-02
 5.557449224538e+04  1.587266000000e+01  6.756528257400e-02
 5.557449807843e+04  1.587964900000e+01  6.747587921883e-02
 5.558750018895e+04  1.599261700000e+01  6.905457651530e-02
 5.558750721811e+04  1.603091700000e+01  6.961295973155e-02
 5.558751420588e+04  1.607535200000e+01  7.027479505433e-02
 5.558752125035e+04  1.603477400000e+01  6.977204913042e-02
 5.562434183500e+04  1.564354400000e+01  6.252860195449e-02
 5.562435220156e+04  1.570287800000e+01  6.307259468975e-02
 5.562436251044e+04  1.569673100000e+01  6.306592598303e-02
 5.562437285138e+04  1.570322100000e+01  6.313909922001e-02
 5.564522005661e+04  1.543675000000e+01  6.348143742349e-02
 5.564522631698e+04  1.545308600000e+01  6.363256068655e-02
 5.564523262727e+04  1.548665200000e+01  6.392587563195e-02
 5.564523891740e+04  1.546128400000e+01  6.363528085806e-02
 5.568917682833e+04  1.535149200000e+01  6.287449188036e-02
 5.568918195671e+04  1.526440400000e+01  6.214667871521e-02
 5.568918704991e+04  1.520991200000e+01  6.168360981439e-02
 5.568919226999e+04  1.515943500000e+01  6.125709359627e-02
 5.589247137641e+04  1.604628800000e+01  6.950208846985e-02
 5.589247664659e+04  1.596045900000e+01  6.833227747368e-02
 5.589248190699e+04  1.602393000000e+01  6.909029796156e-02
 5.589248717936e+04  1.598546700000e+01  6.855386457333e-02
 5.592351236797e+04  1.583374300000e+01  6.666099497015e-02
 5.592351807207e+04  1.581768400000e+01  6.638818967041e-02
 5.592352376677e+04  1.586026200000e+01  6.696738429308e-02
 5.592352948442e+04  1.582663800000e+01  6.656336388365e-02
 5.599924525471e+04  1.586674100000e+01  6.751022536271e-02
 5.599925035035e+04  1.587023800000e+01  6.757031589503e-02
 5.599925547560e+04  1.589439600000e+01  6.780983568558e-02
 5.599926054981e+04  1.586165900000e+01  6.737189123459e-02
 5.600724184715e+04  1.570190700000e+01  6.253968092476e-02
 5.600725209003e+04  1.572899800000e+01  6.276500133314e-02
 5.600726226992e+04  1.579496300000e+01  6.342720547370e-02
 5.600727245265e+04  1.580264600000e+01  6.347039187303e-02
 5.601626691657e+04  1.539422100000e+01  6.277908297334e-02
 5.601627375110e+04  1.542248500000e+01  6.300255635451e-02
 5.601628068802e+04  1.541982100000e+01  6.375172983401e-02
 5.601628760664e+04  1.546156900000e+01  6.352890128264e-02
 5.602818537475e+04  1.571558300000e+01  6.634083141622e-02
 5.602819053302e+04  1.571798600000e+01  6.633687917492e-02
 5.602819562402e+04  1.573247700000e+01  6.646695617793e-02
 5.602820082615e+04  1.577217600000e+01  6.686385386439e-02
 5.603519771819e+04  1.577615900000e+01  6.656048669085e-02
 5.603520336038e+04  1.584607800000e+01  6.736538362017e-02
 5.603520900255e+04  1.584335400000e+01  6.733000038235e-02
 5.603521460329e+04  1.587911000000e+01  6.774466283472e-02
 5.604616170372e+04  1.603186300000e+01  7.023894448375e-02
 5.604617007157e+04  1.600089100000e+01  6.975811700562e-02
 5.604617863181e+04  1.601111800000e+01  6.993611437039e-02
 5.604618718362e+04  1.606135800000e+01  7.070125994232e-02
 5.609615915582e+04  1.612001200000e+01  6.702071924161e-02
 5.609616595488e+04  1.616052600000e+01  6.762055586955e-02
 5.609617268844e+04  1.615398200000e+01  6.752595445978e-02
 5.609617958149e+04  1.606525500000e+01  6.658674621584e-02
