# time mag mag_err
 5.371437690456e+04  1.598272600000e+01  6.691141156382e-02
 5.371438394877e+04  1.597029900000e+01  6.674510214248e-02
 5.371439102818e+04  1.598641700000e+01  6.689382384449e-02
 5.371439814485e+04  1.598265800000e+01  6.680221333404e-02
 5.353118299608e+04  1.608413400000e+01  7.203382865504e-02
 5.353119028382e+04  1.603982200000e+01  7.146847754110e-02
 5.353119759808e+04  1.613474100000e+01  7.298217159409e-02
 5.353120487517e+04  1.613970700000e+01  7.314595323708e-02
 5.408536977476e+04  1.601013600000e+01  6.760895435895e-02
 5.408538008627e+04  1.606943600000e+01  6.723332830379e-02
 5.408539208247e+04  1.603724100000e+01  6.784893815091e-02
 5.408540261853e+04  1.610085400000e+01  6.858662104847e-02
 5.376930721251e+04  1.569640900000e+01  6.855812017176e-02
 5.376931763549e+04  1.566956000000e+01  6.790638599117e-02
 5.376932829725e+04  1.572611700000e+01  6.709297917253e-02
 5.376933909732e+04  1.575492400000e+01  7.004783538869e-02
 5.379321687608e+04  1.604730300000e+01  6.859193662082e-02
 5.379322249638e+04  1.605994100000e+01  6.817654749936e-02
 5.379322809874e+04  1.606841600000e+01  7.465136703866e-02
 5.379323371939e+04  1.597579500000e+01  8.142903852597e-02
 5.374526839143e+04  1.608714000000e+01  6.880620791033e-02
 5.374527805545e+04  1.602805900000e+01  6.801335377321e-02
 5.374528774147e+04  1.606434600000e+01  6.841293383568e-02
 5.374529743767e+04  1.610897600000e+01  6.897145854704e-02
 5.390116387212e+04  1.584588000000e+01  1.160583890733e-01
 5.390116486789e+04  1.579130500000e+01  1.137459373839e-01
 5.390116586123e+04  1.577380400000e+01  1.131537835361e-01
 5.390116686324e+04  1.575354100000e+01  1.122519296122e-01
 5.386320524536e+04  1.582691900000e+01  6.618543302730e-02
 5.386321175344e+04  1.586018200000e+01  6.654635544531e-02
 5.386321833826e+04  1.585331700000e+01  6.652906838522e-02
 5.386322495259e+04  1.587608500000e+01  6.683873672905e-02
 5.388418095034e+04  1.604995900000e+01  6.912261292567e-02
 5.388418748561e+04  1.609206400000e+01  6.974193227559e-02
 5.388419403825e+04  1.605591100000e+01  6.931907825946e-02
 5.388420057226e+04  1.606976600000e+01  6.947929733485e-02
 5.420821948641e+04  1.568182000000e+01  6.327433039261e-02
 5.420822771541e+04  1.569840200000e+01  6.348028652022e-02
 5.420823590400e+04  1.570062100000e+01  6.350926728150e-02
 5.420824414412e+04  1.572529500000e+01  6.376230947388e-02
 5.415721834576e+04  1.622699800000e+01  7.164929638998e-02
 5.426616038845e+04  1.574456900000e+01  5.945427749857e-02
 5.426616862162e+04  1.569613500000e+01  5.908387774534e-02
 5.426618106656e+04  1.565802200000e+01  5.892899546417e-02
 5.426618929313e+04  1.563868600000e+01  5.889492854196e-02
 5.427616429981e+04  1.580431800000e+01  6.807320205033e-02
 5.427616924763e+04  1.581288100000e+01  6.824633754529e-02
 5.427617425494e+04  1.577686400000e+01  6.787794251022e-02
 5.427617919951e+04  1.578211700000e+01  6.796339477661e-02
 5.417219341781e+04  1.610555700000e+01  6.753314746799e-02
 5.417219791109e+04  1.613099100000e+01  6.780974069178e-02
 5.417220243713e+04  1.613324600000e+01  6.785881543189e-02
 5.417220700355e+04  1.610439900000e+01  6.754490884487e-02
 5.417834137596e+04  1.594219400000e+01  6.567744315436e-02
 5.417834794480e+04  1.596019600000e+01  6.593104899076e-02
 5.417835449154e+04  1.595903300000e+01  6.592739335513e-02
 5.417836122035e+04  1.598755000000e+01  6.621385018463e-02
 5.423824413297e+04  1.572745100000e+01  6.610258293004e-02
 5.423824911331e+04  1.568752000000e+01  6.577092183640e-02
 5.423825407363e+04  1.564880400000e+01  6.528934023923e-02
 5.423825900744e+04  1.566325300000e+01  6.550782905833e-02
 5.424615570197e+04  1.566047100000e+01  6.383788978571e-02
 5.424616382390e+04  1.568708200000e+01  6.412430642351e-02
 5.424617198854e+04  1.565043400000e+01  6.379262916355e-02
 5.424618010388e+04  1.572504600000e+01  6.459503307755e-02
 5.480537909513e+04  1.565588300000e+01  6.278857895520e-02
 5.480538676403e+04  1.566237200000e+01  6.283562580506e-02
 5.480539457946e+04  1.568387100000e+01  6.298869626821e-02
 5.480540253656e+04  1.570458400000e+01  6.318482863579e-02
 5.463219250150e+04  1.586184400000e+01  6.966870756939e-02
 5.463219727212e+04  1.578507400000e+01  6.873585167288e-02
 5.463220204932e+04  1.577758700000e+01  6.873892970744e-02
 5.463220683359e+04  1.585629000000e+01  6.984350198191e-02
 5.479249198868e+04  1.562711800000e+01  6.345174542335e-02
 5.479249808205e+04  1.564544900000e+01  6.407391997866e-02
 5.479250408963e+04  1.571152900000e+01  6.834662445403e-02
 5.479251009456e+04  1.569366000000e+01  6.611165759583e-02
 5.494722583353e+04  1.581633100000e+01  6.746873920703e-02
 5.494723028272e+04  1.582168000000e+01  6.760739019154e-02
 5.494723462345e+04  1.580543800000e+01  6.736404709690e-02
 5.494723901545e+04  1.582130600000e+01  6.758736280939e-02
 5.518333659641e+04  1.590994000000e+01  6.543797550275e-02
 5.518334121655e+04  1.585830000000e+01  6.495018850991e-02
 5.518334586656e+04  1.582057900000e+01  6.462125908278e-02
 5.518335053961e+04  1.584442500000e+01  6.480213753010e-02
 5.487542303649e+04  1.611528000000e+01  7.028805286352e-02
 5.487542789229e+04  1.605012800000e+01  6.948162007043e-02
 5.487543283490e+04  1.608097100000e+01  6.992754246175e-02
 5.487543761407e+04  1.599987800000e+01  6.885786773710e-02
 5.488921914020e+04  1.578826400000e+01  6.378310193479e-02
 5.488922461697e+04  1.577050000000e+01  6.359869275136e-02
 5.488923011528e+04  1.578102300000e+01  6.369330303119e-02
 5.488923549054e+04  1.580023600000e+01  6.386448326335e-02
 5.486221580557e+04  1.603239000000e+01  6.658113400820e-02
 5.486222199743e+04  1.604993600000e+01  6.674207045975e-02
 5.486222820630e+04  1.604209600000e+01  6.661229642956e-02
 5.486223439874e+04  1.603972300000e+01  6.654252820171e-02
 5.491316171302e+04  1.611273800000e+01  6.737198007347e-02
 5.491316718334e+04  1.609094900000e+01  6.711940716035e-02
 5.491317271116e+04  1.611109000000e+01  6.735069485170e-02
 5.491317817350e+04  1.611899800000e+01  6.742227021093e-02
 5.492020963723e+04  1.601270100000e+01  6.665160099707e-02
 5.492021703876e+04  1.599729000000e+01  6.648330398257e-02
 5.492022451750e+04  1.605770200000e+01  6.712829468684e-02
 5.492023187587e+04  1.602533900000e+01  6.678777008906e-02
 5.514147165319e+04  1.601576600000e+01  6.715233648992e-02
 5.514147644383e+04  1.602043300000e+01  6.721435155268e-02
 5.514148118944e+04  1.599365900000e+01  6.689842609493e-02
 5.514148601851e+04  1.600933200000e+01  6.748863848399e-02
 5.515546033346e+04  1.567714600000e+01  6.325518423387e-02
 5.515546601477e+04  1.567236500000e+01  6.318444768226e-02
 5.515547162027e+04  1.563738200000e+01  6.286750793974e-02
 5.515547729521e+04  1.562340400000e+01  6.273034626796e-02
 5.529825200921e+04  1.601530500000e+01  6.705825801947e-02
 5.529825771321e+04  1.596772800000e+01  6.653798564387e-02
 5.529826340582e+04  1.599089700000e+01  6.682687366171e-02
 5.529826906907e+04  1.605328300000e+01  6.755988741315e-02
 5.524717573066e+04  1.569673100000e+01  6.377548020616e-02
 5.524718153178e+04  1.569658400000e+01  6.373015826029e-02
 5.524718739249e+04  1.573244300000e+01  6.407739556493e-02
 5.524719324686e+04  1.574686000000e+01  6.418705439061e-02
 5.527230293023e+04  1.582537300000e+01  6.467500516823e-02
 5.527230768694e+04  1.579278900000e+01  6.418986285528e-02
 5.527231240870e+04  1.583592900000e+01  6.457392533579e-02
 5.527231711378e+04  1.584157300000e+01  6.469766460483e-02
 5.532720278703e+04  1.621063600000e+01  6.979479578081e-02
 5.532720908088e+04  1.617310400000e+01  6.922493966490e-02
 5.532721543582e+04  1.618770200000e+01  6.951548914217e-02
 5.532722183488e+04  1.621035400000e+01  6.976051735447e-02
 5.560139114419e+04  1.616470800000e+01  6.973977686173e-02
 5.560139692887e+04  1.617011000000e+01  6.975475788407e-02
 5.560140272441e+04  1.615551400000e+01  6.956038971461e-02
 5.560140851170e+04  1.619612300000e+01  7.009337930121e-02
 5.557526871249e+04  1.587905700000e+01  7.047254844599e-02
 5.557527507150e+04  1.594508200000e+01  7.134263894570e-02
 5.557528144665e+04  1.593828100000e+01  7.120435586153e-02
 5.557528782729e+04  1.588975600000e+01  7.046877042999e-02
 5.563230625258e+04  1.579042500000e+01  6.520781326659e-02
 5.563231081531e+04  1.579510500000e+01  6.545788030510e-02
 5.563231540605e+04  1.575187000000e+01  6.492512130017e-02
 5.563232000061e+04  1.572162000000e+01  6.447153519768e-02
 5.569423466866e+04  1.598595300000e+01  7.058597018478e-02
 5.569424086296e+04  1.604819900000e+01  7.150111831973e-02
 5.569424704649e+04  1.606853200000e+01  7.186369561870e-02
 5.569425328480e+04  1.605500900000e+01  7.169494447068e-02
 5.586746505351e+04  1.594539800000e+01  6.299656610227e-02
 5.586747186672e+04  1.595654500000e+01  6.307833769378e-02
 5.586747870758e+04  1.598858800000e+01  6.333883435575e-02
 5.586748553920e+04  1.600739200000e+01  6.347773637216e-02
 5.592435391275e+04  1.617812100000e+01  6.530500447362e-02
 5.592436074895e+04  1.619710800000e+01  6.547907547135e-02
 5.592436752721e+04  1.621968600000e+01  6.569537347955e-02
 5.592437433588e+04  1.617020000000e+01  6.517710367869e-02
 5.595839725966e+04  1.601371000000e+01  6.673781078267e-02
 5.595840226652e+04  1.601216900000e+01  6.671067371201e-02
 5.595840736059e+04  1.594450700000e+01  6.597639215672e-02
 5.595841252612e+04  1.599995100000e+01  6.656896231412e-02
 5.598133710172e+04  1.600093700000e+01  6.671067371201e-02
 5.598134377451e+04  1.599452500000e+01  6.665880730901e-02
 5.598135047041e+04  1.602379400000e+01  6.699514863527e-02
 5.598135710253e+04  1.604570400000e+01  6.724016095256e-02
 5.598912846247e+04  1.594144100000e+01  6.665257233310e-02
 5.598913360068e+04  1.590300800000e+01  6.622764458860e-02
 5.598913868926e+04  1.594116600000e+01  6.662776695634e-02
 5.598914374241e+04  1.588424100000e+01  6.593507240633e-02
 5.601916873294e+04  1.585342200000e+01  6.530246853149e-02
 5.601917738795e+04  1.590958800000e+01  6.588767093088e-02
 5.601918603618e+04  1.594115100000e+01  6.639240444913e-02
 5.601919469647e+04  1.592488900000e+01  6.594180782285e-02
 5.603917698042e+04  1.584861100000e+01  6.557493352479e-02
 5.603918296338e+04  1.584484100000e+01  6.553566765693e-02
 5.603918890769e+04  1.585231100000e+01  6.563926827155e-02
 5.603919489190e+04  1.585943000000e+01  6.573507030064e-02
 5.606721662644e+04  1.594047900000e+01  6.596124476913e-02
 5.606722334912e+04  1.594226300000e+01  6.597977868991e-02
 5.606723007679e+04  1.594300100000e+01  6.602136372692e-02
 5.606723681972e+04  1.599817900000e+01  6.670781876886e-02
 5.608718067141e+04  1.587167700000e+01  6.528295200480e-02
 5.608718576576e+04  1.582661000000e+01  6.483220085265e-02
 5.608719088646e+04  1.588234000000e+01  6.545003441236e-02
 5.608719600083e+04  1.589231500000e+01  6.555821675851e-02
 5.609916169632e+04  1.584350700000e+01  6.602936916186e-02
 5.609916690484e+04  1.582933400000e+01  6.605939756582e-02
 5.609917205428e+04  1.576617200000e+01  6.547572058725e-02
 5.609917716391e+04  1.572435100000e+01  6.510547458260e-02
