# time mag mag_err
 5.346931908034e+04  1.559271200000e+01  6.398114642968e-02
 5.346932720678e+04  1.558822700000e+01  6.394874509730e-02
 5.346933532027e+04  1.556401000000e+01  6.379394628025e-02
 5.346934341140e+04  1.553315500000e+01  6.356668839880e-02
 5.373151589807e+04  1.555428700000e+01  6.372557125627e-02
 5.373152175449e+04  1.557201500000e+01  6.381067268579e-02
 5.373152763534e+04  1.562163500000e+01  6.429678463424e-02
 5.373153352475e+04  1.563476200000e+01  6.453630880673e-02
 5.355616341575e+04  1.542941600000e+01  6.307987973560e-02
 5.355616977775e+04  1.543035600000e+01  6.314561626156e-02
 5.355617622183e+04  1.548520200000e+01  6.365538339931e-02
 5.355618264008e+04  1.545614200000e+01  6.339211248589e-02
 5.352420125815e+04  1.569668600000e+01  6.522460618686e-02
 5.352420769609e+04  1.571855400000e+01  6.550810306639e-02
 5.352421414757e+04  1.569683700000e+01  6.525692792447e-02
 5.352422059765e+04  1.568602600000e+01  6.520419679840e-02
 5.349925056611e+04  1.560991000000e+01  6.406301028829e-02
 5.349925502466e+04  1.561062000000e+01  6.408971151989e-02
 5.349925944792e+04  1.561357300000e+01  6.410338289235e-02
 5.349926388969e+04  1.560305500000e+01  6.400046194862e-02
 5.350725176514e+04  1.513539000000e+01  6.052568744315e-02
 5.350726084603e+04  1.516626200000e+01  6.078517338811e-02
 5.350726726186e+04  1.517486200000e+01  6.088708076087e-02
 5.350727371542e+04  1.515910400000e+01  6.077335901688e-02
 5.382732602238e+04  1.559349600000e+01  6.454729724635e-02
 5.382733635508e+04  1.559728300000e+01  6.459359558626e-02
 5.382734653394e+04  1.558680900000e+01  6.450268842663e-02
 5.382735683538e+04  1.563469900000e+01  6.498500964839e-02
 5.383333655665e+04  1.555218700000e+01  6.649018521871e-02
 5.383335598782e+04  1.569125300000e+01  6.816645801153e-02
 5.383340345187e+04  1.565449400000e+01  6.795963860812e-02
 5.383341689167e+04  1.565043800000e+01  6.791806097767e-02
 5.385023239829e+04  1.461737600000e+01  5.729950329480e-02
 5.385023951554e+04  1.463313200000e+01  5.740436967451e-02
 5.385024651346e+04  1.469057900000e+01  5.772252508148e-02
 5.385025362145e+04  1.472378200000e+01  5.789469144454e-02
 5.409648774108e+04  1.531860900000e+01  6.303111885653e-02
 5.409649310396e+04  1.536353700000e+01  6.417286243959e-02
 5.409649845353e+04  1.537137000000e+01  6.424051797469e-02
 5.409650376977e+04  1.539722000000e+01  6.614384882330e-02
 5.376737598338e+04  1.553081000000e+01  6.370352053383e-02
 5.376738482988e+04  1.554664000000e+01  6.383263880426e-02
 5.376739367523e+04  1.555228200000e+01  6.382040129575e-02
 5.376740252752e+04  1.555188100000e+01  6.382961646138e-02
 5.379445888703e+04  1.542070200000e+01  6.280801905037e-02
 5.379446449865e+04  1.546126400000e+01  6.314850029267e-02
 5.379447005992e+04  1.544402600000e+01  6.319492272042e-02
 5.379447560846e+04  1.551475100000e+01  6.533007655241e-02
 5.376352271310e+04  1.552263100000e+01  6.340498854992e-02
 5.388723031459e+04  1.561101400000e+01  6.552669690395e-02
 5.388724003567e+04  1.561956000000e+01  6.537443177122e-02
 5.390524033536e+04  1.526612000000e+01  9.700846250898e-02
 5.390524137338e+04  1.526547800000e+01  9.711193164968e-02
 5.390524241961e+04  1.527373800000e+01  9.731208463581e-02
 5.390524346932e+04  1.526366800000e+01  9.694039581638e-02
 5.381931408400e+04  1.532389000000e+01  6.351816971050e-02
 5.381932068502e+04  1.526479700000e+01  6.184015177613e-02
 5.381932727876e+04  1.532620900000e+01  6.234161187455e-02
 5.381933387457e+04  1.529903200000e+01  6.237850734732e-02
 5.385826718024e+04  1.560329600000e+01  6.535423406339e-02
 5.385827528435e+04  1.561199000000e+01  6.542858994750e-02
 5.385828336462e+04  1.563856500000e+01  6.571420063305e-02
 5.385829150125e+04  1.562576300000e+01  6.557757233588e-02
 5.387826750118e+04  1.557236500000e+01  6.465550861628e-02
 5.387827606469e+04  1.557137900000e+01  6.464240180060e-02
 5.387828464116e+04  1.554601000000e+01  6.444644185690e-02
 5.387829315187e+04  1.553750600000e+01  6.438309371163e-02
 5.420526960304e+04  1.554224200000e+01  6.330906929779e-02
 5.420527619528e+04  1.556007000000e+01  6.347943667552e-02
 5.420528281296e+04  1.555648200000e+01  6.343127147908e-02
 5.420528945751e+04  1.553149700000e+01  6.320770901634e-02
 5.421431387655e+04  1.536471100000e+01  6.181912740223e-02
 5.421432038961e+04  1.530770500000e+01  6.139467195637e-02
 5.421432689792e+04  1.526002300000e+01  6.100252464290e-02
 5.421433340183e+04  1.521682000000e+01  6.070167099354e-02
 5.443850625516e+04  1.556196900000e+01  6.331757918648e-02
 5.443851232236e+04  1.556936900000e+01  6.332614992384e-02
 5.443851843690e+04  1.555911200000e+01  6.317855165396e-02
 5.443852446926e+04  1.557399800000e+01  6.329436366890e-02
 5.411742067865e+04  1.491355100000e+01  5.836485058693e-02
 5.411742723337e+04  1.496186300000e+01  5.862829924781e-02
 5.411743380685e+04  1.498661300000e+01  5.878161498036e-02
 5.411744033287e+04  1.498833100000e+01  5.877617839942e-02
 5.429216865269e+04  1.546410900000e+01  6.934463696284e-02
 5.426421666958e+04  1.517450200000e+01  6.077190728216e-02
 5.426422522557e+04  1.507257700000e+01  6.006490130586e-02
 5.426423377899e+04  1.500144300000e+01  5.960487612754e-02
 5.426424231692e+04  1.497562400000e+01  5.944784315242e-02
 5.417529114512e+04  1.563667500000e+01  6.415004381771e-02
 5.417529757889e+04  1.562634200000e+01  6.403472479523e-02
 5.417530404159e+04  1.560405100000e+01  6.381770320117e-02
 5.417531048624e+04  1.562838300000e+01  6.403078102138e-02
 5.423328603897e+04  1.514792500000e+01  6.069922734990e-02
 5.423329088076e+04  1.515714100000e+01  6.078399112901e-02
 5.423329570183e+04  1.516880500000e+01  6.088959054216e-02
 5.423330054073e+04  1.520057000000e+01  6.111910642880e-02
 5.424227358925e+04  1.550077400000e+01  6.440334527073e-02
 5.424228080465e+04  1.547472100000e+01  6.403702738341e-02
 5.424228806300e+04  1.549443600000e+01  6.410005930218e-02
 5.424229533513e+04  1.550989100000e+01  6.424714880783e-02
 5.456331336736e+04  1.564574900000e+01  6.151369934598e-02
 5.456331933490e+04  1.565616400000e+01  6.157660508270e-02
 5.456332522409e+04  1.561975700000e+01  6.126617667934e-02
 5.456333111350e+04  1.563073900000e+01  6.138610877934e-02
 5.456933259267e+04  1.560801800000e+01  6.365414733804e-02
 5.456933806979e+04  1.563180500000e+01  6.387659559621e-02
 5.456934357424e+04  1.562884800000e+01  6.389633525649e-02
 5.456934905517e+04  1.564835200000e+01  6.410199784714e-02
 5.458533945390e+04  1.544839800000e+01  6.248051354607e-02
 5.458534560594e+04  1.543042000000e+01  6.236268237044e-02
 5.458535175716e+04  1.548747000000e+01  6.291085512109e-02
 5.458535787692e+04  1.549014300000e+01  6.292111927795e-02
 5.480251258175e+04  1.528123000000e+01  6.130159682762e-02
 5.480251704169e+04  1.529119000000e+01  6.133001813170e-02
 5.480252151541e+04  1.532549000000e+01  6.158051336628e-02
 5.480252598971e+04  1.529347300000e+01  6.117754968664e-02
 5.449750200255e+04  1.558782300000e+01  6.323106229925e-02
 5.449750854271e+04  1.551949200000e+01  6.259780832022e-02
 5.449751501257e+04  1.535567800000e+01  6.122247959054e-02
 5.449752150005e+04  1.513511400000e+01  5.962058511815e-02
 5.450641051456e+04  1.462611000000e+01  5.669717950521e-02
 5.450641908466e+04  1.457400200000e+01  5.643770290896e-02
 5.450642759214e+04  1.460154100000e+01  5.655753448982e-02
 5.450643612023e+04  1.466091100000e+01  5.685130102412e-02
 5.451036215354e+04  1.495605900000e+01  5.860069478848e-02
 5.451036862839e+04  1.498169000000e+01  5.876792197915e-02
 5.451037508439e+04  1.501912800000e+01  5.899343642730e-02
 5.451038158552e+04  1.504701500000e+01  5.914093201004e-02
 5.452540888574e+04  1.528021800000e+01  6.086770059924e-02
 5.452541604130e+04  1.530875500000e+01  6.110824425772e-02
 5.452542322985e+04  1.528549300000e+01  6.107515556947e-02
 5.452543041516e+04  1.532014900000e+01  6.160441779426e-02
 5.448045910866e+04  1.520702700000e+01  6.013354441179e-02
 5.448046623771e+04  1.521552700000e+01  6.017043859194e-02
 5.448047340855e+04  1.523459700000e+01  6.029248634926e-02
 5.448048056782e+04  1.523955800000e+01  6.032345884148e-02
 5.453129493689e+04  1.565244700000e+01  6.455544634497e-02
 5.453130218979e+04  1.560454000000e+01  6.406879311199e-02
 5.453130944918e+04  1.555443900000e+01  6.348719331696e-02
 5.453131669687e+04  1.547810400000e+01  6.272085994067e-02
 5.455533516993e+04  1.526703700000e+01  6.079689545137e-02
 5.455534232330e+04  1.529404100000e+01  6.099166160744e-02
 5.455534945931e+04  1.530349500000e+01  6.105451001992e-02
 5.455535659067e+04  1.533305400000e+01  6.126908520454e-02
 5.459124045405e+04  1.492835800000e+01  5.856996868822e-02
 5.459124755185e+04  1.496164100000e+01  5.877974422159e-02
 5.459125467328e+04  1.498285500000e+01  5.891350030882e-02
 5.459126178369e+04  1.499260300000e+01  5.896665807478e-02
 5.493939792446e+04  1.531410800000e+01  6.132301586970e-02
 5.493940279322e+04  1.529936700000e+01  6.122741944413e-02
 5.493940760042e+04  1.533216900000e+01  6.150122311792e-02
 5.493941241419e+04  1.531489700000e+01  6.136807087498e-02
 5.494921510934e+04  1.508103500000e+01  5.963207297852e-02
 5.494922166385e+04  1.501844000000e+01  5.919751720397e-02
 5.494922829289e+04  1.494476200000e+01  5.874415127160e-02
 5.494923488178e+04  1.490423600000e+01  5.846533959796e-02
 5.486735657880e+04  1.529566100000e+01  6.294594547545e-02
 5.486736516464e+04  1.530212400000e+01  6.299205502623e-02
 5.486737385743e+04  1.533921400000e+01  6.324239061726e-02
 5.486738252187e+04  1.536884800000e+01  6.349170180778e-02
 5.488935466881e+04  1.509952500000e+01  5.934271676485e-02
 5.488936253841e+04  1.495156100000e+01  5.838992613315e-02
 5.488937050895e+04  1.482909200000e+01  5.768718884982e-02
 5.488937835691e+04  1.476191700000e+01  5.731077294881e-02
 5.486052485030e+04  1.540108400000e+01  6.137899555786e-02
 5.486052976941e+04  1.535387100000e+01  6.074515157827e-02
 5.486053470657e+04  1.531315900000e+01  6.071656976401e-02
 5.486053953193e+04  1.528394300000e+01  6.051033968654e-02
 5.504214997538e+04  1.563579400000e+01  7.092610880651e-02
 5.504215620174e+04  1.563781100000e+01  7.106785599294e-02
 5.504216248841e+04  1.565625200000e+01  7.165953712222e-02
 5.504216876362e+04  1.555938500000e+01  7.044769790923e-02
 5.500424926894e+04  1.529953100000e+01  6.161063476308e-02
 5.500425647591e+04  1.531914900000e+01  6.174458236429e-02
 5.500426372977e+04  1.530392100000e+01  6.174531600790e-02
 5.500427106279e+04  1.532031500000e+01  6.193869866709e-02
 5.491228730647e+04  1.534224900000e+01  6.138005499868e-02
 5.491229269830e+04  1.535255300000e+01  6.145380541069e-02
 5.491229818341e+04  1.538514500000e+01  6.167386692130e-02
 5.491230365616e+04  1.539186000000e+01  6.168723655886e-02
 5.491930956620e+04  1.496942300000e+01  5.866772510935e-02
 5.491931557058e+04  1.492373200000e+01  5.843102359582e-02
 5.491932362042e+04  1.490086400000e+01  5.831490988438e-02
 5.491932964722e+04  1.491783500000e+01  5.835355042909e-02
 5.496529676174e+04  1.465048200000e+01  5.719280913813e-02
 5.496530329102e+04  1.458308500000e+01  5.683797604420e-02
 5.496530999946e+04  1.460318400000e+01  5.697558295711e-02
 5.496531670903e+04  1.464017900000e+01  5.719346155890e-02
 5.529040045353e+04  1.566577600000e+01  6.467312579616e-02
 5.529040856618e+04  1.567070300000e+01  6.475868363445e-02
 5.529041665490e+04  1.569611100000e+01  6.506949632160e-02
 5.529042482020e+04  1.567933400000e+01  6.495974755135e-02
 5.529925733065e+04  1.568212400000e+01  6.454866399977e-02
 5.529926419588e+04  1.568074100000e+01  6.452764923386e-02
 5.529927114524e+04  1.572807300000e+01  6.497712939059e-02
 5.529927813865e+04  1.570134700000e+01  6.472620675221e-02
 5.524239261204e+04  1.525933100000e+01  6.103328070134e-02
 5.524239953832e+04  1.511456700000e+01  6.002226705548e-02
 5.524240652803e+04  1.496880100000e+01  5.900833901096e-02
 5.524241355211e+04  1.486160500000e+01  5.832489432064e-02
 5.520848055863e+04  1.564231200000e+01  6.405245034111e-02
 5.520848889609e+04  1.568044200000e+01  6.440857818940e-02
 5.520849721118e+04  1.565135900000e+01  6.411525065231e-02
 5.520850565444e+04  1.569778800000e+01  6.455979351836e-02
 5.535915607045e+04  1.570752900000e+01  6.600841111548e-02
 5.535916287140e+04  1.570344300000e+01  6.592651685945e-02
 5.535916967128e+04  1.566280000000e+01  6.564228409323e-02
 5.535917649582e+04  1.568026600000e+01  6.570647912113e-02
 5.537021263979e+04  1.564013700000e+01  6.458127257967e-02
 5.537021720993e+04  1.562032600000e+01  6.444246359665e-02
 5.537022182185e+04  1.566303000000e+01  6.483568079307e-02
 5.537022640924e+04  1.561791000000e+01  6.439271785178e-02
 5.526933906001e+04  1.552963400000e+01  6.327926031387e-02
 5.526934604589e+04  1.553006200000e+01  6.339364019373e-02
 5.526935296869e+04  1.553154100000e+01  6.337951022092e-02
 5.526935994847e+04  1.557612600000e+01  6.387371201516e-02
 5.527630759368e+04  1.516774200000e+01  6.033953371326e-02
 5.527631685384e+04  1.518424800000e+01  6.047177473985e-02
 5.527632609014e+04  1.520945600000e+01  6.062088017103e-02
 5.527633546736e+04  1.522323800000e+01  6.073052468737e-02
 5.532326731618e+04  1.561764100000e+01  6.395025882046e-02
 5.532327419591e+04  1.558405200000e+01  6.363625637004e-02
 5.532328112462e+04  1.554153600000e+01  6.322282076450e-02
 5.532328809100e+04  1.548496600000e+01  6.272283498158e-02
 5.533725493531e+04  1.516207200000e+01  6.037307376959e-02
 5.533726294907e+04  1.515272600000e+01  6.031523605663e-02
 5.533727109259e+04  1.517724400000e+01  6.052879193832e-02
 5.533727906579e+04  1.518952300000e+01  6.061121646211e-02
 5.565632884025e+04  1.561089700000e+01  6.167560377428e-02
 5.565633505100e+04  1.560000100000e+01  6.159289748604e-02
 5.565634124876e+04  1.559114700000e+01  6.151840253793e-02
 5.565634748126e+04  1.559764000000e+01  6.159571232903e-02
 5.566427995155e+04  1.521153200000e+01  5.906756280669e-02
 5.566428610628e+04  1.520241800000e+01  5.898856199946e-02
 5.566429236113e+04  1.527230600000e+01  5.943446148900e-02
 5.566429856606e+04  1.523934600000e+01  5.921355609229e-02
 5.567714821050e+04  1.546963600000e+01  6.423740364825e-02
 5.567715617304e+04  1.551040400000e+01  6.459102083611e-02
 5.567716425321e+04  1.547103600000e+01  6.414123038975e-02
 5.567717235731e+04  1.548821400000e+01  6.426605704191e-02
 5.557647387132e+04  1.549365000000e+01  6.679494704541e-02
 5.557648211723e+04  1.553927200000e+01  6.737037504767e-02
 5.557649032167e+04  1.555824200000e+01  6.722378994484e-02
 5.557649846385e+04  1.556911500000e+01  6.762553384348e-02
 5.559142324885e+04  1.557856800000e+01  6.396985678572e-02
 5.559142846363e+04  1.560629200000e+01  6.424068833444e-02
 5.559143370453e+04  1.557484500000e+01  6.389537046156e-02
 5.559143894264e+04  1.558811100000e+01  6.401311735333e-02
 5.562443400471e+04  1.534934700000e+01  5.980558565334e-02
 5.562444231603e+04  1.537000800000e+01  5.997122628800e-02
 5.562445059448e+04  1.538476800000e+01  6.009516281433e-02
 5.562445894098e+04  1.540911200000e+01  6.025702247553e-02
 5.563430520233e+04  1.497247300000e+01  6.168687377107e-02
 5.563431382015e+04  1.508150500000e+01  6.329698190741e-02
 5.563432244882e+04  1.503912600000e+01  6.136653646887e-02
 5.563433114095e+04  1.507906200000e+01  6.125515855872e-02
 5.564443854390e+04  1.542091000000e+01  6.322037935789e-02
 5.564444564772e+04  1.546733300000e+01  6.366373268964e-02
 5.564445268524e+04  1.546013700000e+01  6.364807530773e-02
 5.564445971605e+04  1.547944400000e+01  6.380871747736e-02
 5.564929667186e+04  1.518317300000e+01  5.634975061569e-02
 5.564930951986e+04  1.520264000000e+01  5.642565965400e-02
 5.564932246578e+04  1.521347100000e+01  5.644956406168e-02
 5.564933543372e+04  1.527825100000e+01  5.675079527636e-02
 5.570518819198e+04  1.495117500000e+01  5.756385524943e-02
 5.570519983016e+04  1.489647300000e+01  5.728240344132e-02
 5.570521148735e+04  1.491332700000e+01  5.736637724281e-02
 5.570522319192e+04  1.497733500000e+01  5.773011477807e-02
 5.388726281065e+04  1.564804800000e+01  6.602084501706e-02
 5.388727250569e+04  1.564248700000e+01  6.603968640682e-02
 5.388728226162e+04  1.562985400000e+01  6.597109419513e-02
 5.388729200736e+04  1.558809400000e+01  6.563240203167e-02
 5.589348130039e+04  1.561949600000e+01  6.495006124876e-02
 5.589348701550e+04  1.567826700000e+01  6.504756701505e-02
 5.589349276025e+04  1.559677500000e+01  6.419643915700e-02
 5.589349857270e+04  1.559854600000e+01  6.411652803471e-02
 5.591945341828e+04  1.554071000000e+01  6.403116394740e-02
 5.591946257828e+04  1.553808700000e+01  6.393093775943e-02
 5.591947176337e+04  1.552385100000e+01  6.369527306020e-02
 5.591948090319e+04  1.553199300000e+01  6.367555315319e-02
 5.593044109219e+04  1.547067900000e+01  6.308815536942e-02
 5.593044906229e+04  1.548796400000e+01  6.319749692591e-02
 5.593045714394e+04  1.548195400000e+01  6.308371198050e-02
 5.593046524251e+04  1.550781600000e+01  6.324743746997e-02
 5.597833501372e+04  1.560698300000e+01  6.842283117318e-02
 5.597833837707e+04  1.566200100000e+01  6.968356406740e-02
 5.597834180583e+04  1.565472100000e+01  6.801189975725e-02
 5.597834518682e+04  1.565769200000e+01  6.907877894695e-02
 5.598439215704e+04  1.560292800000e+01  6.400269644067e-02
 5.598439853052e+04  1.560034600000e+01  6.397088736632e-02
 5.598440489484e+04  1.564250900000e+01  6.441439761184e-02
 5.598441126334e+04  1.560529700000e+01  6.406471789728e-02
 5.599045405127e+04  1.558344000000e+01  6.402459545417e-02
 5.599045965869e+04  1.559200100000e+01  6.412408383151e-02
 5.599046531221e+04  1.559777600000e+01  6.417605648703e-02
 5.599047097646e+04  1.561608400000e+01  6.433323546933e-02
 5.599945797362e+04  1.506463700000e+01  5.965955864572e-02
 5.599946312303e+04  1.505559800000e+01  5.959868330388e-02
 5.599946820940e+04  1.497787600000e+01  5.908591401755e-02
 5.599947340892e+04  1.497705500000e+01  5.908853366522e-02
 5.601343734213e+04  1.518309700000e+01  6.110419726263e-02
 5.601344256971e+04  1.521248300000e+01  6.141283926953e-02
 5.601344770388e+04  1.520854600000e+01  6.142044799778e-02
 5.601345281372e+04  1.525156700000e+01  6.178249889849e-02
 5.603224679543e+04  1.510121500000e+01  6.033870519146e-02
 5.603225180788e+04  1.510095200000e+01  6.035558075032e-02
 5.603225688117e+04  1.514320000000e+01  6.063200303861e-02
 5.603226204299e+04  1.513664000000e+01  6.055670656754e-02
 5.606229767657e+04  1.540589300000e+01  6.193786189987e-02
 5.606230493645e+04  1.541815900000e+01  6.211520674144e-02
 5.606231223067e+04  1.543561200000e+01  6.230142213217e-02
 5.606231964009e+04  1.545670000000e+01  6.251306193034e-02
 5.608923799714e+04  1.493395000000e+01  5.863134500666e-02
 5.608924416528e+04  1.476027100000e+01  5.762817228628e-02
 5.608925032148e+04  1.467422200000e+01  5.716810630715e-02
 5.608925649251e+04  1.463455100000e+01  5.697196426211e-02
