# time mag mag_err
 5.346925242459e+04  1.486859100000e+01  5.844999731330e-02
 5.346926055265e+04  1.488269300000e+01  5.856519643462e-02
 5.346926867505e+04  1.492834900000e+01  5.888806962849e-02
 5.346927681550e+04  1.494975100000e+01  5.905024043302e-02
 5.370544698623e+04  1.553456700000e+01  6.427932195998e-02
 5.370545592556e+04  1.552997500000e+01  6.427186102963e-02
 5.370546455446e+04  1.555670900000e+01  6.471246849820e-02
 5.370547332307e+04  1.557439600000e+01  6.482108890616e-02
 5.371241780321e+04  1.525837000000e+01  6.160563213141e-02
 5.371242451928e+04  1.529422200000e+01  6.186384841765e-02
 5.371243128929e+04  1.529599600000e+01  6.184628108102e-02
 5.371243809322e+04  1.531545500000e+01  6.193919365506e-02
 5.372843587072e+04  1.560393500000e+01  6.634315701968e-02
 5.372844394264e+04  1.562489000000e+01  6.577370972205e-02
 5.372845210404e+04  1.560846300000e+01  6.561505433544e-02
 5.372846029844e+04  1.564667600000e+01  6.602936916186e-02
 5.352916076566e+04  1.575672800000e+01  6.634765518404e-02
 5.352916665958e+04  1.578561400000e+01  6.669600305013e-02
 5.352917259448e+04  1.569608400000e+01  6.576749331853e-02
 5.352917855392e+04  1.566490200000e+01  6.545269444084e-02
 5.350023299182e+04  1.542643300000e+01  6.286629172789e-02
 5.350023947500e+04  1.540224600000e+01  6.271081969302e-02
 5.350024598562e+04  1.541349300000e+01  6.285100523734e-02
 5.350025244394e+04  1.543609900000e+01  6.312076616965e-02
 5.367348758367e+04  1.574852700000e+01  6.688671692871e-02
 5.367349245949e+04  1.577440500000e+01  6.712458317093e-02
 5.367349733080e+04  1.576913400000e+01  6.698379289874e-02
 5.367350218288e+04  1.576175200000e+01  6.686460402739e-02
 5.382722499792e+04  1.576970800000e+01  6.674534870279e-02
 5.382723060711e+04  1.571736400000e+01  6.616801348133e-02
 5.382723604998e+04  1.567165300000e+01  6.567814817715e-02
 5.382724170396e+04  1.561618600000e+01  6.509188738633e-02
 5.384421627678e+04  1.563366000000e+01  6.577578356704e-02
 5.384422432059e+04  1.566056700000e+01  6.570194931210e-02
 5.384423238500e+04  1.560521000000e+01  6.545364841668e-02
 5.384424041225e+04  1.546963700000e+01  6.412136017017e-02
 5.385017996976e+04  1.477960800000e+01  5.842717627443e-02
 5.385018951491e+04  1.479534000000e+01  5.850942489441e-02
 5.385019871223e+04  1.480237300000e+01  5.855913482726e-02
 5.385020793295e+04  1.482946400000e+01  5.874239338043e-02
 5.409438670755e+04  1.564685700000e+01  6.481805142530e-02
 5.409439541574e+04  1.563691500000e+01  6.442517763371e-02
 5.409440413017e+04  1.564444200000e+01  6.387782348558e-02
 5.409441286707e+04  1.561604400000e+01  6.384304050450e-02
 5.378635227065e+04  1.564169300000e+01  6.481061630788e-02
 5.378635866992e+04  1.563296200000e+01  6.470710395662e-02
 5.378636507869e+04  1.564227500000e+01  6.485167694628e-02
 5.378637148919e+04  1.564936300000e+01  6.515977685678e-02
 5.379431151292e+04  1.579551800000e+01  6.685561117807e-02
 5.379431638700e+04  1.579961900000e+01  6.702105998212e-02
 5.379432130229e+04  1.578531400000e+01  6.689507871850e-02
 5.379432619825e+04  1.579158400000e+01  6.693955530715e-02
 5.373644343292e+04  1.576638500000e+01  6.592425118518e-02
 5.373645078398e+04  1.573484200000e+01  6.561784928910e-02
 5.373645825438e+04  1.570717500000e+01  6.528727688197e-02
 5.373646576713e+04  1.560663600000e+01  6.428314094760e-02
 5.376138585303e+04  1.568993100000e+01  6.543879312096e-02
 5.376139406443e+04  1.570937400000e+01  6.564586179508e-02
 5.376140221495e+04  1.572112000000e+01  6.600567548462e-02
 5.376141040112e+04  1.578955900000e+01  6.655497436061e-02
 5.390221101400e+04  1.566665600000e+01  1.171427145865e-01
 5.390221199391e+04  1.574049900000e+01  1.204770769430e-01
 5.390221295473e+04  1.570161600000e+01  1.189162392284e-01
 5.390221393406e+04  1.563206300000e+01  1.158535378954e-01
 5.380322005874e+04  1.535861600000e+01  6.675346820694e-02
 5.380322625292e+04  1.536596300000e+01  6.680617973089e-02
 5.380323249501e+04  1.536894300000e+01  6.684006576359e-02
 5.380323875480e+04  1.539257500000e+01  6.714532319789e-02
 5.381921850760e+04  1.560113700000e+01  6.627348595714e-02
 5.381922505249e+04  1.561134000000e+01  6.642087756478e-02
 5.381923164704e+04  1.561533100000e+01  6.641899715720e-02
 5.381923818856e+04  1.563370500000e+01  6.716299796797e-02
 5.385819603100e+04  1.518398800000e+01  6.175861242421e-02
 5.385820260701e+04  1.517693200000e+01  6.171415296786e-02
 5.385820918176e+04  1.517963500000e+01  6.173435857728e-02
 5.385821576588e+04  1.520946300000e+01  6.202168365672e-02
 5.387818220181e+04  1.508278300000e+01  6.064880933646e-02
 5.387818859344e+04  1.512114000000e+01  6.094452672952e-02
 5.387819497929e+04  1.512794900000e+01  6.105973572375e-02
 5.387820136572e+04  1.515355600000e+01  6.127484123392e-02
 5.405547950672e+04  1.518281200000e+01  6.017587449370e-02
 5.405548833286e+04  1.520632300000e+01  6.030398435352e-02
 5.405549717034e+04  1.522651000000e+01  6.039686302052e-02
 5.405550599080e+04  1.524990300000e+01  6.054673892519e-02
 5.403550853858e+04  1.531515600000e+01  6.120570776238e-02
 5.403551337991e+04  1.531747900000e+01  6.121092882727e-02
 5.403551828906e+04  1.530934800000e+01  6.112345805447e-02
 5.403552319903e+04  1.532919900000e+01  6.121334241694e-02
 5.419820719008e+04  1.565722500000e+01  6.571179096698e-02
 5.419821259545e+04  1.558499700000e+01  6.501183939405e-02
 5.419821797789e+04  1.553302600000e+01  6.430147203004e-02
 5.419822336960e+04  1.537243100000e+01  6.298299589824e-02
 5.420520845765e+04  1.560157900000e+01  6.410277256905e-02
 5.420521607168e+04  1.564578200000e+01  6.453636792153e-02
 5.420522368572e+04  1.565198800000e+01  6.456009134611e-02
 5.420523124362e+04  1.566585000000e+01  6.478632513507e-02
 5.421322431421e+04  1.556702100000e+01  6.434894720492e-02
 5.421323388425e+04  1.536892500000e+01  6.257993363642e-02
 5.421324345741e+04  1.522025200000e+01  6.134819342546e-02
 5.421325307410e+04  1.508967700000e+01  6.041608340693e-02
 5.444042139808e+04  1.568507400000e+01  6.461416630840e-02
 5.444042788289e+04  1.572936800000e+01  6.503563630052e-02
 5.444043436353e+04  1.570481700000e+01  6.473660614080e-02
 5.444044084811e+04  1.575307100000e+01  6.523272194253e-02
 5.413940963858e+04  1.558248900000e+01  6.815361778676e-02
 5.413941601481e+04  1.566079400000e+01  6.961213374124e-02
 5.413942241595e+04  1.555206900000e+01  6.640287286177e-02
 5.413942880874e+04  1.554136000000e+01  6.510262518028e-02
 5.411043325323e+04  1.493980900000e+01  5.866748120172e-02
 5.411636884914e+04  1.542635000000e+01  6.199273835083e-02
 5.411637712919e+04  1.545050900000e+01  6.218080251088e-02
 5.411638547741e+04  1.543811900000e+01  6.202806418421e-02
 5.411639385444e+04  1.548102700000e+01  6.239214322183e-02
 5.412725221149e+04  1.563143400000e+01  6.673167162387e-02
 5.412726056781e+04  1.562511200000e+01  6.652381913159e-02
 5.412726898825e+04  1.558271900000e+01  6.595933563700e-02
 5.412727737420e+04  1.559359700000e+01  6.596234659437e-02
 5.416840467409e+04  1.515041200000e+01  6.024875387970e-02
 5.416841225942e+04  1.518705000000e+01  6.053800171073e-02
 5.416841994765e+04  1.524501400000e+01  6.102362288222e-02
 5.416842767106e+04  1.523296100000e+01  6.098536974480e-02
 5.417523249625e+04  1.567184000000e+01  6.467027640013e-02
 5.417523849644e+04  1.566871600000e+01  6.460504244667e-02
 5.417524450090e+04  1.568730500000e+01  6.479861390133e-02
 5.417525049089e+04  1.569192400000e+01  6.485298545701e-02
 5.418520578244e+04  1.565143200000e+01  6.474843325844e-02
 5.418521554913e+04  1.562131800000e+01  6.447229940923e-02
 5.418522533249e+04  1.566338500000e+01  6.493174165828e-02
 5.418523509721e+04  1.565465600000e+01  6.477313598303e-02
 5.423118891270e+04  1.480268300000e+01  5.832226686043e-02
 5.423119534553e+04  1.483498700000e+01  5.853915332495e-02
 5.423120176264e+04  1.486701600000e+01  5.872651029638e-02
 5.423120819676e+04  1.488029500000e+01  5.884198597069e-02
 5.441147164881e+04  1.525230100000e+01  5.822322326164e-02
 5.441147812483e+04  1.527389900000e+01  5.830373797164e-02
 5.441148460628e+04  1.530538200000e+01  5.846423550426e-02
 5.441149106205e+04  1.531387500000e+01  5.848774135278e-02
 5.439150230589e+04  1.537599100000e+01  6.226677876439e-02
 5.439150792723e+04  1.535602700000e+01  6.204158517096e-02
 5.439151348978e+04  1.538713000000e+01  6.225986847489e-02
 5.439151919400e+04  1.541349300000e+01  6.229613439890e-02
 5.439350121351e+04  1.500439400000e+01  5.940170453910e-02
 5.439350443740e+04  1.501005400000e+01  5.943728348703e-02
 5.439350769902e+04  1.500039200000e+01  5.928858888760e-02
 5.439351095797e+04  1.504891200000e+01  5.959088480067e-02
 5.456420811316e+04  1.506612900000e+01  5.959746474116e-02
 5.456421613741e+04  1.494633100000e+01  5.882449739932e-02
 5.456422416338e+04  1.485941600000e+01  5.829418313981e-02
 5.456423221448e+04  1.480260500000e+01  5.796285404121e-02
 5.458123511933e+04  1.569496100000e+01  6.557173982556e-02
 5.458124168030e+04  1.574165900000e+01  6.612931456470e-02
 5.458124825875e+04  1.570711100000e+01  6.581235179725e-02
 5.458125478049e+04  1.577638200000e+01  6.666772348094e-02
 5.482154041854e+04  1.487992800000e+01  5.960849270585e-02
 5.482154462662e+04  1.483729600000e+01  5.930589766424e-02
 5.482154893818e+04  1.479463900000e+01  5.905362050134e-02
 5.482155328863e+04  1.478227900000e+01  5.895417964852e-02
 5.483044203284e+04  1.543951600000e+01  6.193478052032e-02
 5.483044826845e+04  1.544340200000e+01  6.197795995527e-02
 5.483045441402e+04  1.546378400000e+01  6.213577293011e-02
 5.483046068586e+04  1.547220800000e+01  6.218414722963e-02
 5.449929147266e+04  1.504134000000e+01  5.934205412199e-02
 5.449929868899e+04  1.505824800000e+01  5.944469740550e-02
 5.449930592420e+04  1.507289400000e+01  5.952532587999e-02
 5.449931312536e+04  1.509282000000e+01  5.963635026611e-02
 5.452328071845e+04  1.565123000000e+01  6.409441262623e-02
 5.452328797112e+04  1.563158500000e+01  6.393433378261e-02
 5.452329515759e+04  1.564220100000e+01  6.399599538856e-02
 5.452330236096e+04  1.565856200000e+01  6.414948559494e-02
 5.447639873205e+04  1.495956600000e+01  5.864774865065e-02
 5.447640526814e+04  1.498208100000e+01  5.879820191699e-02
 5.447641362631e+04  1.501618700000e+01  5.901113482030e-02
 5.447642014619e+04  1.503232700000e+01  5.910102932535e-02
 5.463017962919e+04  1.526037600000e+01  6.159927831911e-02
 5.463018615174e+04  1.524311500000e+01  6.156082434465e-02
 5.463019267637e+04  1.531362900000e+01  6.217885231211e-02
 5.463019934603e+04  1.529656100000e+01  6.213170827952e-02
 5.452822079501e+04  1.563614400000e+01  6.426645580434e-02
 5.452822618521e+04  1.558687100000e+01  6.374362474304e-02
 5.452823161406e+04  1.564320400000e+01  6.425935074244e-02
 5.452823703749e+04  1.563007900000e+01  6.411797164057e-02
 5.453531831786e+04  1.555062400000e+01  6.330970046891e-02
 5.453532385402e+04  1.555581800000e+01  6.340444550059e-02
 5.453532943057e+04  1.557744100000e+01  6.360185622940e-02
 5.453533496289e+04  1.558565800000e+01  6.372499837936e-02
 5.454919658134e+04  1.506835700000e+01  5.970372864705e-02
 5.454920323388e+04  1.496886700000e+01  5.901670977884e-02
 5.454920988883e+04  1.490306200000e+01  5.864493207280e-02
 5.454921654102e+04  1.482295600000e+01  5.814002452222e-02
 5.459218805140e+04  1.492657900000e+01  5.906497735725e-02
 5.459219448008e+04  1.499580800000e+01  5.922134026506e-02
 5.459220089394e+04  1.496813200000e+01  5.933688852601e-02
 5.459220729819e+04  1.501268300000e+01  5.968860518259e-02
 5.480043191718e+04  1.548718200000e+01  6.255687182105e-02
 5.480044467868e+04  1.546619000000e+01  6.228512727257e-02
 5.480045747978e+04  1.546596800000e+01  6.226055477156e-02
 5.480047031851e+04  1.547663000000e+01  6.231099370212e-02
 5.476752080786e+04  1.536681800000e+01  6.581278288374e-02
 5.476752277567e+04  1.538235500000e+01  6.592958650633e-02
 5.476752475007e+04  1.539806800000e+01  6.610490705689e-02
 5.476752675677e+04  1.536132700000e+01  6.569947348601e-02
 5.492316229565e+04  1.505099200000e+01  5.945024345774e-02
 5.492316824678e+04  1.505025800000e+01  5.959317821502e-02
 5.492317435704e+04  1.516409000000e+01  6.018582979331e-02
 5.492318046928e+04  1.513115200000e+01  5.994717485740e-02
 5.493922129337e+04  1.561926600000e+01  6.418166479665e-02
 5.493922663692e+04  1.559557900000e+01  6.395696527045e-02
 5.493923206707e+04  1.557297300000e+01  6.370206779831e-02
 5.493923740924e+04  1.560276500000e+01  6.404256630790e-02
 5.486724934175e+04  1.540358700000e+01  6.434687337293e-02
 5.486725419118e+04  1.533830000000e+01  6.369605072004e-02
 5.486725901503e+04  1.520314100000e+01  6.239479182656e-02
 5.486726388032e+04  1.514948000000e+01  6.194970702510e-02
 5.488929969870e+04  1.568504400000e+01  6.047834156459e-02
 5.488930988914e+04  1.572358000000e+01  6.075632486116e-02
 5.488932008479e+04  1.572925600000e+01  6.076830906751e-02
 5.488933016469e+04  1.574251500000e+01  6.088909429253e-02
 5.485936323455e+04  1.567450700000e+01  6.395804760640e-02
 5.485936812449e+04  1.565346300000e+01  6.383810228198e-02
 5.485937318562e+04  1.562312500000e+01  6.347733602682e-02
 5.485937806260e+04  1.557634800000e+01  6.305070357814e-02
 5.490623953584e+04  1.547512100000e+01  6.243167024704e-02
 5.490624431120e+04  1.549166000000e+01  6.254410074853e-02
 5.490624918343e+04  1.547495400000e+01  6.240208144892e-02
 5.490625407372e+04  1.547858700000e+01  6.240805315174e-02
 5.491424988186e+04  1.563043200000e+01  6.399784631026e-02
 5.491425835360e+04  1.559940700000e+01  6.368408502403e-02
 5.491426684003e+04  1.564646200000e+01  6.413822061960e-02
 5.491427538017e+04  1.562629800000e+01  6.400722325955e-02
 5.497621297873e+04  1.536110400000e+01  6.229515860170e-02
 5.497622871503e+04  1.543049500000e+01  6.319983377793e-02
 5.497623664390e+04  1.542881800000e+01  6.327867960854e-02
 5.516049161047e+04  1.512822000000e+01  6.005689290765e-02
 5.516049965440e+04  1.517740800000e+01  6.039144231880e-02
 5.516050766756e+04  1.518570000000e+01  6.043343731562e-02
 5.516051560384e+04  1.520448800000e+01  6.054509376816e-02
 5.513048526315e+04  1.516609100000e+01  6.087891171235e-02
 5.513049172127e+04  1.517735300000e+01  6.088633799605e-02
 5.513049813097e+04  1.519485200000e+01  6.096289239174e-02
 5.513050448545e+04  1.521951600000e+01  6.107332220857e-02
 5.529017833821e+04  1.561965300000e+01  6.440253142196e-02
 5.529018513345e+04  1.561866600000e+01  6.437846068071e-02
 5.529019197468e+04  1.564381300000e+01  6.456289113870e-02
 5.529019884888e+04  1.561679900000e+01  6.428838999259e-02
 5.554147358413e+04  1.515996800000e+01  5.849218629792e-02
 5.554148879544e+04  1.519663100000e+01  5.871167552789e-02
 5.554149646821e+04  1.521463000000e+01  5.911688995708e-02
 5.524226283994e+04  1.561593700000e+01  6.447271023885e-02
 5.524227207065e+04  1.563406100000e+01  6.456569215558e-02
 5.524228140514e+04  1.564085700000e+01  6.467500516823e-02
 5.524229065428e+04  1.562522300000e+01  6.450286599350e-02
 5.520440379368e+04  1.561149200000e+01  6.379847913271e-02
 5.520440890446e+04  1.563291900000e+01  6.400684074815e-02
 5.520441414684e+04  1.561499900000e+01  6.386176563325e-02
 5.520441940115e+04  1.562374700000e+01  6.391173180285e-02
 5.535017417009e+04  1.556349200000e+01  6.421536451094e-02
 5.535018679529e+04  1.558720500000e+01  6.541996248493e-02
 5.535019308626e+04  1.561595800000e+01  6.536486318357e-02
 5.536217912410e+04  1.538051300000e+01  6.275236701439e-02
 5.536218828145e+04  1.539129400000e+01  6.294937034800e-02
 5.536219290934e+04  1.536297100000e+01  6.274434188171e-02
 5.536916201503e+04  1.498114700000e+01  6.310976577187e-02
 5.536916836660e+04  1.504220600000e+01  6.373892352337e-02
 5.536917474608e+04  1.501858700000e+01  6.359471435683e-02
 5.536918109472e+04  1.505689700000e+01  6.399332742211e-02
 5.525936354650e+04  1.554502900000e+01  6.330571715699e-02
 5.525936870888e+04  1.551965900000e+01  6.307801108892e-02
 5.525937391574e+04  1.551473000000e+01  6.304387411453e-02
 5.525937909766e+04  1.557615400000e+01  6.358127068032e-02
 5.526823906747e+04  1.528329000000e+01  6.125896223079e-02
 5.526824535552e+04  1.516673600000e+01  6.038616680954e-02
 5.526825158266e+04  1.510092500000e+01  5.988435154101e-02
 5.526825787105e+04  1.501552700000e+01  5.930208922427e-02
 5.528029916725e+04  1.576940900000e+01  6.627701907689e-02
 5.553049292406e+04  1.580179200000e+01  6.621187123370e-02
 5.553050453750e+04  1.579008400000e+01  6.605731240475e-02
 5.553051036580e+04  1.576524200000e+01  6.576513606720e-02
 5.568021219395e+04  1.534490900000e+01  6.272353721313e-02
 5.568022016115e+04  1.537291500000e+01  6.298883460565e-02
 5.568022817324e+04  1.537071800000e+01  6.297106218326e-02
 5.568023614646e+04  1.538982000000e+01  6.316412322386e-02
 5.559742342503e+04  1.549024200000e+01  5.901288994404e-02
 5.559743386793e+04  1.548208600000e+01  5.894754249244e-02
 5.559744426603e+04  1.552275300000e+01  5.935601337771e-02
 5.559745473683e+04  1.550061100000e+01  5.948036178076e-02
 5.561536123115e+04  1.556481600000e+01  6.425866841337e-02
 5.561536923538e+04  1.561663600000e+01  6.481439452291e-02
 5.561537733512e+04  1.567432100000e+01  6.543981428528e-02
 5.561538542568e+04  1.576643600000e+01  6.642769999963e-02
 5.556442801975e+04  1.532092200000e+01  6.267793089651e-02
 5.556443031002e+04  1.533747900000e+01  6.465357353289e-02
 5.556443264648e+04  1.528641500000e+01  6.473287291311e-02
 5.556443498641e+04  1.531680100000e+01  6.484401616620e-02
 5.557141121597e+04  1.491733400000e+01  5.883705432605e-02
 5.557141688461e+04  1.494252400000e+01  5.916829147178e-02
 5.557142255120e+04  1.493901000000e+01  5.908315080504e-02
 5.557142816259e+04  1.497058700000e+01  5.931743273050e-02
 5.558945627128e+04  1.535691500000e+01  6.208008592928e-02
 5.558946380171e+04  1.538053200000e+01  6.227604697869e-02
 5.558947144175e+04  1.537420900000e+01  6.223967167974e-02
 5.558947905694e+04  1.539269800000e+01  6.244147119352e-02
 5.562222890412e+04  1.511973800000e+01  5.841511239689e-02
 5.562223578148e+04  1.512552200000e+01  5.843563491998e-02
 5.562224271318e+04  1.517357800000e+01  5.872611040113e-02
 5.562224963309e+04  1.516818600000e+01  5.866928119659e-02
 5.563417966969e+04  1.563287200000e+01  6.560290929244e-02
 5.563418645370e+04  1.559190900000e+01  6.524097924996e-02
 5.563419333590e+04  1.542565200000e+01  6.351087545601e-02
 5.563420026405e+04  1.527255300000e+01  6.213143248097e-02
 5.564519769063e+04  1.535649800000e+01  6.260661636238e-02
 5.564520346766e+04  1.534013500000e+01  6.243784105958e-02
 5.564520920907e+04  1.537209800000e+01  6.271432511448e-02
 5.564521492730e+04  1.537055200000e+01  6.262026358899e-02
 5.411046253212e+04  1.505224800000e+01  5.931699357453e-02
 5.411047655434e+04  1.510010600000e+01  6.099283206571e-02
 5.411048310582e+04  1.511955200000e+01  6.050899397329e-02
 5.411048970522e+04  1.510659500000e+01  5.977510409465e-02
 5.586648255652e+04  1.569352400000e+01  6.564565072611e-02
 5.586648944227e+04  1.564469900000e+01  6.501279730693e-02
 5.586649636335e+04  1.557153000000e+01  6.422648807639e-02
 5.586650330203e+04  1.536932600000e+01  6.230333479068e-02
 5.588046989642e+04  1.543816500000e+01  6.286728279350e-02
 5.588047500465e+04  1.548613300000e+01  6.326651028493e-02
 5.588048017994e+04  1.551558000000e+01  6.352829560601e-02
 5.588048527834e+04  1.552674300000e+01  6.358417051967e-02
 5.588848063714e+04  1.564459300000e+01  6.460060479026e-02
 5.588848637667e+04  1.566043100000e+01  6.475856125418e-02
 5.588849213249e+04  1.564092200000e+01  6.451166751505e-02
 5.588849796924e+04  1.566647600000e+01  6.476839746753e-02
 5.585651981516e+04  1.511880300000e+01  7.401474059686e-02
 5.585652115727e+04  1.505203900000e+01  7.286290338692e-02
 5.585652252110e+04  1.507164300000e+01  7.301974066790e-02
 5.585652384490e+04  1.503164100000e+01  7.233443590756e-02
 5.592347885719e+04  1.563141300000e+01  6.426401031229e-02
 5.592348670679e+04  1.563239100000e+01  6.423412178700e-02
 5.592349461693e+04  1.562394100000e+01  6.420550030050e-02
 5.592350253447e+04  1.562104600000e+01  6.418828952096e-02
 5.594448031698e+04  1.480941400000e+01  5.804299707204e-02
 5.594448649413e+04  1.478025100000e+01  5.790830357712e-02
 5.594449263461e+04  1.482469300000e+01  5.817728611353e-02
 5.594449891652e+04  1.482968100000e+01  5.821164907814e-02
 5.597525335553e+04  1.490739600000e+01  5.909721400501e-02
 5.597526009615e+04  1.495601900000e+01  5.941116631093e-02
 5.597526690873e+04  1.497965700000e+01  5.954297102862e-02
 5.597527369802e+04  1.500390700000e+01  5.968097914639e-02
 5.598041516096e+04  1.531171500000e+01  6.162402275685e-02
 5.598042867497e+04  1.535706400000e+01  6.203933549114e-02
 5.598043538491e+04  1.534660700000e+01  6.196154045969e-02
 5.598629967162e+04  1.553302400000e+01  6.492959694534e-02
 5.598630537949e+04  1.552984700000e+01  6.483661330052e-02
 5.598631106900e+04  1.552827400000e+01  6.472859125736e-02
 5.598631669176e+04  1.560471900000e+01  6.553856923930e-02
 5.599922337859e+04  1.560576400000e+01  6.445422848699e-02
 5.599922841448e+04  1.558791500000e+01  6.426850333137e-02
 5.599923347784e+04  1.562062200000e+01  6.458456044946e-02
 5.599923854336e+04  1.560873800000e+01  6.444228770595e-02
 5.601033345503e+04  1.506968500000e+01  5.998317190578e-02
 5.601034134649e+04  1.510719800000e+01  6.028011703540e-02
 5.601034919573e+04  1.510838600000e+01  6.030771404199e-02
 5.601035720623e+04  1.514472200000e+01  6.055075191059e-02
 5.601626118700e+04  1.547856000000e+01  6.346949273085e-02
 5.601626807427e+04  1.547685200000e+01  6.327056424008e-02
 5.601627489641e+04  1.547436300000e+01  6.329504250003e-02
 5.601628180369e+04  1.546391300000e+01  6.328230641514e-02
 5.603314897061e+04  1.490335000000e+01  5.894023348632e-02
 5.603315403234e+04  1.491886100000e+01  5.902708512651e-02
 5.603315913590e+04  1.495226800000e+01  5.925275420041e-02
 5.603316427238e+04  1.494888500000e+01  5.923766481937e-02
 5.604218942375e+04  1.562665400000e+01  6.532197665720e-02
 5.604219506708e+04  1.565266000000e+01  6.578816627013e-02
 5.604220077654e+04  1.565050800000e+01  6.582559222712e-02
 5.604220643596e+04  1.566932600000e+01  6.589974629638e-02
 5.606420553744e+04  1.553019700000e+01  6.095054724968e-02
 5.606421764005e+04  1.557321400000e+01  6.138261939576e-02
 5.606422371968e+04  1.560022700000e+01  6.163945794357e-02
 5.607117545534e+04  1.532718600000e+01  5.953434721414e-02
 5.607118640127e+04  1.531825000000e+01  5.951337998959e-02
 5.607119192796e+04  1.532006700000e+01  5.959090810808e-02
 5.609316559451e+04  1.482037900000e+01  5.850414997435e-02
 5.609317067696e+04  1.484204200000e+01  5.868938536900e-02
 5.609317587848e+04  1.485605300000e+01  5.882830132901e-02
 5.609318102355e+04  1.489394500000e+01  5.909756810838e-02
