# time mag mag_err
 5.371111171730e+04  1.395412900000e+01  5.448597205015e-02
 5.371111874127e+04  1.392778400000e+01  5.439925113381e-02
 5.371112573606e+04  1.392086100000e+01  5.438234586230e-02
 5.371113273965e+04  1.395335200000e+01  5.450688438732e-02
 5.373007610309e+04  1.476395100000e+01  5.939971158739e-02
 5.373008407987e+04  1.470141000000e+01  5.916005458214e-02
 5.355437709104e+04  1.454796000000e+01  5.754529483408e-02
 5.355438586463e+04  1.439026800000e+01  5.669629540514e-02
 5.355439449862e+04  1.425178700000e+01  5.596629523190e-02
 5.355440309905e+04  1.419018900000e+01  5.568704625574e-02
 5.355937526042e+04  1.474437000000e+01  5.846956336189e-02
 5.355938174859e+04  1.474341500000e+01  5.847509521055e-02
 5.355939464333e+04  1.472477400000e+01  5.827972568706e-02
 5.353141394818e+04  1.473845600000e+01  5.969741866868e-02
 5.353141974650e+04  1.472167400000e+01  5.951050778642e-02
 5.353142553777e+04  1.466309400000e+01  5.910837745715e-02
 5.353143146919e+04  1.460879500000e+01  5.871461525982e-02
 5.367514826463e+04  1.463027800000e+01  5.750097789888e-02
 5.367515490801e+04  1.463535100000e+01  5.756252824792e-02
 5.367516157617e+04  1.464615700000e+01  5.760234480229e-02
 5.367516820277e+04  1.465882700000e+01  5.767603983384e-02
 5.370413217235e+04  1.456200400000e+01  5.733083636572e-02
 5.370413916344e+04  1.459308500000e+01  5.757308821564e-02
 5.370414634075e+04  1.458745600000e+01  5.749271232876e-02
 5.370415341600e+04  1.459342800000e+01  5.754190564579e-02
 5.365020750294e+04  1.424816900000e+01  5.640346110019e-02
 5.365021560196e+04  1.425796600000e+01  5.642245893126e-02
 5.365022361035e+04  1.427651100000e+01  5.650371172692e-02
 5.365023177603e+04  1.429898700000e+01  5.663209132084e-02
 5.367016894584e+04  1.473457300000e+01  5.811577063238e-02
 5.367017693432e+04  1.474101100000e+01  5.816410562861e-02
 5.367018494119e+04  1.472583600000e+01  5.804381058118e-02
 5.367019309958e+04  1.469986500000e+01  5.792689148858e-02
 5.364322421600e+04  1.462935600000e+01  5.794585411021e-02
 5.364323180503e+04  1.460638700000e+01  5.780150562831e-02
 5.364323935286e+04  1.462306100000e+01  5.790968751827e-02
 5.407911816181e+04  1.458854800000e+01  5.793298506203e-02
 5.407912386602e+04  1.461028100000e+01  5.810228505963e-02
 5.407912958888e+04  1.462306600000e+01  5.860988670172e-02
 5.409506867525e+04  1.414580600000e+01  5.490436764959e-02
 5.409507837042e+04  1.417768700000e+01  5.504863325236e-02
 5.409508804972e+04  1.420767800000e+01  5.519641963605e-02
 5.409509775517e+04  1.422943400000e+01  5.528092350864e-02
 5.393933760139e+04  1.477352000000e+01  6.205638456481e-02
 5.393934078917e+04  1.472510400000e+01  6.074927473647e-02
 5.388742914797e+04  1.406785100000e+01  5.563426738185e-02
 5.388743890112e+04  1.411437700000e+01  5.576438876532e-02
 5.388744865242e+04  1.414591500000e+01  5.587273587767e-02
 5.388745844573e+04  1.416030300000e+01  5.591482994474e-02
 5.390542252266e+04  1.431091800000e+01  7.595537862433e-02
 5.390542366300e+04  1.434079600000e+01  7.637743921351e-02
 5.390542476595e+04  1.430563900000e+01  7.594134741829e-02
 5.390542582340e+04  1.432613800000e+01  7.615715014852e-02
 5.405312541270e+04  1.425342700000e+01  5.532201920371e-02
 5.405313195006e+04  1.426583300000e+01  5.527175939263e-02
 5.405313841855e+04  1.428961100000e+01  5.535394081688e-02
 5.405314491656e+04  1.430481900000e+01  5.540322574843e-02
 5.406409745079e+04  1.468155900000e+01  5.729278986978e-02
 5.406410495914e+04  1.469564900000e+01  5.736975831630e-02
 5.406411246275e+04  1.471256000000e+01  5.746984085806e-02
 5.406411997053e+04  1.471965700000e+01  5.751503126978e-02
 5.402525555009e+04  1.448216000000e+01  5.618796008929e-02
 5.402526220007e+04  1.448119400000e+01  5.625515675450e-02
 5.402526887286e+04  1.449622400000e+01  5.628396826312e-02
 5.402527550780e+04  1.452853300000e+01  5.644641798246e-02
 5.403411131906e+04  1.428214300000e+01  5.536395625663e-02
 5.403411936691e+04  1.429383900000e+01  5.543229292225e-02
 5.403412877850e+04  1.431859300000e+01  5.549305485167e-02
 5.403413682970e+04  1.432824900000e+01  5.554694923190e-02
 5.398930942669e+04  1.414378400000e+01  5.488106099577e-02
 5.398931639590e+04  1.416679800000e+01  5.493041348044e-02
 5.398932337403e+04  1.418038300000e+01  5.499701785941e-02
 5.398933030389e+04  1.419635400000e+01  5.506412858722e-02
 5.400519239987e+04  1.456628100000e+01  5.670759240431e-02
 5.400519889198e+04  1.456779600000e+01  5.671213991752e-02
 5.400520537135e+04  1.459061900000e+01  5.680379840318e-02
 5.400521183071e+04  1.458530100000e+01  5.676521690178e-02
 5.445310550912e+04  1.395647300000e+01  5.426287892903e-02
 5.445311033193e+04  1.392521800000e+01  5.417092930909e-02
 5.445311518762e+04  1.391447000000e+01  5.415501148232e-02
 5.445312003751e+04  1.391410800000e+01  5.416009291087e-02
 5.411609722510e+04  1.461109300000e+01  5.724805125598e-02
 5.411610217211e+04  1.459037200000e+01  5.718002248101e-02
 5.411610709597e+04  1.458069800000e+01  5.718473857757e-02
 5.411611204344e+04  1.464339800000e+01  5.754768594041e-02
 5.429238257418e+04  1.493942700000e+01  6.042696070626e-02
 5.429238577862e+04  1.485960500000e+01  5.794276417605e-02
 5.429238896652e+04  1.491514400000e+01  5.810440740887e-02
 5.429239217294e+04  1.500197800000e+01  5.918013585130e-02
 5.425639495376e+04  1.450117400000e+01  5.726709474262e-02
 5.425640196418e+04  1.451682400000e+01  5.725737408926e-02
 5.425640893767e+04  1.441095200000e+01  5.665455732029e-02
 5.425641593061e+04  1.459701200000e+01  5.766767174803e-02
 5.426437450799e+04  1.461087200000e+01  5.793448659544e-02
 5.426438205999e+04  1.460368600000e+01  5.783557279363e-02
 5.426438961568e+04  1.460149100000e+01  5.775156502398e-02
 5.426439714395e+04  1.461270700000e+01  5.777903012152e-02
 5.427137010285e+04  1.426008300000e+01  5.625943890655e-02
 5.427137493122e+04  1.425386100000e+01  5.620016126239e-02
 5.427137981618e+04  1.428165800000e+01  5.628502488094e-02
 5.427138465936e+04  1.428827600000e+01  5.629005877445e-02
 5.427740019826e+04  1.392699600000e+01  5.467849597905e-02
 5.427740588131e+04  1.390054600000e+01  5.456827458903e-02
 5.427741153263e+04  1.389631200000e+01  5.458137478021e-02
 5.427741721404e+04  1.379342700000e+01  5.611370793651e-02
 5.424144231030e+04  1.464094700000e+01  5.818443168196e-02
 5.424145250490e+04  1.463969800000e+01  5.816209721984e-02
 5.424146694475e+04  1.465158000000e+01  5.813773440412e-02
 5.440721343499e+04  1.402580400000e+01  5.452099465868e-02
 5.440722149441e+04  1.391904800000e+01  5.416823476704e-02
 5.440722956981e+04  1.388447600000e+01  5.405810799445e-02
 5.440723764800e+04  1.388021700000e+01  5.405887954041e-02
 5.441316433877e+04  1.460440300000e+01  5.696833809392e-02
 5.441317080843e+04  1.460826500000e+01  5.699902371619e-02
 5.441317728560e+04  1.460070400000e+01  5.695740090425e-02
 5.441318380167e+04  1.460937700000e+01  5.700250609141e-02
 5.442011743238e+04  1.393173200000e+01  5.454961710804e-02
 5.442012392380e+04  1.396299200000e+01  5.467094190041e-02
 5.442013356236e+04  1.399076500000e+01  5.478494280683e-02
 5.442014001557e+04  1.401670000000e+01  5.498400636404e-02
 5.438116360705e+04  1.450206500000e+01  5.632706370392e-02
 5.438117006339e+04  1.450303800000e+01  5.632373543636e-02
 5.438117650133e+04  1.452230600000e+01  5.640833194639e-02
 5.438118290072e+04  1.452577800000e+01  5.643093266414e-02
 5.439217262811e+04  1.403493900000e+01  5.448682611624e-02
 5.439218073778e+04  1.406356500000e+01  5.458773457192e-02
 5.439218882672e+04  1.409221500000e+01  5.470053932987e-02
 5.439219692411e+04  1.411655200000e+01  5.478539594758e-02
 5.435330296551e+04  1.459398400000e+01  5.725636414569e-02
 5.435331182764e+04  1.459751000000e+01  5.727225423081e-02
 5.435332137580e+04  1.460013300000e+01  5.726560715727e-02
 5.435333016384e+04  1.458712400000e+01  5.720609755982e-02
 5.480213125781e+04  1.462593300000e+01  5.787288392811e-02
 5.480213663852e+04  1.460892300000e+01  5.708114519995e-02
 5.480214211332e+04  1.460386200000e+01  5.733369888918e-02
 5.480214745363e+04  1.458932300000e+01  5.720130192756e-02
 5.447607010333e+04  1.397594000000e+01  5.610488509794e-02
 5.447607390606e+04  1.395252800000e+01  5.605044425114e-02
 5.447607771656e+04  1.398004600000e+01  5.619082950762e-02
 5.447608150691e+04  1.398637600000e+01  5.623795968585e-02
 5.465043946486e+04  1.463417900000e+01  5.809021945391e-02
 5.465044484001e+04  1.465212900000e+01  5.816697185632e-02
 5.465045020764e+04  1.466053100000e+01  5.815841180874e-02
 5.465045557249e+04  1.463747400000e+01  5.799808277875e-02
 5.463038407720e+04  1.467964600000e+01  5.775191880844e-02
 5.463038948627e+04  1.470224400000e+01  5.786102668630e-02
 5.463039494672e+04  1.471403500000e+01  5.788800402417e-02
 5.463040038878e+04  1.471551400000e+01  5.787588461781e-02
 5.460043568044e+04  1.437519400000e+01  5.772503892523e-02
 5.460044160111e+04  1.437366300000e+01  5.767540509920e-02
 5.460044754122e+04  1.440037400000e+01  5.774335777056e-02
 5.460045350830e+04  1.438124900000e+01  5.761012149188e-02
 5.477112961304e+04  1.437304800000e+01  5.589551297432e-02
 5.477113441340e+04  1.438287700000e+01  5.595268044875e-02
 5.477113929374e+04  1.438362300000e+01  5.595105464088e-02
 5.477114407047e+04  1.440210300000e+01  5.601808770491e-02
 5.477710028503e+04  1.402026300000e+01  5.444026515807e-02
 5.477711189846e+04  1.393945200000e+01  5.415853939945e-02
 5.477712345713e+04  1.394399000000e+01  5.417183799163e-02
 5.477713512010e+04  1.398430800000e+01  5.431965034247e-02
 5.474520577773e+04  1.396572800000e+01  5.406995580596e-02
 5.474521304464e+04  1.394326700000e+01  5.399473162296e-02
 5.474522026572e+04  1.396103100000e+01  5.405070179821e-02
 5.474522757072e+04  1.397974800000e+01  5.411320672291e-02
 5.476412961017e+04  1.471211200000e+01  5.725983027171e-02
 5.476413873007e+04  1.470652600000e+01  5.720595929446e-02
 5.476414793262e+04  1.472482600000e+01  5.730418020978e-02
 5.476415715286e+04  1.473221200000e+01  5.732971263792e-02
 5.471822902291e+04  1.465377800000e+01  5.720643758854e-02
 5.471823347150e+04  1.462685400000e+01  5.705592456587e-02
 5.471823779568e+04  1.467481800000e+01  5.729972330709e-02
 5.471824208918e+04  1.468202200000e+01  5.732945140603e-02
 5.473133443344e+04  1.426366200000e+01  5.534461721925e-02
 5.473134165035e+04  1.429355000000e+01  5.548032226627e-02
 5.473134878786e+04  1.430281900000e+01  5.552676482211e-02
 5.473135609597e+04  1.431971800000e+01  5.557708442944e-02
 5.506031458856e+04  1.406835300000e+01  5.369018231697e-02
 5.506032256779e+04  1.409166600000e+01  5.377363516701e-02
 5.506033046172e+04  1.411841800000e+01  5.385024715832e-02
 5.506033835683e+04  1.414546700000e+01  5.393833851794e-02
 5.507033078833e+04  1.388427600000e+01  5.421785179849e-02
 5.507033793733e+04  1.388481400000e+01  5.422825452610e-02
 5.507034516779e+04  1.390165900000e+01  5.427319908703e-02
 5.507035226005e+04  1.394112200000e+01  5.440981949688e-02
 5.507425276297e+04  1.388440800000e+01  5.627752273628e-02
 5.507425713888e+04  1.391709300000e+01  5.633671505386e-02
 5.507426138773e+04  1.390297200000e+01  5.630330181672e-02
 5.507426569488e+04  1.391877400000e+01  5.642109653376e-02
 5.504331200199e+04  1.461563200000e+01  6.008286694943e-02
 5.504331975542e+04  1.460162800000e+01  6.003522723652e-02
 5.504332744750e+04  1.460735600000e+01  6.007289732687e-02
 5.504333510314e+04  1.461371500000e+01  6.004620282400e-02
 5.514312846753e+04  1.411930700000e+01  5.506974728647e-02
 5.514313557843e+04  1.413783000000e+01  5.513558308802e-02
 5.514314288274e+04  1.415358700000e+01  5.522162727304e-02
 5.514315382035e+04  1.417731800000e+01  5.531999293029e-02
 5.515412067229e+04  1.459869900000e+01  5.721760516977e-02
 5.515412796097e+04  1.463790600000e+01  5.742438262023e-02
 5.515413528332e+04  1.463692100000e+01  5.742253032136e-02
 5.515414257154e+04  1.465993100000e+01  5.756771358953e-02
 5.512016866086e+04  1.404677600000e+01  5.472773133202e-02
 5.512017532520e+04  1.407103100000e+01  5.482171593467e-02
 5.512018196920e+04  1.408796600000e+01  5.488349899556e-02
 5.512018871628e+04  1.412232800000e+01  5.502736814023e-02
 5.512916087972e+04  1.417033800000e+01  5.518374365176e-02
 5.512916875468e+04  1.419652100000e+01  5.528901027516e-02
 5.512917678007e+04  1.418731000000e+01  5.608369361641e-02
 5.512918478875e+04  1.423884800000e+01  5.570871954773e-02
 5.508827379282e+04  1.399963900000e+01  5.659274369582e-02
 5.508827903210e+04  1.402313700000e+01  5.664124275260e-02
 5.508828263416e+04  1.403603900000e+01  5.675481203949e-02
 5.508828454409e+04  1.404069200000e+01  5.677503705453e-02
 5.509525570419e+04  1.469545600000e+01  5.998496140451e-02
 5.509526941381e+04  1.462867900000e+01  5.899573362954e-02
 5.509527871302e+04  1.459760100000e+01  5.738261420986e-02
 5.509528523872e+04  1.462498100000e+01  5.762082459976e-02
 5.510219851197e+04  1.409017000000e+01  5.498221540272e-02
 5.510220402764e+04  1.401969300000e+01  5.471214110909e-02
 5.510220958036e+04  1.395681700000e+01  5.447999298527e-02
 5.510221505493e+04  1.391418000000e+01  5.433579337197e-02
 5.553306367701e+04  1.420065500000e+01  5.385193744895e-02
 5.553307705661e+04  1.408626500000e+01  5.353269947210e-02
 5.553308376597e+04  1.399560600000e+01  5.325564887921e-02
 5.538139159697e+04  1.469769300000e+01  5.780178967257e-02
 5.538139944728e+04  1.457118300000e+01  5.709948484724e-02
 5.538140730394e+04  1.440217900000e+01  5.626503922948e-02
 5.538141516903e+04  1.427865100000e+01  5.568534492150e-02
 5.535744630862e+04  1.409195200000e+01  5.498099823625e-02
 5.535745151300e+04  1.412406200000e+01  5.507529366612e-02
 5.535745675968e+04  1.412876700000e+01  5.510432368571e-02
 5.535746192700e+04  1.413733100000e+01  5.510580532974e-02
 5.536539785197e+04  1.441350300000e+01  5.630394754791e-02
 5.536540247951e+04  1.442089600000e+01  5.634786177909e-02
 5.536540714469e+04  1.442688900000e+01  5.636732902808e-02
 5.536541178612e+04  1.442701200000e+01  5.636514796143e-02
 5.533444925142e+04  1.394508900000e+01  5.817023649596e-02
 5.533445562964e+04  1.387999200000e+01  5.933920584570e-02
 5.533446206933e+04  1.398256600000e+01  5.637136585925e-02
 5.533446840333e+04  1.392214200000e+01  5.456507995056e-02
 5.550614382830e+04  1.471313500000e+01  5.791783233639e-02
 5.550615641227e+04  1.471269500000e+01  5.801903053081e-02
 5.550616275521e+04  1.474183500000e+01  5.815801745474e-02
 5.551315235694e+04  1.444192700000e+01  5.656451587013e-02
 5.551316710389e+04  1.446416500000e+01  5.670615405215e-02
 5.551317454743e+04  1.447677300000e+01  5.677847587332e-02
 5.547613847753e+04  1.417322000000e+01  5.565818113536e-02
 5.547615205369e+04  1.421530800000e+01  5.552665640025e-02
 5.547616015940e+04  1.429881600000e+01  5.595943737094e-02
 5.548111153799e+04  1.403876600000e+01  5.481306988144e-02
 5.548112633926e+04  1.408894100000e+01  5.499672950261e-02
 5.548113380907e+04  1.411652800000e+01  5.508854809177e-02
 5.549912707815e+04  1.434892100000e+01  5.618877301142e-02
 5.549914071285e+04  1.438978700000e+01  5.641821601842e-02
 5.549914754642e+04  1.438923300000e+01  5.643913204985e-02
 5.557008444767e+04  1.405920200000e+01  5.499140210567e-02
 5.557008905034e+04  1.407173600000e+01  5.505818447788e-02
 5.557009361955e+04  1.410833500000e+01  5.519737575218e-02
 5.557009825258e+04  1.408903200000e+01  5.513819779295e-02
 5.582321177384e+04  1.452317400000e+01  5.649972983673e-02
 5.582321861666e+04  1.452522600000e+01  5.648469007174e-02
 5.582322550546e+04  1.453866100000e+01  5.654198621923e-02
 5.582323224358e+04  1.452842300000e+01  5.648760328891e-02
 5.585818777157e+04  1.421230500000e+01  5.381868075735e-02
 5.585819890456e+04  1.408162800000e+01  5.341885255438e-02
 5.585821009078e+04  1.394956600000e+01  5.305221862192e-02
 5.585822129010e+04  1.391877700000e+01  5.299316762671e-02
 5.585215571466e+04  1.419743900000e+01  5.506923825530e-02
 5.585216131304e+04  1.418727400000e+01  5.505627846764e-02
 5.585216692628e+04  1.421150300000e+01  5.512840655156e-02
 5.585217255156e+04  1.422313900000e+01  5.517493795753e-02
 5.592906633513e+04  1.463848500000e+01  5.734169861012e-02
 5.592907094472e+04  1.460749700000e+01  5.722198148610e-02
 5.592907547810e+04  1.463235700000e+01  5.736046768866e-02
 5.592908005530e+04  1.462110100000e+01  5.731434710025e-02
 5.607443806370e+04  1.449112300000e+01  5.666026523087e-02
 5.607444145438e+04  1.451424700000e+01  5.675614078284e-02
 5.607444482399e+04  1.448942900000e+01  5.660650343764e-02
 5.607444823286e+04  1.450532500000e+01  5.666635766567e-02
 5.609339406418e+04  1.436433600000e+01  5.649387299145e-02
 5.609340317300e+04  1.435616500000e+01  5.637302649650e-02
 5.609341233250e+04  1.437996200000e+01  5.642276481184e-02
 5.609342145900e+04  1.439704200000e+01  5.643397384227e-02
 5.610036516954e+04  1.463917200000e+01  5.827512751272e-02
 5.610037201896e+04  1.464106000000e+01  5.823593992379e-02
 5.610037880488e+04  1.463954700000e+01  5.817487456890e-02
 5.610038567444e+04  1.466918700000e+01  5.830616446185e-02
 5.616432162363e+04  1.393581800000e+01  5.449173359627e-02
 5.616432727468e+04  1.395309900000e+01  5.457280884218e-02
 5.616433297126e+04  1.398658800000e+01  5.468068371748e-02
 5.616433864836e+04  1.400165600000e+01  5.474003446760e-02
 5.618613531160e+04  1.395973500000e+01  5.366122628648e-02
 5.618613945079e+04  1.397175600000e+01  5.369102624400e-02
 5.618614356951e+04  1.399231300000e+01  5.374597760860e-02
 5.618614770205e+04  1.399271900000e+01  5.373028185422e-02
 5.619319885801e+04  1.459662100000e+01  5.652661785888e-02
 5.619320291574e+04  1.463519800000e+01  5.674884359004e-02
 5.619320697682e+04  1.463159600000e+01  5.754398891019e-02
 5.619321099678e+04  1.459717400000e+01  5.739928760485e-02
 5.620412633124e+04  1.422491500000e+01  5.571306530428e-02
 5.620413362130e+04  1.425045100000e+01  5.581918977719e-02
 5.620414097317e+04  1.425575000000e+01  5.580415711937e-02
 5.620414825747e+04  1.426615500000e+01  5.584995309301e-02
 5.621412168838e+04  1.398288000000e+01  5.463828979080e-02
 5.621413071072e+04  1.400497600000e+01  5.471374802094e-02
 5.621413971780e+04  1.405524900000e+01  5.489414510993e-02
 5.621414873457e+04  1.408659400000e+01  5.500139009681e-02
 5.622011973738e+04  1.461928400000e+01  5.603567287192e-02
 5.622012521567e+04  1.451868600000e+01  5.696520750007e-02
 5.622013062641e+04  1.463675600000e+01  5.664282206382e-02
 5.622013603919e+04  1.466041600000e+01  6.025333377839e-02
