# time mag mag_err
 5.372511073403e+04  1.551472900000e+01  6.400536846027e-02
 5.372511813821e+04  1.555688600000e+01  6.462354518185e-02
 5.372512555547e+04  1.552916400000e+01  6.436417801400e-02
 5.372513295469e+04  1.554955400000e+01  6.460204385261e-02
 5.367520671510e+04  1.505594000000e+01  6.030807035032e-02
 5.367521119704e+04  1.504950400000e+01  6.025835235542e-02
 5.367521571208e+04  1.509221300000e+01  6.054223821707e-02
 5.367522020189e+04  1.510396900000e+01  6.065231944366e-02
 5.364423669976e+04  1.563180600000e+01  6.633393627943e-02
 5.364424524949e+04  1.559580900000e+01  6.593134181045e-02
 5.364425376635e+04  1.551505600000e+01  6.507987649711e-02
 5.364426229443e+04  1.533687500000e+01  6.332727033794e-02
 5.365422804887e+04  1.538034700000e+01  6.383136611132e-02
 5.363626168949e+04  1.560499100000e+01  6.626980171435e-02
 5.363627026237e+04  1.551867800000e+01  6.531468791417e-02
 5.363627883109e+04  1.536639700000e+01  6.377532220576e-02
 5.363628741531e+04  1.504300100000e+01  6.099824610693e-02
 5.397533307662e+04  1.553769600000e+01  6.333473313504e-02
 5.397534110804e+04  1.555130100000e+01  6.345189417664e-02
 5.397534917568e+04  1.555326500000e+01  6.345423485796e-02
 5.397535721671e+04  1.552006900000e+01  6.315625844131e-02
 5.408116714297e+04  1.491643000000e+01  5.896714235275e-02
 5.408117261085e+04  1.494622900000e+01  5.918332549529e-02
 5.408117805567e+04  1.496339500000e+01  5.934240743254e-02
 5.408118355329e+04  1.497537300000e+01  5.945867791063e-02
 5.374411194851e+04  1.467582500000e+01  5.840975293592e-02
 5.374411866285e+04  1.469060800000e+01  5.856700623963e-02
 5.374412536550e+04  1.474603000000e+01  5.899650653353e-02
 5.374413207937e+04  1.479382200000e+01  5.943333320840e-02
 5.374507038124e+04  1.554872500000e+01  6.495145384157e-02
 5.374507626509e+04  1.552467000000e+01  6.475407795191e-02
 5.374508213380e+04  1.559815200000e+01  6.551168095572e-02
 5.374508802390e+04  1.553351800000e+01  6.491699661574e-02
 5.405016073542e+04  1.551089600000e+01  6.302213733396e-02
 5.405017045684e+04  1.554114800000e+01  6.331650812603e-02
 5.405018019772e+04  1.553619000000e+01  6.326573864411e-02
 5.405018993628e+04  1.560048300000e+01  6.384171274460e-02
 5.405717680016e+04  1.476095100000e+01  5.765312862914e-02
 5.405718399900e+04  1.480242100000e+01  5.788459596988e-02
 5.405719118293e+04  1.484097400000e+01  5.812943610141e-02
 5.405719835609e+04  1.487294900000e+01  5.833381976063e-02
 5.406611115161e+04  1.558528100000e+01  6.372551935951e-02
 5.406612090950e+04  1.550597300000e+01  6.300781465289e-02
 5.406613065571e+04  1.549827000000e+01  6.294854783556e-02
 5.406614045087e+04  1.555027300000e+01  6.349190245972e-02
 5.400917348899e+04  1.561876600000e+01  6.457631360802e-02
 5.400917990192e+04  1.552370800000e+01  6.358345785205e-02
 5.400918635803e+04  1.539480900000e+01  6.241984867384e-02
 5.400919277501e+04  1.516080500000e+01  6.085756183158e-02
 5.402417485307e+04  1.511437200000e+01  5.990580692524e-02
 5.402418245529e+04  1.512415200000e+01  5.994676927407e-02
 5.402419005567e+04  1.517400900000e+01  6.031776488883e-02
 5.402419766855e+04  1.515409400000e+01  6.014804365057e-02
 5.403020947132e+04  1.553278600000e+01  6.323413220592e-02
 5.403021534973e+04  1.553565800000e+01  6.327524848133e-02
 5.403022122375e+04  1.558581900000e+01  6.375544692264e-02
 5.403022708910e+04  1.558547100000e+01  6.373532253549e-02
 5.399037944523e+04  1.510598100000e+01  6.011306373226e-02
 5.399038685058e+04  1.492091300000e+01  5.893337869820e-02
 5.399039423451e+04  1.472369500000e+01  5.772236474363e-02
 5.399040158118e+04  1.461121700000e+01  5.718630359732e-02
 5.444905959902e+04  1.527355200000e+01  6.116570814282e-02
 5.444906509362e+04  1.527675900000e+01  6.120329719011e-02
 5.444907059273e+04  1.531414300000e+01  6.145897547874e-02
 5.444907610146e+04  1.531982100000e+01  6.154615074243e-02
 5.445413023207e+04  1.427146400000e+01  5.550520985258e-02
 5.445413671966e+04  1.508531800000e+01  5.997711862557e-02
 5.445414319081e+04  1.468735100000e+01  5.754793638632e-02
 5.445414965109e+04  1.451278500000e+01  5.663783306577e-02
 5.411508282050e+04  1.557025300000e+01  6.595265635308e-02
 5.411508485567e+04  1.555659000000e+01  6.581774582600e-02
 5.411508688343e+04  1.557402700000e+01  6.604265812970e-02
 5.411508893376e+04  1.558553200000e+01  6.619529787205e-02
 5.412707601407e+04  1.556282500000e+01  7.415581758409e-02
 5.412707753360e+04  1.545171100000e+01  7.234512662421e-02
 5.412707905486e+04  1.551677500000e+01  7.345837957451e-02
 5.412708054683e+04  1.553646600000e+01  7.376440343529e-02
 5.426144277187e+04  1.528148700000e+01  6.265901873383e-02
 5.426943475337e+04  1.529322900000e+01  6.258006235810e-02
 5.442110534372e+04  1.527845600000e+01  6.170511731751e-02
 5.442111130326e+04  1.526129200000e+01  6.163837958256e-02
 5.442111728632e+04  1.527622700000e+01  6.181347588043e-02
 5.442112325883e+04  1.521237400000e+01  6.132748010777e-02
 5.438825124194e+04  1.553699800000e+01  6.352149260855e-02
 5.438825984550e+04  1.552304900000e+01  6.339664766624e-02
 5.438826844708e+04  1.556041600000e+01  6.376634651702e-02
 5.438827703617e+04  1.555047900000e+01  6.368237829220e-02
 5.440413854744e+04  1.552721400000e+01  6.353475340489e-02
 5.440414671914e+04  1.550565000000e+01  6.356303622796e-02
 5.434631403924e+04  1.490103300000e+01  5.879322660498e-02
 5.434632017958e+04  1.492685600000e+01  5.896504317655e-02
 5.434632630118e+04  1.480126400000e+01  5.818261089426e-02
 5.434633242453e+04  1.493452600000e+01  5.898144400707e-02
 5.480108625434e+04  1.552555400000e+01  6.316715723872e-02
 5.480109429028e+04  1.554133400000e+01  6.332361573644e-02
 5.480110233002e+04  1.555465000000e+01  6.346400330142e-02
 5.480111044652e+04  1.554335500000e+01  6.336075417400e-02
 5.482110710486e+04  1.564158600000e+01  6.431733430654e-02
 5.482111322450e+04  1.562108100000e+01  6.412152731143e-02
 5.482111934378e+04  1.558267400000e+01  6.377295884362e-02
 5.482112538193e+04  1.568784900000e+01  6.484575966882e-02
 5.446608911757e+04  1.507780400000e+01  5.979500982390e-02
 5.446609455128e+04  1.507293900000e+01  5.979116329520e-02
 5.446610003733e+04  1.512211000000e+01  6.014123818064e-02
 5.446610551630e+04  1.514813300000e+01  6.035217284881e-02
 5.447706988904e+04  1.547875500000e+01  6.771298198932e-02
 5.447707406726e+04  1.543139800000e+01  6.723674342309e-02
 5.447707824200e+04  1.544727200000e+01  6.747660241994e-02
 5.447708244221e+04  1.546761900000e+01  6.772847895583e-02
 5.477706617187e+04  1.552017600000e+01  6.351615661277e-02
 5.477707266954e+04  1.553976500000e+01  6.370466330019e-02
 5.477707882159e+04  1.550682300000e+01  6.336242129108e-02
 5.477708484480e+04  1.547521000000e+01  6.307180180358e-02
 5.474724784549e+04  1.521516000000e+01  6.043916125898e-02
 5.474725630551e+04  1.526481100000e+01  6.079449405067e-02
 5.474726487388e+04  1.525768100000e+01  6.075029857638e-02
 5.474727345220e+04  1.529950700000e+01  6.107554142794e-02
 5.476916194074e+04  1.560220500000e+01  6.428342607295e-02
 5.476916923311e+04  1.558450000000e+01  6.409291938061e-02
 5.476917644424e+04  1.557663500000e+01  6.399888157866e-02
 5.476918363140e+04  1.554945400000e+01  6.372369612487e-02
 5.505838168416e+04  1.468573500000e+01  5.620316193872e-02
 5.505838968078e+04  1.455163100000e+01  5.560970391687e-02
 5.505839763385e+04  1.455145100000e+01  5.559907411634e-02
 5.505840561227e+04  1.454850000000e+01  5.558524154896e-02
 5.507040144105e+04  1.468577700000e+01  5.783424663879e-02
 5.507040868808e+04  1.472959300000e+01  5.808254155617e-02
 5.507041594816e+04  1.476812700000e+01  5.832642319319e-02
 5.507042321374e+04  1.478768100000e+01  5.848813536792e-02
 5.517508502403e+04  1.549485600000e+01  6.346500100318e-02
 5.517509101819e+04  1.552089000000e+01  6.371354813361e-02
 5.517509712061e+04  1.546980300000e+01  6.328569345439e-02
 5.517510322877e+04  1.551385600000e+01  6.371448456559e-02
 5.515110278684e+04  1.559511700000e+01  6.469060837714e-02
 5.515110826734e+04  1.555666400000e+01  6.427038035382e-02
 5.515111368115e+04  1.557147600000e+01  6.440258930710e-02
 5.515111903293e+04  1.558962300000e+01  6.454390891037e-02
 5.511321277068e+04  1.487875600000e+01  5.895583039210e-02
 5.511321882851e+04  1.494681000000e+01  5.940260051044e-02
 5.511322490753e+04  1.493540800000e+01  5.929992402511e-02
 5.511323085762e+04  1.498553800000e+01  5.966512419449e-02
 5.508431576701e+04  1.541370100000e+01  6.762387355877e-02
 5.508432157679e+04  1.545086800000e+01  6.804881832339e-02
 5.508432746838e+04  1.541556800000e+01  6.753815963931e-02
 5.508433340051e+04  1.550459000000e+01  6.864770523055e-02
 5.550309568911e+04  1.566150100000e+01  7.125936195934e-02
 5.550310474877e+04  1.556279400000e+01  6.986716933089e-02
 5.550310934854e+04  1.555393500000e+01  6.968177991731e-02
 5.545031483133e+04  1.525061400000e+01  6.095048413407e-02
 5.545032743870e+04  1.527259100000e+01  6.110312915125e-02
 5.545033381567e+04  1.532572800000e+01  6.156117843982e-02
 5.546829468032e+04  1.572333500000e+01  6.600271940480e-02
 5.546830846841e+04  1.570768300000e+01  6.573677560978e-02
 5.546831533604e+04  1.567424200000e+01  6.546272856566e-02
 5.557407530716e+04  1.529661700000e+01  6.680981795206e-02
 5.557408248113e+04  1.530817100000e+01  6.702599748528e-02
 5.557408970986e+04  1.538624500000e+01  6.795665490061e-02
 5.557409701105e+04  1.535159800000e+01  6.761383218949e-02
 5.367522829188e+04  1.513446200000e+01  6.087850953552e-02
 5.367523024058e+04  1.513187900000e+01  6.087736598781e-02
 5.367523220074e+04  1.513940300000e+01  6.092182955958e-02
 5.367523413128e+04  1.513405000000e+01  6.065485756085e-02
 5.582233150735e+04  1.555792600000e+01  6.389585284032e-02
 5.582233916968e+04  1.555467900000e+01  6.393735346034e-02
 5.582234691477e+04  1.551493100000e+01  6.355437048737e-02
 5.582235467122e+04  1.554615800000e+01  6.385638701743e-02
 5.588113458922e+04  1.568057000000e+01  6.517566274020e-02
 5.588113974749e+04  1.562890000000e+01  6.470436207917e-02
 5.588114487228e+04  1.558347300000e+01  6.426582934810e-02
 5.588114994855e+04  1.557735200000e+01  6.421384203097e-02
 5.584925713547e+04  1.459778700000e+01  5.715144494367e-02
 5.584926391500e+04  1.454072500000e+01  5.683267291307e-02
 5.584927077425e+04  1.456431900000e+01  5.694905300303e-02
 5.584927757797e+04  1.459822600000e+01  5.712441114877e-02
 5.589213379778e+04  1.500584000000e+01  5.947284091517e-02
 5.589213892250e+04  1.502947000000e+01  5.968224542398e-02
 5.589214410713e+04  1.503035300000e+01  5.972182011573e-02
 5.589214930823e+04  1.505555700000e+01  5.989536699378e-02
 5.592012389221e+04  1.512343900000e+01  6.061449442118e-02
 5.592013065697e+04  1.516071400000e+01  6.094969985278e-02
 5.592013755733e+04  1.520505400000e+01  6.132717549823e-02
 5.592014445154e+04  1.522005000000e+01  6.146269106056e-02
 5.592908302409e+04  1.475732800000e+01  5.802911945340e-02
 5.592908755994e+04  1.468052700000e+01  5.760124319580e-02
 5.592909206920e+04  1.460530000000e+01  5.720054728317e-02
 5.592909657801e+04  1.455288800000e+01  5.692646325305e-02
 5.594007035073e+04  1.511165400000e+01  5.832376047561e-02
 5.594007657388e+04  1.510872700000e+01  5.836500721119e-02
 5.594008273564e+04  1.514359000000e+01  5.860920313514e-02
 5.594008892241e+04  1.517441600000e+01  5.881892445844e-02
 5.612645923087e+04  1.488932300000e+01  5.912418257886e-02
 5.616435862690e+04  1.552040800000e+01  6.445991466355e-02
 5.616436465382e+04  1.555706800000e+01  6.473764771641e-02
 5.616437071794e+04  1.555066600000e+01  6.470618986825e-02
 5.616437682054e+04  1.551514600000e+01  6.438396278250e-02
 5.621318683520e+04  1.511883100000e+01  6.082051545150e-02
 5.621319583995e+04  1.511026300000e+01  6.077124153211e-02
 5.621320478623e+04  1.514730100000e+01  6.103896254182e-02
 5.621321382457e+04  1.518580900000e+01  6.135410779152e-02
