# time mag mag_err
 5.348147380918e+04  1.526561100000e+01  6.453832596114e-02
 5.348147774942e+04  1.524976900000e+01  6.428810464220e-02
 5.348148163178e+04  1.523570000000e+01  6.416133128350e-02
 5.348148552006e+04  1.517668000000e+01  6.353546030403e-02
 5.370606692851e+04  1.510735600000e+01  6.125015826292e-02
 5.370607230111e+04  1.510540000000e+01  6.125689289138e-02
 5.370607768830e+04  1.512510100000e+01  6.143939891073e-02
 5.370608313522e+04  1.515470600000e+01  6.169159197859e-02
 5.371207258905e+04  1.463675000000e+01  6.190671733980e-02
 5.371207687271e+04  1.467558200000e+01  6.123601762496e-02
 5.371208110221e+04  1.473247200000e+01  6.172777324131e-02
 5.371208536932e+04  1.473483500000e+01  6.181061539012e-02
 5.356233481882e+04  1.525647800000e+01  6.246502291575e-02
 5.356234292675e+04  1.528036000000e+01  6.278982205316e-02
 5.356235102807e+04  1.523610800000e+01  6.239586795868e-02
 5.356235912164e+04  1.517888000000e+01  6.184893661695e-02
 5.356738095953e+04  1.535999800000e+01  6.427801090019e-02
 5.356738677810e+04  1.535035600000e+01  6.430461827064e-02
 5.356739246600e+04  1.532508400000e+01  6.407877513445e-02
 5.356739821235e+04  1.535814500000e+01  6.453915735251e-02
 5.352443654335e+04  1.537360500000e+01  6.287954330848e-02
 5.352444311277e+04  1.533885200000e+01  6.227317116225e-02
 5.352444970384e+04  1.532598500000e+01  6.246640599015e-02
 5.352445636134e+04  1.529834500000e+01  6.221858802546e-02
 5.353040543391e+04  1.522681300000e+01  6.179955811142e-02
 5.353040973782e+04  1.523967100000e+01  6.187740994080e-02
 5.353041404348e+04  1.525975500000e+01  6.204317566520e-02
 5.353041833825e+04  1.528167200000e+01  6.221326023966e-02
 5.355137015008e+04  1.517151700000e+01  6.186043544285e-02
 5.355137772384e+04  1.520246600000e+01  6.205171889134e-02
 5.355138532653e+04  1.522358700000e+01  6.228857711045e-02
 5.355139287159e+04  1.523450200000e+01  6.242538193447e-02
 5.349444114743e+04  1.491564700000e+01  6.007036952000e-02
 5.349444547844e+04  1.491022100000e+01  6.002051410554e-02
 5.349444977830e+04  1.494093900000e+01  6.014722230056e-02
 5.349445408951e+04  1.494704300000e+01  6.016216411032e-02
 5.350542057721e+04  1.540826200000e+01  6.429250002740e-02
 5.350542899707e+04  1.540722500000e+01  6.422123426038e-02
 5.350543746138e+04  1.539903100000e+01  6.401339039390e-02
 5.350544593414e+04  1.541511100000e+01  6.407055721489e-02
 5.368613420638e+04  1.518587200000e+01  6.186141024960e-02
 5.368614001581e+04  1.522008200000e+01  6.217300669399e-02
 5.368614583959e+04  1.519833100000e+01  6.203739712933e-02
 5.368615165655e+04  1.519945300000e+01  6.207750812992e-02
 5.369605729627e+04  1.542424500000e+01  6.375707002917e-02
 5.369606211816e+04  1.545371500000e+01  6.407888508223e-02
 5.369606695392e+04  1.541901000000e+01  6.373542649793e-02
 5.369607177303e+04  1.541434300000e+01  6.367880975881e-02
 5.364416755639e+04  1.518965600000e+01  6.236165368501e-02
 5.364417206495e+04  1.518163900000e+01  6.229328927206e-02
 5.364417662883e+04  1.520562500000e+01  6.245363162647e-02
 5.364418117212e+04  1.521849500000e+01  6.260554146889e-02
 5.365313396182e+04  1.429375000000e+01  5.672271117056e-02
 5.365314143928e+04  1.431997300000e+01  5.681553845009e-02
 5.365314898468e+04  1.440678900000e+01  5.724201166056e-02
 5.365315647984e+04  1.443097200000e+01  5.736036215187e-02
 5.367011796517e+04  1.479616600000e+01  5.890744646207e-02
 5.367012432302e+04  1.480872400000e+01  5.901366607275e-02
 5.367013066882e+04  1.483789700000e+01  5.919487082879e-02
 5.367013701624e+04  1.486875700000e+01  5.940430328469e-02
 5.363717664483e+04  1.531276100000e+01  6.354334043455e-02
 5.363718413895e+04  1.530518000000e+01  6.338561137917e-02
 5.363719164789e+04  1.524943900000e+01  6.290373637003e-02
 5.363719914606e+04  1.516648100000e+01  6.222717242900e-02
 5.384847273810e+04  1.509340800000e+01  6.356192001508e-02
 5.384847948068e+04  1.510371700000e+01  6.364750972681e-02
 5.384848630150e+04  1.513413700000e+01  6.388487949130e-02
 5.384849308472e+04  1.514184000000e+01  6.380354410246e-02
 5.407009613774e+04  1.470209800000e+01  6.336654178640e-02
 5.407010049513e+04  1.471124000000e+01  6.347728622932e-02
 5.407010489917e+04  1.469590800000e+01  6.339226071491e-02
 5.407010927497e+04  1.472429500000e+01  6.367731045206e-02
 5.408107563900e+04  1.523251500000e+01  6.155696614056e-02
 5.408108058902e+04  1.526948100000e+01  6.191894863112e-02
 5.408108554216e+04  1.526719900000e+01  6.194833466860e-02
 5.408109047354e+04  1.529024800000e+01  6.217256965220e-02
 5.391732339189e+04  1.542001700000e+01  6.652556871708e-02
 5.391732981293e+04  1.540403700000e+01  6.633873886901e-02
 5.391733620803e+04  1.540022200000e+01  6.627555941834e-02
 5.391734260963e+04  1.540361400000e+01  6.637813225326e-02
 5.393729930663e+04  1.542773200000e+01  6.544519522763e-02
 5.393730630304e+04  1.542935000000e+01  6.538043568599e-02
 5.393731328823e+04  1.543096400000e+01  6.541026295209e-02
 5.393732027573e+04  1.543411000000e+01  6.537881593394e-02
 5.388735019741e+04  1.503474200000e+01  6.211953417193e-02
 5.388735936441e+04  1.506655100000e+01  6.226459541499e-02
 5.388736794887e+04  1.505611400000e+01  6.210146067820e-02
 5.388737656006e+04  1.506811000000e+01  6.212295892569e-02
 5.390336441535e+04  1.519982600000e+01  9.957624961251e-02
 5.390336545394e+04  1.520894600000e+01  9.952506233486e-02
 5.390336652899e+04  1.521597400000e+01  9.972740475037e-02
 5.390336758726e+04  1.518244500000e+01  9.865374898349e-02
 5.387543743877e+04  1.435575300000e+01  5.702495837435e-02
 5.387544180495e+04  1.436415700000e+01  5.706109552609e-02
 5.387544616328e+04  1.439456300000e+01  5.720588352164e-02
 5.387545049764e+04  1.444088100000e+01  5.742818415910e-02
 5.388138657839e+04  1.530447500000e+01  6.201068060243e-02
 5.388139686362e+04  1.534043800000e+01  6.226342316252e-02
 5.388140730257e+04  1.534039200000e+01  6.217682357416e-02
 5.388141763132e+04  1.534833200000e+01  6.216549959240e-02
 5.405507650764e+04  1.540143200000e+01  6.238771771089e-02
 5.405508534419e+04  1.541636500000e+01  6.258400067096e-02
 5.405509415412e+04  1.540173800000e+01  6.246535780260e-02
 5.405510296149e+04  1.538948400000e+01  6.238718081728e-02
 5.405905566801e+04  1.533319200000e+01  6.173556707271e-02
 5.405906213581e+04  1.531427000000e+01  6.161431863021e-02
 5.406005302281e+04  1.526372300000e+01  6.123761295899e-02
 5.406005895933e+04  1.521735400000e+01  6.064709985992e-02
 5.406006486877e+04  1.525542100000e+01  6.130644626164e-02
 5.406007080089e+04  1.526457000000e+01  6.138090965438e-02
 5.403012546147e+04  1.473814700000e+01  5.777956457280e-02
 5.403013189061e+04  1.472480100000e+01  5.770451564968e-02
 5.403013833317e+04  1.473643600000e+01  5.778471778772e-02
 5.403014476058e+04  1.473662600000e+01  5.776985706947e-02
 5.403713164730e+04  1.544855400000e+01  6.285733948928e-02
 5.403713806590e+04  1.543140200000e+01  6.270600329055e-02
 5.403714452815e+04  1.543687600000e+01  6.277287935176e-02
 5.403715095961e+04  1.543370300000e+01  6.275731108550e-02
 5.398914721782e+04  1.480665200000e+01  5.831288855031e-02
 5.398915315399e+04  1.479120800000e+01  5.819630506674e-02
 5.398916052821e+04  1.481437900000e+01  5.833147924508e-02
 5.398916644238e+04  1.480304800000e+01  5.825652103982e-02
 5.399613979787e+04  1.536070900000e+01  6.212914497489e-02
 5.399614508296e+04  1.536489800000e+01  6.217849483849e-02
 5.399615039110e+04  1.534548100000e+01  6.199658358606e-02
 5.399615567852e+04  1.535661700000e+01  6.207973492796e-02
 5.400115778594e+04  1.527250400000e+01  6.171225729806e-02
 5.400116417329e+04  1.522796600000e+01  6.131464026030e-02
 5.400117058287e+04  1.526535200000e+01  6.160673930181e-02
 5.400117700426e+04  1.529317700000e+01  6.183858354771e-02
 5.420848288528e+04  1.490528600000e+01  6.264138165526e-02
 5.420848611507e+04  1.487888400000e+01  6.232001017124e-02
 5.420848934358e+04  1.491840400000e+01  6.267867179482e-02
 5.420849260381e+04  1.495845000000e+01  6.383322190893e-02
 5.429932270014e+04  1.535816900000e+01  6.377689829090e-02
 5.425938676894e+04  1.533556400000e+01  6.305972963366e-02
 5.425939323650e+04  1.537569800000e+01  6.335105668551e-02
 5.425939968706e+04  1.536452800000e+01  6.327114320103e-02
 5.425940615833e+04  1.537035100000e+01  6.326347141793e-02
 5.426633548756e+04  1.477160900000e+01  5.946126611534e-02
 5.426634435144e+04  1.479940300000e+01  5.956943404633e-02
 5.426635318045e+04  1.482478400000e+01  5.966731406937e-02
 5.426636204594e+04  1.486205700000e+01  5.984866313840e-02
 5.427736378234e+04  1.535783900000e+01  6.356562303513e-02
 5.427736972730e+04  1.539466300000e+01  6.390094471860e-02
 5.427737569716e+04  1.537189700000e+01  6.360568572647e-02
 5.427738168161e+04  1.539599000000e+01  6.394674637072e-02
 5.423644837691e+04  1.541326700000e+01  6.481612890482e-02
 5.423645161422e+04  1.507023600000e+01  7.253977483640e-02
 5.423645484645e+04  1.547867500000e+01  7.295000952113e-02
 5.423645812531e+04  1.538918500000e+01  6.467488436020e-02
 5.424440440192e+04  1.509853300000e+01  6.106355422673e-02
 5.424440929684e+04  1.511834100000e+01  6.122994077353e-02
 5.424441414998e+04  1.513064000000e+01  6.131116531469e-02
 5.424441899814e+04  1.510272000000e+01  6.103299344689e-02
 5.440715759992e+04  1.448664500000e+01  5.675687682768e-02
 5.440716491058e+04  1.453674800000e+01  5.703506892625e-02
 5.440717213883e+04  1.457224700000e+01  5.724380688826e-02
 5.440717938942e+04  1.460914300000e+01  5.748628343805e-02
 5.441308273461e+04  1.523968700000e+01  6.146210078284e-02
 5.441308818233e+04  1.525724400000e+01  6.160220467962e-02
 5.441309362021e+04  1.527772300000e+01  6.176446349008e-02
 5.441309901597e+04  1.527133300000e+01  6.169260904945e-02
 5.438012582142e+04  1.506000000000e+01  6.003902972035e-02
 5.438013169799e+04  1.506166100000e+01  6.004879524681e-02
 5.438013758057e+04  1.508432200000e+01  6.019626220698e-02
 5.438014347449e+04  1.510773300000e+01  6.036168199587e-02
 5.438615165605e+04  1.452682300000e+01  5.683752531120e-02
 5.438615924255e+04  1.457402200000e+01  5.707140161829e-02
 5.438616681828e+04  1.462182800000e+01  5.732248406220e-02
 5.438617439179e+04  1.467032100000e+01  5.760593443097e-02
 5.435419354847e+04  1.523127900000e+01  6.189836510115e-02
 5.435419996997e+04  1.524227400000e+01  6.200590020393e-02
 5.435420637909e+04  1.528138500000e+01  6.238222287687e-02
 5.435421279433e+04  1.527911800000e+01  6.231911144495e-02
 5.480605944840e+04  1.537977700000e+01  6.717376120299e-02
 5.480606385209e+04  1.540513600000e+01  6.747027520010e-02
 5.480606815034e+04  1.544794200000e+01  6.799940693213e-02
 5.480607246988e+04  1.544729400000e+01  6.804940321642e-02
 5.482206467830e+04  1.480610600000e+01  5.854774866063e-02
 5.482207004512e+04  1.482250500000e+01  5.871159998855e-02
 5.482207554341e+04  1.481382800000e+01  5.869993816114e-02
 5.482208098304e+04  1.480144500000e+01  5.867786377421e-02
 5.462435643560e+04  1.457968300000e+01  5.613240968575e-02
 5.462436307541e+04  1.462410300000e+01  5.629925070656e-02
 5.462436970628e+04  1.463197600000e+01  5.629430567731e-02
 5.462437630778e+04  1.469919400000e+01  5.662205021795e-02
 5.459141798845e+04  1.532058400000e+01  6.312227172454e-02
 5.459142183818e+04  1.535860400000e+01  6.341398455228e-02
 5.459142573456e+04  1.539242200000e+01  6.322373082552e-02
 5.459142958752e+04  1.535458000000e+01  6.327220509192e-02
 5.460142130341e+04  1.503619100000e+01  6.083750114407e-02
 5.460142843965e+04  1.504602500000e+01  6.070214787546e-02
 5.460143394027e+04  1.506740100000e+01  6.081053498281e-02
 5.460143948638e+04  1.507036300000e+01  6.081578226552e-02
 5.478806658772e+04  1.536829600000e+01  6.227394058730e-02
 5.478807259578e+04  1.537615600000e+01  6.232977805965e-02
 5.478807861772e+04  1.537237500000e+01  6.233235523568e-02
 5.478808466582e+04  1.534586600000e+01  6.211591416823e-02
 5.474012247057e+04  1.493733100000e+01  5.964186284685e-02
 5.474013031228e+04  1.492149600000e+01  5.957773093515e-02
 5.474013823594e+04  1.477286400000e+01  6.203425861947e-02
 5.476709810953e+04  1.536994200000e+01  6.214663931589e-02
 5.473020317916e+04  1.533893600000e+01  6.222163571312e-02
 5.473020957148e+04  1.533387400000e+01  6.223010411288e-02
 5.473021598593e+04  1.536337400000e+01  6.246363936741e-02
 5.473022239909e+04  1.541499000000e+01  6.293832622412e-02
 5.505826413943e+04  1.479107300000e+01  5.707216415091e-02
 5.505827140823e+04  1.485284200000e+01  5.740605161961e-02
 5.505827858046e+04  1.494130400000e+01  5.895659582641e-02
 5.505828582414e+04  1.489779700000e+01  5.763344020426e-02
 5.507116199714e+04  1.507361500000e+01  6.494487653228e-02
 5.507116791667e+04  1.510642100000e+01  6.519828316840e-02
 5.507117381731e+04  1.512434700000e+01  6.542254306835e-02
 5.507118110773e+04  1.638898000000e+01  1.006271607673e-01
 5.504026652910e+04  1.455095200000e+01  5.742581931733e-02
 5.504027273603e+04  1.457312400000e+01  5.757817676337e-02
 5.504027894583e+04  1.458223900000e+01  5.762679263884e-02
 5.504028491536e+04  1.459905000000e+01  5.769925812409e-02
 5.499740478722e+04  1.511692000000e+01  6.082338766607e-02
 5.499741079205e+04  1.514345100000e+01  6.101900792824e-02
 5.499741684699e+04  1.514373600000e+01  6.101967591008e-02
 5.499742274936e+04  1.513970200000e+01  6.098742395373e-02
 5.495243632598e+04  1.534938700000e+01  6.352542267870e-02
 5.495244366016e+04  1.535141200000e+01  6.341804151006e-02
 5.495245089201e+04  1.539150800000e+01  6.370923347934e-02
 5.495245824503e+04  1.537673500000e+01  6.344403479058e-02
 5.497838903991e+04  1.493742700000e+01  5.999363781824e-02
 5.497839760782e+04  1.496467100000e+01  6.014979293815e-02
 5.497840611277e+04  1.500270900000e+01  6.036476326573e-02
 5.497841454468e+04  1.502259300000e+01  6.046751537869e-02
 5.514109226572e+04  1.516631000000e+01  6.121996199474e-02
 5.514109895588e+04  1.509077000000e+01  6.067476740617e-02
 5.514110544140e+04  1.502147700000e+01  6.018035554617e-02
 5.514111205968e+04  1.510363000000e+01  6.827935860125e-02
 5.515406446804e+04  1.490610700000e+01  6.285203838377e-02
 5.515407031046e+04  1.498298600000e+01  6.361498939178e-02
 5.515407600622e+04  1.501179900000e+01  6.387451281569e-02
 5.515408176565e+04  1.502857700000e+01  6.405107661522e-02
 5.512812049183e+04  1.522400800000e+01  6.164136317280e-02
 5.512812959397e+04  1.523614200000e+01  6.176980492155e-02
 5.512813878346e+04  1.525503100000e+01  6.192843469460e-02
 5.512814782964e+04  1.524063200000e+01  6.182918175157e-02
 5.509220310407e+04  1.524311300000e+01  6.205899102444e-02
 5.509221158095e+04  1.525810400000e+01  6.217300669399e-02
 5.509221991020e+04  1.525348500000e+01  6.211756672819e-02
 5.509222834128e+04  1.526019400000e+01  6.220821738422e-02
 5.509816733124e+04  1.475797700000e+01  6.167325135022e-02
 5.509817226331e+04  1.479258100000e+01  6.198912619847e-02
 5.509817719284e+04  1.479892800000e+01  6.203096693523e-02
 5.509818192375e+04  1.481967000000e+01  6.219770583360e-02
 5.538127041249e+04  1.542729400000e+01  6.444913390765e-02
 5.538127508602e+04  1.533447900000e+01  6.345358711536e-02
 5.538127968174e+04  1.541420000000e+01  6.422117801719e-02
 5.538128422289e+04  1.541308500000e+01  6.414106271834e-02
 5.535237909900e+04  1.513226000000e+01  6.105611233498e-02
 5.535238654676e+04  1.510608600000e+01  6.088463514361e-02
 5.535239439704e+04  1.513272100000e+01  6.110461824984e-02
 5.535240185112e+04  1.513326100000e+01  6.102489673046e-02
 5.536032854884e+04  1.534741900000e+01  6.338034588730e-02
 5.536033263829e+04  1.531083200000e+01  6.296382276929e-02
 5.536033667954e+04  1.529107400000e+01  6.276531144086e-02
 5.536034074709e+04  1.524870600000e+01  6.234903741384e-02
 5.532642350806e+04  1.532951000000e+01  6.308380512529e-02
 5.532643090058e+04  1.531861500000e+01  6.293495331972e-02
 5.532643846532e+04  1.530067600000e+01  6.269791223833e-02
 5.532644600020e+04  1.533894800000e+01  6.302912657972e-02
 5.533441331335e+04  1.506674600000e+01  6.116983794104e-02
 5.533441910387e+04  1.508322400000e+01  6.235593753931e-02
 5.533442489247e+04  1.516676000000e+01  6.758708684861e-02
 5.533443825728e+04  1.511760400000e+01  6.212177762481e-02
 5.534038995524e+04  1.464157600000e+01  5.803029551696e-02
 5.534039455142e+04  1.457418000000e+01  5.755590071810e-02
 5.534039922863e+04  1.451568900000e+01  5.720386878287e-02
 5.534040392111e+04  1.447956700000e+01  5.699341689705e-02
 5.550611344178e+04  1.531722000000e+01  6.730343938188e-02
 5.550612445715e+04  1.532065700000e+01  6.752295174939e-02
 5.550612992225e+04  1.540029700000e+01  6.876722359541e-02
 5.551709091156e+04  1.481138700000e+01  6.256348167812e-02
 5.551710273852e+04  1.480614700000e+01  6.253500922043e-02
 5.551710855277e+04  1.474967400000e+01  6.202891519243e-02
 5.552809505373e+04  1.523635500000e+01  6.638257407701e-02
 5.552810592921e+04  1.526975000000e+01  6.681784441104e-02
 5.552811132948e+04  1.525202900000e+01  6.696569470132e-02
 5.547814574786e+04  1.507783100000e+01  6.064524309935e-02
 5.547816165223e+04  1.499964800000e+01  6.009196763235e-02
 5.547816966203e+04  1.494541900000e+01  5.968551965223e-02
 5.548209585236e+04  1.534933100000e+01  6.299827092633e-02
 5.548210843464e+04  1.538273400000e+01  6.333844327678e-02
 5.548211478797e+04  1.535548400000e+01  6.305130832788e-02
 5.545423118721e+04  1.492828100000e+01  5.927482740007e-02
 5.545424604201e+04  1.495131600000e+01  5.944745804284e-02
 5.545425351325e+04  1.497779300000e+01  5.966367278374e-02
 5.567945496984e+04  1.492905000000e+01  5.812011447544e-02
 5.567946185059e+04  1.491014000000e+01  5.802783334598e-02
 5.567946877617e+04  1.487078100000e+01  5.775768146416e-02
 5.567947566068e+04  1.484493600000e+01  5.760122940709e-02
 5.571540196515e+04  1.488252500000e+01  5.997681203658e-02
 5.571540773441e+04  1.491987600000e+01  6.024166299676e-02
 5.571541357394e+04  1.494620300000e+01  6.040217845899e-02
 5.571541936848e+04  1.492203600000e+01  6.020344506677e-02
 5.569441402565e+04  1.492726400000e+01  6.205755161628e-02
 5.569442267054e+04  1.494483700000e+01  6.216792117850e-02
 5.569443104737e+04  1.497583200000e+01  6.234144854199e-02
 5.569443937814e+04  1.500360300000e+01  6.253076561267e-02
 5.570641664225e+04  1.540027200000e+01  6.426935675701e-02
 5.570642590936e+04  1.537352400000e+01  6.397191811985e-02
 5.570643591451e+04  1.535256300000e+01  6.394993472165e-02
 5.570644530539e+04  1.531792200000e+01  6.360808738736e-02
 5.429934876602e+04  1.537539600000e+01  6.885614446349e-02
 5.429935051622e+04  1.535233600000e+01  6.890389482315e-02
 5.429935400817e+04  1.748750800000e+01  3.399613314980e-01
 5.474014934713e+04  1.499260200000e+01  6.028440014278e-02
 5.474015721893e+04  1.500028500000e+01  6.016253586454e-02
 5.474016518646e+04  1.501642700000e+01  6.043129634278e-02
 5.474017311116e+04  1.503180900000e+01  6.054391111746e-02
 5.476710501484e+04  1.537696000000e+01  6.220633698906e-02
 5.476711350821e+04  1.543649300000e+01  6.275267556927e-02
 5.476712205343e+04  1.542952300000e+01  6.272586489064e-02
 5.476713053475e+04  1.544571400000e+01  6.288898242759e-02
 5.582317422876e+04  1.521752800000e+01  6.115327339339e-02
 5.582318171829e+04  1.523951900000e+01  6.135281532461e-02
 5.582318901487e+04  1.527241100000e+01  6.159671083760e-02
 5.582319635135e+04  1.525318300000e+01  6.142454990697e-02
 5.583412457750e+04  1.543013900000e+01  6.338369165710e-02
 5.583413253696e+04  1.543978600000e+01  6.344686876259e-02
 5.583414051698e+04  1.537352600000e+01  6.287837035197e-02
 5.583414849922e+04  1.523744500000e+01  6.172031970867e-02
 5.585015563361e+04  1.482363600000e+01  6.501388261099e-02
 5.585016358679e+04  1.487219000000e+01  6.557528078557e-02
 5.585017164501e+04  1.489017300000e+01  6.573983455809e-02
 5.585018018062e+04  1.486991100000e+01  6.579260960092e-02
 5.606141531177e+04  1.525268200000e+01  6.243700680766e-02
 5.606142330850e+04  1.528390200000e+01  6.259978338568e-02
 5.606143202225e+04  1.531528400000e+01  6.289952313871e-02
 5.606143994096e+04  1.530402600000e+01  6.269939854318e-02
 5.607640058760e+04  1.537717700000e+01  6.517324184749e-02
 5.607640852285e+04  1.529193200000e+01  6.424476727665e-02
 5.607641660657e+04  1.516323400000e+01  6.299675050452e-02
 5.607642460132e+04  1.502628700000e+01  6.176763071248e-02
 5.609137056771e+04  1.487514200000e+01  5.961011414322e-02
 5.609137673811e+04  1.489058900000e+01  5.968705023475e-02
 5.609138289339e+04  1.490602600000e+01  5.976085338234e-02
 5.609138906821e+04  1.495742300000e+01  6.147305435931e-02
 5.616415027424e+04  1.487563100000e+01  5.982617132857e-02
 5.616415536719e+04  1.499636500000e+01  6.118471443857e-02
 5.616416058264e+04  1.492010700000e+01  6.007321047342e-02
 5.616416579448e+04  1.494604800000e+01  6.028339055550e-02
 5.618524059981e+04  1.509258300000e+01  5.900365064459e-02
 5.618524973962e+04  1.512463900000e+01  5.921947333161e-02
 5.618525894411e+04  1.514124100000e+01  5.934094994623e-02
 5.618526807278e+04  1.515291300000e+01  5.943784810902e-02
 5.619216364494e+04  1.544774100000e+01  6.462715572517e-02
 5.619216882443e+04  1.545897400000e+01  6.469589982548e-02
 5.619217395767e+04  1.542787000000e+01  6.435113655031e-02
 5.619217906698e+04  1.541860500000e+01  6.428017685556e-02
 5.620409508005e+04  1.479821000000e+01  5.904778883324e-02
 5.620410244326e+04  1.481097800000e+01  5.909438063656e-02
 5.620410977455e+04  1.484544900000e+01  5.933730819602e-02
 5.620411711418e+04  1.487297600000e+01  5.950564106189e-02
 5.622716984118e+04  1.494192600000e+01  6.193679643831e-02
 5.622717431190e+04  1.494849700000e+01  6.199108544897e-02
 5.622717878201e+04  1.488501200000e+01  6.147294965737e-02
 5.622718328096e+04  1.493331200000e+01  6.191125807818e-02
