# time mag mag_err
 5.347023008304e+04  1.582936000000e+01  6.872323035839e-02
 5.347023814097e+04  1.581141400000e+01  6.848236929303e-02
 5.347024618940e+04  1.580718100000e+01  6.847342545409e-02
 5.347025424177e+04  1.578513700000e+01  6.820907899582e-02
 5.349019166373e+04  1.585374100000e+01  6.692719227830e-02
 5.349019985777e+04  1.586870600000e+01  6.715987540268e-02
 5.349020798259e+04  1.588887300000e+01  6.740388728497e-02
 5.349021610198e+04  1.590653100000e+01  6.766788160062e-02
 5.371048648436e+04  1.582017500000e+01  6.661277985094e-02
 5.371049406264e+04  1.582141600000e+01  6.658835050345e-02
 5.371050166972e+04  1.583082300000e+01  6.670300836228e-02
 5.371050932311e+04  1.585664200000e+01  6.699235070324e-02
 5.372836259138e+04  1.581568900000e+01  6.762083213912e-02
 5.372837119192e+04  1.583842100000e+01  6.816013367054e-02
 5.372837986851e+04  1.582049200000e+01  6.912216852330e-02
 5.372838849752e+04  1.582679600000e+01  6.983260057580e-02
 5.353717625451e+04  1.586554600000e+01  7.168064680752e-02
 5.353718204751e+04  1.587724900000e+01  7.192276405055e-02
 5.353718786690e+04  1.594903500000e+01  7.319372182021e-02
 5.353719364566e+04  1.584388300000e+01  7.181918243729e-02
 5.384918808524e+04  1.588370700000e+01  6.836991718828e-02
 5.384919481741e+04  1.585679600000e+01  6.807300744337e-02
 5.384920127016e+04  1.583042200000e+01  6.773942070988e-02
 5.384920811506e+04  1.588366500000e+01  6.843294443117e-02
 5.408450266544e+04  1.586859300000e+01  6.646877059534e-02
 5.408450864850e+04  1.592121700000e+01  6.742945614778e-02
 5.408451462112e+04  1.589717500000e+01  6.724550856421e-02
 5.408452061679e+04  1.587702700000e+01  6.728428581753e-02
 5.409634101353e+04  1.594706800000e+01  6.860028248076e-02
 5.409635060185e+04  1.596174500000e+01  6.804550855654e-02
 5.409636018855e+04  1.595690600000e+01  6.792793103392e-02
 5.409636975824e+04  1.597498900000e+01  7.097448956233e-02
 5.377033583345e+04  1.575147500000e+01  6.700983460374e-02
 5.377034394786e+04  1.575857900000e+01  6.677426020136e-02
 5.377035200914e+04  1.573691100000e+01  6.628339753593e-02
 5.377036013709e+04  1.574662500000e+01  6.651349024375e-02
 5.379330320028e+04  1.592251200000e+01  6.829803083792e-02
 5.379330967641e+04  1.592705200000e+01  6.831241639663e-02
 5.379331617581e+04  1.595263100000e+01  6.868274314941e-02
 5.379332265506e+04  1.596426600000e+01  6.887253341728e-02
 5.373735845017e+04  1.586611900000e+01  6.747750673851e-02
 5.373736646042e+04  1.583351600000e+01  6.706364912141e-02
 5.373737450155e+04  1.584335400000e+01  6.943678939150e-02
 5.373738264594e+04  1.579339600000e+01  6.670325350375e-02
 5.374039691169e+04  1.593389200000e+01  6.810521092026e-02
 5.374040781686e+04  1.595641700000e+01  6.833429658297e-02
 5.374041876440e+04  1.593905700000e+01  6.810119082454e-02
 5.374042962419e+04  1.590965000000e+01  6.775468983865e-02
 5.375746192257e+04  1.593525600000e+01  6.845064970351e-02
 5.375746835737e+04  1.592690200000e+01  6.830275634562e-02
 5.375747480179e+04  1.592961600000e+01  6.841538186984e-02
 5.375748130003e+04  1.585331000000e+01  6.873967321337e-02
 5.376244304715e+04  1.570114500000e+01  6.720108758393e-02
 5.376244953058e+04  1.568530000000e+01  6.614792037016e-02
 5.376245749683e+04  1.571971500000e+01  6.633083964687e-02
 5.376246401023e+04  1.573889700000e+01  6.656728264246e-02
 5.390218794179e+04  1.583804800000e+01  1.219388814788e-01
 5.390218892216e+04  1.592239800000e+01  1.261475601099e-01
 5.390218991377e+04  1.587290300000e+01  1.234300587651e-01
 5.390219087725e+04  1.584741600000e+01  1.221973485499e-01
 5.381730461382e+04  1.587460800000e+01  6.854515157437e-02
 5.381731322848e+04  1.591690200000e+01  6.879732573890e-02
 5.381732182185e+04  1.588563600000e+01  6.811188337388e-02
 5.381733039439e+04  1.592503500000e+01  6.887717681757e-02
 5.386020913573e+04  1.592588300000e+01  6.941244593233e-02
 5.386021560457e+04  1.584666700000e+01  6.848586762272e-02
 5.386022207977e+04  1.590484600000e+01  6.921424510585e-02
 5.386022855185e+04  1.589534400000e+01  6.910904930319e-02
 5.388021302374e+04  1.578686000000e+01  6.778211938274e-02
 5.388021948471e+04  1.575329200000e+01  6.743619915310e-02
 5.388022591998e+04  1.578407200000e+01  6.789052906771e-02
 5.388023234808e+04  1.577478100000e+01  6.779068714656e-02
 5.405653278480e+04  1.590398300000e+01  6.656272449571e-02
 5.405653403336e+04  1.591592600000e+01  6.670300836228e-02
 5.405653519441e+04  1.593466700000e+01  6.688972575305e-02
 5.405653640720e+04  1.592547600000e+01  6.674043189002e-02
 5.406050147613e+04  1.592994500000e+01  7.298882014947e-02
 5.406050862290e+04  1.593786100000e+01  7.307946089861e-02
 5.406051578737e+04  1.593542800000e+01  7.305298768895e-02
 5.406052293634e+04  1.593307700000e+01  7.291050508603e-02
 5.406640192741e+04  1.581250700000e+01  6.438506400345e-02
 5.406641279578e+04  1.581295000000e+01  6.428183020560e-02
 5.406642377525e+04  1.581698700000e+01  6.422507544593e-02
 5.406643470311e+04  1.585025300000e+01  6.450475496688e-02
 5.403650515851e+04  1.578667200000e+01  6.767502440843e-02
 5.403651118091e+04  1.572923000000e+01  6.755997847643e-02
 5.403651719372e+04  1.573316400000e+01  6.993746287861e-02
 5.403652316727e+04  1.575459700000e+01  6.637930104720e-02
 5.445037494927e+04  1.577444600000e+01  6.577792929031e-02
 5.445038161892e+04  1.579837500000e+01  6.599105522949e-02
 5.445038828187e+04  1.581124500000e+01  6.609000351796e-02
 5.445039497885e+04  1.579517100000e+01  6.587322357317e-02
 5.414123911566e+04  1.582629400000e+01  6.720082620460e-02
 5.414124501191e+04  1.583053600000e+01  6.687911545691e-02
 5.414125092701e+04  1.585592800000e+01  6.727089781693e-02
 5.414125683297e+04  1.584780200000e+01  6.705047906989e-02
 5.415822851150e+04  1.574321400000e+01  6.550982258274e-02
 5.415823500315e+04  1.576242200000e+01  6.552256054313e-02
 5.415824146840e+04  1.574512600000e+01  6.531762936254e-02
 5.415824795472e+04  1.578154900000e+01  6.572029846202e-02
 5.411050449126e+04  1.573705500000e+01  6.557305780827e-02
 5.411051108927e+04  1.574609000000e+01  6.619772840132e-02
 5.411051768370e+04  1.573433800000e+01  6.746314133041e-02
 5.411052426447e+04  1.572152100000e+01  6.581537137291e-02
 5.425819276072e+04  1.586971600000e+01  6.440706624053e-02
 5.425819867190e+04  1.593406400000e+01  6.504339514068e-02
 5.425820456721e+04  1.589893200000e+01  6.474665458039e-02
 5.425821047931e+04  1.590575800000e+01  6.481148233333e-02
 5.427415899546e+04  1.574172800000e+01  6.677491926977e-02
 5.427416500016e+04  1.573794500000e+01  6.688730210877e-02
 5.427417098495e+04  1.573315900000e+01  6.700923963513e-02
 5.427417697183e+04  1.586007700000e+01  6.866041884756e-02
 5.417426006977e+04  1.591244900000e+01  6.710588007686e-02
 5.417426769538e+04  1.590275700000e+01  6.699896592717e-02
 5.417427532354e+04  1.586177800000e+01  6.648180161488e-02
 5.417428297381e+04  1.585631300000e+01  6.643704245292e-02
 5.418520311137e+04  1.585569000000e+01  6.706313507683e-02
 5.418521286208e+04  1.585216000000e+01  6.658025279800e-02
 5.418522264660e+04  1.581275100000e+01  6.656824274180e-02
 5.418523241896e+04  1.581469700000e+01  6.652548872227e-02
 5.423524031786e+04  1.574799900000e+01  7.126889432480e-02
 5.423524421725e+04  1.565514000000e+01  7.084247033926e-02
 5.423524811883e+04  1.574281900000e+01  6.842569016133e-02
 5.423525200547e+04  1.575475100000e+01  6.777356110618e-02
 5.441247888385e+04  1.596469100000e+01  6.829602091952e-02
 5.441248485811e+04  1.593537300000e+01  6.799215249792e-02
 5.441249083029e+04  1.590536100000e+01  6.767456039991e-02
 5.441249680801e+04  1.596355100000e+01  6.816131921936e-02
 5.442241978431e+04  1.585994200000e+01  6.711233891625e-02
 5.442242752207e+04  1.588771500000e+01  6.739905201731e-02
 5.442243529642e+04  1.584366500000e+01  6.683840511615e-02
 5.442244296660e+04  1.587273600000e+01  6.713347687029e-02
 5.438850818586e+04  1.581689400000e+01  7.243865390338e-02
 5.438851076133e+04  1.581509300000e+01  7.238688449587e-02
 5.438851331643e+04  1.578941400000e+01  7.195994719012e-02
 5.438851585916e+04  1.585503700000e+01  7.286610399198e-02
 5.440348263682e+04  1.570336600000e+01  6.543035712926e-02
 5.440348976079e+04  1.572554400000e+01  6.556896367557e-02
 5.440349702758e+04  1.570384100000e+01  6.533550416924e-02
 5.440350437644e+04  1.575377600000e+01  6.580516629413e-02
 5.455729424374e+04  1.593817000000e+01  6.771344832125e-02
 5.455730238222e+04  1.592539300000e+01  6.758717913292e-02
 5.455731045311e+04  1.589526700000e+01  6.723639354357e-02
 5.455731856301e+04  1.595077100000e+01  6.797679495870e-02
 5.456615441264e+04  1.574629700000e+01  6.591227997564e-02
 5.456616325648e+04  1.585242400000e+01  6.714246819323e-02
 5.456617205692e+04  1.574364900000e+01  6.584622392465e-02
 5.456618092669e+04  1.572344200000e+01  6.561791890431e-02
 5.457428481184e+04  1.581512800000e+01  6.699455484575e-02
 5.457429354087e+04  1.590521600000e+01  6.816062754689e-02
 5.457430229280e+04  1.587348200000e+01  6.781408669561e-02
 5.457431101037e+04  1.585371900000e+01  6.765157995599e-02
 5.458521926262e+04  1.584808300000e+01  6.854774362186e-02
 5.458522572093e+04  1.583615800000e+01  6.739699381316e-02
 5.458523220319e+04  1.589450100000e+01  6.739278912354e-02
 5.458523866694e+04  1.585345700000e+01  6.694325929312e-02
 5.480446348513e+04  1.573315700000e+01  6.897189490336e-02
 5.480447063907e+04  1.575694800000e+01  6.748429255783e-02
 5.480447794904e+04  1.573416200000e+01  6.751376790249e-02
 5.480448530705e+04  1.573521100000e+01  6.883624061559e-02
 5.449725763357e+04  1.586566700000e+01  7.356857659099e-02
 5.449726270731e+04  1.592220500000e+01  7.935058060820e-02
 5.449727160313e+04  1.584663900000e+01  7.580826415439e-02
 5.449727667907e+04  1.586490900000e+01  7.989962701122e-02
 5.450430422266e+04  1.589530600000e+01  6.692820087961e-02
 5.450431093700e+04  1.588779900000e+01  6.679123403147e-02
 5.450431764891e+04  1.592622300000e+01  6.717888844614e-02
 5.450432436117e+04  1.590223300000e+01  6.689457625299e-02
 5.452433999554e+04  1.578604300000e+01  6.558417586954e-02
 5.452434724023e+04  1.580379600000e+01  6.582386414464e-02
 5.452435447648e+04  1.581391900000e+01  6.591731388735e-02
 5.452436169443e+04  1.581492100000e+01  6.595317002795e-02
 5.447836804525e+04  1.576896300000e+01  6.550370416020e-02
 5.447837514642e+04  1.575931800000e+01  7.079573786824e-02
 5.462716351079e+04  1.581554500000e+01  6.759709407634e-02
 5.462716782200e+04  1.577741400000e+01  6.723017627870e-02
 5.462717212649e+04  1.583571600000e+01  6.800463372868e-02
 5.462717641884e+04  1.575879400000e+01  6.710364265518e-02
 5.464115257122e+04  1.572571400000e+01  6.654842993470e-02
 5.464115902339e+04  1.577152700000e+01  6.739770953240e-02
 5.464116552881e+04  1.578875000000e+01  6.777008374294e-02
 5.464117204441e+04  1.578886400000e+01  6.776125649715e-02
 5.453243365716e+04  1.596087900000e+01  6.889231039674e-02
 5.453244385281e+04  1.592461800000e+01  7.035670599127e-02
 5.453245040777e+04  1.592201600000e+01  6.940127857277e-02
 5.453245696052e+04  1.593862700000e+01  6.962452857573e-02
 5.453821601299e+04  1.573286300000e+01  6.616249378176e-02
 5.453822313395e+04  1.576051400000e+01  6.592045292820e-02
 5.453823022505e+04  1.574473500000e+01  6.604741579744e-02
 5.453823729657e+04  1.572834700000e+01  6.585157167887e-02
 5.459615943418e+04  1.589851700000e+01  6.749507218208e-02
 5.459616640909e+04  1.588498700000e+01  6.742083419148e-02
 5.459617345837e+04  1.589317000000e+01  6.756574001165e-02
 5.459618046334e+04  1.589468800000e+01  6.765407862815e-02
 5.477049077927e+04  1.578977700000e+01  6.641116552008e-02
 5.477049508597e+04  1.583640800000e+01  6.719916959763e-02
 5.477049937414e+04  1.580774200000e+01  6.679354396905e-02
 5.477050366116e+04  1.581680800000e+01  6.692895680562e-02
 5.492419083021e+04  1.589237700000e+01  6.710923831145e-02
 5.492419632053e+04  1.591677800000e+01  6.741096650640e-02
 5.492420171735e+04  1.597888900000e+01  6.810923403054e-02
 5.492420722641e+04  1.599150400000e+01  6.820113207443e-02
 5.494020228697e+04  1.577725500000e+01  6.567631554342e-02
 5.494020952265e+04  1.578150500000e+01  6.576713619199e-02
 5.494021675576e+04  1.579012600000e+01  6.585041524852e-02
 5.494022400649e+04  1.575875400000e+01  6.551691212058e-02
 5.518345216660e+04  1.587956200000e+01  6.671279493200e-02
 5.518345679819e+04  1.591822100000e+01  6.708636605109e-02
 5.518346144728e+04  1.585832600000e+01  6.646892855966e-02
 5.518346611661e+04  1.592293100000e+01  6.714082446253e-02
 5.486629584793e+04  1.579707500000e+01  6.565927801677e-02
 5.486630371544e+04  1.581943100000e+01  6.590775932728e-02
 5.486631147255e+04  1.585068200000e+01  6.621590629283e-02
 5.486631932802e+04  1.581996700000e+01  6.587772181326e-02
 5.487728974124e+04  1.585158300000e+01  6.773446252963e-02
 5.487729524638e+04  1.586974900000e+01  6.969546796810e-02
 5.487730058183e+04  1.587875500000e+01  7.392655731449e-02
 5.487730598638e+04  1.584052900000e+01  7.950655134894e-02
 5.488429344296e+04  1.585317400000e+01  6.885689769281e-02
 5.488429895064e+04  1.585913500000e+01  6.639256074147e-02
 5.488430448240e+04  1.585454600000e+01  6.634912893227e-02
 5.488430990824e+04  1.586734900000e+01  6.652286492063e-02
 5.483339982587e+04  1.570824100000e+01  6.464596280920e-02
 5.483340769744e+04  1.571029100000e+01  6.461464736460e-02
 5.483341564772e+04  1.572881400000e+01  6.483058592789e-02
 5.483342360355e+04  1.569735600000e+01  6.449861611881e-02
 5.485736184457e+04  1.583481200000e+01  7.525448803680e-02
 5.485736667919e+04  1.587562600000e+01  7.138607635082e-02
 5.485737336818e+04  1.584235100000e+01  7.426125793422e-02
 5.485737826808e+04  1.579030400000e+01  7.598326605899e-02
 5.500415876406e+04  1.577461700000e+01  6.627701907689e-02
 5.500416471101e+04  1.582481800000e+01  6.703264281800e-02
 5.500417072198e+04  1.586202100000e+01  6.753323910284e-02
 5.500417684207e+04  1.580610500000e+01  6.692786439073e-02
 5.489231975375e+04  1.595321100000e+01  7.038968502624e-02
 5.489232646797e+04  1.596253500000e+01  7.066137676068e-02
 5.489233318139e+04  1.594764700000e+01  7.050204189700e-02
 5.489233995036e+04  1.594809200000e+01  7.039691656744e-02
 5.490826020091e+04  1.571275500000e+01  6.673052590029e-02
 5.490927379144e+04  1.589979300000e+01  6.667583859101e-02
 5.490928132479e+04  1.591742400000e+01  6.694848256266e-02
 5.490928895666e+04  1.589393200000e+01  6.668623900093e-02
 5.490929648064e+04  1.589041600000e+01  6.664739389951e-02
 5.491816194043e+04  1.578383600000e+01  6.598515665544e-02
 5.491816743586e+04  1.577259800000e+01  6.583979683448e-02
 5.491817293567e+04  1.576558400000e+01  6.579662498146e-02
 5.491817831419e+04  1.573952500000e+01  6.548448769827e-02
 5.497516353777e+04  1.574894800000e+01  6.596513851947e-02
 5.497517009920e+04  1.567885300000e+01  6.536042106355e-02
 5.497517678819e+04  1.577338700000e+01  6.639482468678e-02
 5.497518336375e+04  1.572495800000e+01  6.589610705897e-02
 5.515548454222e+04  1.595698200000e+01  6.807701313637e-02
 5.515548945567e+04  1.588486000000e+01  6.721391486987e-02
 5.515549419932e+04  1.588821800000e+01  6.721365304356e-02
 5.515549900014e+04  1.594568200000e+01  6.786328376956e-02
 5.513149686869e+04  1.590225300000e+01  7.030018160941e-02
 5.513150008192e+04  1.593516800000e+01  7.079209052791e-02
 5.513150331162e+04  1.589322900000e+01  7.020728479944e-02
 5.513150659060e+04  1.589361300000e+01  7.017548742455e-02
 5.529014762807e+04  1.591886400000e+01  6.780162349602e-02
 5.529015436601e+04  1.590185200000e+01  6.765546703008e-02
 5.529016114287e+04  1.592749400000e+01  6.797177884715e-02
 5.529016792818e+04  1.591715900000e+01  6.783916786116e-02
 5.530222036116e+04  1.571082700000e+01  7.530451712573e-02
 5.530222439735e+04  1.573641700000e+01  7.429341162642e-02
 5.530222843331e+04  1.583792300000e+01  8.738547713462e-02
 5.530223249360e+04  1.577098500000e+01  9.422650419432e-02
 5.554445884162e+04  1.571375600000e+01  6.558188210087e-02
 5.554447266999e+04  1.570360900000e+01  6.544744332061e-02
 5.554447962013e+04  1.571588400000e+01  6.559029907606e-02
 5.524229737078e+04  1.570392500000e+01  6.537294775644e-02
 5.524230431964e+04  1.570098600000e+01  6.531762936254e-02
 5.524231129279e+04  1.571282500000e+01  6.547359940325e-02
 5.524231821465e+04  1.569965000000e+01  6.533221985197e-02
 5.520841730902e+04  1.589531600000e+01  6.721871978052e-02
 5.520842416770e+04  1.591607200000e+01  6.743062433071e-02
 5.520843111999e+04  1.593867900000e+01  6.769649183139e-02
 5.520843805936e+04  1.593971200000e+01  6.772016681679e-02
 5.526029465352e+04  1.577676000000e+01  6.605299495718e-02
 5.526030043875e+04  1.574815700000e+01  6.572363287884e-02
 5.526030622259e+04  1.577138000000e+01  6.596874075547e-02
 5.526031200737e+04  1.576782000000e+01  6.585005381548e-02
 5.526918124505e+04  1.593604400000e+01  6.449048044584e-02
 5.526918878027e+04  1.593742700000e+01  6.449643407261e-02
 5.526919633133e+04  1.591230300000e+01  6.426332858709e-02
 5.526920388547e+04  1.593611600000e+01  6.446085273591e-02
 5.527624813429e+04  1.594621100000e+01  6.806900283988e-02
 5.527625686764e+04  1.598547600000e+01  6.845946496689e-02
 5.527626566812e+04  1.597049100000e+01  6.838971884056e-02
 5.527627452948e+04  1.594888200000e+01  6.811964291846e-02
 5.532822531628e+04  1.586617000000e+01  6.743368123854e-02
 5.532823216778e+04  1.584301900000e+01  6.724471979616e-02
 5.532823908873e+04  1.588745600000e+01  6.786746942315e-02
 5.532824598424e+04  1.596379500000e+01  6.877244564394e-02
 5.549749852256e+04  1.595272000000e+01  6.904200525395e-02
 5.549751269844e+04  1.593505100000e+01  6.871338081719e-02
 5.549751970631e+04  1.591493100000e+01  6.840498439556e-02
 5.559843751876e+04  1.583357300000e+01  6.371167671910e-02
 5.559844515056e+04  1.588571100000e+01  6.537254356021e-02
 5.559845283542e+04  1.582983300000e+01  6.554416681034e-02
 5.559846042509e+04  1.581862700000e+01  6.359186018187e-02
 5.561825042993e+04  1.591108000000e+01  6.810423012624e-02
 5.561825610568e+04  1.594257900000e+01  6.847733144672e-02
 5.561826183226e+04  1.591167300000e+01  6.808366167776e-02
 5.561826751309e+04  1.590792700000e+01  6.803636333860e-02
 5.556943191272e+04  1.572731200000e+01  6.572881648801e-02
 5.556943984450e+04  1.572313300000e+01  6.569198098288e-02
 5.556944769836e+04  1.571202800000e+01  6.559329337401e-02
 5.556945562450e+04  1.573422600000e+01  6.582444012373e-02
 5.558942516404e+04  1.591850200000e+01  6.786823044057e-02
 5.558943098058e+04  1.593687700000e+01  6.808747784457e-02
 5.558943682913e+04  1.593341600000e+01  6.801771744305e-02
 5.558944266527e+04  1.593156900000e+01  6.799060518990e-02
 5.562522112990e+04  1.595186400000e+01  6.277629015729e-02
 5.562522921352e+04  1.596500500000e+01  6.287142655437e-02
 5.562523724378e+04  1.595123100000e+01  6.271108235285e-02
 5.562524529814e+04  1.593648000000e+01  6.256894637937e-02
 5.563420986230e+04  1.574992900000e+01  6.690169076158e-02
 5.563421894606e+04  1.575810200000e+01  6.691308877613e-02
 5.563422802985e+04  1.580871600000e+01  6.749199047838e-02
 5.563423709074e+04  1.581604100000e+01  6.758149274079e-02
 5.564717470344e+04  1.579637900000e+01  6.771997993488e-02
 5.564718202862e+04  1.577754500000e+01  6.745817829617e-02
 5.564718941439e+04  1.579639600000e+01  6.763319074727e-02
 5.564719683432e+04  1.575900300000e+01  6.719054600754e-02
 5.568424901750e+04  1.591594000000e+01  6.896894648192e-02
 5.568425758727e+04  1.589776100000e+01  6.876232310349e-02
 5.568426625091e+04  1.593083600000e+01  6.919682555874e-02
 5.568427490762e+04  1.590364700000e+01  6.893668230529e-02
 5.586547790036e+04  1.571585400000e+01  6.610633119238e-02
 5.586548133399e+04  1.575169600000e+01  6.624322315810e-02
 5.586548478243e+04  1.572078800000e+01  6.588817983417e-02
 5.586548822774e+04  1.576094800000e+01  6.639748072103e-02
 5.589551636479e+04  1.594998800000e+01  6.780341562567e-02
 5.589552326837e+04  1.594029400000e+01  6.771223609975e-02
 5.589553011477e+04  1.591907500000e+01  6.739851534473e-02
 5.589553704384e+04  1.595111600000e+01  6.776595038964e-02
 5.592338452405e+04  1.590217000000e+01  6.414401830865e-02
 5.592339282633e+04  1.593619400000e+01  6.449295517159e-02
 5.592340111748e+04  1.589143800000e+01  6.401967365836e-02
 5.592340940075e+04  1.593445000000e+01  6.438008230813e-02
 5.595833244523e+04  1.586507100000e+01  6.687077177519e-02
 5.595833755579e+04  1.585267400000e+01  6.666942658665e-02
 5.595834261206e+04  1.586988500000e+01  6.688930774195e-02
 5.595834771615e+04  1.587126800000e+01  6.688437749233e-02
 5.597525053317e+04  1.573759200000e+01  6.636295529345e-02
 5.597525726672e+04  1.575555800000e+01  6.649493516193e-02
 5.597526405697e+04  1.577636200000e+01  6.668615800678e-02
 5.597527089596e+04  1.575111200000e+01  6.634152856345e-02
 5.598025822941e+04  1.587698300000e+01  6.398832105352e-02
 5.598026698960e+04  1.579966900000e+01  6.325730338190e-02
 5.598027575696e+04  1.592414200000e+01  6.440828735839e-02
 5.598028466705e+04  1.594224800000e+01  6.459114124877e-02
 5.598629685609e+04  1.582025100000e+01  6.819607046862e-02
 5.598630250933e+04  1.584091300000e+01  6.838473801757e-02
 5.598630822014e+04  1.586472400000e+01  6.866136572927e-02
 5.598631386963e+04  1.585983800000e+01  6.852010446813e-02
 5.601135897437e+04  1.587061300000e+01  6.762571754056e-02
 5.601136411167e+04  1.590491200000e+01  6.796715181248e-02
 5.601136925536e+04  1.589743700000e+01  6.788900180179e-02
 5.601137449949e+04  1.589989300000e+01  6.792285079531e-02
 5.601828157941e+04  1.584721600000e+01  6.713779810733e-02
 5.601828782127e+04  1.583795700000e+01  6.701102468256e-02
 5.601829407854e+04  1.585063500000e+01  6.715216308567e-02
 5.601830035640e+04  1.585462800000e+01  6.718027905879e-02
 5.604527535859e+04  1.574097500000e+01  6.646482645958e-02
 5.604528322755e+04  1.572672000000e+01  6.630303031755e-02
 5.604529122875e+04  1.572285200000e+01  6.635145724090e-02
 5.604529929539e+04  1.567376600000e+01  6.589370634776e-02
 5.606520582990e+04  1.592593700000e+01  6.423349854930e-02
 5.606521324052e+04  1.593756100000e+01  6.445932829563e-02
 5.606522068652e+04  1.595349400000e+01  6.480442685921e-02
 5.606522814372e+04  1.592444300000e+01  6.464330689510e-02
 5.622547339520e+04  1.584775600000e+01  7.135513155412e-02
 5.622547953307e+04  1.584185300000e+01  7.114911645543e-02
 5.622548571832e+04  1.585285700000e+01  7.121722661936e-02
 5.622549178307e+04  1.587193900000e+01  7.144291029959e-02
