# time mag mag_err
 5.346924975640e+04  1.550408800000e+01  6.337887058296e-02
 5.346925787926e+04  1.554680100000e+01  6.378941679990e-02
 5.346926598881e+04  1.552223800000e+01  6.360803649022e-02
 5.346927413701e+04  1.555172100000e+01  6.392522896472e-02
 5.370544366314e+04  1.548739900000e+01  6.396828529601e-02
 5.370545256428e+04  1.550673800000e+01  6.410044653027e-02
 5.370546132362e+04  1.551917700000e+01  6.432783453629e-02
 5.370547009825e+04  1.553543000000e+01  6.467094394763e-02
 5.372843801527e+04  1.534464500000e+01  6.367317691856e-02
 5.372844609241e+04  1.536597900000e+01  6.313867422826e-02
 5.372845425346e+04  1.540020000000e+01  6.429792768870e-02
 5.372846246775e+04  1.533441500000e+01  6.305595956824e-02
 5.352916343350e+04  1.469252900000e+01  5.781423418916e-02
 5.352916933992e+04  1.474299200000e+01  5.813322342141e-02
 5.352917526707e+04  1.475445500000e+01  5.823406083613e-02
 5.352918122095e+04  1.479569100000e+01  5.848331823375e-02
 5.349914036421e+04  1.544942000000e+01  6.305996244549e-02
 5.349914464128e+04  1.542132300000e+01  6.279613369366e-02
 5.367348976155e+04  1.537812300000e+01  6.327544193059e-02
 5.367349462291e+04  1.542381300000e+01  6.367069876070e-02
 5.367349948600e+04  1.546741600000e+01  6.398897438214e-02
 5.367350434932e+04  1.545770700000e+01  6.381305073396e-02
 5.382722552375e+04  1.546635000000e+01  6.372895874809e-02
 5.382723113388e+04  1.546572900000e+01  6.373626131854e-02
 5.382723657685e+04  1.546453900000e+01  6.372494648750e-02
 5.382724223338e+04  1.546472100000e+01  6.375031760950e-02
 5.384421734536e+04  1.557081700000e+01  6.522625482769e-02
 5.384422537632e+04  1.555977400000e+01  6.510534429019e-02
 5.384423345229e+04  1.540542500000e+01  6.360890478925e-02
 5.384424150455e+04  1.547755000000e+01  6.435107913326e-02
 5.385019923958e+04  1.502512000000e+01  6.014211118662e-02
 5.385020846122e+04  1.503796200000e+01  6.023250386364e-02
 5.408347291377e+04  1.546918000000e+01  6.451787787736e-02
 5.408347829552e+04  1.553478700000e+01  6.371406813010e-02
 5.408348370285e+04  1.554740600000e+01  6.357633781337e-02
 5.408348912441e+04  1.548478400000e+01  6.303269452682e-02
 5.409249624144e+04  1.518387300000e+01  6.048722603337e-02
 5.409250105950e+04  1.522241700000e+01  6.071704812182e-02
 5.409250587317e+04  1.523852900000e+01  6.080267555169e-02
 5.409251071519e+04  1.521789900000e+01  6.059719493737e-02
 5.378635279625e+04  1.485534900000e+01  5.861393638391e-02
 5.378636560545e+04  1.489614700000e+01  5.889120031454e-02
 5.378637201537e+04  1.493890300000e+01  6.000145817624e-02
 5.379436327174e+04  1.542669900000e+01  6.412736488042e-02
 5.379436975100e+04  1.510171900000e+01  9.123795147846e-02
 5.379437623940e+04  1.546229400000e+01  6.602529110309e-02
 5.379438271981e+04  1.547518700000e+01  7.131784850271e-02
 5.373644395667e+04  1.482176400000e+01  5.831624598130e-02
 5.373645130831e+04  1.483716500000e+01  5.841219493738e-02
 5.373645878113e+04  1.483709800000e+01  5.840761136139e-02
 5.373646629493e+04  1.487330900000e+01  5.862241822596e-02
 5.374440435611e+04  1.541197200000e+01  6.348789460927e-02
 5.374441033672e+04  1.546797800000e+01  6.399561357204e-02
 5.374441632152e+04  1.544408900000e+01  6.376503536157e-02
 5.374442231823e+04  1.545205300000e+01  6.382426606104e-02
 5.376143029332e+04  1.552490000000e+01  6.391603053391e-02
 5.376143673449e+04  1.552664500000e+01  6.396357005728e-02
 5.390221077730e+04  1.515848500000e+01  9.827622836242e-02
 5.390221175582e+04  1.514265300000e+01  9.789019837611e-02
 5.390221271443e+04  1.519710700000e+01  9.967059360534e-02
 5.390221368972e+04  1.523618500000e+01  1.011739882033e-01
 5.381922124976e+04  1.462495300000e+01  5.879382673510e-02
 5.381922781189e+04  1.452964500000e+01  5.831989852207e-02
 5.381923439231e+04  1.448032600000e+01  5.753983716472e-02
 5.381924092944e+04  1.449525500000e+01  5.828393835216e-02
 5.385819977539e+04  1.552673500000e+01  6.505521184006e-02
 5.385820634354e+04  1.551151100000e+01  6.492865107993e-02
 5.385821290463e+04  1.549809900000e+01  6.480461173194e-02
 5.385821949778e+04  1.550094200000e+01  6.487589947353e-02
 5.387618532341e+04  1.579563300000e+01  6.823954949352e-02
 5.387619275388e+04  1.589205100000e+01  6.959445820220e-02
 5.387620019244e+04  1.549049100000e+01  6.495151686779e-02
 5.387620764941e+04  1.548642100000e+01  6.498819024492e-02
 5.405548004137e+04  1.522204400000e+01  6.058784107228e-02
 5.405548886992e+04  1.525313400000e+01  6.078650821773e-02
 5.405549770265e+04  1.527228400000e+01  6.086544893258e-02
 5.405550652832e+04  1.527039900000e+01  6.084649194060e-02
 5.403551068486e+04  1.541786000000e+01  6.222335999419e-02
 5.403551558893e+04  1.544618400000e+01  6.237359827542e-02
 5.403552042088e+04  1.547303500000e+01  6.259355946950e-02
 5.403552543028e+04  1.545921100000e+01  6.234895483482e-02
 5.419820935906e+04  1.555568700000e+01  6.489839274202e-02
 5.419821475736e+04  1.556044600000e+01  6.478644804048e-02
 5.419822012244e+04  1.556406600000e+01  6.489494171339e-02
 5.419822554111e+04  1.557189500000e+01  6.515912389713e-02
 5.420524043898e+04  1.544411600000e+01  6.283213375900e-02
 5.420524586089e+04  1.546257700000e+01  6.300131207280e-02
 5.420525122586e+04  1.536968400000e+01  6.220461809424e-02
 5.420525663354e+04  1.550145700000e+01  6.337326758645e-02
 5.421425598374e+04  1.457715700000e+01  5.695372053734e-02
 5.421426255097e+04  1.461591100000e+01  5.716059170403e-02
 5.421426909528e+04  1.464281300000e+01  5.734320633190e-02
 5.421427561169e+04  1.470573200000e+01  5.771063956482e-02
 5.444041979765e+04  1.541804500000e+01  6.235236325069e-02
 5.444042628304e+04  1.535594100000e+01  6.172817529826e-02
 5.444043276126e+04  1.540008200000e+01  6.209652004453e-02
 5.444043924040e+04  1.538058500000e+01  6.209503154391e-02
 5.413937506603e+04  1.533892400000e+01  6.307815066908e-02
 5.413938041884e+04  1.532993500000e+01  6.294567086084e-02
 5.413938579249e+04  1.534636800000e+01  6.347193984728e-02
 5.413939114275e+04  1.531076700000e+01  6.410327142801e-02
 5.414640180081e+04  1.476161500000e+01  5.824908733931e-02
 5.414640846318e+04  1.479933200000e+01  5.862933866405e-02
 5.414641509049e+04  1.483858200000e+01  5.890003026433e-02
 5.414642173479e+04  1.491167300000e+01  5.913373653470e-02
 5.411046361596e+04  1.513795300000e+01  6.001567209369e-02
 5.411047764410e+04  1.516746400000e+01  6.181526029970e-02
 5.411048418539e+04  1.518781800000e+01  6.113340917424e-02
 5.411049077935e+04  1.518512400000e+01  6.038820336764e-02
 5.411636993936e+04  1.549052100000e+01  6.265216570914e-02
 5.411637827890e+04  1.547251400000e+01  6.246799994246e-02
 5.411638662851e+04  1.543779500000e+01  6.213893180997e-02
 5.411639495935e+04  1.546892400000e+01  6.239889049755e-02
 5.412725316142e+04  1.557424400000e+01  6.626842070874e-02
 5.412726154297e+04  1.551808900000e+01  6.557007372929e-02
 5.412726994814e+04  1.544730000000e+01  6.471002919365e-02
 5.412727833466e+04  1.531149100000e+01  6.332995181909e-02
 5.416833524564e+04  1.545360800000e+01  6.260962716187e-02
 5.416834021995e+04  1.547834400000e+01  6.278653576545e-02
 5.416834513142e+04  1.559205700000e+01  6.386554941177e-02
 5.416835001523e+04  1.548773400000e+01  6.290038375867e-02
 5.417523302660e+04  1.505836500000e+01  5.961867738955e-02
 5.417523903083e+04  1.505125900000e+01  5.959282706206e-02
 5.417524503518e+04  1.508152700000e+01  5.982469070861e-02
 5.417525102877e+04  1.510055300000e+01  5.995588065714e-02
 5.418520791843e+04  1.541958000000e+01  6.269878638733e-02
 5.418521770179e+04  1.543132000000e+01  6.281867960970e-02
 5.418522746141e+04  1.541851900000e+01  6.266705407046e-02
 5.418523723493e+04  1.542273200000e+01  6.271296667667e-02
 5.422920907373e+04  1.498014600000e+01  5.962610136967e-02
 5.422921771803e+04  1.500717300000e+01  5.984023712331e-02
 5.422922637193e+04  1.501741600000e+01  5.992920776801e-02
 5.422923505650e+04  1.505029200000e+01  6.021370217870e-02
 5.441146878733e+04  1.532923000000e+01  5.889953369237e-02
 5.441147526670e+04  1.533824100000e+01  5.888327957903e-02
 5.441148172686e+04  1.531834200000e+01  5.866871847347e-02
 5.441148819454e+04  1.533330500000e+01  5.887132867564e-02
 5.439150010069e+04  1.537775000000e+01  6.252355889120e-02
 5.439150573847e+04  1.540566200000e+01  6.272094736244e-02
 5.439151132370e+04  1.538608200000e+01  6.249743836477e-02
 5.439151698764e+04  1.537551800000e+01  6.225934316143e-02
 5.439350227525e+04  1.535455600000e+01  6.222789539993e-02
 5.439350551940e+04  1.538392200000e+01  6.243558870503e-02
 5.439350878542e+04  1.538900300000e+01  6.244205579130e-02
 5.439351205016e+04  1.535961300000e+01  6.215562518054e-02
 5.456420864397e+04  1.520080000000e+01  6.066842749509e-02
 5.456421666914e+04  1.524465300000e+01  6.099080711331e-02
 5.456422469512e+04  1.523496700000e+01  6.095968548384e-02
 5.456423274656e+04  1.527935300000e+01  6.132477428034e-02
 5.458123565083e+04  1.538818700000e+01  6.270797314019e-02
 5.458124221192e+04  1.542166100000e+01  6.307689000792e-02
 5.458124879061e+04  1.540031900000e+01  6.291884701912e-02
 5.458125531177e+04  1.539694200000e+01  6.295476241657e-02
 5.482153941086e+04  1.541947500000e+01  6.413454446873e-02
 5.482154361465e+04  1.542260000000e+01  6.415501442071e-02
 5.482154786741e+04  1.538400300000e+01  6.382744407416e-02
 5.482155222052e+04  1.537697700000e+01  6.370580526762e-02
 5.483044015172e+04  1.549621800000e+01  6.255022738059e-02
 5.483044631558e+04  1.542635800000e+01  6.192004829594e-02
 5.483045248255e+04  1.536336600000e+01  6.142875823503e-02
 5.483045871828e+04  1.524538300000e+01  6.047942293681e-02
 5.450236501293e+04  1.509263400000e+01  5.962244672571e-02
 5.450237433990e+04  1.509050300000e+01  5.960231812367e-02
 5.450238373457e+04  1.514939400000e+01  5.999358678182e-02
 5.450239307103e+04  1.512109500000e+01  5.981771354854e-02
 5.452328241924e+04  1.554087200000e+01  6.323821166518e-02
 5.452328964911e+04  1.556035100000e+01  6.336659066308e-02
 5.452329682828e+04  1.549442100000e+01  6.279720036033e-02
 5.452330403245e+04  1.548902200000e+01  6.270911141782e-02
 5.448238401039e+04  1.523122600000e+01  6.252711803167e-02
 5.448238827287e+04  1.524714900000e+01  6.302602462842e-02
 5.448239256360e+04  1.526167300000e+01  6.247295181611e-02
 5.448239685860e+04  1.526444200000e+01  6.213462813734e-02
 5.449540645244e+04  1.537328900000e+01  6.170336991579e-02
 5.449541293853e+04  1.536033900000e+01  6.160381108122e-02
 5.449541940622e+04  1.537218800000e+01  6.139600924285e-02
 5.449542588455e+04  1.534300400000e+01  6.145158623263e-02
 5.463115914075e+04  1.544164200000e+01  6.764834238173e-02
 5.463116496454e+04  1.540300300000e+01  6.724498270905e-02
 5.463117087802e+04  1.543507600000e+01  6.783622908611e-02
 5.463117676002e+04  1.549629000000e+01  6.864046361302e-02
 5.452828501186e+04  1.549040900000e+01  6.281399371544e-02
 5.452829552141e+04  1.553060000000e+01  6.315237807557e-02
 5.452830601464e+04  1.552568100000e+01  6.307679606216e-02
 5.452831658345e+04  1.556852300000e+01  6.346919337212e-02
 5.453536413714e+04  1.523148300000e+01  5.866171015147e-02
 5.453537021373e+04  1.524711300000e+01  5.876759528853e-02
 5.453537630824e+04  1.524420300000e+01  5.876367481893e-02
 5.453538237428e+04  1.527085400000e+01  5.895883158684e-02
 5.454920046661e+04  1.510905100000e+01  6.010334328406e-02
 5.454920712215e+04  1.514369100000e+01  6.033100686537e-02
 5.454921375616e+04  1.513124600000e+01  6.024645214379e-02
 5.454922041691e+04  1.514698900000e+01  6.035657848310e-02
 5.459119794406e+04  1.548363200000e+01  6.314023237494e-02
 5.459120602086e+04  1.544814100000e+01  6.285114029029e-02
 5.459121405782e+04  1.553825200000e+01  6.370180830933e-02
 5.459122212015e+04  1.555146700000e+01  6.386347142684e-02
 5.480042887721e+04  1.549620500000e+01  6.283347646579e-02
 5.480044162159e+04  1.551350600000e+01  6.287449188036e-02
 5.480045443553e+04  1.562876700000e+01  6.393891812530e-02
 5.480046721395e+04  1.552984500000e+01  6.291830127859e-02
 5.492414040238e+04  1.478639700000e+01  5.797574959390e-02
 5.492414581123e+04  1.483442400000e+01  5.824609070082e-02
 5.492415123396e+04  1.483360300000e+01  5.818925298061e-02
 5.492415663564e+04  1.488050200000e+01  5.848392712943e-02
 5.493922243567e+04  1.528809300000e+01  6.135825839213e-02
 5.493922786117e+04  1.531854200000e+01  6.128741262758e-02
 5.493923328947e+04  1.533564500000e+01  6.174432518340e-02
 5.493923862573e+04  1.531532200000e+01  6.160738264385e-02
 5.486341229885e+04  1.454757200000e+01  5.504600779503e-02
 5.486341884167e+04  1.461071400000e+01  5.529141596980e-02
 5.486342536907e+04  1.464290000000e+01  5.543043072623e-02
 5.486343187889e+04  1.469478800000e+01  5.564336717811e-02
 5.488929577618e+04  1.520049800000e+01  5.748224044834e-02
 5.488930598061e+04  1.521796100000e+01  5.758719401083e-02
 5.488931617047e+04  1.524137300000e+01  5.769545722317e-02
 5.488932627168e+04  1.529462200000e+01  5.801206651102e-02
 5.490538893961e+04  1.570348300000e+01  6.506486047392e-02
 5.490539451847e+04  1.580885000000e+01  6.620989283550e-02
 5.490540006725e+04  1.555952600000e+01  6.373229617885e-02
 5.490540568616e+04  1.559562900000e+01  6.407381011882e-02
 5.491126822282e+04  1.472289800000e+01  5.590411519454e-02
 5.491127518567e+04  1.475685100000e+01  5.605541672615e-02
 5.491128213485e+04  1.477011600000e+01  5.612834297735e-02
 5.491128909770e+04  1.480988300000e+01  5.630001892734e-02
 5.491820424491e+04  1.551093200000e+01  6.317157030478e-02
 5.491820905905e+04  1.549237700000e+01  6.300426295169e-02
 5.491821384366e+04  1.551341900000e+01  6.321980445227e-02
 5.491821871925e+04  1.552668600000e+01  6.333156167405e-02
 5.496819911292e+04  1.550943000000e+01  6.452261363848e-02
 5.496820643343e+04  1.548797400000e+01  6.432553776370e-02
 5.496821379313e+04  1.549262800000e+01  6.442593515404e-02
 5.496822120016e+04  1.551186400000e+01  6.474469321071e-02
 5.516049274896e+04  1.545354700000e+01  6.276942564403e-02
 5.516050086721e+04  1.547703500000e+01  6.294937034800e-02
 5.516050889875e+04  1.545884800000e+01  6.271835869909e-02
 5.516051682693e+04  1.548326600000e+01  6.261022968379e-02
 5.529029092041e+04  1.478726200000e+01  5.808415333305e-02
 5.529029783870e+04  1.473934400000e+01  5.781161308226e-02
 5.529030483203e+04  1.474512300000e+01  5.783060264338e-02
 5.529031178248e+04  1.473107000000e+01  5.779025044078e-02
 5.553150521447e+04  1.513329900000e+01  6.176991577911e-02
 5.553151571510e+04  1.491852600000e+01  5.893690526834e-02
 5.553152093399e+04  1.480571300000e+01  5.825097385896e-02
 5.554147495006e+04  1.527144300000e+01  5.932169455657e-02
 5.554149018271e+04  1.530498900000e+01  5.954686091474e-02
 5.554149784501e+04  1.530599000000e+01  5.974209278074e-02
 5.524225769262e+04  1.545802000000e+01  6.318173712873e-02
 5.524226681792e+04  1.546460300000e+01  6.316872302228e-02
 5.524227606714e+04  1.543415900000e+01  6.290659237187e-02
 5.524228538596e+04  1.547109600000e+01  6.320446180525e-02
 5.520440321378e+04  1.460635100000e+01  5.680587275820e-02
 5.520440832491e+04  1.456801400000e+01  5.659252486185e-02
 5.520441357529e+04  1.457332300000e+01  5.662309275911e-02
 5.520441882102e+04  1.456846100000e+01  5.659817339022e-02
 5.535017359715e+04  1.532919700000e+01  6.220601753500e-02
 5.535017989726e+04  1.534812500000e+01  6.237553624385e-02
 5.535018622280e+04  1.525674600000e+01  6.188516416219e-02
 5.535019251609e+04  1.539088000000e+01  6.330974887761e-02
 5.536217856295e+04  1.547938300000e+01  6.380106363673e-02
 5.536218311608e+04  1.549035600000e+01  6.391941832433e-02
 5.536218769762e+04  1.554293800000e+01  6.445745159432e-02
 5.536219233847e+04  1.549279500000e+01  6.406218461069e-02
 5.536915931178e+04  1.523790000000e+01  6.574666722252e-02
 5.536916562610e+04  1.522575900000e+01  6.565246167068e-02
 5.536917204225e+04  1.529216400000e+01  6.648963188161e-02
 5.536917837155e+04  1.528570300000e+01  6.650008447249e-02
 5.525933805893e+04  1.552730300000e+01  6.322502367273e-02
 5.525934451799e+04  1.571010700000e+01  6.498367450418e-02
 5.525935095766e+04  1.556272700000e+01  6.352582626218e-02
 5.525935737850e+04  1.556403500000e+01  6.358773413172e-02
 5.526823793465e+04  1.470840500000e+01  5.755461861774e-02
 5.526824420535e+04  1.500576200000e+01  5.932360801746e-02
 5.526825044730e+04  1.490045600000e+01  5.866532550239e-02
 5.526825671856e+04  1.493770800000e+01  5.883445369801e-02
 5.527531860473e+04  1.560412100000e+01  6.421485660947e-02
 5.527532549808e+04  1.562217200000e+01  6.439451656839e-02
 5.527533252853e+04  1.555488700000e+01  6.378631096669e-02
 5.527533947889e+04  1.551887300000e+01  6.349455855671e-02
 5.534120832594e+04  1.490192600000e+01  5.885994367934e-02
 5.534121409302e+04  1.477340600000e+01  5.812389241326e-02
 5.534121987273e+04  1.473515100000e+01  5.790981008003e-02
 5.534122565913e+04  1.467710900000e+01  5.762931063452e-02
 5.559840444634e+04  1.454423900000e+01  5.456211046778e-02
 5.559841248263e+04  1.459760700000e+01  5.466072856972e-02
 5.559842052530e+04  1.451062100000e+01  5.440622246347e-02
 5.559842858729e+04  1.478785400000e+01  5.666219529993e-02
 5.561536180814e+04  1.487865800000e+01  5.892669548150e-02
 5.561536980856e+04  1.468681000000e+01  5.777000507983e-02
 5.561537788826e+04  1.472530600000e+01  5.799192822166e-02
 5.561538602110e+04  1.478768900000e+01  5.834492449074e-02
 5.556442914631e+04  1.490755300000e+01  6.348989819786e-02
 5.556443147270e+04  1.489654800000e+01  6.038418668663e-02
 5.556443380869e+04  1.486872000000e+01  6.104852219274e-02
 5.556443610823e+04  1.483510000000e+01  5.923126978151e-02
 5.557447785150e+04  1.541065200000e+01  6.310647915300e-02
 5.557448354844e+04  1.541186900000e+01  6.278440576872e-02
 5.557448932211e+04  1.537338400000e+01  6.241481992170e-02
 5.557449516126e+04  1.542773100000e+01  6.289422782259e-02
 5.558749615170e+04  1.556262000000e+01  6.422253351328e-02
 5.558750310449e+04  1.551221400000e+01  6.374294606526e-02
 5.558751012949e+04  1.555546200000e+01  6.417555286158e-02
 5.558751713287e+04  1.559295300000e+01  6.461026287074e-02
 5.562223026512e+04  1.525340600000e+01  5.937239774297e-02
 5.562223717345e+04  1.524190900000e+01  5.929352119879e-02
 5.562224409115e+04  1.529986500000e+01  5.967381945573e-02
 5.562225102427e+04  1.526476400000e+01  5.942116662401e-02
 5.563424692726e+04  1.545853900000e+01  6.385841059430e-02
 5.563425432524e+04  1.547946700000e+01  6.404525561386e-02
 5.563426172564e+04  1.548694300000e+01  6.408368802945e-02
 5.563426916003e+04  1.545854800000e+01  6.382686152165e-02
 5.564519712509e+04  1.467456500000e+01  5.787564056739e-02
 5.564520289426e+04  1.462261800000e+01  5.755418645639e-02
 5.564520862688e+04  1.464682200000e+01  5.767008946935e-02
 5.564521435517e+04  1.464702300000e+01  5.764817521366e-02
 5.586648372000e+04  1.502715400000e+01  5.997199110561e-02
 5.586649060774e+04  1.504262100000e+01  6.001894246367e-02
 5.586649753655e+04  1.508261300000e+01  6.025666953052e-02
 5.586650441146e+04  1.509552500000e+01  6.030554730994e-02
 5.588847838867e+04  1.500179600000e+01  5.942006467465e-02
 5.588848409623e+04  1.480101100000e+01  5.813229265891e-02
 5.588848982404e+04  1.480947900000e+01  5.818261089426e-02
 5.588849565940e+04  1.476114000000e+01  5.788482510368e-02
 5.592348333278e+04  1.463992600000e+01  5.715084998480e-02
 5.592349119778e+04  1.465207000000e+01  5.715913805899e-02
 5.592349910060e+04  1.467208900000e+01  5.731224125029e-02
 5.592350703238e+04  1.488531800000e+01  5.852746282507e-02
 5.594448142722e+04  1.539071500000e+01  6.225768788691e-02
 5.594448761366e+04  1.557195800000e+01  6.394842107767e-02
 5.594449378605e+04  1.548902500000e+01  6.319225475066e-02
 5.594450006634e+04  1.549242400000e+01  6.321535575163e-02
 5.597937504321e+04  1.555226500000e+01  6.123279604530e-02
 5.597938396809e+04  1.556174900000e+01  6.132122506999e-02
 5.597939288927e+04  1.556914800000e+01  6.136292338434e-02
 5.597940174936e+04  1.554597000000e+01  6.120729351488e-02
 5.598724306814e+04  1.475662300000e+01  5.723077589278e-02
 5.598724778770e+04  1.464763400000e+01  5.665530220312e-02
 5.598725256706e+04  1.458084400000e+01  5.627951885078e-02
 5.598725742481e+04  1.455639400000e+01  5.616268387319e-02
 5.599922116782e+04  1.517657700000e+01  6.083529388964e-02
 5.599922618208e+04  1.516255700000e+01  6.071881302456e-02
 5.599923121476e+04  1.519605900000e+01  6.096484322779e-02
 5.599923629325e+04  1.519660000000e+01  6.093275869240e-02
 5.601118756718e+04  1.531768600000e+01  6.201029494037e-02
 5.601119260124e+04  1.530924000000e+01  6.192255134324e-02
 5.601119764466e+04  1.535235100000e+01  6.230932192734e-02
 5.601120278927e+04  1.533307200000e+01  6.212055737246e-02
 5.602818708223e+04  1.542412500000e+01  6.321985305975e-02
 5.602819220104e+04  1.545072600000e+01  6.350102996985e-02
 5.602819735697e+04  1.545290400000e+01  6.349987528092e-02
 5.602820248410e+04  1.546226000000e+01  6.353965115897e-02
 5.603526398957e+04  1.526329800000e+01  6.171798343194e-02
 5.603526901656e+04  1.522263400000e+01  6.139933623288e-02
 5.603527410480e+04  1.528003200000e+01  6.191000943192e-02
 5.603527923110e+04  1.524814600000e+01  6.165634556724e-02
 5.604219338193e+04  1.551352900000e+01  6.446284731390e-02
 5.604219906604e+04  1.550540800000e+01  6.438865760055e-02
 5.604220475845e+04  1.549026700000e+01  6.419604592144e-02
 5.604221039404e+04  1.552264100000e+01  6.454414681326e-02
 5.609316734045e+04  1.559239800000e+01  6.478293290377e-02
 5.609317239451e+04  1.554878800000e+01  6.437250019113e-02
 5.609317756852e+04  1.555690700000e+01  6.454979408547e-02
 5.609318275928e+04  1.559952100000e+01  6.504679712648e-02
