# time mag mag_err
 5.373452026772e+04  1.520221800000e+01  6.069032651507e-02
 5.373452607866e+04  1.520460400000e+01  6.069881011037e-02
 5.373453185476e+04  1.521050700000e+01  6.072881580788e-02
 5.373453773375e+04  1.522200000000e+01  6.078556793333e-02
 5.355519378837e+04  1.501440500000e+01  5.969952911127e-02
 5.355519913111e+04  1.504841500000e+01  5.999284381790e-02
 5.355520447756e+04  1.508662400000e+01  6.028691227012e-02
 5.355520987817e+04  1.507309200000e+01  6.026258835634e-02
 5.356317399075e+04  1.498292700000e+01  6.024758911768e-02
 5.356318044536e+04  1.499653500000e+01  6.051314756175e-02
 5.356318699036e+04  1.503191800000e+01  6.111203497074e-02
 5.356319348987e+04  1.503031600000e+01  6.114230426380e-02
 5.352523184343e+04  1.521259400000e+01  6.117978364176e-02
 5.352524001918e+04  1.525038600000e+01  6.141514456409e-02
 5.352524825571e+04  1.528504200000e+01  6.182817574576e-02
 5.352525654512e+04  1.528596600000e+01  6.188023182089e-02
 5.353222511954e+04  1.542997100000e+01  6.285931780625e-02
 5.353223214743e+04  1.543836900000e+01  6.297551202057e-02
 5.353223919709e+04  1.545242700000e+01  6.316142116839e-02
 5.353224624895e+04  1.545839400000e+01  6.328772718220e-02
 5.349832265851e+04  1.540431600000e+01  6.234362109941e-02
 5.384437214692e+04  1.516976200000e+01  6.135403937415e-02
 5.384438023517e+04  1.519522800000e+01  6.158019334786e-02
 5.384438830676e+04  1.521742400000e+01  6.179100316724e-02
 5.384439641514e+04  1.521737700000e+01  6.183604473289e-02
 5.409454258012e+04  1.535936000000e+01  6.432249650008e-02
 5.409454727619e+04  1.535072600000e+01  6.419182953146e-02
 5.409455197943e+04  1.526494800000e+01  6.334714278700e-02
 5.409455661578e+04  1.521684600000e+01  6.272498653853e-02
 5.377251327899e+04  1.504422500000e+01  6.404086586345e-02
 5.377252033225e+04  1.513032700000e+01  6.095512988672e-02
 5.377252740458e+04  1.512491000000e+01  6.019318352674e-02
 5.377253448214e+04  1.516031900000e+01  6.030127197719e-02
 5.379044420602e+04  1.534495500000e+01  6.190660431431e-02
 5.379045169865e+04  1.533817400000e+01  6.188799017190e-02
 5.379045926603e+04  1.536327100000e+01  6.210978237669e-02
 5.379046694442e+04  1.534050900000e+01  6.197408918391e-02
 5.374051430861e+04  1.482504700000e+01  5.817518810537e-02
 5.374052024803e+04  1.484129800000e+01  5.824676386789e-02
 5.374052622193e+04  1.486533400000e+01  5.838749881192e-02
 5.374053220545e+04  1.487127400000e+01  5.838324069712e-02
 5.375349539361e+04  1.512400500000e+01  6.016604668447e-02
 5.375350079943e+04  1.509337300000e+01  5.990289306592e-02
 5.375350622470e+04  1.511029400000e+01  6.000102213235e-02
 5.375351162938e+04  1.512289800000e+01  6.007555746532e-02
 5.390325879701e+04  1.507158700000e+01  9.197681372497e-02
 5.390325979405e+04  1.507107000000e+01  9.184287143723e-02
 5.390326078924e+04  1.508732000000e+01  9.239419263832e-02
 5.390326179462e+04  1.507573900000e+01  9.220993456604e-02
 5.390626011558e+04  1.493929900000e+01  6.038265327905e-02
 5.390626653662e+04  1.494151500000e+01  6.045164763360e-02
 5.390627295777e+04  1.496701300000e+01  6.077166507304e-02
 5.390627940381e+04  1.496772900000e+01  6.086554167731e-02
 5.381646193072e+04  1.542509900000e+01  6.745384886423e-02
 5.381646732242e+04  1.537312700000e+01  6.685511140116e-02
 5.381647280267e+04  1.537403600000e+01  6.695944623816e-02
 5.381647824796e+04  1.529960300000e+01  6.613985467324e-02
 5.386135323117e+04  1.459474500000e+01  7.929360548496e-02
 5.386135370584e+04  1.455622200000e+01  7.856565194258e-02
 5.386135419661e+04  1.461796600000e+01  7.974404306562e-02
 5.386333809110e+04  1.503017400000e+01  8.874047710960e-02
 5.386333885062e+04  1.506409900000e+01  8.963732204324e-02
 5.386333959858e+04  1.507210900000e+01  8.992608654206e-02
 5.386334042536e+04  1.500789800000e+01  8.818897640334e-02
 5.387426547262e+04  1.462248600000e+01  5.791829479058e-02
 5.387427416009e+04  1.464481700000e+01  5.787352336896e-02
 5.387428283263e+04  1.467223500000e+01  5.820914851067e-02
 5.387429151639e+04  1.470996700000e+01  5.844087052111e-02
 5.419736955145e+04  1.529593600000e+01  6.115261978776e-02
 5.419737612897e+04  1.525640300000e+01  6.087288614753e-02
 5.419738268705e+04  1.531163100000e+01  6.132061661928e-02
 5.419738927290e+04  1.530637500000e+01  6.127745311788e-02
 5.420629477926e+04  1.462493900000e+01  5.748043920160e-02
 5.420630237141e+04  1.460445300000e+01  5.732924274084e-02
 5.420631001520e+04  1.461289000000e+01  5.731475044171e-02
 5.420631771778e+04  1.459294200000e+01  5.720763460402e-02
 5.421330381123e+04  1.520010800000e+01  6.106772892102e-02
 5.421331328137e+04  1.519909900000e+01  6.103608869782e-02
 5.421332269041e+04  1.526018900000e+01  6.157461668237e-02
 5.421333212536e+04  1.526897400000e+01  6.168121768336e-02
 5.446454671853e+04  1.540530500000e+01  6.610205818567e-02
 5.446454840287e+04  1.540924500000e+01  6.547613099982e-02
 5.446455008028e+04  1.540461900000e+01  6.604934911301e-02
 5.446455175790e+04  1.541637300000e+01  6.615222127878e-02
 5.411549459873e+04  1.462047300000e+01  5.656989669611e-02
 5.411550411251e+04  1.465555300000e+01  5.671142513103e-02
 5.411551626971e+04  1.471680400000e+01  5.699235335302e-02
 5.411552518138e+04  1.474582200000e+01  5.712833521708e-02
 5.412946079331e+04  1.541107600000e+01  6.194543772246e-02
 5.412946852043e+04  1.543850000000e+01  6.215059614505e-02
 5.412947629407e+04  1.542758800000e+01  6.203309661796e-02
 5.412948404655e+04  1.543421800000e+01  6.204962050725e-02
 5.425922433436e+04  1.499612500000e+01  5.944684706712e-02
 5.425923072611e+04  1.500247100000e+01  5.947618932196e-02
 5.425923713847e+04  1.502094800000e+01  5.960915075412e-02
 5.425924353288e+04  1.502929900000e+01  5.967789895745e-02
 5.424128291348e+04  1.451653200000e+01  5.676480938565e-02
 5.424129312672e+04  1.450794500000e+01  5.675414208534e-02
 5.424130333626e+04  1.451538100000e+01  5.680752457162e-02
 5.424131353468e+04  1.455671800000e+01  5.709830143983e-02
 5.458033446238e+04  1.518308900000e+01  6.025157178386e-02
 5.458034093215e+04  1.517529400000e+01  6.021265381516e-02
 5.458034739660e+04  1.519897500000e+01  6.039138613607e-02
 5.458035387725e+04  1.522609900000e+01  6.059002494085e-02
 5.452448261653e+04  1.513452000000e+01  5.958074142156e-02
 5.452449026795e+04  1.519501500000e+01  6.001410162526e-02
 5.452449800919e+04  1.513914100000e+01  5.962324776002e-02
 5.452450579222e+04  1.522932300000e+01  6.028068962829e-02
 5.448051229509e+04  1.547309800000e+01  6.134405036519e-02
 5.449645575706e+04  1.545662600000e+01  6.204554295588e-02
 5.449646075638e+04  1.543940600000e+01  6.187071839212e-02
 5.449646563868e+04  1.543064700000e+01  6.175956858976e-02
 5.449647057642e+04  1.543938900000e+01  6.181057766716e-02
 5.462419976473e+04  1.540135300000e+01  5.975259192027e-02
 5.462420975817e+04  1.541062800000e+01  5.982520877318e-02
 5.462421974189e+04  1.540096500000e+01  5.977220142440e-02
 5.462422972051e+04  1.544764500000e+01  6.009084240895e-02
 5.464023668867e+04  1.479878000000e+01  5.860165350484e-02
 5.464024327383e+04  1.469302100000e+01  5.800251226306e-02
 5.464024980170e+04  1.462817800000e+01  5.769787963326e-02
 5.464025627159e+04  1.459578600000e+01  5.750311908593e-02
 5.453646171510e+04  1.547167000000e+01  5.990648513483e-02
 5.453646958124e+04  1.541699600000e+01  5.952802368862e-02
 5.453647750015e+04  1.536259100000e+01  5.917153591450e-02
 5.453648538978e+04  1.526763800000e+01  5.858108895449e-02
 5.459127139066e+04  1.485832600000e+01  5.811998413794e-02
 5.459127994524e+04  1.488448700000e+01  5.828084591323e-02
 5.459128851106e+04  1.490282000000e+01  5.841637921197e-02
 5.459129711022e+04  1.494913900000e+01  5.870629507526e-02
 5.493732947727e+04  1.475054200000e+01  5.794319885411e-02
 5.493733419454e+04  1.466943700000e+01  5.743154578133e-02
 5.493733893887e+04  1.458081200000e+01  5.694531238315e-02
 5.493734376527e+04  1.450300900000e+01  5.654040608289e-02
 5.518552495951e+04  1.507941900000e+01  5.946321949456e-02
 5.518552848075e+04  1.510932800000e+01  5.964939759300e-02
 5.518553192781e+04  1.510506700000e+01  5.958050798321e-02
 5.518553541456e+04  1.509669000000e+01  5.949974859912e-02
 5.499720343516e+04  1.533382400000e+01  6.166197474012e-02
 5.499720832175e+04  1.531687300000e+01  6.155640019955e-02
 5.499721322131e+04  1.533949700000e+01  6.177245894838e-02
 5.499721811495e+04  1.536770000000e+01  6.197895654182e-02
 5.498220730611e+04  1.462950000000e+01  5.680788172594e-02
 5.498221281356e+04  1.466381400000e+01  5.698833861664e-02
 5.498221829567e+04  1.468782400000e+01  5.714208789145e-02
 5.498222371110e+04  1.470893700000e+01  5.723716446405e-02
 5.529136648610e+04  1.537047500000e+01  6.191841776314e-02
 5.529137282461e+04  1.536301500000e+01  6.176884689227e-02
 5.529137919439e+04  1.537886300000e+01  6.197592842353e-02
 5.529138564161e+04  1.534913900000e+01  6.175567102649e-02
 5.524049668032e+04  1.546141800000e+01  6.323941204674e-02
 5.524050426250e+04  1.546189700000e+01  6.332493170312e-02
 5.524051187050e+04  1.542166900000e+01  6.279519922246e-02
 5.524051947341e+04  1.538212900000e+01  6.224446216208e-02
 5.524539664617e+04  1.548198200000e+01  6.324993809695e-02
 5.524540346039e+04  1.549315600000e+01  6.333854152098e-02
 5.524541039787e+04  1.550025000000e+01  6.329034152233e-02
 5.524541741179e+04  1.547783800000e+01  6.299988355121e-02
 5.538315951756e+04  1.504505000000e+01  6.311695623005e-02
 5.538316307687e+04  1.509421300000e+01  6.360216329675e-02
 5.538316667891e+04  1.506257300000e+01  6.323465978886e-02
 5.538317029221e+04  1.507459700000e+01  6.336963428256e-02
 5.534818151319e+04  1.511336900000e+01  5.985578788166e-02
 5.534818897424e+04  1.513032900000e+01  6.001394732222e-02
 5.534819643282e+04  1.512034600000e+01  5.997018084851e-02
 5.534820392801e+04  1.516565900000e+01  6.027485674511e-02
 5.532024842080e+04  1.539392500000e+01  6.186591235999e-02
 5.532025472553e+04  1.539407200000e+01  6.187740994080e-02
 5.532026112795e+04  1.542666500000e+01  6.211579664144e-02
 5.532026748775e+04  1.544544100000e+01  6.229105485242e-02
 5.533224468814e+04  1.514251100000e+01  6.015844407211e-02
 5.533225156980e+04  1.513907300000e+01  6.015164908138e-02
 5.533225850244e+04  1.517647100000e+01  6.036273632846e-02
 5.533226535596e+04  1.517885900000e+01  6.042803036018e-02
 5.533525102731e+04  1.495803200000e+01  5.876699905285e-02
 5.533525781376e+04  1.499520500000e+01  6.020030766757e-02
 5.533526648472e+04  1.503867100000e+01  5.928568895529e-02
 5.533527338356e+04  1.504135700000e+01  5.951041626616e-02
 5.567436080418e+04  1.543557200000e+01  6.326250714672e-02
 5.567436881987e+04  1.543153300000e+01  6.324888022599e-02
 5.567437682447e+04  1.543964100000e+01  6.335374899575e-02
 5.567438491745e+04  1.545017100000e+01  6.343608590238e-02
 5.560043537233e+04  1.501621200000e+01  5.746689063002e-02
 5.560044158506e+04  1.501585400000e+01  5.743907394403e-02
 5.560044789301e+04  1.503634500000e+01  5.752889204325e-02
 5.560045420255e+04  1.503974900000e+01  5.757151981682e-02
 5.556353196740e+04  1.475779500000e+01  5.784970661000e-02
 5.556353906451e+04  1.479762700000e+01  5.804767187637e-02
 5.556354613086e+04  1.483545400000e+01  5.826561009782e-02
 5.556355313470e+04  1.484827700000e+01  5.833337252521e-02
 5.571318884885e+04  1.508614200000e+01  6.124632805689e-02
 5.571319284454e+04  1.494919200000e+01  6.390190934357e-02
 5.571319686777e+04  1.492588300000e+01  6.020100503193e-02
 5.571320088639e+04  1.486347900000e+01  6.008877519470e-02
 5.563343887132e+04  1.448752100000e+01  5.656100265135e-02
 5.563344575882e+04  1.450006100000e+01  5.662928271298e-02
 5.563345267781e+04  1.451686900000e+01  5.672508206673e-02
 5.563345958222e+04  1.453865400000e+01  5.683144656480e-02
 5.568824963589e+04  1.512178900000e+01  6.076253966944e-02
 5.568825477169e+04  1.512641900000e+01  6.081801051205e-02
 5.568825995610e+04  1.511750700000e+01  6.073160432193e-02
 5.568826518652e+04  1.514875600000e+01  6.097101418208e-02
 5.570626052510e+04  1.535304100000e+01  6.250558280635e-02
 5.570626978160e+04  1.538427300000e+01  6.273434749512e-02
 5.570627906715e+04  1.536006500000e+01  6.263308082453e-02
 5.570628833269e+04  1.536801000000e+01  6.269000751798e-02
 5.592252782368e+04  1.482726900000e+01  5.642717242088e-02
 5.592253326463e+04  1.475544000000e+01  5.607486458461e-02
 5.592253873007e+04  1.469817600000e+01  5.580304570939e-02
 5.592254418519e+04  1.463356900000e+01  5.550436408887e-02
 5.598047941336e+04  1.521587200000e+01  6.075463627415e-02
 5.598048613163e+04  1.518183100000e+01  6.082326586681e-02
 5.598049289263e+04  1.520785200000e+01  6.285792421991e-02
 5.598049969250e+04  1.527848500000e+01  6.304805468349e-02
 5.603330585670e+04  1.531218600000e+01  6.181198956710e-02
 5.603331084804e+04  1.529999100000e+01  6.170151438542e-02
 5.603331588971e+04  1.530269500000e+01  6.175394401058e-02
 5.603332098603e+04  1.533770100000e+01  6.205199064048e-02
 5.603833795794e+04  1.538824000000e+01  6.248837994178e-02
 5.603834584189e+04  1.538084100000e+01  6.240415416844e-02
 5.603835375906e+04  1.538255300000e+01  6.246095757809e-02
 5.603836168139e+04  1.538536400000e+01  6.250532878215e-02
 5.606022174531e+04  1.507518000000e+01  5.922774207250e-02
 5.606023025039e+04  1.511072700000e+01  5.945371071645e-02
 5.606023879641e+04  1.510936800000e+01  5.944542120538e-02
 5.606024742847e+04  1.513940100000e+01  5.964283346454e-02
 5.610118473277e+04  1.458359600000e+01  5.757471369539e-02
 5.610118985416e+04  1.460126200000e+01  5.773279473127e-02
 5.610119497084e+04  1.460355600000e+01  5.773338075433e-02
 5.610120001299e+04  1.463574600000e+01  5.793797217423e-02
