# time mag mag_err
 5.346935086235e+04  1.611318500000e+01  6.993060287837e-02
 5.346935895083e+04  1.608092900000e+01  6.959704854004e-02
 5.346936706177e+04  1.609859500000e+01  6.984701808564e-02
 5.346937518382e+04  1.614055200000e+01  7.050648807613e-02
 5.355616180167e+04  1.618895700000e+01  7.162796268845e-02
 5.355616818126e+04  1.622389900000e+01  7.224207071033e-02
 5.355617460890e+04  1.620921100000e+01  7.198451028592e-02
 5.355618103897e+04  1.616587200000e+01  7.145713853579e-02
 5.352419965911e+04  1.597923500000e+01  6.829391144542e-02
 5.352420608559e+04  1.605239300000e+01  6.925846334657e-02
 5.352421253453e+04  1.603457100000e+01  6.899005141715e-02
 5.352421898137e+04  1.602272100000e+01  6.888646941984e-02
 5.349925217209e+04  1.619054500000e+01  7.068202945790e-02
 5.349925664743e+04  1.617649500000e+01  7.053648849956e-02
 5.349926107115e+04  1.621050500000e+01  7.099905337604e-02
 5.349926550933e+04  1.619572700000e+01  7.083201882249e-02
 5.350727908166e+04  1.615046600000e+01  7.087785032433e-02
 5.350728662301e+04  1.617853500000e+01  7.128941537722e-02
 5.350729424781e+04  1.613527000000e+01  7.052403025176e-02
 5.350730193650e+04  1.608400400000e+01  6.989333994114e-02
 5.382736688009e+04  1.607930800000e+01  7.009100981019e-02
 5.382737547693e+04  1.607607500000e+01  7.057673738478e-02
 5.382738404240e+04  1.614855600000e+01  7.109295397602e-02
 5.382739493600e+04  1.609056400000e+01  7.032602731956e-02
 5.383334101532e+04  1.596928500000e+01  7.174665947523e-02
 5.383337477510e+04  1.599358300000e+01  7.209708375395e-02
 5.383341187336e+04  1.596453500000e+01  7.195657445205e-02
 5.383342443417e+04  1.601728600000e+01  7.268436266957e-02
 5.385025753866e+04  1.584426200000e+01  6.718593246405e-02
 5.385026478242e+04  1.580481200000e+01  6.670969458929e-02
 5.385027188648e+04  1.575368600000e+01  6.613879965867e-02
 5.385027897931e+04  1.583233400000e+01  6.707152722328e-02
 5.376741007477e+04  1.589719000000e+01  6.741464260916e-02
 5.376741787574e+04  1.590379800000e+01  6.748918245233e-02
 5.376742566432e+04  1.594616400000e+01  6.793791018685e-02
 5.376743352605e+04  1.594678000000e+01  6.795761738362e-02
 5.379446053456e+04  1.608216200000e+01  7.074776986310e-02
 5.379446611528e+04  1.609364100000e+01  7.006174732388e-02
 5.379447167042e+04  1.610844800000e+01  7.048245528274e-02
 5.379447723319e+04  1.612535100000e+01  7.140194887749e-02
 5.390525780775e+04  1.587262500000e+01  1.190845459198e-01
 5.390525883235e+04  1.597457500000e+01  1.171708040787e-01
 5.390525987545e+04  1.583051300000e+01  1.173812784680e-01
 5.390526092424e+04  1.584840900000e+01  1.182280260841e-01
 5.381931248867e+04  1.596315600000e+01  7.028779869956e-02
 5.381931908911e+04  1.594535600000e+01  6.889231039674e-02
 5.381932569303e+04  1.597510600000e+01  6.895497826727e-02
 5.381933228410e+04  1.599941400000e+01  7.008577242363e-02
 5.385833445060e+04  1.594092000000e+01  6.919749874719e-02
 5.385834254314e+04  1.618798200000e+01  8.897904284505e-02
 5.385928514661e+04  1.628275700000e+01  7.386737905431e-02
 5.385929324539e+04  1.627482200000e+01  7.378783356052e-02
 5.385930134428e+04  1.625260600000e+01  7.343159706757e-02
 5.385930937733e+04  1.629411600000e+01  7.407781512443e-02
 5.387334175505e+04  1.628848300000e+01  8.694979615317e-02
 5.387334679477e+04  1.631777300000e+01  8.607258430427e-02
 5.387335184038e+04  1.617202500000e+01  8.177455962706e-02
 5.387335690719e+04  1.615754500000e+01  8.077598133146e-02
 5.388028690831e+04  1.596905200000e+01  6.915103460550e-02
 5.388029492642e+04  1.594954600000e+01  6.896119538815e-02
 5.388030294302e+04  1.596828800000e+01  6.922910885715e-02
 5.388031095049e+04  1.597844900000e+01  6.938231699850e-02
 5.421434086956e+04  1.588814600000e+01  6.684729411659e-02
 5.421434741468e+04  1.594474800000e+01  6.748945400906e-02
 5.421435392970e+04  1.590672100000e+01  6.705381238563e-02
 5.421436045051e+04  1.590192000000e+01  6.704074474197e-02
 5.443751711269e+04  1.596439300000e+01  6.754208125432e-02
 5.443752039491e+04  1.592970400000e+01  6.714800683257e-02
 5.443752370618e+04  1.591476200000e+01  6.694174376471e-02
 5.443752700576e+04  1.590741800000e+01  6.683624634958e-02
 5.411745121164e+04  1.581877400000e+01  6.561931682383e-02
 5.411745823538e+04  1.581637200000e+01  6.559607944051e-02
 5.411746520089e+04  1.582072500000e+01  6.554506619810e-02
 5.411747219244e+04  1.579698800000e+01  6.532659351237e-02
 5.426421507737e+04  1.610641300000e+01  7.021803621699e-02
 5.426422362201e+04  1.612713500000e+01  7.052717645739e-02
 5.426423217429e+04  1.611337000000e+01  7.036004933553e-02
 5.426424071372e+04  1.611322900000e+01  7.040803205710e-02
 5.417535561001e+04  1.571761400000e+01  6.479181837778e-02
 5.417536207376e+04  1.571052900000e+01  6.471015185162e-02
 5.417536851435e+04  1.572887400000e+01  6.487483674948e-02
 5.417537497694e+04  1.575637900000e+01  6.516088652458e-02
 5.424227519280e+04  1.625269400000e+01  7.330103367236e-02
 5.424228244235e+04  1.628203200000e+01  7.356604743375e-02
 5.424228968750e+04  1.629284400000e+01  7.380909603353e-02
 5.424229694644e+04  1.632176700000e+01  7.431380051360e-02
 5.456628286648e+04  1.578856200000e+01  6.606573175632e-02
 5.456628713521e+04  1.582535500000e+01  6.646995425817e-02
 5.456629142222e+04  1.580328100000e+01  6.625646222894e-02
 5.456629570219e+04  1.581266200000e+01  6.630010136257e-02
 5.457129148730e+04  1.597967500000e+01  6.758561941029e-02
 5.457129890330e+04  1.600091600000e+01  6.778306047139e-02
 5.457130627507e+04  1.596095900000e+01  6.733878643133e-02
 5.457131369975e+04  1.598732100000e+01  6.763365226174e-02
 5.458534106694e+04  1.602844600000e+01  6.840508586666e-02
 5.458534722454e+04  1.603249600000e+01  6.852878933717e-02
 5.458535338051e+04  1.604045500000e+01  6.860341440635e-02
 5.458535948314e+04  1.599638300000e+01  6.807105400212e-02
 5.480252839631e+04  1.608633800000e+01  6.948673279762e-02
 5.480253301124e+04  1.612886200000e+01  7.008963714133e-02
 5.480253774538e+04  1.610362200000e+01  6.966170384311e-02
 5.480254235661e+04  1.611489700000e+01  6.866715212288e-02
 5.449949961485e+04  1.617643700000e+01  6.972769184336e-02
 5.449950518029e+04  1.618038600000e+01  6.995586290509e-02
 5.449951071204e+04  1.617051000000e+01  6.955699108264e-02
 5.449951628535e+04  1.617669400000e+01  6.966645118761e-02
 5.450644102811e+04  1.570795700000e+01  6.434744943149e-02
 5.450644762948e+04  1.568916400000e+01  6.417824334768e-02
 5.450645422495e+04  1.562863800000e+01  6.355472459195e-02
 5.450646082632e+04  1.553273100000e+01  6.268642943111e-02
 5.451042715527e+04  1.611822000000e+01  6.899136565955e-02
 5.451043273841e+04  1.613058300000e+01  6.912795522633e-02
 5.451043830999e+04  1.613070700000e+01  6.904586268174e-02
 5.451044390784e+04  1.614004400000e+01  6.921593280670e-02
 5.452544085527e+04  1.590960800000e+01  6.798345605656e-02
 5.452544775122e+04  1.596659000000e+01  6.943089844970e-02
 5.452545467400e+04  1.591305100000e+01  6.796291316377e-02
 5.452546162447e+04  1.591164700000e+01  6.952003786986e-02
 5.462528907538e+04  1.608015300000e+01  6.962145815310e-02
 5.462529614218e+04  1.603843100000e+01  6.916265466404e-02
 5.462530329056e+04  1.600092300000e+01  6.875870398264e-02
 5.462531041348e+04  1.600708400000e+01  6.894081694431e-02
 5.453129655375e+04  1.619169700000e+01  7.119601985289e-02
 5.453130381036e+04  1.619542100000e+01  7.108765001005e-02
 5.453131107542e+04  1.612859700000e+01  7.007979123118e-02
 5.453131831825e+04  1.616108600000e+01  7.030912933382e-02
 5.455643275437e+04  1.582285500000e+01  6.598316686508e-02
 5.455643989536e+04  1.575375800000e+01  6.527039216982e-02
 5.455644706237e+04  1.568048500000e+01  6.455377943233e-02
 5.455645422998e+04  1.565676900000e+01  6.432203701859e-02
 5.459228025159e+04  1.612515700000e+01  7.003072511670e-02
 5.459228998714e+04  1.617461900000e+01  7.073635461087e-02
 5.459229971182e+04  1.618792300000e+01  7.111672142899e-02
 5.459230943105e+04  1.621374100000e+01  7.157748797125e-02
 5.460018195127e+04  1.616374000000e+01  7.068616652471e-02
 5.460018895220e+04  1.603189500000e+01  6.884182946959e-02
 5.460019592708e+04  1.618675900000e+01  7.092309468962e-02
 5.460020290590e+04  1.619796100000e+01  7.108611433228e-02
 5.493942504921e+04  1.587388700000e+01  6.654332540923e-02
 5.493943216683e+04  1.582425800000e+01  6.611465991386e-02
 5.493943915122e+04  1.585143300000e+01  6.642864166649e-02
 5.493944632183e+04  1.583176300000e+01  6.630526679980e-02
 5.494933230091e+04  1.599976100000e+01  7.546791312476e-02
 5.494933945778e+04  1.596613700000e+01  6.991494524659e-02
 5.494934660780e+04  1.603113600000e+01  6.853323890585e-02
 5.494935387830e+04  1.599543500000e+01  6.808972885794e-02
 5.486739048824e+04  1.629481700000e+01  7.526001095922e-02
 5.486739862036e+04  1.633192900000e+01  7.586831445880e-02
 5.486740679356e+04  1.629415900000e+01  7.516838624567e-02
 5.486741490080e+04  1.623810500000e+01  7.420840469060e-02
 5.488942973366e+04  1.581119900000e+01  6.522223311599e-02
 5.488943768521e+04  1.584610900000e+01  6.555509985715e-02
 5.488944551117e+04  1.581223200000e+01  6.519880912505e-02
 5.488945348264e+04  1.582511300000e+01  6.531936768195e-02
 5.486148066797e+04  1.580015700000e+01  6.504596213608e-02
 5.486148928102e+04  1.580485800000e+01  6.510139499136e-02
 5.486149795703e+04  1.583314100000e+01  6.538867358004e-02
 5.486150657285e+04  1.585478400000e+01  6.560828185861e-02
 5.504217681113e+04  1.615157900000e+01  7.946226897201e-02
 5.504218238806e+04  1.610685600000e+01  7.911088445475e-02
 5.504218837714e+04  1.608330600000e+01  7.871999905898e-02
 5.498320220021e+04  1.621681000000e+01  7.076283367040e-02
 5.498320823036e+04  1.622594400000e+01  7.091994245287e-02
 5.498321424858e+04  1.623569400000e+01  7.108067546106e-02
 5.498322022104e+04  1.621588900000e+01  7.079155113790e-02
 5.500126877808e+04  1.606406700000e+01  7.025100531184e-02
 5.500127361572e+04  1.608308400000e+01  7.071115866591e-02
 5.500127842231e+04  1.606748900000e+01  7.051080487236e-02
 5.500128330568e+04  1.611171500000e+01  7.121736899253e-02
 5.491835255906e+04  1.603637600000e+01  6.825722870508e-02
 5.491835805681e+04  1.606954500000e+01  6.868706724623e-02
 5.491836356044e+04  1.605955600000e+01  6.853613856615e-02
 5.491836906571e+04  1.606187500000e+01  6.859225025014e-02
 5.496424404586e+04  1.617164500000e+01  7.027568707696e-02
 5.496425012093e+04  1.616215100000e+01  7.012725750071e-02
 5.496425610678e+04  1.615169400000e+01  6.998809632982e-02
 5.496426217435e+04  1.581485500000e+01  6.585019852811e-02
 5.529040565332e+04  1.613143300000e+01  6.983417531388e-02
 5.529041376470e+04  1.612945500000e+01  6.997651741703e-02
 5.529042190165e+04  1.610061800000e+01  6.967322096773e-02
 5.529043008124e+04  1.618773000000e+01  7.087416950050e-02
 5.529928660916e+04  1.573645000000e+01  6.500647740494e-02
 5.529929356201e+04  1.576163900000e+01  6.523457120853e-02
 5.529930053088e+04  1.577540800000e+01  6.536445947208e-02
 5.529930747996e+04  1.578864900000e+01  6.552421505442e-02
 5.524239431351e+04  1.626518600000e+01  7.206757411676e-02
 5.524240127788e+04  1.626625600000e+01  7.204047512534e-02
 5.524240826157e+04  1.626057500000e+01  7.191436834516e-02
 5.524241528484e+04  1.626072100000e+01  7.188253210971e-02
 5.520851881726e+04  1.600788300000e+01  6.801956099163e-02
 5.520852603841e+04  1.606239200000e+01  6.870417714588e-02
 5.520853331270e+04  1.602783200000e+01  6.824334244359e-02
 5.520854059269e+04  1.601249000000e+01  6.804346406433e-02
 5.526936734852e+04  1.594185600000e+01  6.792936949209e-02
 5.527134535889e+04  1.599120900000e+01  6.789033802592e-02
 5.527135233296e+04  1.597556100000e+01  6.758635309472e-02
 5.527135924068e+04  1.600006900000e+01  6.790084200056e-02
 5.527136620992e+04  1.598283800000e+01  6.766788160062e-02
 5.528134239271e+04  1.619167100000e+01  7.595696430075e-02
 5.528134794627e+04  1.616927200000e+01  7.590026223713e-02
 5.528135352757e+04  1.622897000000e+01  7.695437766193e-02
 5.528135905528e+04  1.624433100000e+01  7.702908474484e-02
 5.532329770188e+04  1.607682700000e+01  6.894615223086e-02
 5.532330394884e+04  1.607013600000e+01  6.886519728861e-02
 5.532331028816e+04  1.604421100000e+01  6.856902996759e-02
 5.532331661212e+04  1.606439400000e+01  6.875295787067e-02
 5.533419658291e+04  1.593123300000e+01  6.972099765162e-02
 5.533420224825e+04  1.594223900000e+01  7.365589518619e-02
 5.533420798164e+04  1.597128500000e+01  7.795455930571e-02
 5.533421370104e+04  1.599291400000e+01  7.782191716212e-02
 5.534720019083e+04  1.622908900000e+01  7.090639210076e-02
 5.534720700380e+04  1.618620100000e+01  7.035079231868e-02
 5.534721377799e+04  1.619658700000e+01  7.057700130427e-02
 5.534722066191e+04  1.619608800000e+01  7.046109090115e-02
 5.565635407118e+04  1.618414700000e+01  6.725920316232e-02
 5.565636030095e+04  1.619767300000e+01  6.740129002126e-02
 5.565636657486e+04  1.620057000000e+01  6.742433529522e-02
 5.565637286395e+04  1.618967300000e+01  6.733212965702e-02
 5.566433630644e+04  1.621932800000e+01  6.809648672691e-02
 5.566434508929e+04  1.620533700000e+01  6.795569253634e-02
 5.566435388811e+04  1.615638500000e+01  6.758213469970e-02
 5.566436402462e+04  1.615266900000e+01  6.737117795360e-02
 5.567619607075e+04  1.595946000000e+01  7.318241033987e-02
 5.567620360090e+04  1.602570000000e+01  7.508924071652e-02
 5.567621117003e+04  1.596541700000e+01  7.401662912303e-02
 5.567621873431e+04  1.601553800000e+01  7.373569784236e-02
 5.557651245008e+04  1.604944100000e+01  7.408751052696e-02
 5.557651920979e+04  1.604452000000e+01  7.457197610129e-02
 5.557652608194e+04  1.606431200000e+01  7.716962560211e-02
 5.557653286427e+04  1.603101200000e+01  7.356460046722e-02
 5.562641635495e+04  1.608182400000e+01  7.314058346238e-02
 5.562642215515e+04  1.607225300000e+01  7.378321714316e-02
 5.562642795083e+04  1.610863800000e+01  7.395730653055e-02
 5.562643374360e+04  1.603354900000e+01  7.242190395820e-02
 5.564542183529e+04  1.612892500000e+01  7.067362962614e-02
 5.564542764174e+04  1.610349200000e+01  7.037021779650e-02
 5.564543341725e+04  1.614728400000e+01  7.095425341632e-02
 5.564543923075e+04  1.613421400000e+01  7.078507176319e-02
 5.569327601376e+04  1.591421300000e+01  7.111154294965e-02
 5.569328429069e+04  1.584748400000e+01  7.016202102510e-02
 5.569329251427e+04  1.590340000000e+01  7.087553249413e-02
 5.569330086446e+04  1.592123300000e+01  7.115558212392e-02
 5.570528504573e+04  1.623764400000e+01  7.309306914889e-02
 5.570529358368e+04  1.618568400000e+01  7.240485990672e-02
 5.570530217172e+04  1.623241600000e+01  7.323332643672e-02
 5.570531074962e+04  1.623633100000e+01  7.335680745508e-02
 5.589350445058e+04  1.607498600000e+01  6.988042773432e-02
 5.589350957155e+04  1.606607100000e+01  6.963623220174e-02
 5.589351485852e+04  1.603152100000e+01  6.904376799473e-02
 5.589352013262e+04  1.602772800000e+01  6.888679357488e-02
 5.592048853942e+04  1.625666700000e+01  7.200959942060e-02
 5.592049366139e+04  1.624335700000e+01  7.179504626288e-02
 5.592049877299e+04  1.619465700000e+01  7.098828139865e-02
 5.592050390963e+04  1.624819000000e+01  7.174051695354e-02
 5.593046866884e+04  1.583148800000e+01  6.666666934045e-02
 5.593047774443e+04  1.582334700000e+01  6.648085295376e-02
 5.593048683838e+04  1.581403100000e+01  6.633223281420e-02
 5.593049597852e+04  1.582303200000e+01  6.637229114732e-02
 5.593950046096e+04  1.601067500000e+01  6.801364536696e-02
 5.593950607630e+04  1.602829500000e+01  6.822698883038e-02
 5.593951181622e+04  1.603406400000e+01  6.826803511514e-02
 5.593951747796e+04  1.609891200000e+01  6.902681374297e-02
 5.597834910980e+04  1.619840300000e+01  7.653014755892e-02
 5.597835412348e+04  1.611711400000e+01  7.397854760330e-02
 5.597835920679e+04  1.620607300000e+01  7.731980592984e-02
 5.597836437175e+04  1.615580400000e+01  7.908660470024e-02
 5.598142932272e+04  1.611261100000e+01  6.948894178351e-02
 5.598143673998e+04  1.611967200000e+01  6.959104586889e-02
 5.598144409682e+04  1.607731900000e+01  7.047202680626e-02
 5.598145146365e+04  1.609529000000e+01  6.933139101964e-02
 5.598738413516e+04  1.600116900000e+01  7.021664460561e-02
 5.598739038433e+04  1.598544700000e+01  6.980335744477e-02
 5.598739660341e+04  1.598307800000e+01  6.963079282328e-02
 5.598740288961e+04  1.600935500000e+01  6.979636240336e-02
 5.600333222122e+04  1.599024100000e+01  6.834672518508e-02
 5.600334067206e+04  1.604451800000e+01  6.896239632357e-02
 5.600334918119e+04  1.604616900000e+01  6.899224158005e-02
 5.600335774579e+04  1.604515200000e+01  6.897867153633e-02
 5.601343565351e+04  1.569940600000e+01  6.566026273356e-02
 5.601344080366e+04  1.570718600000e+01  6.581335794215e-02
 5.601344594326e+04  1.570287700000e+01  6.576299431687e-02
 5.601345111385e+04  1.568985600000e+01  6.569537347955e-02
 5.603224953237e+04  1.603240900000e+01  6.955546792299e-02
 5.603225464101e+04  1.603817300000e+01  6.969379995398e-02
 5.603225972020e+04  1.597023500000e+01  6.874466590391e-02
 5.603226486812e+04  1.591410500000e+01  6.794626689388e-02
 5.603931979520e+04  1.609388000000e+01  6.624980149515e-02
 5.603932798135e+04  1.608084100000e+01  6.612781012032e-02
 5.603933609490e+04  1.605500800000e+01  6.588890669998e-02
 5.603934427619e+04  1.610075500000e+01  6.637930104720e-02
 5.606133726291e+04  1.609341600000e+01  6.969320448014e-02
 5.606134530049e+04  1.608244300000e+01  6.988420160198e-02
 5.606135330076e+04  1.612005300000e+01  7.038452381516e-02
 5.606136114949e+04  1.610863400000e+01  7.000907554744e-02
 5.607215671545e+04  1.597420400000e+01  6.797621641022e-02
 5.607216177624e+04  1.599896500000e+01  6.834692763702e-02
 5.607216685368e+04  1.596827100000e+01  6.795136336593e-02
 5.607217197425e+04  1.599550900000e+01  6.833783125772e-02
 5.608926067553e+04  1.604045000000e+01  6.848164911914e-02
 5.608926740793e+04  1.601936700000e+01  6.829150046259e-02
 5.608927418190e+04  1.601920500000e+01  6.840162366727e-02
 5.608928095527e+04  1.602219900000e+01  6.862286013969e-02
