# time mag mag_err
 5.379037012329e+04  1.439919800000e+01  5.612527410438e-02
 5.379037542182e+04  1.441563200000e+01  5.621419054411e-02
 5.379038074569e+04  1.442497400000e+01  5.624465541441e-02
 5.379038602940e+04  1.442868400000e+01  5.628123391374e-02
 5.376641220159e+04  1.447607100000e+01  5.639081874682e-02
 5.376641820374e+04  1.449342800000e+01  5.647220093155e-02
 5.376642422267e+04  1.450554500000e+01  5.653738113329e-02
 5.376643027784e+04  1.451018300000e+01  5.654039566360e-02
 5.379831451542e+04  1.470235000000e+01  5.768457152457e-02
 5.379832262751e+04  1.471023700000e+01  5.773544690353e-02
 5.379833098314e+04  1.472581900000e+01  5.781511806914e-02
 5.379833907566e+04  1.473277900000e+01  5.785294620794e-02
 5.385618068378e+04  1.404721700000e+01  5.483562233349e-02
 5.385618714580e+04  1.405663200000e+01  5.487529023079e-02
 5.385619357620e+04  1.406041000000e+01  5.488169538602e-02
 5.385620001009e+04  1.408875400000e+01  5.501170862220e-02
 5.417329795712e+04  1.464909300000e+01  5.696461020530e-02
 5.417330556733e+04  1.467421600000e+01  5.709996061619e-02
 5.417331313229e+04  1.468666400000e+01  5.716301600474e-02
 5.417332070060e+04  1.467573000000e+01  5.711901789944e-02
 5.417926108594e+04  1.462270200000e+01  5.690741148505e-02
 5.417926861027e+04  1.462461900000e+01  5.691528436270e-02
 5.417927614443e+04  1.463645300000e+01  5.697591221052e-02
 5.417928367248e+04  1.464294400000e+01  5.702374157180e-02
 5.456524908252e+04  1.434504800000e+01  5.604863178191e-02
 5.456525510503e+04  1.434722200000e+01  5.604068084290e-02
 5.456526114723e+04  1.436794100000e+01  5.614981553176e-02
 5.456526725542e+04  1.437401800000e+01  5.616343573638e-02
 5.458620056721e+04  1.420894800000e+01  5.496907777415e-02
 5.458620494253e+04  1.422175700000e+01  5.501618938567e-02
 5.458620932181e+04  1.423420000000e+01  5.506951098842e-02
 5.458621373939e+04  1.422157400000e+01  5.511008273041e-02
 5.448338779804e+04  1.459373200000e+01  5.659496672517e-02
 5.448339439825e+04  1.458853900000e+01  5.656327545840e-02
 5.448340093584e+04  1.459671500000e+01  5.658059248466e-02
 5.448340746429e+04  1.459342700000e+01  5.655690513536e-02
 5.452634006828e+04  1.447000800000e+01  5.605839535200e-02
 5.453223499428e+04  1.425534500000e+01  5.563316980190e-02
 5.453224309850e+04  1.429287700000e+01  5.586699836931e-02
 5.453225120538e+04  1.433025100000e+01  5.570263754019e-02
 5.453225931343e+04  1.432351900000e+01  5.571429593326e-02
 5.453936649392e+04  1.405359500000e+01  5.513346208472e-02
 5.455620674892e+04  1.417280700000e+01  5.509124293332e-02
 5.455621869731e+04  1.422212000000e+01  5.528285414453e-02
 5.455622594050e+04  1.424436300000e+01  5.533177914513e-02
 5.455623309028e+04  1.426007600000e+01  5.539213852197e-02
 5.518545302500e+04  1.442614600000e+01  5.584677735637e-02
 5.518546168390e+04  1.443437800000e+01  5.580843010569e-02
 5.518547042406e+04  1.445334500000e+01  5.587317819863e-02
 5.518547921593e+04  1.445747500000e+01  5.590217755540e-02
 5.529121969176e+04  1.466042400000e+01  5.735421313927e-02
 5.529122598027e+04  1.465670800000e+01  5.733669519605e-02
 5.529123234358e+04  1.464382300000e+01  5.728570323167e-02
 5.529123866762e+04  1.466090300000e+01  5.739606373026e-02
 5.530023569444e+04  1.467282200000e+01  5.721615193055e-02
 5.530024325640e+04  1.467488300000e+01  5.723342918445e-02
 5.530025081718e+04  1.466895300000e+01  5.723699910367e-02
 5.530025842148e+04  1.470353400000e+01  5.742908464981e-02
 5.527030874808e+04  1.470737700000e+01  5.740458293653e-02
 5.527031505418e+04  1.470706600000e+01  5.746007508671e-02
 5.527032141525e+04  1.470216500000e+01  5.744570020505e-02
 5.527032776469e+04  1.470858800000e+01  5.748356465547e-02
 5.565218851676e+04  1.459101900000e+01  5.721183390454e-02
 5.565219530598e+04  1.460615200000e+01  5.727792307164e-02
 5.565220219119e+04  1.460780800000e+01  5.727473422469e-02
 5.565220907490e+04  1.462857600000e+01  5.735483140153e-02
 5.560334170441e+04  1.413798900000e+01  5.388900029801e-02
 5.560334940946e+04  1.415039400000e+01  5.391457841016e-02
 5.560335707859e+04  1.415300500000e+01  5.391578540830e-02
 5.560336480814e+04  1.417112400000e+01  5.395292141420e-02
 5.557549117038e+04  1.462195700000e+01  5.904894244101e-02
 5.557549851160e+04  1.462299700000e+01  5.907750593556e-02
 5.557550589345e+04  1.462549000000e+01  5.910370009473e-02
 5.557551316687e+04  1.462771600000e+01  5.911078099224e-02
 5.559048460587e+04  1.460910900000e+01  5.722858183845e-02
 5.559048985241e+04  1.460533700000e+01  5.721808560640e-02
 5.559049509931e+04  1.462134000000e+01  5.731809431455e-02
 5.559050031574e+04  1.463491200000e+01  5.741336465787e-02
 5.562133598745e+04  1.393141800000e+01  5.417631284375e-02
 5.562134294833e+04  1.391961500000e+01  5.413600269022e-02
 5.562134983029e+04  1.394614600000e+01  5.422703912022e-02
 5.562135674546e+04  1.395132400000e+01  5.424939074222e-02
 5.563024149288e+04  1.477667200000e+01  5.678537542161e-02
 5.563024906733e+04  1.472063500000e+01  5.648523407299e-02
 5.563025673510e+04  1.466342200000e+01  5.619601814192e-02
 5.563026433619e+04  1.458071000000e+01  5.581346381172e-02
 5.564626109777e+04  1.468266500000e+01  5.775308222789e-02
 5.564626861723e+04  1.468552700000e+01  5.781889659203e-02
 5.564627615478e+04  1.468411200000e+01  5.781567250628e-02
 5.564628371513e+04  1.467842600000e+01  5.777532243908e-02
 5.452634421488e+04  1.447292000000e+01  5.606464264914e-02
 5.452635287377e+04  1.448916200000e+01  5.615449902013e-02
 5.452636151402e+04  1.448985500000e+01  5.615938925583e-02
 5.452637016109e+04  1.451096500000e+01  5.624376163711e-02
 5.453936988762e+04  1.408013200000e+01  5.522807786458e-02
 5.453937478265e+04  1.415323500000e+01  5.594387212540e-02
 5.597933986861e+04  1.448195500000e+01  5.638395648999e-02
 5.597934662429e+04  1.437278400000e+01  5.585789646855e-02
 5.597935331652e+04  1.426954700000e+01  5.543085590559e-02
 5.597936009986e+04  1.413639100000e+01  5.489664175562e-02
 5.598441801532e+04  1.455298100000e+01  5.682755793596e-02
 5.598442152047e+04  1.454812600000e+01  5.684155024072e-02
 5.598442505075e+04  1.455981500000e+01  5.689689420709e-02
 5.598442856575e+04  1.455056400000e+01  5.689695158635e-02
 5.598932962772e+04  1.469217000000e+01  5.748348304453e-02
 5.598933421477e+04  1.468755600000e+01  5.748453452997e-02
 5.598933872264e+04  1.468512000000e+01  5.746333190279e-02
 5.598934327865e+04  1.469047400000e+01  5.749453382138e-02
 5.600030313553e+04  1.449317000000e+01  5.647828814830e-02
 5.600031380681e+04  1.439630100000e+01  5.616942066490e-02
 5.600031951022e+04  1.437539600000e+01  5.593981770577e-02
 5.600032520421e+04  1.435940200000e+01  5.589993490607e-02
 5.601023048287e+04  1.454524200000e+01  5.672122224498e-02
 5.601023771726e+04  1.458604800000e+01  5.693043779877e-02
 5.601024500838e+04  1.457009100000e+01  5.683467579319e-02
 5.601025231782e+04  1.457687200000e+01  5.688434086031e-02
 5.603417824038e+04  1.445693500000e+01  5.636576842139e-02
 5.603418329237e+04  1.448411200000e+01  5.648737164294e-02
 5.603418836845e+04  1.447031900000e+01  5.641312213069e-02
 5.603419351710e+04  1.449661200000e+01  5.653429753205e-02
