# time mag mag_err
 5.346924922756e+04  1.571911900000e+01  6.564726543323e-02
 5.346925733896e+04  1.574835900000e+01  6.600294164529e-02
 5.346926544689e+04  1.575593300000e+01  6.612059281379e-02
 5.346927359637e+04  1.577665100000e+01  6.648140638843e-02
 5.370544312110e+04  1.542651000000e+01  6.345567940170e-02
 5.370545190997e+04  1.542152300000e+01  6.338147758770e-02
 5.370546077244e+04  1.545801400000e+01  6.383438828428e-02
 5.370546956189e+04  1.547252100000e+01  6.408462770224e-02
 5.372843641391e+04  1.576664800000e+01  6.846110576081e-02
 5.372844448029e+04  1.576283500000e+01  6.765157995599e-02
 5.372845263081e+04  1.584382800000e+01  6.873542670716e-02
 5.372846082925e+04  1.578123600000e+01  6.788165853057e-02
 5.349913554453e+04  1.555515800000e+01  6.419762011006e-02
 5.349913982715e+04  1.554087600000e+01  6.404898870612e-02
 5.349914411023e+04  1.558613400000e+01  6.445399391439e-02
 5.349914835350e+04  1.557315200000e+01  6.431681809540e-02
 5.367348811841e+04  1.548118600000e+01  6.432083244080e-02
 5.367349299736e+04  1.548467000000e+01  6.428302734700e-02
 5.367349786821e+04  1.538032300000e+01  6.325243979039e-02
 5.367350271671e+04  1.536118800000e+01  6.301714400166e-02
 5.384421680216e+04  1.585415500000e+01  6.864875521926e-02
 5.384422484735e+04  1.581917300000e+01  6.822390185579e-02
 5.384423291396e+04  1.583613000000e+01  6.840182652332e-02
 5.384424094583e+04  1.588762500000e+01  6.916332508772e-02
 5.408347237069e+04  1.555628300000e+01  6.641155689873e-02
 5.408347775788e+04  1.560746000000e+01  6.466125471520e-02
 5.408348316729e+04  1.565187800000e+01  6.475530581413e-02
 5.408348858654e+04  1.555343000000e+01  6.395079937534e-02
 5.409249569303e+04  1.529768800000e+01  6.148532197669e-02
 5.409250052649e+04  1.531971300000e+01  6.161621466779e-02
 5.409250533587e+04  1.528174500000e+01  6.124755980658e-02
 5.409251017674e+04  1.532538400000e+01  6.153497051720e-02
 5.378635120346e+04  1.552408500000e+01  6.391581531568e-02
 5.378635758885e+04  1.553996900000e+01  6.421243224899e-02
 5.378636400144e+04  1.552904200000e+01  6.400558683121e-02
 5.378637043405e+04  1.552909900000e+01  6.398897438214e-02
 5.373944921942e+04  1.579984100000e+01  6.654938675259e-02
 5.373945750074e+04  1.579083600000e+01  6.645521168945e-02
 5.373946581365e+04  1.582900100000e+01  6.690495769411e-02
 5.373947409253e+04  1.580986900000e+01  6.672112402005e-02
 5.376138532348e+04  1.570708900000e+01  6.592973288427e-02
 5.376139353293e+04  1.572145200000e+01  6.606103660066e-02
 5.376140168819e+04  1.575079500000e+01  6.642401343966e-02
 5.376140987425e+04  1.578162100000e+01  6.677096896625e-02
 5.390221054060e+04  1.568922300000e+01  1.196354665299e-01
 5.390221150361e+04  1.566908800000e+01  1.192003937155e-01
 5.390221247380e+04  1.572990000000e+01  1.221896380126e-01
 5.390221343647e+04  1.556628900000e+01  1.150691256028e-01
 5.387618584959e+04  1.578493500000e+01  6.832017357015e-02
 5.387619328040e+04  1.570889200000e+01  6.754828568705e-02
 5.387620072013e+04  1.555306600000e+01  6.578107783681e-02
 5.387620817617e+04  1.550334000000e+01  6.538725503801e-02
 5.403550801274e+04  1.523615200000e+01  6.079139506024e-02
 5.403551281380e+04  1.523567600000e+01  6.077814212126e-02
 5.403551776230e+04  1.526506200000e+01  6.095962225096e-02
 5.403552264299e+04  1.524414500000e+01  6.075861670035e-02
 5.419820989543e+04  1.575285300000e+01  6.739520437267e-02
 5.419821528933e+04  1.575988000000e+01  6.708190274721e-02
 5.419822065476e+04  1.580511500000e+01  6.784798902131e-02
 5.419822607250e+04  1.577885400000e+01  6.753323910284e-02
 5.420520898823e+04  1.533034200000e+01  6.192471384574e-02
 5.420521660308e+04  1.535856300000e+01  6.216399197872e-02
 5.420522422035e+04  1.537874500000e+01  6.235951495655e-02
 5.420523177559e+04  1.539294600000e+01  6.247815924694e-02
 5.421425651375e+04  1.589553600000e+01  6.780653095778e-02
 5.421426308317e+04  1.586117800000e+01  6.744907227001e-02
 5.421426962725e+04  1.582307500000e+01  6.704398865664e-02
 5.421427614343e+04  1.573478100000e+01  6.610295766647e-02
 5.444041925249e+04  1.537791600000e+01  6.205634581916e-02
 5.444042573918e+04  1.539338500000e+01  6.215178375796e-02
 5.444043222199e+04  1.540755100000e+01  6.223548924958e-02
 5.444043870287e+04  1.542168100000e+01  6.257437301114e-02
 5.445438990528e+04  1.547662400000e+01  6.285405961141e-02
 5.445439590199e+04  1.544143600000e+01  6.250503353449e-02
 5.445440192625e+04  1.543685200000e+01  6.249250739440e-02
 5.445440797273e+04  1.541659600000e+01  6.229028301560e-02
 5.446551201097e+04  1.532552900000e+01  6.146067693287e-02
 5.446551923760e+04  1.535081200000e+01  6.167889880909e-02
 5.446552653902e+04  1.535442700000e+01  6.172879736924e-02
 5.446553386148e+04  1.539406400000e+01  6.205622882501e-02
 5.413940910522e+04  1.578329500000e+01  7.149513568934e-02
 5.413941547567e+04  1.581633100000e+01  7.318884794537e-02
 5.413942188525e+04  1.580654400000e+01  7.020779094592e-02
 5.413942827677e+04  1.577084400000e+01  6.794684416397e-02
 5.414640126850e+04  1.532504200000e+01  6.220493746608e-02
 5.414640791860e+04  1.535183500000e+01  6.279671130163e-02
 5.414641455793e+04  1.536862000000e+01  6.305744839172e-02
 5.414642119715e+04  1.537418400000e+01  6.307105549638e-02
 5.415723984150e+04  1.587374800000e+01  6.687027178117e-02
 5.415725059830e+04  1.592110300000e+01  6.740209621475e-02
 5.415726131353e+04  1.590773900000e+01  6.722414009145e-02
 5.415727202205e+04  1.588766000000e+01  6.691887759756e-02
 5.411046414690e+04  1.569968700000e+01  6.498914472375e-02
 5.411047817664e+04  1.569171500000e+01  6.701297951651e-02
 5.411048472743e+04  1.569908000000e+01  6.569728163249e-02
 5.411049131792e+04  1.566042200000e+01  6.462180057776e-02
 5.411636824218e+04  1.528251700000e+01  6.104711415789e-02
 5.411637659709e+04  1.527476500000e+01  6.097006912847e-02
 5.411638494485e+04  1.527790900000e+01  6.105659313037e-02
 5.411639328473e+04  1.535732700000e+01  6.160588186957e-02
 5.425616014046e+04  1.561123400000e+01  6.712682773076e-02
 5.425616655421e+04  1.557797100000e+01  6.731732813773e-02
 5.425617297351e+04  1.557385300000e+01  6.944372440178e-02
 5.425617936596e+04  1.561236400000e+01  7.418361287313e-02
 5.427716103059e+04  1.569621100000e+01  6.373850642534e-02
 5.427716691502e+04  1.576675900000e+01  6.453500263307e-02
 5.427717280848e+04  1.579605800000e+01  6.498164063896e-02
 5.427717867359e+04  1.565431800000e+01  6.368284408385e-02
 5.416833470255e+04  1.579330500000e+01  6.603857233532e-02
 5.416833966113e+04  1.573034800000e+01  6.540734826236e-02
 5.416834459147e+04  1.570410500000e+01  6.514562125088e-02
 5.416834947134e+04  1.556256600000e+01  6.374461789235e-02
 5.417523356772e+04  1.541561300000e+01  6.248105957749e-02
 5.417523956303e+04  1.548213600000e+01  6.309817735883e-02
 5.417524556692e+04  1.544780700000e+01  6.282797302980e-02
 5.417525155981e+04  1.546701000000e+01  6.298478827106e-02
 5.418520631326e+04  1.567272500000e+01  6.527470894441e-02
 5.418521608944e+04  1.570196000000e+01  6.557271066063e-02
 5.418522586516e+04  1.573252200000e+01  6.591388416153e-02
 5.418523562954e+04  1.574493100000e+01  6.603604747143e-02
 5.422920642105e+04  1.554076100000e+01  6.436596863812e-02
 5.422921505215e+04  1.557757400000e+01  6.473636101859e-02
 5.422922371080e+04  1.558518500000e+01  6.482512169104e-02
 5.422923238635e+04  1.557180100000e+01  6.482139903174e-02
 5.423918601755e+04  1.576647200000e+01  6.831443046816e-02
 5.423919598100e+04  1.582754600000e+01  6.923282867051e-02
 5.423920594608e+04  1.576062300000e+01  6.848257521186e-02
 5.423921589912e+04  1.587928100000e+01  7.043627255368e-02
 5.441146951537e+04  1.588865400000e+01  6.319101656419e-02
 5.441147598491e+04  1.590626200000e+01  6.322765889705e-02
 5.441148243222e+04  1.592096000000e+01  6.330192991118e-02
 5.441148892688e+04  1.589407200000e+01  6.315214152895e-02
 5.439149953770e+04  1.555026900000e+01  6.412686408537e-02
 5.439150520627e+04  1.559988900000e+01  6.454343429205e-02
 5.439151077958e+04  1.556166400000e+01  6.408551140464e-02
 5.439151643183e+04  1.548595700000e+01  6.330314338510e-02
 5.439350067656e+04  1.575655900000e+01  6.577256623203e-02
 5.439350389929e+04  1.573008700000e+01  6.585598383896e-02
 5.439350714749e+04  1.575600500000e+01  6.604340125721e-02
 5.439351041617e+04  1.576833000000e+01  6.617028316284e-02
 5.456420758061e+04  1.551231600000e+01  6.338605366707e-02
 5.456421559837e+04  1.553289400000e+01  6.358401744323e-02
 5.456422363211e+04  1.554122800000e+01  6.367560563235e-02
 5.456423168319e+04  1.553461700000e+01  6.362743238625e-02
 5.458123618594e+04  1.525552700000e+01  6.175159270759e-02
 5.458124274344e+04  1.524423900000e+01  6.171612271306e-02
 5.458124932003e+04  1.529206300000e+01  6.213754957301e-02
 5.458125584316e+04  1.530061600000e+01  6.228370738329e-02
 5.482153887843e+04  1.560576700000e+01  6.624437002541e-02
 5.482154305803e+04  1.564882800000e+01  6.670626909202e-02
 5.482154730928e+04  1.563084500000e+01  6.648551795932e-02
 5.482155166587e+04  1.565311200000e+01  6.674854592670e-02
 5.483043954603e+04  1.568875300000e+01  6.444509568786e-02
 5.483044575953e+04  1.558082500000e+01  6.343023001409e-02
 5.483045192535e+04  1.551616900000e+01  6.282667702707e-02
 5.483045810713e+04  1.548265400000e+01  6.251149792711e-02
 5.448238454062e+04  1.577894500000e+01  6.809070784365e-02
 5.448238880415e+04  1.577042700000e+01  6.829240474079e-02
 5.448239309441e+04  1.584687200000e+01  6.784599567113e-02
 5.448239739544e+04  1.578925500000e+01  6.841517767166e-02
 5.449540698419e+04  1.571354200000e+01  6.495183324185e-02
 5.449541347027e+04  1.558634900000e+01  6.370476673739e-02
 5.449541995045e+04  1.554238400000e+01  6.330474593344e-02
 5.449542641663e+04  1.545690000000e+01  6.254036060599e-02
 5.463115871862e+04  1.574103800000e+01  7.184080648680e-02
 5.463116455225e+04  1.575671800000e+01  7.226167590736e-02
 5.463117042406e+04  1.574194700000e+01  7.220502680967e-02
 5.463117633003e+04  1.571449000000e+01  7.192154269012e-02
 5.452828554927e+04  1.579425400000e+01  6.594591117168e-02
 5.452829605917e+04  1.580987100000e+01  6.609307116237e-02
 5.452830655344e+04  1.579249400000e+01  6.586597471094e-02
 5.452831711543e+04  1.583690600000e+01  6.636264400428e-02
 5.453531503193e+04  1.529097700000e+01  6.132886727163e-02
 5.453532056357e+04  1.528811100000e+01  6.131970473958e-02
 5.453532613560e+04  1.533076800000e+01  6.168542287182e-02
 5.453533166424e+04  1.531919500000e+01  6.160695350784e-02
 5.454919993256e+04  1.582184800000e+01  6.671450941197e-02
 5.454920658404e+04  1.582752100000e+01  6.676677511003e-02
 5.454921322454e+04  1.584844200000e+01  6.700219078537e-02
 5.454921987764e+04  1.586615900000e+01  6.719324507492e-02
 5.459119740804e+04  1.559928400000e+01  6.440462357530e-02
 5.459120548309e+04  1.559845800000e+01  6.439335590161e-02
 5.459121352655e+04  1.560095900000e+01  6.446396115893e-02
 5.459122157730e+04  1.562610000000e+01  6.473991321334e-02
 5.480042827428e+04  1.575757800000e+01  6.543627411028e-02
 5.480044101022e+04  1.555183200000e+01  6.335291612236e-02
 5.480045381363e+04  1.544771200000e+01  6.235980253589e-02
 5.480046660235e+04  1.539731700000e+01  6.189187397462e-02
 5.476752179216e+04  1.546198700000e+01  6.719585833208e-02
 5.476752377606e+04  1.546712000000e+01  6.720056483527e-02
 5.476752575440e+04  1.542447100000e+01  6.670684002961e-02
 5.476752776990e+04  1.546209600000e+01  6.704330508246e-02
 5.492316167363e+04  1.555305600000e+01  6.374723168334e-02
 5.492316771561e+04  1.558874900000e+01  6.402361142264e-02
 5.492317374485e+04  1.559195000000e+01  6.402415844368e-02
 5.492317985999e+04  1.560796700000e+01  6.412458440297e-02
 5.493922183378e+04  1.570120200000e+01  6.527490746873e-02
 5.493922724806e+04  1.576923500000e+01  6.601225753433e-02
 5.493923267832e+04  1.574169500000e+01  6.573890922892e-02
 5.493923802025e+04  1.573188600000e+01  6.569247498538e-02
 5.488929655584e+04  1.518889100000e+01  5.750421780342e-02
 5.488930676041e+04  1.519588600000e+01  5.754465538117e-02
 5.488931696288e+04  1.522951600000e+01  5.771116396702e-02
 5.488932704914e+04  1.523303400000e+01  5.775163865433e-02
 5.485930260295e+04  1.525606300000e+01  6.072006947212e-02
 5.485930938002e+04  1.527396500000e+01  6.079494989902e-02
 5.485931605581e+04  1.524389100000e+01  6.099672611329e-02
 5.485932605122e+04  1.527565900000e+01  6.157635675091e-02
 5.499816391395e+04  1.577493400000e+01  6.695421521367e-02
 5.499816941284e+04  1.582395500000e+01  6.748275373066e-02
 5.499817491080e+04  1.590642300000e+01  6.866725695683e-02
 5.499818038435e+04  1.581701700000e+01  6.758965688899e-02
 5.490621070814e+04  1.573887900000e+01  6.538462063973e-02
 5.490621648470e+04  1.576383000000e+01  6.561393694686e-02
 5.490622220547e+04  1.577152900000e+01  6.566476511504e-02
 5.490622792740e+04  1.574080700000e+01  6.528142181254e-02
 5.491424682685e+04  1.588811200000e+01  6.708130197756e-02
 5.491425529488e+04  1.590685100000e+01  6.726957794082e-02
 5.491426379232e+04  1.585398500000e+01  6.662817027175e-02
 5.491427233130e+04  1.588599600000e+01  6.703400723296e-02
 5.496819850294e+04  1.586343800000e+01  6.868158269037e-02
 5.496820582043e+04  1.591764700000e+01  6.955511549430e-02
 5.496821316971e+04  1.589121500000e+01  6.924501474157e-02
 5.496822058716e+04  1.594693900000e+01  7.010586483219e-02
 5.516049214512e+04  1.587414500000e+01  6.722378994484e-02
 5.516050025747e+04  1.584586800000e+01  6.688872240244e-02
 5.516050828610e+04  1.589394000000e+01  6.737653051378e-02
 5.516051620758e+04  1.594074100000e+01  6.745024347605e-02
 5.513048465213e+04  1.585681900000e+01  6.787851380428e-02
 5.513049109648e+04  1.589131100000e+01  6.817496343146e-02
 5.513049750258e+04  1.588659200000e+01  6.798065555434e-02
 5.513050385625e+04  1.588741600000e+01  6.795030492617e-02
 5.529017890502e+04  1.578579100000e+01  6.646159419072e-02
 5.529018568152e+04  1.576503400000e+01  6.617724821680e-02
 5.529019254715e+04  1.577807200000e+01  6.632743460071e-02
 5.529019942205e+04  1.572027700000e+01  6.568477920816e-02
 5.554147564303e+04  1.589788300000e+01  6.457792572836e-02
 5.554149089119e+04  1.592632900000e+01  6.498335659360e-02
 5.554149853938e+04  1.585742000000e+01  6.437793945052e-02
 5.524225712431e+04  1.559003900000e+01  6.452237769199e-02
 5.524226624057e+04  1.555939600000e+01  6.414201109878e-02
 5.524227547590e+04  1.562011300000e+01  6.473881026973e-02
 5.524228480828e+04  1.560110600000e+01  6.451503879838e-02
 5.520440261909e+04  1.571949500000e+01  6.513091158015e-02
 5.520440776354e+04  1.573409500000e+01  6.527165396744e-02
 5.520441298220e+04  1.569982800000e+01  6.493073265659e-02
 5.520441822898e+04  1.572672800000e+01  6.518496464653e-02
 5.535017303010e+04  1.573067400000e+01  6.631221114505e-02
 5.535017932802e+04  1.570467300000e+01  6.599622056663e-02
 5.535018567359e+04  1.582664300000e+01  6.802946351601e-02
 5.535019196884e+04  1.578667500000e+01  6.796358667679e-02
 5.536216006044e+04  1.520928200000e+01  6.142579129336e-02
 5.536216468671e+04  1.522560400000e+01  6.158058417569e-02
 5.536216937251e+04  1.531521600000e+01  6.237599062919e-02
 5.536915977315e+04  1.575183500000e+01  7.258778579700e-02
 5.536916608203e+04  1.569424500000e+01  7.187386949633e-02
 5.536917250847e+04  1.580880000000e+01  7.377269916012e-02
 5.536917879970e+04  1.575114100000e+01  7.294406520377e-02
 5.525933861347e+04  1.547247800000e+01  6.288676789389e-02
 5.525934507497e+04  1.550593500000e+01  6.315796373516e-02
 5.525935151244e+04  1.545907700000e+01  6.275082276945e-02
 5.525935795688e+04  1.550904900000e+01  6.315715818965e-02
 5.526823736657e+04  1.580632500000e+01  6.643288031590e-02
 5.526824362927e+04  1.578170200000e+01  6.619803181241e-02
 5.526824989833e+04  1.581410700000e+01  6.652310326695e-02
 5.526825616668e+04  1.578026300000e+01  6.607819338350e-02
 5.527531802913e+04  1.555480900000e+01  6.386464359007e-02
 5.527532492525e+04  1.553129400000e+01  6.365141964614e-02
 5.527533194493e+04  1.556198200000e+01  6.401634021399e-02
 5.527533890061e+04  1.556000400000e+01  6.405096715940e-02
 5.534120776097e+04  1.592266600000e+01  6.831120800135e-02
 5.534121351661e+04  1.591595300000e+01  6.829471494125e-02
 5.534121929563e+04  1.596368300000e+01  6.897746928711e-02
 5.534122507310e+04  1.598287300000e+01  6.929621104838e-02
 5.553049234938e+04  1.578798700000e+01  6.633254277937e-02
 5.553050392602e+04  1.582997100000e+01  6.681064499915e-02
 5.553050977156e+04  1.570315400000e+01  6.541419487731e-02
 5.559840362953e+04  1.580629100000e+01  6.200100902538e-02
 5.559841167345e+04  1.581704900000e+01  6.157028673474e-02
 5.559841974574e+04  1.583499900000e+01  6.175247441259e-02
 5.559842780022e+04  1.588520400000e+01  6.529620055602e-02
 5.561536237924e+04  1.566998700000e+01  6.569205135508e-02
 5.561537039204e+04  1.571439000000e+01  6.612299776120e-02
 5.561537846851e+04  1.570239000000e+01  6.607110180640e-02
 5.561538659914e+04  1.570776300000e+01  6.614309500911e-02
 5.556339420319e+04  1.576421400000e+01  6.651690492950e-02
 5.556340173877e+04  1.578099600000e+01  6.665249171308e-02
 5.556340932400e+04  1.575311100000e+01  6.630518922650e-02
 5.556341686479e+04  1.577342000000e+01  6.649976794987e-02
 5.557447840593e+04  1.578635700000e+01  6.709994338950e-02
 5.557448412729e+04  1.579707800000e+01  6.678010627586e-02
 5.557448991390e+04  1.573547000000e+01  6.614030644979e-02
 5.557449573896e+04  1.574645300000e+01  6.615048571583e-02
 5.558749559669e+04  1.537743100000e+01  6.261186446707e-02
 5.558750251383e+04  1.536148600000e+01  6.252457508359e-02
 5.558750953640e+04  1.533062100000e+01  6.228740049642e-02
 5.558751655495e+04  1.523020700000e+01  6.150010346112e-02
 5.562223094895e+04  1.576367500000e+01  6.351409408790e-02
 5.562223786365e+04  1.572806100000e+01  6.318478124728e-02
 5.562224478412e+04  1.574761500000e+01  6.333424510700e-02
 5.562225172396e+04  1.575663800000e+01  6.340785412869e-02
 5.564517348674e+04  1.536879200000e+01  6.308773408782e-02
 5.564517920822e+04  1.533644200000e+01  6.277292346612e-02
 5.564518498893e+04  1.541460200000e+01  6.344169811945e-02
 5.564519078392e+04  1.543978300000e+01  6.366233983525e-02
 5.586648428160e+04  1.571695500000e+01  6.614264231756e-02
 5.586649119874e+04  1.576403600000e+01  6.656512307995e-02
 5.586649810314e+04  1.575751400000e+01  6.642495462333e-02
 5.586650495766e+04  1.578587900000e+01  6.666310175944e-02
 5.588847893534e+04  1.564054800000e+01  6.482661159284e-02
 5.588848466420e+04  1.569496600000e+01  6.535087366137e-02
 5.588849037071e+04  1.570700000000e+01  6.546423109706e-02
 5.588849620769e+04  1.570944600000e+01  6.547428366997e-02
 5.592347828934e+04  1.580230500000e+01  6.636917784095e-02
 5.592348612817e+04  1.575716200000e+01  6.584506768077e-02
 5.592349402986e+04  1.573194800000e+01  6.556972673351e-02
 5.592350195875e+04  1.579298200000e+01  6.626949521744e-02
 5.594448088367e+04  1.589832600000e+01  6.755943032584e-02
 5.594448704127e+04  1.591581200000e+01  6.778635518427e-02
 5.594449321148e+04  1.594480700000e+01  6.816487693375e-02
 5.594449948749e+04  1.594340300000e+01  6.814444509731e-02
 5.597937438948e+04  1.585239800000e+01  6.397153885025e-02
 5.597938326366e+04  1.588143300000e+01  6.429015923121e-02
 5.597939222917e+04  1.590876000000e+01  6.454723687005e-02
 5.597940106484e+04  1.589388100000e+01  6.442599439224e-02
 5.598724238581e+04  1.577587200000e+01  6.500819984653e-02
 5.598724710433e+04  1.578174600000e+01  6.500296910424e-02
 5.598725188392e+04  1.578851000000e+01  6.496843210495e-02
 5.598725673774e+04  1.581278200000e+01  6.518345672963e-02
 5.599922058574e+04  1.540767400000e+01  6.284745905936e-02
 5.599922561654e+04  1.544944600000e+01  6.319258783149e-02
 5.599923067191e+04  1.545514100000e+01  6.325191060521e-02
 5.599923571799e+04  1.547285700000e+01  6.339797999335e-02
 5.601626341767e+04  1.524948200000e+01  6.164575283967e-02
 5.601627032484e+04  1.524650000000e+01  6.151548893264e-02
 5.601627718322e+04  1.522678200000e+01  6.145505390917e-02
 5.601628410230e+04  1.524128900000e+01  6.156054080943e-02
 5.603314671714e+04  1.574801000000e+01  6.645237735342e-02
 5.603315176554e+04  1.576360700000e+01  6.661181382675e-02
 5.603315688521e+04  1.578360600000e+01  6.686352111576e-02
 5.603316200942e+04  1.574187500000e+01  6.640506293298e-02
 5.604219392061e+04  1.561045400000e+01  6.566553893716e-02
 5.604219960785e+04  1.559506200000e+01  6.543498240082e-02
 5.604220530084e+04  1.561707600000e+01  6.562477198834e-02
 5.604221093608e+04  1.564020000000e+01  6.600915061956e-02
 5.609316789024e+04  1.576000000000e+01  6.687978401334e-02
 5.609317297939e+04  1.577874000000e+01  6.716247702625e-02
 5.609317810639e+04  1.578727900000e+01  6.733425953287e-02
 5.609318334439e+04  1.578614500000e+01  6.741428350158e-02
