# time mag mag_err
 5.348029696442e+04  1.454281600000e+01  5.657846280776e-02
 5.348030544297e+04  1.459886900000e+01  5.684788558919e-02
 5.348031393344e+04  1.465349600000e+01  5.712561632775e-02
 5.348032237692e+04  1.468295000000e+01  5.726227572091e-02
 5.356219462029e+04  1.514966100000e+01  6.054004743894e-02
 5.356220113971e+04  1.516749400000e+01  6.068444120515e-02
 5.356220764328e+04  1.520573400000e+01  6.098827724467e-02
 5.356221422324e+04  1.521148600000e+01  6.104500316732e-02
 5.352626687950e+04  1.451550500000e+01  5.662752021022e-02
 5.352627519184e+04  1.457003100000e+01  5.690742272819e-02
 5.352628342870e+04  1.462742400000e+01  5.721703643666e-02
 5.352629161013e+04  1.467137500000e+01  5.746429564267e-02
 5.353423672675e+04  1.490622100000e+01  5.874566120930e-02
 5.353424496245e+04  1.490700500000e+01  5.877631311449e-02
 5.353425321287e+04  1.494947200000e+01  5.903202536842e-02
 5.353426140008e+04  1.498841600000e+01  5.929013803448e-02
 5.354919653157e+04  1.521361200000e+01  6.164704859347e-02
 5.354920305471e+04  1.521488600000e+01  6.159300395446e-02
 5.354920956463e+04  1.523536800000e+01  6.184976021356e-02
 5.354921608000e+04  1.526848000000e+01  6.213364157450e-02
 5.384829050300e+04  1.525739100000e+01  6.175486271823e-02
 5.384829870016e+04  1.527415500000e+01  6.188561666413e-02
 5.384830686168e+04  1.528000000000e+01  6.191129652528e-02
 5.384831530227e+04  1.525568400000e+01  6.173476113968e-02
 5.385441157544e+04  1.525272300000e+01  6.207512672731e-02
 5.385441813201e+04  1.525433900000e+01  6.210601248493e-02
 5.385442462701e+04  1.525906400000e+01  6.215649734483e-02
 5.385443118532e+04  1.526851000000e+01  6.226358497377e-02
 5.385530173927e+04  1.525885900000e+01  6.184153439149e-02
 5.385530936742e+04  1.524714400000e+01  6.173871690573e-02
 5.385531711411e+04  1.526458100000e+01  6.191103109674e-02
 5.385532503950e+04  1.526312800000e+01  6.189564709119e-02
 5.379641141713e+04  1.537042800000e+01  6.231498971787e-02
 5.379641908140e+04  1.538150600000e+01  6.235655408631e-02
 5.379642673595e+04  1.536001700000e+01  6.218410755701e-02
 5.379643435566e+04  1.534995400000e+01  6.209636390466e-02
 5.386140358749e+04  1.530113100000e+01  6.233673641413e-02
 5.386141015645e+04  1.530667300000e+01  6.237685680503e-02
 5.386141664161e+04  1.534064000000e+01  6.268424909702e-02
 5.386142320594e+04  1.534896100000e+01  6.279346616745e-02
 5.388334871624e+04  1.439009100000e+01  5.641668803857e-02
 5.388335571751e+04  1.445121700000e+01  5.671092669550e-02
 5.388336276023e+04  1.449829500000e+01  5.695885109144e-02
 5.388336978998e+04  1.454252800000e+01  5.723077589278e-02
 5.400010601685e+04  1.516999900000e+01  6.156054080943e-02
 5.400011032494e+04  1.521587800000e+01  6.196119638873e-02
 5.400011460351e+04  1.523110100000e+01  6.214810269660e-02
 5.400011889481e+04  1.523243500000e+01  6.220829708306e-02
 5.420841149851e+04  1.442326800000e+01  5.746235464453e-02
 5.420842025148e+04  1.446874200000e+01  5.718918513187e-02
 5.420842901280e+04  1.452816300000e+01  5.678161903967e-02
 5.420843776324e+04  1.457293400000e+01  5.700613489202e-02
 5.415638775227e+04  1.430920400000e+01  5.537777389292e-02
 5.415640058138e+04  1.440109200000e+01  5.574031561273e-02
 5.415641350331e+04  1.448952000000e+01  5.612028847858e-02
 5.415642644806e+04  1.456171600000e+01  5.645789343694e-02
 5.426129324603e+04  1.483540300000e+01  5.832843420411e-02
 5.426130079850e+04  1.458517200000e+01  5.694334432178e-02
 5.426130836241e+04  1.432917800000e+01  5.573329869169e-02
 5.426131590191e+04  1.424479500000e+01  5.540117674251e-02
 5.427224729392e+04  1.524312500000e+01  6.163338595088e-02
 5.427225450065e+04  1.524596500000e+01  6.163212935206e-02
 5.427226170135e+04  1.525260200000e+01  6.170489903793e-02
 5.427226893227e+04  1.527617600000e+01  6.197424255416e-02
 5.416941934907e+04  1.450513500000e+01  5.625216854273e-02
 5.416942706775e+04  1.454692200000e+01  5.643535166614e-02
 5.416943497220e+04  1.460409600000e+01  5.670872867263e-02
 5.416944304713e+04  1.464562300000e+01  5.693527614438e-02
 5.417736841068e+04  1.479866400000e+01  5.800532021867e-02
 5.417737954932e+04  1.485702100000e+01  5.832300521180e-02
 5.417739074432e+04  1.490074000000e+01  5.850886619442e-02
 5.417740194476e+04  1.493075800000e+01  5.864993203382e-02
 5.423239484083e+04  1.527585700000e+01  6.188637018382e-02
 5.423240183204e+04  1.528098600000e+01  6.168582239548e-02
 5.423240885380e+04  1.526959200000e+01  6.207832810110e-02
 5.423241589870e+04  1.527361900000e+01  6.184927349424e-02
 5.424022865295e+04  1.525227000000e+01  6.244560546949e-02
 5.424023686725e+04  1.527878300000e+01  6.235141830603e-02
 5.424024515991e+04  1.528444200000e+01  6.236190039109e-02
 5.424025349539e+04  1.524400500000e+01  6.238891682741e-02
 5.455946758839e+04  1.432975200000e+01  5.553376359108e-02
 5.455947215007e+04  1.437135600000e+01  5.571295678126e-02
 5.455947672785e+04  1.440979900000e+01  5.588980363896e-02
 5.455948126627e+04  1.443280700000e+01  5.599871583876e-02
 5.456843326809e+04  1.501620000000e+01  5.904661544352e-02
 5.456844021751e+04  1.504649200000e+01  5.923404596922e-02
 5.456844728210e+04  1.507464100000e+01  5.942591685403e-02
 5.456845422747e+04  1.509516300000e+01  5.956236138961e-02
 5.458436478772e+04  1.525758200000e+01  6.087646957085e-02
 5.458437022988e+04  1.525315100000e+01  6.086248985214e-02
 5.458437571257e+04  1.525903200000e+01  6.092891486674e-02
 5.458438115670e+04  1.527681100000e+01  6.105672147535e-02
 5.450843324442e+04  1.463378300000e+01  5.679610261957e-02
 5.450843972970e+04  1.467990500000e+01  5.701862853521e-02
 5.450844619808e+04  1.469753800000e+01  5.710408853931e-02
 5.450845268174e+04  1.472202100000e+01  5.721995714458e-02
 5.452537456898e+04  1.526869800000e+01  6.379584322335e-02
 5.452538202039e+04  1.529423200000e+01  6.752468000763e-02
 5.452538948500e+04  1.530818500000e+01  6.501139166734e-02
 5.452539693109e+04  1.524106300000e+01  6.465562906182e-02
 5.462630378065e+04  1.433522800000e+01  5.571862743848e-02
 5.462631100797e+04  1.422212000000e+01  5.527092589467e-02
 5.462631822500e+04  1.421113300000e+01  5.523433094422e-02
 5.462632542177e+04  1.425582300000e+01  5.543896449946e-02
 5.453743318182e+04  1.525030200000e+01  6.068803667018e-02
 5.453743985345e+04  1.531295700000e+01  6.400673207223e-02
 5.453744672416e+04  1.520981700000e+01  6.401202531170e-02
 5.453745365344e+04  1.520791300000e+01  6.446026628154e-02
 5.454838128223e+04  1.473796400000e+01  5.742134962329e-02
 5.454838750454e+04  1.475249600000e+01  5.752528379670e-02
 5.454839370242e+04  1.478599100000e+01  5.768659563261e-02
 5.454839985966e+04  1.481328300000e+01  5.782863129015e-02
 5.459338731392e+04  1.448258700000e+01  5.638428824635e-02
 5.459339385059e+04  1.451979000000e+01  5.658411767461e-02
 5.459340040277e+04  1.456580100000e+01  5.683611717581e-02
 5.459340697034e+04  1.460210500000e+01  5.705094203977e-02
 5.492334183544e+04  1.527410400000e+01  6.058720088800e-02
 5.492334832328e+04  1.524526600000e+01  6.066259894512e-02
 5.492335490013e+04  1.524787400000e+01  6.068729356135e-02
 5.492336155255e+04  1.525806400000e+01  6.077263339044e-02
 5.494230532449e+04  1.519321100000e+01  6.026459925184e-02
 5.494231063656e+04  1.519195100000e+01  6.025582861187e-02
 5.494231614843e+04  1.519337000000e+01  6.025732085687e-02
 5.494232164940e+04  1.522446400000e+01  6.047015595190e-02
 5.486349690422e+04  1.526947400000e+01  6.247996674745e-02
 5.486350166095e+04  1.529454300000e+01  6.227531759933e-02
 5.486350649000e+04  1.524870300000e+01  6.229121669044e-02
 5.486351120541e+04  1.526242700000e+01  6.241004461560e-02
 5.501725809387e+04  1.532282200000e+01  6.586640914671e-02
 5.501726501032e+04  1.534274700000e+01  6.610573148248e-02
 5.501727184634e+04  1.531409400000e+01  6.584196250846e-02
 5.501727869054e+04  1.524635000000e+01  6.514223428876e-02
 5.489142757397e+04  1.531293500000e+01  6.090862208623e-02
 5.489143494841e+04  1.521558700000e+01  6.018711271787e-02
 5.489144231590e+04  1.496226000000e+01  5.847915148810e-02
 5.489144971998e+04  1.466944100000e+01  5.682686122652e-02
 5.490647803509e+04  1.497309700000e+01  5.860021515748e-02
 5.490648295721e+04  1.499589300000e+01  5.876588416390e-02
 5.490648783373e+04  1.498049500000e+01  5.865039875539e-02
 5.490649273108e+04  1.500610400000e+01  5.883330094320e-02
 5.491437550464e+04  1.498585900000e+01  5.875789828760e-02
 5.491438392138e+04  1.498385700000e+01  5.873247108643e-02
 5.491439238478e+04  1.502677600000e+01  5.900762521980e-02
 5.491440095061e+04  1.502955300000e+01  5.900831909308e-02
 5.495439516807e+04  1.517412700000e+01  6.208094597880e-02
 5.495441507350e+04  1.525414900000e+01  6.204131318982e-02
 5.495530380703e+04  1.516690600000e+01  6.437296335739e-02
 5.495530876699e+04  1.519726200000e+01  6.418245058070e-02
 5.495531361622e+04  1.518432600000e+01  6.400864163484e-02
 5.495531855234e+04  1.520019700000e+01  6.418194534431e-02
 5.496421910233e+04  1.526570300000e+01  6.101744924000e-02
 5.496422510656e+04  1.525068000000e+01  6.089160510654e-02
 5.496423106648e+04  1.524944100000e+01  6.088246873350e-02
 5.496423707674e+04  1.524544400000e+01  6.082638464479e-02
 5.497925910598e+04  1.426404400000e+01  5.752955620003e-02
 5.497926822388e+04  1.436228600000e+01  5.592263992982e-02
 5.497927737539e+04  1.445671200000e+01  5.621918940289e-02
 5.497928651194e+04  1.451086600000e+01  5.650176585316e-02
 5.529846954101e+04  1.516137300000e+01  6.026710015538e-02
 5.529848325857e+04  1.520509400000e+01  6.064665776374e-02
 5.529849014977e+04  1.522061500000e+01  6.079954103792e-02
 5.536929435108e+04  1.450327500000e+01  5.649906187545e-02
 5.536930015542e+04  1.430745800000e+01  5.561278381933e-02
 5.536930594339e+04  1.422543600000e+01  5.528644181121e-02
 5.536931170062e+04  1.420901700000e+01  5.523226205986e-02
 5.527347954649e+04  1.527240900000e+01  6.102817864774e-02
 5.527348470624e+04  1.527789600000e+01  6.117259324583e-02
 5.527348988354e+04  1.526076700000e+01  6.097851766390e-02
 5.527349506610e+04  1.527938600000e+01  6.116371008423e-02
 5.532125382475e+04  1.524002300000e+01  6.076410951107e-02
 5.532126001105e+04  1.525318700000e+01  6.086363052636e-02
 5.532126638309e+04  1.524858200000e+01  6.080992524243e-02
 5.532127266529e+04  1.527026900000e+01  6.096138325131e-02
 5.533033949668e+04  1.440528900000e+01  5.674287558956e-02
 5.533034703017e+04  1.455101500000e+01  6.683093684855e-02
 5.533035455385e+04  1.450471000000e+01  6.347738680061e-02
 5.533036207691e+04  1.462543500000e+01  5.895017548486e-02
 5.534736150135e+04  1.527938100000e+01  6.324825461254e-02
 5.534737168869e+04  1.529270200000e+01  6.342928752517e-02
 5.534737677461e+04  1.528359100000e+01  6.334958866964e-02
 5.565935952455e+04  1.526938800000e+01  6.161560657470e-02
 5.565936704312e+04  1.527129400000e+01  6.161421102489e-02
 5.565937537354e+04  1.525357800000e+01  6.145585207755e-02
 5.565938373102e+04  1.525873000000e+01  6.149775966954e-02
 5.567626396062e+04  1.423161100000e+01  5.695683972830e-02
 5.567626994610e+04  1.426771600000e+01  5.736594149948e-02
 5.567627605755e+04  1.428399500000e+01  5.790034823856e-02
 5.567628215697e+04  1.433476600000e+01  5.832367461222e-02
 5.563635474005e+04  1.440545300000e+01  5.636924973911e-02
 5.563636167060e+04  1.445977500000e+01  5.663042251818e-02
 5.563636868370e+04  1.449354300000e+01  5.676587798862e-02
 5.563637563211e+04  1.455389800000e+01  5.707082073586e-02
 5.568839544534e+04  1.460987700000e+01  5.749934487044e-02
 5.568840703610e+04  1.468205700000e+01  5.793798730992e-02
 5.568841281891e+04  1.469717800000e+01  5.804492710960e-02
 5.600836880810e+04  1.469705600000e+01  5.740566456947e-02
 5.600837611887e+04  1.473961000000e+01  5.762699207942e-02
 5.600838350882e+04  1.478023600000e+01  5.786913994292e-02
 5.600839098628e+04  1.482009600000e+01  5.806687869691e-02
 5.601846922659e+04  1.510693000000e+01  6.007605319756e-02
 5.601847722328e+04  1.476917000000e+01  5.793431603210e-02
 5.601848534973e+04  1.447654300000e+01  5.638582904522e-02
 5.601849334947e+04  1.427279500000e+01  5.549572571010e-02
 5.606433429308e+04  1.527225400000e+01  6.119429389609e-02
 5.606434210168e+04  1.528463100000e+01  6.097448092954e-02
 5.606434939954e+04  1.528096000000e+01  6.104557908682e-02
 5.606435674713e+04  1.528591100000e+01  6.110109152629e-02
 5.607127022436e+04  1.525952600000e+01  5.872702397520e-02
 5.607127840743e+04  1.527808300000e+01  5.887040188051e-02
 5.607128663911e+04  1.526758600000e+01  5.881402081004e-02
 5.607129486402e+04  1.527253000000e+01  5.885581520695e-02
 5.609428557101e+04  1.475054100000e+01  5.763797411966e-02
 5.609429405466e+04  1.479652900000e+01  5.790291094816e-02
 5.609430249854e+04  1.481550600000e+01  5.804456008878e-02
 5.609431110000e+04  1.487310700000e+01  5.840908626700e-02
