# time mag mag_err
 5.347032823492e+04  1.590718800000e+01  6.854556665119e-02
 5.347033642039e+04  1.591007300000e+01  6.854442676133e-02
 5.347034458885e+04  1.591626000000e+01  6.871263971564e-02
 5.347035269782e+04  1.592888100000e+01  6.892950609349e-02
 5.347927698106e+04  1.577205800000e+01  6.540091445798e-02
 5.347928510207e+04  1.565793900000e+01  6.416463200099e-02
 5.347929328130e+04  1.564672700000e+01  6.377994695785e-02
 5.347930146596e+04  1.570680300000e+01  6.462805867778e-02
 5.349029218123e+04  1.587460400000e+01  6.614611074923e-02
 5.349030145610e+04  1.588593700000e+01  6.632820826333e-02
 5.349031067196e+04  1.586802700000e+01  6.615539208525e-02
 5.349031986628e+04  1.588157000000e+01  6.631931620762e-02
 5.355821780633e+04  1.553743000000e+01  6.373756627473e-02
 5.355822314769e+04  1.553240300000e+01  6.365904076855e-02
 5.355822851230e+04  1.554978600000e+01  6.390260698440e-02
 5.355823387206e+04  1.556670700000e+01  6.415523812030e-02
 5.352729290054e+04  1.535473100000e+01  6.168926920314e-02
 5.352730170341e+04  1.539648600000e+01  6.208594950370e-02
 5.352731059355e+04  1.541926800000e+01  6.229410201454e-02
 5.352731942779e+04  1.542813000000e+01  6.239756545577e-02
 5.355120332083e+04  1.559943400000e+01  6.403560248205e-02
 5.355121140943e+04  1.562657900000e+01  6.438106634339e-02
 5.355121941851e+04  1.563887500000e+01  6.453156289014e-02
 5.355122749183e+04  1.565986200000e+01  6.477399823135e-02
 5.350625836898e+04  1.548171800000e+01  6.462703463562e-02
 5.350626604899e+04  1.550629700000e+01  6.478046693859e-02
 5.350627371373e+04  1.550473100000e+01  6.462089850334e-02
 5.350628143378e+04  1.552323800000e+01  6.481389837814e-02
 5.383422758348e+04  1.580662800000e+01  7.301939815277e-02
 5.383423484345e+04  1.584460900000e+01  7.355954301210e-02
 5.383424212160e+04  1.585933200000e+01  7.364660016653e-02
 5.383424945969e+04  1.588854900000e+01  7.417612881103e-02
 5.385133249142e+04  1.531818800000e+01  6.183522399890e-02
 5.385134218148e+04  1.535341300000e+01  6.215879567093e-02
 5.385135201959e+04  1.539145800000e+01  6.250363997989e-02
 5.385136182159e+04  1.543486900000e+01  6.292571181314e-02
 5.390032986595e+04  1.574787900000e+01  1.213210308078e-01
 5.390033083336e+04  1.581512000000e+01  1.245308859192e-01
 5.390033181894e+04  1.579268800000e+01  1.235722479663e-01
 5.390033280684e+04  1.581812100000e+01  1.251415553853e-01
 5.379743904780e+04  1.586810200000e+01  6.797959407673e-02
 5.379744581168e+04  1.587950200000e+01  6.777976716234e-02
 5.379745267244e+04  1.589745200000e+01  6.836555747927e-02
 5.379745993657e+04  1.587791800000e+01  6.812337770892e-02
 5.386031188655e+04  1.590760400000e+01  6.808150980958e-02
 5.386031834775e+04  1.591581000000e+01  6.819438366343e-02
 5.386032481995e+04  1.589409300000e+01  6.786290395843e-02
 5.386033132664e+04  1.589421300000e+01  6.771708613295e-02
 5.387436311939e+04  1.589688200000e+01  1.190868549205e-01
 5.387436384708e+04  1.591303100000e+01  1.200699834286e-01
 5.387436458624e+04  1.590672200000e+01  1.196755580297e-01
 5.387436530537e+04  1.584419900000e+01  1.168291846522e-01
 5.387925572428e+04  1.591141900000e+01  6.727556306387e-02
 5.387926328334e+04  1.587726400000e+01  6.721225536665e-02
 5.387927082515e+04  1.588239200000e+01  6.729495994430e-02
 5.387927836221e+04  1.587511000000e+01  6.725138710996e-02
 5.414145934779e+04  1.572428500000e+01  7.647166127456e-02
 5.414146477457e+04  1.572501700000e+01  7.941753439626e-02
 5.414147017090e+04  1.561370700000e+01  8.268539943874e-02
 5.411643462082e+04  1.548013600000e+01  6.193021966765e-02
 5.411644116987e+04  1.547440600000e+01  6.184998458752e-02
 5.411644785250e+04  1.549143500000e+01  6.196024116739e-02
 5.411645469311e+04  1.551721900000e+01  6.220993741742e-02
 5.425625036058e+04  1.587874800000e+01  6.693955530715e-02
 5.425625786130e+04  1.584872000000e+01  6.656184552594e-02
 5.425626538400e+04  1.584239100000e+01  6.647382255739e-02
 5.425627294122e+04  1.582986600000e+01  6.640428090621e-02
 5.426822515954e+04  1.585899500000e+01  6.904453971689e-02
 5.426823374411e+04  1.586433400000e+01  6.901175954040e-02
 5.426824230634e+04  1.586965900000e+01  6.854784792882e-02
 5.426825087020e+04  1.589566900000e+01  6.930382687114e-02
 5.427822374061e+04  1.555387700000e+01  6.381278646058e-02
 5.427823017461e+04  1.557001700000e+01  6.401573946752e-02
 5.427823659692e+04  1.559747700000e+01  6.435880805600e-02
 5.427824305014e+04  1.563586800000e+01  6.474138369853e-02
 5.417444147602e+04  1.573059600000e+01  6.420476881045e-02
 5.417444743221e+04  1.574450300000e+01  6.433386754520e-02
 5.417445334165e+04  1.575786800000e+01  6.447341605634e-02
 5.417445930502e+04  1.575196800000e+01  6.441195212205e-02
 5.418528873623e+04  1.576324100000e+01  6.513435883831e-02
 5.418529914472e+04  1.578356300000e+01  6.528561313740e-02
 5.418530955705e+04  1.579441500000e+01  6.539212023080e-02
 5.418532000063e+04  1.575856000000e+01  6.502494293370e-02
 5.423519883177e+04  1.578709400000e+01  7.023513925647e-02
 5.423520316995e+04  1.582819900000e+01  6.981494598351e-02
 5.423520750025e+04  1.580399100000e+01  6.971371296784e-02
 5.423521183751e+04  1.585849600000e+01  6.854266460177e-02
 5.424524847689e+04  1.558385200000e+01  6.371245648956e-02
 5.424525770373e+04  1.561069100000e+01  6.393099248490e-02
 5.424526704944e+04  1.561227600000e+01  6.396660411933e-02
 5.424527624852e+04  1.559538200000e+01  6.382876873486e-02
 5.455923634726e+04  1.590272000000e+01  6.673019915426e-02
 5.455924290128e+04  1.589615300000e+01  6.660618216540e-02
 5.455924945359e+04  1.587207600000e+01  6.630657738773e-02
 5.455925592219e+04  1.589598400000e+01  6.656040708896e-02
 5.456438348369e+04  1.553829800000e+01  6.271230940249e-02
 5.456439038657e+04  1.555484300000e+01  6.283808918628e-02
 5.456439731447e+04  1.558743600000e+01  6.313216403002e-02
 5.456440423252e+04  1.560117100000e+01  6.327776098417e-02
 5.457123342909e+04  1.580025000000e+01  6.530080101418e-02
 5.457123939281e+04  1.565806800000e+01  6.387542009923e-02
 5.457124533326e+04  1.541285500000e+01  6.170300600652e-02
 5.457125127060e+04  1.525302700000e+01  6.044263238374e-02
 5.458333285828e+04  1.560593800000e+01  6.370144443526e-02
 5.458333962019e+04  1.558801300000e+01  6.359170790448e-02
 5.458334636473e+04  1.561029700000e+01  6.384479296680e-02
 5.458335312978e+04  1.566292500000e+01  6.437117075304e-02
 5.450342317885e+04  1.594335900000e+01  6.641680358958e-02
 5.451442214470e+04  1.593748300000e+01  6.719115478531e-02
 5.451442872050e+04  1.585051500000e+01  6.647027024309e-02
 5.451443525623e+04  1.571729800000e+01  6.490033842476e-02
 5.451444178318e+04  1.554314600000e+01  6.302921975452e-02
 5.448251171710e+04  1.586948800000e+01  6.603953770889e-02
 5.448251655471e+04  1.576281300000e+01  6.537281346051e-02
 5.448252140623e+04  1.565633600000e+01  6.507072059646e-02
 5.448252622753e+04  1.551462200000e+01  6.425940732951e-02
 5.464027004623e+04  1.586481700000e+01  6.728402066410e-02
 5.464027658764e+04  1.585428200000e+01  6.726544365748e-02
 5.464028310972e+04  1.584437400000e+01  6.729487200864e-02
 5.464028964164e+04  1.589069300000e+01  6.782846220188e-02
 5.452739346000e+04  1.602372200000e+01  6.725516205244e-02
 5.452740153425e+04  1.599885200000e+01  6.697313162962e-02
 5.452740963928e+04  1.591003500000e+01  6.597815855756e-02
 5.452741776515e+04  1.580777400000e+01  6.451705040422e-02
 5.453337016740e+04  1.568295800000e+01  6.390883165041e-02
 5.453337777147e+04  1.540395600000e+01  6.147350718608e-02
 5.453338541479e+04  1.529210500000e+01  6.217686319396e-02
 5.453339300997e+04  1.515902500000e+01  6.158421132385e-02
 5.458927901497e+04  1.557463400000e+01  6.288776163595e-02
 5.458928733505e+04  1.560137200000e+01  6.311305425151e-02
 5.458929564391e+04  1.563979700000e+01  6.346480125439e-02
 5.458930398438e+04  1.565896400000e+01  6.366558932162e-02
 5.459620593834e+04  1.517712000000e+01  6.024799532297e-02
 5.459621294691e+04  1.521545500000e+01  6.066463980869e-02
 5.459621994610e+04  1.525086100000e+01  6.102425976537e-02
 5.459622691554e+04  1.527671900000e+01  6.134605349465e-02
 5.492326246921e+04  1.584169300000e+01  6.558528975905e-02
 5.492326789299e+04  1.582124600000e+01  6.534060071927e-02
 5.492327329744e+04  1.584868600000e+01  6.559796013381e-02
 5.492327872803e+04  1.583693600000e+01  6.545944977470e-02
 5.504515323619e+04  1.505889300000e+01  6.316786873801e-02
 5.504515793633e+04  1.502679000000e+01  6.291285205024e-02
 5.504516284363e+04  1.498093900000e+01  6.258100362188e-02
 5.504516769284e+04  1.500968100000e+01  6.289459011693e-02
 5.488838074608e+04  1.549564500000e+01  6.191277252007e-02
 5.488838862551e+04  1.549727700000e+01  6.200489858550e-02
 5.488839648956e+04  1.549842800000e+01  6.196857675645e-02
 5.488840442387e+04  1.550130200000e+01  6.280899915812e-02
 5.499916856956e+04  1.510216100000e+01  5.934638516663e-02
 5.499917400699e+04  1.508365800000e+01  5.919702614415e-02
 5.499917941468e+04  1.506974600000e+01  5.911134533832e-02
 5.499918483184e+04  1.509189900000e+01  5.925983172923e-02
 5.490935929267e+04  1.544578600000e+01  6.152100210384e-02
 5.490937312508e+04  1.528633500000e+01  6.030143623774e-02
 5.490938686755e+04  1.525639900000e+01  6.007785316428e-02
 5.490940063640e+04  1.527098500000e+01  6.015985170674e-02
 5.491539114624e+04  1.540995500000e+01  6.706767243337e-02
 5.491539513729e+04  1.558922600000e+01  7.013765948674e-02
 5.491539906551e+04  1.544452600000e+01  6.866746765710e-02
 5.491540305610e+04  1.552397800000e+01  7.088480739517e-02
 5.496430093362e+04  1.584363000000e+01  6.583150134861e-02
 5.496430760483e+04  1.583725100000e+01  6.574453120004e-02
 5.496431429025e+04  1.584803000000e+01  6.588040698285e-02
 5.496432095539e+04  1.583361100000e+01  6.573080609980e-02
 5.498132718951e+04  1.513571100000e+01  5.996531576852e-02
 5.498134538008e+04  1.519037500000e+01  6.045974474040e-02
 5.529633001825e+04  1.567142200000e+01  6.397940870450e-02
 5.529633578649e+04  1.562670400000e+01  6.357699900166e-02
 5.529634151802e+04  1.566231500000e+01  6.390153436801e-02
 5.529634726928e+04  1.566258800000e+01  6.388589591628e-02
 5.535027022278e+04  1.510854700000e+01  6.003853800210e-02
 5.535027705810e+04  1.513749400000e+01  6.081965984504e-02
 5.535028392793e+04  1.516232100000e+01  6.078386972111e-02
 5.535029084992e+04  1.521844600000e+01  6.048685530508e-02
 5.527445276117e+04  1.593998700000e+01  6.702020899199e-02
 5.527446020128e+04  1.595745300000e+01  6.733949666082e-02
 5.527446776034e+04  1.591154800000e+01  6.693778742208e-02
 5.527447537382e+04  1.578441400000e+01  6.554610347763e-02
 5.528031925324e+04  1.590420800000e+01  6.697296235681e-02
 5.528032609721e+04  1.584622400000e+01  6.624482927234e-02
 5.528033292069e+04  1.585124700000e+01  6.626934159871e-02
 5.528033981045e+04  1.584873100000e+01  6.624154201897e-02
 5.532831201646e+04  1.577152300000e+01  6.521005013914e-02
 5.532831948896e+04  1.577629000000e+01  6.529560180364e-02
 5.532832699329e+04  1.578344100000e+01  6.540240463971e-02
 5.532833453501e+04  1.578597900000e+01  6.539604292216e-02
 5.533914752631e+04  1.573458600000e+01  6.996790525992e-02
 5.533915288954e+04  1.580193900000e+01  7.083147702732e-02
 5.533915832096e+04  1.582133500000e+01  7.117274915144e-02
 5.533916369056e+04  1.583381700000e+01  7.125694466830e-02
 5.565733600271e+04  1.585368100000e+01  6.708052951036e-02
 5.565734106905e+04  1.583890700000e+01  6.726772998802e-02
 5.565734620001e+04  1.584448100000e+01  6.660015309607e-02
 5.565735135767e+04  1.583870700000e+01  6.931896477932e-02
 5.567629026605e+04  1.586922100000e+01  7.107314841286e-02
 5.567629535220e+04  1.584540900000e+01  7.421379315902e-02
 5.567630048949e+04  1.585558500000e+01  7.792549323375e-02
 5.567630564916e+04  1.588549500000e+01  7.470267794054e-02
 5.561751042148e+04  1.526463700000e+01  6.078114150564e-02
 5.561751916708e+04  1.530950000000e+01  6.117242920482e-02
 5.561752793479e+04  1.531056100000e+01  6.116429924621e-02
 5.561753661200e+04  1.537842000000e+01  6.169402576067e-02
 5.562936624738e+04  1.537510900000e+01  6.205498458910e-02
 5.562937424650e+04  1.527718200000e+01  6.111774356032e-02
 5.562938171160e+04  1.517508000000e+01  6.034019674429e-02
 5.562938925030e+04  1.513118400000e+01  6.002820048950e-02
 5.563628196103e+04  1.583974200000e+01  7.307206242632e-02
 5.563628790346e+04  1.581971900000e+01  7.271533161353e-02
 5.563629394534e+04  1.586428300000e+01  7.334530980075e-02
 5.563630002446e+04  1.581823200000e+01  7.261204656081e-02
 5.564729950745e+04  1.539414900000e+01  6.251255486098e-02
 5.564730697390e+04  1.542924100000e+01  6.282493347880e-02
 5.564731442417e+04  1.541455300000e+01  6.268398768365e-02
 5.564732197883e+04  1.544132600000e+01  6.288961543489e-02
 5.569335782921e+04  1.555137900000e+01  6.605708916176e-02
 5.569336632190e+04  1.555865200000e+01  6.615592081419e-02
 5.569337520512e+04  1.556726500000e+01  6.613887469604e-02
 5.569338362313e+04  1.557615900000e+01  6.625255654242e-02
 5.570830363561e+04  1.593029500000e+01  6.793627797824e-02
 5.570831281179e+04  1.585322500000e+01  6.698760433876e-02
 5.570832216133e+04  1.574470600000e+01  6.586742387800e-02
 5.570833149931e+04  1.557240200000e+01  6.415389713511e-02
 5.450343209666e+04  1.592344400000e+01  6.619210911599e-02
 5.450343913845e+04  1.588952100000e+01  6.579217906982e-02
 5.450344618822e+04  1.595318200000e+01  6.648330398257e-02
 5.450345322062e+04  1.594900500000e+01  6.643397909420e-02
 5.593952409413e+04  1.562415200000e+01  6.340163169950e-02
 5.593953086021e+04  1.563745700000e+01  6.354789150098e-02
 5.593953764668e+04  1.563188300000e+01  6.350052807415e-02
 5.593954443593e+04  1.565899900000e+01  6.374299811135e-02
 5.598149838406e+04  1.582237000000e+01  6.559336274024e-02
 5.598150343145e+04  1.573557200000e+01  6.466046763177e-02
 5.598150845994e+04  1.563352600000e+01  6.369900633434e-02
 5.598151364653e+04  1.547150000000e+01  6.223999390074e-02
 5.601537450914e+04  1.586779900000e+01  6.635790346051e-02
 5.601538244073e+04  1.588791900000e+01  6.655497436061e-02
 5.601539042066e+04  1.590760300000e+01  6.675207306329e-02
 5.601539839021e+04  1.590268100000e+01  6.676052974470e-02
 5.603630510926e+04  1.551378100000e+01  6.313711649860e-02
 5.603630957510e+04  1.553932900000e+01  6.333444050419e-02
 5.603631412513e+04  1.552242000000e+01  6.328187089155e-02
 5.603631861887e+04  1.553932500000e+01  6.416849324770e-02
 5.603937820969e+04  1.586847200000e+01  6.686302080068e-02
 5.603938490736e+04  1.579664900000e+01  6.608043431641e-02
 5.603939169835e+04  1.567809400000e+01  6.484395416762e-02
 5.603939845194e+04  1.552016600000e+01  6.335012670844e-02
 5.606332051141e+04  1.539080000000e+01  6.145703194126e-02
 5.606332727024e+04  1.542813000000e+01  6.179104002764e-02
 5.606333403763e+04  1.545720600000e+01  6.203952936582e-02
 5.606334078958e+04  1.546460800000e+01  6.214118332924e-02
 5.607018875560e+04  1.592159900000e+01  6.649834183622e-02
 5.607019492049e+04  1.598185600000e+01  6.798519438227e-02
 5.607020103257e+04  1.596062800000e+01  6.771363504474e-02
 5.607020721344e+04  1.590760300000e+01  6.749271521211e-02
 5.608819983948e+04  1.543558200000e+01  6.180085554967e-02
 5.608820486809e+04  1.542415800000e+01  6.170373385039e-02
 5.608820997946e+04  1.541766600000e+01  6.158744894229e-02
 5.608821506108e+04  1.546592400000e+01  6.197815162084e-02
 5.609625243762e+04  1.526297000000e+01  6.069854186224e-02
 5.609626096324e+04  1.528422100000e+01  6.089241104351e-02
 5.609626876397e+04  1.532012100000e+01  6.120795428526e-02
 5.609627659845e+04  1.533798500000e+01  6.134938251760e-02
