# time mag mag_err
 5.346935405395e+04  1.537138200000e+01  6.209495272984e-02
 5.346936214278e+04  1.538813700000e+01  6.223967167974e-02
 5.346937022883e+04  1.539988500000e+01  6.239582672034e-02
 5.346937836743e+04  1.542908800000e+01  6.267745204372e-02
 5.373151801171e+04  1.560432800000e+01  6.413855472465e-02
 5.373152388214e+04  1.563749800000e+01  6.445229609262e-02
 5.373152979887e+04  1.561224800000e+01  6.419019973672e-02
 5.373153565704e+04  1.565789900000e+01  6.468690160120e-02
 5.355718986054e+04  1.551888600000e+01  6.398158146788e-02
 5.355719589892e+04  1.555719100000e+01  6.439956862482e-02
 5.355720191149e+04  1.556733600000e+01  6.453090967584e-02
 5.355720786664e+04  1.557448400000e+01  6.464608307638e-02
 5.352419640478e+04  1.528586400000e+01  6.143076052786e-02
 5.352420286413e+04  1.533311800000e+01  6.176792573637e-02
 5.352420929987e+04  1.532175500000e+01  6.165757138739e-02
 5.352421578804e+04  1.532016500000e+01  6.168876096810e-02
 5.350725282955e+04  1.564282600000e+01  6.489211949793e-02
 5.350726191426e+04  1.568060500000e+01  6.536089287509e-02
 5.350726832325e+04  1.568810000000e+01  6.541779110241e-02
 5.350727479534e+04  1.571235000000e+01  6.564509019101e-02
 5.382732390469e+04  1.510250700000e+01  6.029497560044e-02
 5.382733421434e+04  1.512572700000e+01  6.046119000033e-02
 5.382734440247e+04  1.514528200000e+01  6.061625121146e-02
 5.382735461628e+04  1.520618000000e+01  6.106654000520e-02
 5.383333766898e+04  1.520923700000e+01  6.300555381683e-02
 5.383335693590e+04  1.526335000000e+01  6.347728622932e-02
 5.383340854380e+04  1.536582900000e+01  6.460030507502e-02
 5.383341783500e+04  1.543796900000e+01  6.536284355554e-02
 5.385025595247e+04  1.563498300000e+01  6.493634881935e-02
 5.385026320145e+04  1.568647200000e+01  6.551422679685e-02
 5.385027029821e+04  1.568303700000e+01  6.546061144317e-02
 5.385027738803e+04  1.568934100000e+01  6.526123602297e-02
 5.376740793253e+04  1.561949600000e+01  6.443743663648e-02
 5.376741571891e+04  1.562209100000e+01  6.443398982161e-02
 5.376742352116e+04  1.563661500000e+01  6.457697030537e-02
 5.376743134422e+04  1.562786000000e+01  6.443165421600e-02
 5.379039656234e+04  1.533738500000e+01  6.189281700237e-02
 5.379040529297e+04  1.538003200000e+01  6.222460360197e-02
 5.379041406645e+04  1.538801700000e+01  6.228967387267e-02
 5.379042286550e+04  1.540166900000e+01  6.240050637866e-02
 5.376352110285e+04  1.534482600000e+01  6.178996684099e-02
 5.390523643888e+04  1.566392700000e+01  1.103626535885e-01
 5.390523746624e+04  1.567870300000e+01  1.107896773149e-01
 5.390523853806e+04  1.564546600000e+01  1.093378297154e-01
 5.390523961773e+04  1.564833100000e+01  1.094973868752e-01
 5.380044946625e+04  1.510323600000e+01  6.217503400427e-02
 5.380047812880e+04  1.520888300000e+01  6.537483608005e-02
 5.380048343264e+04  1.521959200000e+01  6.378415395740e-02
 5.380048879517e+04  1.523466700000e+01  6.287183229444e-02
 5.380330732338e+04  1.569544300000e+01  7.075045792285e-02
 5.380331443045e+04  1.578264300000e+01  7.197314281846e-02
 5.380332174956e+04  1.579451400000e+01  7.205130543230e-02
 5.380332897885e+04  1.568664000000e+01  7.051132880609e-02
 5.381931082343e+04  1.568077900000e+01  6.690981823859e-02
 5.381931742005e+04  1.567507700000e+01  6.559865701990e-02
 5.381932403184e+04  1.565687600000e+01  6.530120092042e-02
 5.381933060763e+04  1.565906800000e+01  6.603114971244e-02
 5.385833012759e+04  1.507340700000e+01  6.062991750366e-02
 5.385833827719e+04  1.510666200000e+01  6.089690880094e-02
 5.385928086260e+04  1.563972700000e+01  6.556715870036e-02
 5.385928896288e+04  1.568924000000e+01  6.603931502999e-02
 5.385929705900e+04  1.567761000000e+01  6.594671709946e-02
 5.385930512689e+04  1.565238900000e+01  6.572079450335e-02
 5.387830485084e+04  1.563562900000e+01  6.532117308392e-02
 5.387831079176e+04  1.561192400000e+01  6.509615439341e-02
 5.387831671718e+04  1.560592400000e+01  6.509602554723e-02
 5.387832266341e+04  1.561481800000e+01  6.521307708630e-02
 5.420434590515e+04  1.574878000000e+01  6.525898195163e-02
 5.420435261799e+04  1.574034100000e+01  6.519270288579e-02
 5.420435935895e+04  1.571247900000e+01  6.488247021045e-02
 5.420436605198e+04  1.573809500000e+01  6.513422797742e-02
 5.444050387428e+04  1.561127700000e+01  6.431750563961e-02
 5.444050825159e+04  1.562425000000e+01  6.391554656621e-02
 5.444051263363e+04  1.564055900000e+01  6.398277638975e-02
 5.444051701927e+04  1.563144800000e+01  6.392485256257e-02
 5.411744744282e+04  1.531943100000e+01  6.104938608524e-02
 5.411745444641e+04  1.530986800000e+01  6.097795011619e-02
 5.411746142639e+04  1.536782500000e+01  6.140627253130e-02
 5.411746839630e+04  1.538374100000e+01  6.151766523784e-02
 5.425822158750e+04  1.513199300000e+01  5.999135825523e-02
 5.425822853924e+04  1.516300200000e+01  6.021886662418e-02
 5.425823552546e+04  1.517594500000e+01  6.030933238362e-02
 5.425824247731e+04  1.521222100000e+01  6.062501562754e-02
 5.427621915185e+04  1.538823200000e+01  6.252487219766e-02
 5.427622672711e+04  1.534124400000e+01  6.215075463316e-02
 5.427623429300e+04  1.539616000000e+01  6.263368502843e-02
 5.427624189730e+04  1.545288800000e+01  6.320995383456e-02
 5.417535130622e+04  1.537182000000e+01  6.165187517793e-02
 5.417535775769e+04  1.538790000000e+01  6.176096687271e-02
 5.417536421102e+04  1.541803500000e+01  6.201496316590e-02
 5.417537065417e+04  1.539722900000e+01  6.184983476022e-02
 5.423127054198e+04  1.520047200000e+01  6.067456012885e-02
 5.423127701522e+04  1.512799700000e+01  6.015679727704e-02
 5.423128345212e+04  1.504873000000e+01  5.959715992486e-02
 5.423128988115e+04  1.497051900000e+01  5.908913643425e-02
 5.424524035218e+04  1.547158400000e+01  6.311230261860e-02
 5.424524957925e+04  1.548909400000e+01  6.329489669116e-02
 5.424525880378e+04  1.550468400000e+01  6.342596627339e-02
 5.424526814626e+04  1.549904300000e+01  6.343380275683e-02
 5.456628499124e+04  1.547731700000e+01  6.380032494818e-02
 5.456628926714e+04  1.546741500000e+01  6.335198680851e-02
 5.456629357095e+04  1.543479900000e+01  6.257398891721e-02
 5.456629785102e+04  1.544728600000e+01  6.267157644679e-02
 5.457128987299e+04  1.560769200000e+01  6.366115470194e-02
 5.457129727995e+04  1.558998800000e+01  6.351127805877e-02
 5.457130466608e+04  1.559260300000e+01  6.349611281933e-02
 5.457131208450e+04  1.564209700000e+01  6.394075303086e-02
 5.458531338316e+04  1.535256200000e+01  6.157259300165e-02
 5.458532010363e+04  1.535056800000e+01  6.157071284554e-02
 5.458532678602e+04  1.537479900000e+01  6.177522528490e-02
 5.458533345858e+04  1.540633100000e+01  6.203933549114e-02
 5.480751252865e+04  1.559475800000e+01  6.607334047871e-02
 5.480751739567e+04  1.557666200000e+01  6.581084180119e-02
 5.480752230760e+04  1.555542800000e+01  6.553753310698e-02
 5.480752707046e+04  1.559424100000e+01  6.593221962798e-02
 5.449750038325e+04  1.507330700000e+01  5.914552534689e-02
 5.449750693450e+04  1.507441700000e+01  5.916754966993e-02
 5.449751341585e+04  1.509309000000e+01  5.930414607571e-02
 5.449751988781e+04  1.511359100000e+01  5.941763593742e-02
 5.450743277083e+04  1.565924700000e+01  6.506969007653e-02
 5.450744133122e+04  1.563860600000e+01  6.507362050364e-02
 5.450744983071e+04  1.570117100000e+01  6.732663098217e-02
 5.450745833472e+04  1.571826000000e+01  7.096319566455e-02
 5.451439485272e+04  1.547012400000e+01  6.264077577758e-02
 5.451440141763e+04  1.545340900000e+01  6.263061827036e-02
 5.451440800302e+04  1.546712600000e+01  6.289784826333e-02
 5.451441457176e+04  1.550249900000e+01  6.321612078810e-02
 5.448045693413e+04  1.557689000000e+01  6.312490876321e-02
 5.448046406723e+04  1.559894700000e+01  6.331689775317e-02
 5.448047122396e+04  1.562164800000e+01  6.348183706732e-02
 5.448047834051e+04  1.560478400000e+01  6.330950589043e-02
 5.462525663569e+04  1.524099100000e+01  6.099055443880e-02
 5.462526377205e+04  1.525187700000e+01  6.109646841895e-02
 5.462527105343e+04  1.527108000000e+01  6.126704566562e-02
 5.462527825170e+04  1.528265400000e+01  6.139727787941e-02
 5.452834324346e+04  1.563598500000e+01  6.376262377932e-02
 5.452835052854e+04  1.570314200000e+01  6.398750528669e-02
 5.452835797500e+04  1.565429400000e+01  6.390609428347e-02
 5.452836525648e+04  1.567493700000e+01  6.407905108515e-02
 5.453635827374e+04  1.525854200000e+01  5.847252488102e-02
 5.453636498784e+04  1.526073400000e+01  5.850377191024e-02
 5.453637172509e+04  1.530152700000e+01  5.872831849984e-02
 5.453637844036e+04  1.531332800000e+01  5.880580262965e-02
 5.455643113809e+04  1.569277200000e+01  6.466137526817e-02
 5.455643826542e+04  1.569211200000e+01  6.473440276228e-02
 5.455644545118e+04  1.567410000000e+01  6.454604803153e-02
 5.455645262700e+04  1.570645200000e+01  6.492108906609e-02
 5.459227969497e+04  1.572817500000e+01  6.528987210828e-02
 5.459228942797e+04  1.570334500000e+01  6.512493329723e-02
 5.459229915750e+04  1.566032400000e+01  6.480640635890e-02
 5.459230888183e+04  1.558500300000e+01  6.414162018737e-02
 5.494426346167e+04  1.566226200000e+01  6.438703490791e-02
 5.494427071712e+04  1.565515400000e+01  6.445803778932e-02
 5.494427794007e+04  1.568760900000e+01  6.498672772511e-02
 5.494428520722e+04  1.565679900000e+01  6.429781382031e-02
 5.486735499828e+04  1.571536400000e+01  6.733177444711e-02
 5.486736351699e+04  1.574757800000e+01  6.764492201071e-02
 5.486737223015e+04  1.574282200000e+01  6.751631248491e-02
 5.486738093846e+04  1.576347300000e+01  6.768254488861e-02
 5.488935290552e+04  1.563357500000e+01  6.356273214552e-02
 5.488936071170e+04  1.563869500000e+01  6.360916031258e-02
 5.488936865422e+04  1.565259700000e+01  6.373861044184e-02
 5.488937658795e+04  1.566075800000e+01  6.378489068716e-02
 5.483349743455e+04  1.501461600000e+01  5.877311654143e-02
 5.483350600406e+04  1.505132800000e+01  5.898164664200e-02
 5.483351460831e+04  1.511000200000e+01  5.934117075848e-02
 5.483352315700e+04  1.512549700000e+01  5.943216028692e-02
 5.486052240747e+04  1.543540000000e+01  6.162291189604e-02
 5.486052732311e+04  1.543693100000e+01  6.164654445541e-02
 5.486053225681e+04  1.547005400000e+01  6.191686396519e-02
 5.486053716631e+04  1.548589400000e+01  6.205237931158e-02
 5.504218147956e+04  1.566992900000e+01  7.178149690865e-02
 5.504218745694e+04  1.573764700000e+01  7.324102025641e-02
 5.500126756273e+04  1.533709700000e+01  6.247622680815e-02
 5.500127246416e+04  1.535581500000e+01  6.266288311883e-02
 5.500127726150e+04  1.534013200000e+01  6.255048263009e-02
 5.500128208965e+04  1.537747300000e+01  6.297785254471e-02
 5.491834952998e+04  1.535022700000e+01  6.137981532014e-02
 5.491835499844e+04  1.534782300000e+01  6.141228897554e-02
 5.491836050682e+04  1.538273400000e+01  6.166522518837e-02
 5.491836602308e+04  1.539971600000e+01  6.196983920701e-02
 5.496529906972e+04  1.558575600000e+01  6.383958892882e-02
 5.496530573883e+04  1.553540300000e+01  6.338575848416e-02
 5.496531243407e+04  1.549432400000e+01  6.305009979947e-02
 5.496531900706e+04  1.541738100000e+01  6.241860140871e-02
 5.529040453139e+04  1.568471400000e+01  6.470125507237e-02
 5.529041260041e+04  1.565917800000e+01  6.454165217642e-02
 5.529042073412e+04  1.567025900000e+01  6.471783868624e-02
 5.529042890514e+04  1.565363800000e+01  6.456152018149e-02
 5.529928485547e+04  1.560112200000e+01  6.372390467045e-02
 5.529929180559e+04  1.566158200000e+01  6.425520465718e-02
 5.529929879687e+04  1.566564600000e+01  6.428736234609e-02
 5.529930574400e+04  1.560499500000e+01  6.367979233472e-02
 5.524239722513e+04  1.534800800000e+01  6.177965445169e-02
 5.524240420453e+04  1.534619600000e+01  6.175173976782e-02
 5.524241121866e+04  1.536917000000e+01  6.188441081377e-02
 5.524241817366e+04  1.537990800000e+01  6.194600924598e-02
 5.520851651969e+04  1.553366500000e+01  6.306769693666e-02
 5.520852375821e+04  1.555514400000e+01  6.324738863312e-02
 5.520853099491e+04  1.554468700000e+01  6.313362648552e-02
 5.520853824153e+04  1.556468600000e+01  6.329863109551e-02
 5.537023044846e+04  1.554345800000e+01  6.356405060690e-02
 5.537023498421e+04  1.552864200000e+01  6.349064971714e-02
 5.537023961199e+04  1.551838000000e+01  6.337262958264e-02
 5.537024425264e+04  1.557285800000e+01  6.387253811399e-02
 5.527134361161e+04  1.564832500000e+01  6.417874828537e-02
 5.527135058518e+04  1.566295600000e+01  6.425980455995e-02
 5.527135751549e+04  1.566099500000e+01  6.421074092948e-02
 5.527136444707e+04  1.567377100000e+01  6.437302097293e-02
 5.528134388317e+04  1.556189800000e+01  6.704629326263e-02
 5.528134946961e+04  1.557408500000e+01  6.716733632302e-02
 5.528135503274e+04  1.560165700000e+01  6.752404286053e-02
 5.528136058174e+04  1.553354500000e+01  6.670227537670e-02
 5.532329656328e+04  1.571271100000e+01  6.476194077074e-02
 5.532330279473e+04  1.570750300000e+01  6.476642831077e-02
 5.532330914111e+04  1.571301600000e+01  6.487746333560e-02
 5.532331548162e+04  1.571630800000e+01  6.493483369460e-02
 5.533725723832e+04  1.523181700000e+01  6.083076098921e-02
 5.533726526424e+04  1.526907200000e+01  6.111826267441e-02
 5.533727339051e+04  1.528705700000e+01  6.126400454096e-02
 5.533728136498e+04  1.529393000000e+01  6.135397162223e-02
 5.534720190285e+04  1.576452400000e+01  6.532070535761e-02
 5.534720871859e+04  1.575298900000e+01  6.522078367940e-02
 5.534721548304e+04  1.576082800000e+01  6.533134962645e-02
 5.534722239081e+04  1.575313200000e+01  6.526773707559e-02
 5.565633156644e+04  1.572758100000e+01  6.257912125277e-02
 5.565633780356e+04  1.571705700000e+01  6.252101756783e-02
 5.565634402439e+04  1.573535000000e+01  6.269262669589e-02
 5.565635023117e+04  1.575084400000e+01  6.282654255325e-02
 5.566428196441e+04  1.522053600000e+01  5.906847375349e-02
 5.566428819192e+04  1.526266500000e+01  5.933662399127e-02
 5.566429441933e+04  1.523793100000e+01  5.917060299360e-02
 5.566430064753e+04  1.526709600000e+01  5.937807374125e-02
 5.567715051131e+04  1.560745000000e+01  6.568654378564e-02
 5.567715849529e+04  1.560174000000e+01  6.550308537345e-02
 5.567716658168e+04  1.564055800000e+01  6.585902249377e-02
 5.567717467653e+04  1.561872800000e+01  6.555184513726e-02
 5.557651097211e+04  1.513453900000e+01  6.295247679672e-02
 5.557651775427e+04  1.513528900000e+01  6.330095931210e-02
 5.557652462041e+04  1.514358200000e+01  6.402492456781e-02
 5.557653140830e+04  1.517429300000e+01  6.322847422263e-02
 5.562835807576e+04  1.541140600000e+01  6.706758712891e-02
 5.562836560404e+04  1.534484800000e+01  6.573286569042e-02
 5.562837307410e+04  1.533919700000e+01  6.446014830987e-02
 5.562838054427e+04  1.530162800000e+01  6.571590216300e-02
 5.563430693494e+04  1.561149800000e+01  6.820192621340e-02
 5.563431555473e+04  1.549894100000e+01  6.705389753213e-02
 5.563432418343e+04  1.540231400000e+01  6.480578754952e-02
 5.563433289532e+04  1.533888200000e+01  6.342447957430e-02
 5.564642228985e+04  1.536714600000e+01  6.236733475118e-02
 5.564642914333e+04  1.533758900000e+01  6.211406629748e-02
 5.564643606462e+04  1.536498100000e+01  6.235125388011e-02
 5.564644301152e+04  1.537457300000e+01  6.248156460183e-02
 5.569327755470e+04  1.562334600000e+01  6.741015936827e-02
 5.569328583545e+04  1.563019500000e+01  6.742209047468e-02
 5.569329406227e+04  1.564997700000e+01  6.771195561202e-02
 5.569330240321e+04  1.569212200000e+01  6.823974923166e-02
 5.570727947154e+04  1.522031900000e+01  6.126156591508e-02
 5.570728902447e+04  1.525217100000e+01  6.154636245626e-02
 5.570729870657e+04  1.530180200000e+01  6.196222792137e-02
 5.570730829700e+04  1.531227800000e+01  6.208919706538e-02
 5.589350671550e+04  1.532333200000e+01  6.163518161881e-02
 5.589351193256e+04  1.533480600000e+01  6.168625737294e-02
 5.589351716975e+04  1.535448100000e+01  6.178223985526e-02
 5.589352247892e+04  1.534222700000e+01  6.168277644413e-02
 5.593947813686e+04  1.531380800000e+01  6.117013319430e-02
 5.593948490076e+04  1.537819500000e+01  6.166479125480e-02
 5.593949165843e+04  1.540434700000e+01  6.188298018778e-02
 5.593949846582e+04  1.536518600000e+01  6.157699563948e-02
 5.597835188853e+04  1.551498100000e+01  6.613857381466e-02
 5.597835694487e+04  1.550214500000e+01  6.585764786742e-02
 5.597836207685e+04  1.543699900000e+01  6.513670079312e-02
 5.597836719679e+04  1.556730700000e+01  7.016101529251e-02
 5.598142818551e+04  1.563729400000e+01  6.401967365836e-02
 5.598143559513e+04  1.559879400000e+01  6.374984660027e-02
 5.598144294688e+04  1.561495700000e+01  6.393578919399e-02
 5.598145037053e+04  1.562434300000e+01  6.407833320784e-02
 5.598737847318e+04  1.560226100000e+01  6.542614373984e-02
 5.598738472975e+04  1.558241400000e+01  6.515833966504e-02
 5.598739093309e+04  1.561409200000e+01  6.535833576403e-02
 5.598739718203e+04  1.562089300000e+01  6.529246963978e-02
 5.599947686813e+04  1.565862300000e+01  6.460774237877e-02
 5.599948253926e+04  1.571144000000e+01  6.514646889744e-02
 5.599948828282e+04  1.570539300000e+01  6.510087795049e-02
 5.599949397479e+04  1.574173400000e+01  6.552642214540e-02
 5.601343848167e+04  1.532448400000e+01  6.217141705496e-02
 5.601344370519e+04  1.533402800000e+01  6.229458940053e-02
 5.601344885310e+04  1.532161900000e+01  6.224498604501e-02
 5.601345396667e+04  1.533638600000e+01  6.235700610440e-02
 5.603333480770e+04  1.558769700000e+01  6.430118608608e-02
 5.603334039895e+04  1.558116900000e+01  6.423949923405e-02
 5.603334605377e+04  1.559832100000e+01  6.443369782394e-02
 5.603335177211e+04  1.559472800000e+01  6.440514700567e-02
 5.603837135920e+04  1.532671200000e+01  6.200266424387e-02
 5.603837871112e+04  1.530356800000e+01  6.181883022347e-02
 5.603838598903e+04  1.525080700000e+01  6.143162371053e-02
 5.603839327631e+04  1.519269200000e+01  6.099131311926e-02
 5.606229538711e+04  1.513174500000e+01  5.975830040390e-02
 5.606230268054e+04  1.512085700000e+01  5.972100091559e-02
 5.606230996193e+04  1.514008700000e+01  5.987553396316e-02
 5.606231730826e+04  1.518771800000e+01  6.023558197328e-02
 5.606927965111e+04  1.570331100000e+01  6.473936171776e-02
 5.606928646137e+04  1.574075500000e+01  6.515683904312e-02
 5.606929332773e+04  1.565993000000e+01  6.437863481034e-02
 5.606930020725e+04  1.572470600000e+01  6.509880639878e-02
 5.608924080192e+04  1.532642900000e+01  6.130506521646e-02
 5.608924698266e+04  1.533539200000e+01  6.140445153661e-02
 5.608925314223e+04  1.535643800000e+01  6.158780486322e-02
 5.608925928571e+04  1.538356400000e+01  6.182813862490e-02
