# time mag mag_err
 5.346942149168e+04  1.560925400000e+01  6.477763247649e-02
 5.346943116067e+04  1.560628500000e+01  6.473764771641e-02
 5.346944088211e+04  1.560217200000e+01  6.464813621555e-02
 5.346945056766e+04  1.563797200000e+01  6.498405576917e-02
 5.348137121507e+04  1.526948600000e+01  6.149957857773e-02
 5.348137930807e+04  1.528959200000e+01  6.163363702663e-02
 5.348138746530e+04  1.532942600000e+01  6.190486491057e-02
 5.348139557242e+04  1.537476100000e+01  6.225821225257e-02
 5.355826121149e+04  1.517370000000e+01  5.653964716546e-02
 5.355826574587e+04  1.516842600000e+01  5.654559122919e-02
 5.355827025766e+04  1.520074200000e+01  5.671375502084e-02
 5.355827477166e+04  1.521563600000e+01  5.678274865132e-02
 5.356723016244e+04  1.558590800000e+01  6.619590524082e-02
 5.356723664321e+04  1.560790000000e+01  6.714341945812e-02
 5.356724313358e+04  1.559548300000e+01  6.791069023132e-02
 5.356724963262e+04  1.561137100000e+01  6.659420901502e-02
 5.352536345125e+04  1.540616700000e+01  6.317617598176e-02
 5.352537162284e+04  1.542381700000e+01  6.339196426058e-02
 5.352537975600e+04  1.541816800000e+01  6.325017863417e-02
 5.352538789876e+04  1.544696100000e+01  6.350509668449e-02
 5.349740317505e+04  1.547841600000e+01  6.722204116624e-02
 5.349741017679e+04  1.544868800000e+01  7.324784633817e-02
 5.349741714844e+04  1.553623900000e+01  6.619423454693e-02
 5.349742418293e+04  1.558883800000e+01  7.698831962432e-02
 5.350638642975e+04  1.565580100000e+01  6.733692228958e-02
 5.350639315601e+04  1.569651000000e+01  6.784979191058e-02
 5.350639999779e+04  1.568113700000e+01  6.763817603280e-02
 5.350640675345e+04  1.569526800000e+01  6.787679911934e-02
 5.364409542653e+04  1.549012000000e+01  6.486977347368e-02
 5.364410024888e+04  1.550111500000e+01  6.499468417880e-02
 5.364410514484e+04  1.551421400000e+01  6.516461100620e-02
 5.364410998825e+04  1.549298000000e+01  6.492108906609e-02
 5.365310973191e+04  1.568095600000e+01  6.762424268011e-02
 5.365311456016e+04  1.573146400000e+01  6.838961657232e-02
 5.365311941434e+04  1.566764700000e+01  6.772464876634e-02
 5.365312431979e+04  1.570168400000e+01  6.811866032304e-02
 5.367107390867e+04  1.560466800000e+01  6.555745363559e-02
 5.367107930789e+04  1.559433400000e+01  6.551505366133e-02
 5.367108464659e+04  1.562385300000e+01  6.590251324891e-02
 5.367108996676e+04  1.561548300000e+01  6.588999714123e-02
 5.384346060056e+04  1.530167000000e+01  6.261255298412e-02
 5.384346558459e+04  1.533267400000e+01  6.291825602457e-02
 5.384347054144e+04  1.532930500000e+01  6.287579879772e-02
 5.384347542733e+04  1.533774200000e+01  6.295425968092e-02
 5.385043476322e+04  1.565670700000e+01  6.574154243691e-02
 5.385044023177e+04  1.561504800000e+01  6.530981053445e-02
 5.385044566005e+04  1.550752500000e+01  6.422693952303e-02
 5.385045110245e+04  1.543764000000e+01  6.356866800074e-02
 5.392534836623e+04  1.533560600000e+01  1.012304659626e-01
 5.392534985022e+04  1.527480300000e+01  9.923085704420e-02
 5.392535138929e+04  1.533207000000e+01  1.011818883603e-01
 5.392535293174e+04  1.533732600000e+01  1.013837014830e-01
 5.390030445404e+04  1.571560800000e+01  1.185643826336e-01
 5.390030553684e+04  1.560492200000e+01  1.134859510184e-01
 5.390030662394e+04  1.559412800000e+01  1.131780391079e-01
 5.390030768927e+04  1.561812300000e+01  1.145119918707e-01
 5.385941846111e+04  1.536942400000e+01  6.329916450492e-02
 5.385942652771e+04  1.536632500000e+01  6.329252165775e-02
 5.385943458459e+04  1.536493200000e+01  6.331684928569e-02
 5.385944269600e+04  1.541727600000e+01  6.380539145323e-02
 5.386638781417e+04  1.540202100000e+01  1.014007951968e-01
 5.386638855760e+04  1.545036600000e+01  1.030337883817e-01
 5.386638949411e+04  1.537664900000e+01  1.004323411434e-01
 5.386639035896e+04  1.533972600000e+01  9.920926653509e-02
 5.387940764851e+04  1.567465000000e+01  6.608910569239e-02
 5.387941721495e+04  1.569205600000e+01  6.633579520726e-02
 5.387942667862e+04  1.566412800000e+01  6.604793574983e-02
 5.387943616080e+04  1.569283800000e+01  6.637750836536e-02
 5.388540352051e+04  1.564260300000e+01  6.612202085840e-02
 5.388541074459e+04  1.565682500000e+01  6.630033241364e-02
 5.388541793361e+04  1.568025900000e+01  6.657424527691e-02
 5.388542513941e+04  1.566562100000e+01  6.647121673807e-02
 5.402808561223e+04  1.527471300000e+01  6.279093265703e-02
 5.402809318600e+04  1.530050500000e+01  6.311963679982e-02
 5.402810082641e+04  1.530916700000e+01  6.326911614496e-02
 5.402810843339e+04  1.534442100000e+01  6.365986612092e-02
 5.399814689559e+04  1.561474800000e+01  6.424476727665e-02
 5.399815166538e+04  1.565760700000e+01  6.470417885293e-02
 5.399815642569e+04  1.566636700000e+01  6.484252228072e-02
 5.399816119861e+04  1.566267900000e+01  6.488434877772e-02
 5.400811012188e+04  1.577750600000e+01  7.146789513322e-02
 5.400811735742e+04  1.575519100000e+01  7.119644461046e-02
 5.400812460257e+04  1.573720900000e+01  7.099891572943e-02
 5.400813183997e+04  1.569814700000e+01  7.052337503965e-02
 5.420143507236e+04  1.566563900000e+01  6.542791028296e-02
 5.420144486266e+04  1.563739300000e+01  6.506917424777e-02
 5.420145461789e+04  1.567501500000e+01  6.549827659428e-02
 5.420146447856e+04  1.568656300000e+01  6.561093358996e-02
 5.421346172150e+04  1.570025800000e+01  6.609164970763e-02
 5.421347060458e+04  1.563447300000e+01  6.538475517110e-02
 5.421347950144e+04  1.568005000000e+01  6.586894554641e-02
 5.421348836253e+04  1.569070000000e+01  6.596852031798e-02
 5.429023399788e+04  1.544672500000e+01  6.668664557495e-02
 5.429023882440e+04  1.545575100000e+01  6.462408569438e-02
 5.429024363181e+04  1.546536100000e+01  6.646845467633e-02
 5.429024845068e+04  1.589642000000e+01  1.411130638845e-01
 5.425842065505e+04  1.556386600000e+01  6.427493465715e-02
 5.425842667547e+04  1.553093900000e+01  6.403023341437e-02
 5.425843268330e+04  1.556867600000e+01  6.440212510417e-02
 5.425843874193e+04  1.558984400000e+01  6.463667248859e-02
 5.426727371083e+04  1.562899300000e+01  6.632349052886e-02
 5.426728138043e+04  1.559324300000e+01  8.110574444535e-02
 5.426929922661e+04  1.529276400000e+01  6.194600924598e-02
 5.426930780088e+04  1.533871900000e+01  6.237133092919e-02
 5.426931635801e+04  1.534760700000e+01  6.245903112400e-02
 5.426932497626e+04  1.536519000000e+01  6.261578232320e-02
 5.427733391049e+04  1.570312900000e+01  6.627479145498e-02
 5.427734036554e+04  1.576152400000e+01  6.694115424737e-02
 5.427734683068e+04  1.576469100000e+01  6.700992007732e-02
 5.427735328124e+04  1.573597800000e+01  6.670406857681e-02
 5.417148024716e+04  1.528829400000e+01  6.139604339934e-02
 5.417148515435e+04  1.526400200000e+01  6.118369449622e-02
 5.417149010159e+04  1.541427100000e+01  6.244924070187e-02
 5.417149503424e+04  1.531270200000e+01  6.161142105013e-02
 5.418643584072e+04  1.554684100000e+01  8.012827216483e-02
 5.418643751025e+04  1.553163200000e+01  7.764760229974e-02
 5.418643917284e+04  1.553380000000e+01  7.867042871213e-02
 5.418644085718e+04  1.557238900000e+01  8.184906285217e-02
 5.423133457260e+04  1.519884600000e+01  6.111936636682e-02
 5.423134100914e+04  1.519189500000e+01  6.104634625076e-02
 5.423134746676e+04  1.521475300000e+01  6.122516486049e-02
 5.423135390123e+04  1.521606300000e+01  6.122112131689e-02
 5.424034339257e+04  1.560035600000e+01  6.496399305435e-02
 5.424035256929e+04  1.561575400000e+01  6.510152520615e-02
 5.424036178747e+04  1.565362100000e+01  6.550549104043e-02
 5.424037102358e+04  1.562870900000e+01  6.524064876171e-02
 5.424737666303e+04  1.541034400000e+01  6.374409526920e-02
 5.424738371351e+04  1.543515900000e+01  6.404152369865e-02
 5.424739067484e+04  1.546435200000e+01  6.443580027836e-02
 5.424739756338e+04  1.544755200000e+01  6.434917792243e-02
 5.438008646970e+04  1.584378000000e+01  9.070827956695e-02
 5.438008981280e+04  1.573123100000e+01  7.107342733272e-02
 5.438009320626e+04  1.573871800000e+01  7.148798953448e-02
 5.438009655596e+04  1.572520400000e+01  7.148172374823e-02
 5.438910548119e+04  1.534761400000e+01  6.652119593643e-02
 5.438910935429e+04  1.533521200000e+01  6.648670438162e-02
 5.438911327139e+04  1.537371300000e+01  6.696071232504e-02
 5.438911715666e+04  1.535632700000e+01  6.679791849066e-02
 5.439408772463e+04  1.541390700000e+01  7.144320071393e-02
 5.439409023262e+04  1.536856600000e+01  7.090351942910e-02
 5.439409274698e+04  1.546515400000e+01  7.232981333990e-02
 5.439409525486e+04  1.540399100000e+01  7.141972939544e-02
 5.434818028192e+04  1.564017500000e+01  6.579124739420e-02
 5.434818851335e+04  1.570121700000e+01  6.652199079026e-02
 5.434819689767e+04  1.573410100000e+01  6.713823036867e-02
 5.434820527494e+04  1.574531100000e+01  6.710364265518e-02
 5.435714032299e+04  1.497708800000e+01  5.939382823704e-02
 5.435714515031e+04  1.501554300000e+01  5.971180289218e-02
 5.435714996919e+04  1.500358200000e+01  5.965433259292e-02
 5.435715478088e+04  1.507006200000e+01  6.008286694943e-02
 5.456046678866e+04  1.518001600000e+01  6.073136470777e-02
 5.456047117140e+04  1.517698800000e+01  6.071229526852e-02
 5.456047555286e+04  1.518855600000e+01  6.077366159023e-02
 5.456047993583e+04  1.520956700000e+01  6.095148856432e-02
 5.456534303823e+04  1.489939300000e+01  5.930870188124e-02
 5.456534960847e+04  1.487034000000e+01  5.906007992898e-02
 5.456535611330e+04  1.491787700000e+01  5.930756268530e-02
 5.456536268019e+04  1.492661200000e+01  5.936384236236e-02
 5.457237283552e+04  1.574828700000e+01  6.814464244448e-02
 5.457237981793e+04  1.577156600000e+01  6.601840101717e-02
 5.457238682649e+04  1.577845600000e+01  6.605150674746e-02
 5.457239381608e+04  1.582630200000e+01  6.660537799953e-02
 5.458244393444e+04  1.513252700000e+01  6.056530393609e-02
 5.458245151179e+04  1.510118300000e+01  6.035101003429e-02
 5.458245908300e+04  1.517492200000e+01  6.091699727668e-02
 5.458246668025e+04  1.521673000000e+01  6.127480788254e-02
 5.450553024984e+04  1.517953400000e+01  6.201149043232e-02
 5.450553602918e+04  1.521246300000e+01  6.226116067747e-02
 5.450554178709e+04  1.519782100000e+01  6.213908995684e-02
 5.450554755012e+04  1.522435300000e+01  6.236927051542e-02
 5.452351402230e+04  1.584936800000e+01  6.886519728861e-02
 5.452351745720e+04  1.579160500000e+01  6.813045957396e-02
 5.452352091384e+04  1.581500900000e+01  6.836545552045e-02
 5.452352442247e+04  1.578970300000e+01  6.808336842335e-02
 5.448352302919e+04  1.509443900000e+01  6.387846517408e-02
 5.448352823049e+04  1.511622100000e+01  6.410393699685e-02
 5.448353342693e+04  1.513779700000e+01  6.416961314976e-02
 5.448353881169e+04  1.516938400000e+01  6.447312224316e-02
 5.462534698903e+04  1.524496600000e+01  6.135856487083e-02
 5.462535471186e+04  1.529627200000e+01  6.177301209929e-02
 5.462536243679e+04  1.530104200000e+01  6.183015154173e-02
 5.462537010963e+04  1.530875400000e+01  6.195619307690e-02
 5.464140908756e+04  1.558990700000e+01  6.585620074021e-02
 5.464141621616e+04  1.558063500000e+01  6.589880005411e-02
 5.464142336814e+04  1.555462700000e+01  6.570584169850e-02
 5.464143052786e+04  1.565066500000e+01  6.676340538497e-02
 5.452850305211e+04  1.515185300000e+01  6.022611108705e-02
 5.452850964595e+04  1.507399900000e+01  5.966284017023e-02
 5.452851625773e+04  1.495782200000e+01  5.888816865908e-02
 5.452852286906e+04  1.488737600000e+01  5.846021276558e-02
 5.453750365188e+04  1.547007800000e+01  6.419160451798e-02
 5.453750474071e+04  1.544032100000e+01  6.390099813015e-02
 5.453750582328e+04  1.545747800000e+01  6.399104105553e-02
 5.453750690852e+04  1.546579100000e+01  6.335458102969e-02
 5.454850097083e+04  1.545691800000e+01  6.540172760426e-02
 5.454850585395e+04  1.547785800000e+01  6.561777967459e-02
 5.454851072190e+04  1.548108600000e+01  6.566328780989e-02
 5.454851559274e+04  1.551246800000e+01  6.601854926730e-02
 5.458931739140e+04  1.564819900000e+01  6.478904043717e-02
 5.458932553684e+04  1.566204200000e+01  6.490278759419e-02
 5.458933367624e+04  1.564733000000e+01  6.472437329883e-02
 5.458934180326e+04  1.566270400000e+01  6.485716227518e-02
 5.459633927183e+04  1.555530200000e+01  6.452877561151e-02
 5.459634669615e+04  1.553698900000e+01  6.438245669530e-02
 5.459635415995e+04  1.557189900000e+01  6.463932566653e-02
 5.459636163498e+04  1.557385100000e+01  6.463564825234e-02
 5.474511520448e+04  1.521909500000e+01  6.057200158828e-02
 5.474511995216e+04  1.529912500000e+01  6.121817372099e-02
 5.474512469731e+04  1.527632900000e+01  6.104442731469e-02
 5.474512956515e+04  1.528517500000e+01  6.114641478928e-02
 5.493843883730e+04  1.489897800000e+01  5.871700686626e-02
 5.493844371012e+04  1.489187700000e+01  5.868008211049e-02
 5.493844850620e+04  1.493567200000e+01  5.898063356723e-02
 5.493845338434e+04  1.495156900000e+01  5.906431590278e-02
 5.494445959236e+04  1.483577100000e+01  5.842698266470e-02
 5.494446691275e+04  1.480677800000e+01  5.824390372911e-02
 5.494447414659e+04  1.481244300000e+01  5.827487317740e-02
 5.494448152602e+04  1.485183600000e+01  5.851506772524e-02
 5.505920183498e+04  1.577649300000e+01  6.650563400439e-02
 5.505920914375e+04  1.577334500000e+01  6.649976794987e-02
 5.505921646715e+04  1.580936100000e+01  6.693576855672e-02
 5.505922362779e+04  1.580116800000e+01  6.690093762597e-02
 5.487552539240e+04  1.564966000000e+01  6.705748877790e-02
 5.487553011844e+04  1.565072600000e+01  6.703571247988e-02
 5.487553493257e+04  1.561255200000e+01  6.658041322394e-02
 5.487553975689e+04  1.560673200000e+01  6.645363674965e-02
 5.488850155937e+04  1.513811100000e+01  5.995687167085e-02
 5.488850981557e+04  1.516300700000e+01  6.010891061905e-02
 5.488851811830e+04  1.518596600000e+01  6.026139305887e-02
 5.488852652219e+04  1.522253800000e+01  6.053719491741e-02
 5.484953117253e+04  1.529039600000e+01  6.160199066950e-02
 5.484953852835e+04  1.528592200000e+01  6.160652510497e-02
 5.484954586308e+04  1.533405900000e+01  6.180972389050e-02
 5.484955326773e+04  1.536279600000e+01  6.198586212517e-02
 5.502335333410e+04  1.565970600000e+01  6.615305199423e-02
 5.502335805601e+04  1.566993800000e+01  6.634866366503e-02
 5.502336282905e+04  1.565648400000e+01  6.628916626303e-02
 5.502336763175e+04  1.567111900000e+01  6.663268940982e-02
 5.503422299889e+04  1.550417700000e+01  7.086245680217e-02
 5.503422687038e+04  1.547862800000e+01  6.960895034553e-02
 5.503423064735e+04  1.548896800000e+01  6.979949768847e-02
 5.503423446513e+04  1.547873100000e+01  6.955699108264e-02
 5.500331800294e+04  1.507179500000e+01  6.028276273874e-02
 5.500332272701e+04  1.509111100000e+01  6.044150317448e-02
 5.500332761466e+04  1.512084900000e+01  6.065273266817e-02
 5.500333240078e+04  1.514275800000e+01  6.084560117168e-02
 5.492041210225e+04  1.534271000000e+01  6.201700957518e-02
 5.492042057096e+04  1.538100500000e+01  6.231584632946e-02
 5.492042913704e+04  1.538827400000e+01  6.232446291175e-02
 5.492043781502e+04  1.540700700000e+01  6.249625749703e-02
 5.495528138782e+04  1.564889000000e+01  7.057357354840e-02
 5.495528717943e+04  1.557953100000e+01  8.005649947121e-02
 5.495529301052e+04  1.562388300000e+01  7.276955513929e-02
 5.495529883766e+04  1.568372500000e+01  7.153241118057e-02
 5.496741537751e+04  1.568467700000e+01  6.576071107312e-02
 5.496742225635e+04  1.569038100000e+01  6.586561246644e-02
 5.496742895416e+04  1.571843900000e+01  6.613164679392e-02
 5.496743575403e+04  1.571114900000e+01  6.611924062041e-02
 5.498033605383e+04  1.538970600000e+01  6.277044407040e-02
 5.498034349216e+04  1.540696800000e+01  6.292471057374e-02
 5.498035092890e+04  1.541769300000e+01  6.298281283272e-02
 5.498035835729e+04  1.542029400000e+01  6.306839636215e-02
 5.512608221596e+04  1.562341000000e+01  7.055527555535e-02
 5.512608945963e+04  1.561085600000e+01  7.048532552684e-02
 5.512609690191e+04  1.564273300000e+01  7.105700197700e-02
 5.512610413666e+04  1.565390700000e+01  7.135929999770e-02
 5.509216670135e+04  1.576397300000e+01  6.713529199153e-02
 5.509217211183e+04  1.580691800000e+01  6.773483608638e-02
 5.509217759118e+04  1.579171400000e+01  6.763245256279e-02
 5.509218310014e+04  1.582324200000e+01  6.807183512884e-02
 5.510313071014e+04  1.571658500000e+01  7.264756072166e-02
 5.510313468557e+04  1.571111500000e+01  7.259974532809e-02
 5.510313866378e+04  1.572142400000e+01  7.281586687717e-02
 5.510314263447e+04  1.578591500000e+01  7.384952387157e-02
 5.529346987736e+04  1.530480700000e+01  6.157557506931e-02
 5.529347457377e+04  1.530353500000e+01  6.154706869198e-02
 5.529347916729e+04  1.532571300000e+01  6.170977872409e-02
 5.529348376897e+04  1.532718800000e+01  6.173542046544e-02
 5.530145779918e+04  1.565568800000e+01  6.510910229113e-02
 5.530146252860e+04  1.565377800000e+01  6.505836242982e-02
 5.530146718369e+04  1.565765100000e+01  6.510456764907e-02
 5.530147181381e+04  1.564216000000e+01  6.494607786565e-02
 5.538123664459e+04  1.547106700000e+01  6.353117089933e-02
 5.538124461975e+04  1.528052100000e+01  6.184572019197e-02
 5.538125269851e+04  1.519149900000e+01  6.112378294536e-02
 5.538126071756e+04  1.504983500000e+01  6.010426190181e-02
 5.534940611072e+04  1.506564500000e+01  6.014910380795e-02
 5.534941238339e+04  1.504175100000e+01  5.999576484434e-02
 5.534941875096e+04  1.506174700000e+01  6.015985170674e-02
 5.534942516749e+04  1.503535000000e+01  6.000412798012e-02
 5.535633885523e+04  1.564884300000e+01  6.489927172181e-02
 5.535634630794e+04  1.567206100000e+01  6.518437449573e-02
 5.535635377278e+04  1.567635900000e+01  6.523133597356e-02
 5.535636129354e+04  1.565915500000e+01  6.503262539679e-02
 5.536333527030e+04  1.545094900000e+01  6.315701669896e-02
 5.536334041963e+04  1.548359300000e+01  6.349039920019e-02
 5.536334558473e+04  1.548286500000e+01  6.355639648488e-02
 5.536335075837e+04  1.548666400000e+01  6.359323682586e-02
 5.528046704687e+04  1.563983600000e+01  6.499041757758e-02
 5.528047394296e+04  1.562487900000e+01  6.474898552603e-02
 5.528048080720e+04  1.563686200000e+01  6.493256228029e-02
 5.528048775488e+04  1.560358400000e+01  6.456652710907e-02
 5.532244472066e+04  1.559384300000e+01  6.423157618384e-02
 5.532245099664e+04  1.546023400000e+01  6.299518462024e-02
 5.532245738677e+04  1.527193600000e+01  6.149887881648e-02
 5.532246389255e+04  1.512917100000e+01  6.263208689919e-02
 5.533241858146e+04  1.507183700000e+01  6.001981855054e-02
 5.533242606343e+04  1.509907500000e+01  6.022320131174e-02
 5.533243358628e+04  1.514200400000e+01  6.054927907407e-02
 5.533244113031e+04  1.516989700000e+01  6.078177783353e-02
 5.533931474419e+04  1.570832400000e+01  6.534456038254e-02
 5.533931986771e+04  1.563607600000e+01  6.468435094310e-02
 5.533932502316e+04  1.570019500000e+01  6.536466198260e-02
 5.533933020745e+04  1.569111200000e+01  6.528022440157e-02
 5.548807801081e+04  1.546897200000e+01  6.891560586015e-02
 5.548808618034e+04  1.548906300000e+01  6.930018848061e-02
 5.548809020137e+04  1.544693800000e+01  6.881927915696e-02
 5.544918354016e+04  1.574072300000e+01  6.609853748641e-02
 5.544919382983e+04  1.576049000000e+01  6.638148315426e-02
 5.544919902664e+04  1.573281000000e+01  6.620046328012e-02
 5.567732801881e+04  1.570605300000e+01  6.681229937333e-02
 5.567733663778e+04  1.573056600000e+01  6.711190815277e-02
 5.567734535502e+04  1.578204900000e+01  6.764381261298e-02
 5.567735409516e+04  1.577757400000e+01  6.756016149947e-02
 5.558951590097e+04  1.487653200000e+01  6.243317038009e-02
 5.558952154583e+04  1.486211400000e+01  6.225829347468e-02
 5.558952721660e+04  1.479528400000e+01  6.169616964740e-02
 5.558953283667e+04  1.481604300000e+01  6.181221234213e-02
 5.564849649505e+04  1.546352200000e+01  6.372848939456e-02
 5.564850109299e+04  1.542477500000e+01  6.335174207534e-02
 5.564850563696e+04  1.541861900000e+01  6.328085542398e-02
 5.564851029436e+04  1.545987200000e+01  6.367328082780e-02
 5.568637366025e+04  1.531937500000e+01  6.876413378791e-02
 5.568637937664e+04  1.535129700000e+01  6.370320927609e-02
 5.568638508896e+04  1.541550800000e+01  6.555274554031e-02
 5.568639079633e+04  1.539369400000e+01  6.419975847779e-02
 5.495535362045e+04  1.577257100000e+01  7.194110793452e-02
 5.495535942817e+04  1.579898000000e+01  7.235982571254e-02
 5.495536538472e+04  1.578839100000e+01  7.214777412224e-02
 5.495537120480e+04  1.582702000000e+01  7.274556720927e-02
 5.544918354016e+04  1.564817900000e+01  6.522500285355e-02
 5.544919382983e+04  1.566214600000e+01  6.546471021579e-02
 5.544919902664e+04  1.562925000000e+01  6.525374911513e-02
 5.582413233693e+04  1.502816300000e+01  5.964292827207e-02
 5.582413907058e+04  1.501191700000e+01  5.953871477903e-02
 5.582414585413e+04  1.500281000000e+01  5.952145569487e-02
 5.582415278829e+04  1.503420200000e+01  5.975215478810e-02
 5.585609395753e+04  1.518610100000e+01  6.189636443382e-02
 5.585610012288e+04  1.524326400000e+01  6.250608924040e-02
 5.585610844903e+04  1.525163900000e+01  6.315829486432e-02
 5.585611468660e+04  1.527164700000e+01  6.298957036318e-02
 5.600746306816e+04  1.566861800000e+01  6.229223225267e-02
 5.600747134381e+04  1.566659300000e+01  6.228403221372e-02
 5.600747954703e+04  1.567032600000e+01  6.230219474687e-02
 5.600748767313e+04  1.564286000000e+01  6.203824961953e-02
 5.603844794376e+04  1.510442500000e+01  6.066540889588e-02
 5.603845359134e+04  1.509363300000e+01  6.059078213501e-02
 5.603845923449e+04  1.511551600000e+01  6.076139239065e-02
 5.603846487979e+04  1.515699300000e+01  6.106101888445e-02
 5.604633747575e+04  1.550615800000e+01  6.160188331942e-02
 5.604634778476e+04  1.555660000000e+01  6.199358376523e-02
 5.604635804862e+04  1.555367200000e+01  6.194890650283e-02
 5.604636834385e+04  1.557623200000e+01  6.213644372939e-02
 5.607435026532e+04  1.555274600000e+01  6.360405190813e-02
 5.607435587730e+04  1.556161000000e+01  6.370871389782e-02
 5.607436152943e+04  1.558437800000e+01  6.392076303704e-02
 5.607436715787e+04  1.558325300000e+01  6.394804325303e-02
 5.608638677032e+04  1.546456200000e+01  6.305093602706e-02
 5.608639190032e+04  1.547461100000e+01  6.314306576716e-02
 5.608639705102e+04  1.549043700000e+01  6.331441693576e-02
 5.608640215000e+04  1.549376000000e+01  6.336163698851e-02
 5.609333386418e+04  1.525918400000e+01  6.207782084858e-02
 5.609334064831e+04  1.517814900000e+01  6.138631399384e-02
 5.609334738712e+04  1.511417700000e+01  6.108214210433e-02
 5.609335418097e+04  1.504119100000e+01  6.053399890920e-02
 5.618715773426e+04  1.561394500000e+01  6.234784695387e-02
 5.618716279343e+04  1.563459200000e+01  6.258100362188e-02
 5.618716787079e+04  1.564224200000e+01  6.267915075092e-02
 5.618717287369e+04  1.564877500000e+01  6.274852958470e-02
 5.621010193859e+04  1.559121400000e+01  6.531368553095e-02
 5.621010818242e+04  1.556622900000e+01  6.507761877050e-02
 5.621011384716e+04  1.559063500000e+01  6.538684998306e-02
 5.621011947203e+04  1.557697500000e+01  6.531288294907e-02
