# time mag mag_err
 5.352622837204e+04  1.573167900000e+01  6.546245504983e-02
 5.352623721345e+04  1.574020400000e+01  6.557632267398e-02
 5.352624541513e+04  1.575931900000e+01  6.580832657497e-02
 5.352625360130e+04  1.577996200000e+01  6.604533346660e-02
 5.353419224583e+04  1.549881800000e+01  6.246976152265e-02
 5.350934244874e+04  1.591151800000e+01  6.736975072150e-02
 5.350935060678e+04  1.593192700000e+01  6.765907841185e-02
 5.350935877409e+04  1.588793300000e+01  6.710166382771e-02
 5.350936693016e+04  1.579719700000e+01  6.606133418509e-02
 5.383423091398e+04  1.595178400000e+01  7.580000122735e-02
 5.383423819351e+04  1.599781100000e+01  7.649516292344e-02
 5.383424547847e+04  1.598147800000e+01  7.619780896101e-02
 5.383425280812e+04  1.595782500000e+01  7.575676782174e-02
 5.385434530466e+04  1.530555200000e+01  6.227442697064e-02
 5.385435307196e+04  1.531230900000e+01  6.234542594449e-02
 5.385436073322e+04  1.529978600000e+01  6.222741314742e-02
 5.385436838035e+04  1.532909100000e+01  6.250684980267e-02
 5.385526911449e+04  1.571244100000e+01  6.591709506964e-02
 5.385527659959e+04  1.568625600000e+01  6.563702575668e-02
 5.385528380503e+04  1.572214100000e+01  6.606670087338e-02
 5.385529107080e+04  1.570756900000e+01  6.588287615723e-02
 5.374639562122e+04  1.560469800000e+01  6.677812945726e-02
 5.374640442212e+04  1.553517700000e+01  6.565211046796e-02
 5.374641321653e+04  1.556907600000e+01  6.581494012514e-02
 5.374642193398e+04  1.564661500000e+01  6.651261725007e-02
 5.390234039012e+04  1.585829400000e+01  1.215666399845e-01
 5.390234138056e+04  1.573920500000e+01  1.166164510059e-01
 5.390234240828e+04  1.575350000000e+01  1.174183278044e-01
 5.390234340728e+04  1.576323500000e+01  1.177672408604e-01
 5.379637811108e+04  1.593548400000e+01  6.782713751250e-02
 5.379638504985e+04  1.595313300000e+01  6.801733003111e-02
 5.379639199279e+04  1.599256200000e+01  6.848607363245e-02
 5.379639894464e+04  1.600211000000e+01  6.862673405246e-02
 5.386128905679e+04  1.538153000000e+01  6.265793375753e-02
 5.386129874662e+04  1.543684500000e+01  6.318245040816e-02
 5.386130837234e+04  1.545015500000e+01  6.335658891476e-02
 5.386131733991e+04  1.545582500000e+01  6.344000953116e-02
 5.388323998907e+04  1.536477800000e+01  6.285019761942e-02
 5.388324664543e+04  1.532934100000e+01  6.235622573437e-02
 5.388325321335e+04  1.528489000000e+01  6.199904538653e-02
 5.388325973068e+04  1.530083100000e+01  6.210310805161e-02
 5.420935586132e+04  1.584659400000e+01  6.637984594032e-02
 5.420936291329e+04  1.584553200000e+01  6.641147816259e-02
 5.420936996573e+04  1.583860000000e+01  6.629062871770e-02
 5.420937698043e+04  1.584215200000e+01  6.588716277558e-02
 5.426527202669e+04  1.570176300000e+01  6.609913658288e-02
 5.426528020858e+04  1.560556300000e+01  6.512369896360e-02
 5.426529218082e+04  1.549480100000e+01  6.402322789566e-02
 5.426530037301e+04  1.546893500000e+01  6.384304050450e-02
 5.427324478426e+04  1.580413700000e+01  6.685502851410e-02
 5.427325137395e+04  1.579762800000e+01  6.687143957370e-02
 5.427325795575e+04  1.581578500000e+01  6.710966892064e-02
 5.427326454705e+04  1.583959000000e+01  6.742244995145e-02
 5.416938532678e+04  1.589182700000e+01  6.647082209285e-02
 5.416938854326e+04  1.586073500000e+01  6.613051805721e-02
 5.416939175338e+04  1.589349500000e+01  6.647840353088e-02
 5.417733612076e+04  1.552308900000e+01  6.309714573175e-02
 5.417734324358e+04  1.554536100000e+01  6.331388119384e-02
 5.417735035573e+04  1.555749000000e+01  6.338069075435e-02
 5.417735751859e+04  1.556336700000e+01  6.343330649484e-02
 5.423233377681e+04  1.534557700000e+01  6.192600450299e-02
 5.423234086905e+04  1.537617300000e+01  6.222227726076e-02
 5.423234794961e+04  1.537650000000e+01  6.223480531445e-02
 5.423235503503e+04  1.540989200000e+01  6.260597140153e-02
 5.424027052344e+04  1.584031000000e+01  6.696400549560e-02
 5.424028023955e+04  1.581799600000e+01  6.656752246036e-02
 5.424028989789e+04  1.587420900000e+01  6.725314274080e-02
 5.424029942591e+04  1.587036900000e+01  6.723805754192e-02
 5.456042883041e+04  1.586686300000e+01  6.661036542412e-02
 5.456043388736e+04  1.584327700000e+01  6.636171097836e-02
 5.456043894803e+04  1.589583200000e+01  6.693131126115e-02
 5.456044398544e+04  1.587070300000e+01  6.666829140295e-02
 5.456824851110e+04  1.527752900000e+01  6.076791592393e-02
 5.456825502682e+04  1.528169000000e+01  6.052738315520e-02
 5.456826153929e+04  1.531318900000e+01  6.104529111887e-02
 5.456826805385e+04  1.532162600000e+01  6.109886025612e-02
 5.458433356638e+04  1.567993200000e+01  6.438993407883e-02
 5.458434031104e+04  1.570104400000e+01  6.461993666460e-02
 5.458434702480e+04  1.572307900000e+01  6.481166861622e-02
 5.458435364793e+04  1.575627900000e+01  6.521874135645e-02
 5.450836490422e+04  1.529469900000e+01  6.090389626509e-02
 5.451534767904e+04  1.552519900000e+01  6.297950519997e-02
 5.451535260775e+04  1.551992700000e+01  6.291684799932e-02
 5.451535756378e+04  1.555203700000e+01  6.319711514585e-02
 5.451536247537e+04  1.551787600000e+01  6.291516716186e-02
 5.462822603017e+04  1.545508400000e+01  6.239632321499e-02
 5.462823433198e+04  1.547651900000e+01  6.258117500550e-02
 5.462824253389e+04  1.552233900000e+01  6.298915620700e-02
 5.462825069622e+04  1.549282800000e+01  6.274848479868e-02
 5.453551047810e+04  1.578486000000e+01  6.522401380564e-02
 5.453551613811e+04  1.577475100000e+01  6.516755225509e-02
 5.453552182601e+04  1.579962000000e+01  6.543491330434e-02
 5.453552749191e+04  1.578306000000e+01  6.525586815375e-02
 5.459345642199e+04  1.585730000000e+01  7.396839244753e-02
 5.459346032566e+04  1.588848800000e+01  7.459112020184e-02
 5.459346421890e+04  1.582524000000e+01  7.365407217120e-02
 5.459346818692e+04  1.589393100000e+01  7.486631037230e-02
 5.494334974178e+04  1.587868400000e+01  6.641140019207e-02
 5.494335521291e+04  1.583099500000e+01  6.592081804145e-02
 5.494336056514e+04  1.582343800000e+01  6.584824693281e-02
 5.494336600280e+04  1.572354600000e+01  6.479780994050e-02
 5.504518794763e+04  1.593578300000e+01  7.499801715817e-02
 5.504519287079e+04  1.596128000000e+01  7.551610738387e-02
 5.504519774221e+04  1.596686600000e+01  7.567058760811e-02
 5.504520267740e+04  1.600521100000e+01  7.645744215908e-02
 5.506113581184e+04  1.538663000000e+01  6.653264982538e-02
 5.506114166838e+04  1.538647600000e+01  6.658105417789e-02
 5.506114748652e+04  1.530479000000e+01  6.571951844754e-02
 5.506115340394e+04  1.529153300000e+01  6.560709470705e-02
 5.486236813653e+04  1.558853700000e+01  6.339368929516e-02
 5.486237729890e+04  1.561783600000e+01  6.363584529199e-02
 5.486238653166e+04  1.558247200000e+01  6.325335446194e-02
 5.486239571162e+04  1.562468000000e+01  6.361790555060e-02
 5.501721407641e+04  1.549999600000e+01  6.753998306390e-02
 5.501721803390e+04  1.555187800000e+01  6.824763557881e-02
 5.501722200102e+04  1.554307200000e+01  6.816191254275e-02
 5.501722591059e+04  1.553006300000e+01  6.800579602957e-02
 5.500533608128e+04  1.563590100000e+01  6.665297702901e-02
 5.500534123189e+04  1.557581500000e+01  6.538171700300e-02
 5.500534643785e+04  1.553861800000e+01  6.526335872944e-02
 5.500535153439e+04  1.553371200000e+01  6.509486099406e-02
 5.489139313244e+04  1.573305000000e+01  6.439202207755e-02
 5.489140037424e+04  1.575680700000e+01  6.463956713313e-02
 5.489140767681e+04  1.577427600000e+01  6.477522986934e-02
 5.489141508885e+04  1.578250000000e+01  6.488823359581e-02
 5.490645587241e+04  1.561308500000e+01  6.330906929779e-02
 5.490646150476e+04  1.561924900000e+01  6.338762982584e-02
 5.490646710145e+04  1.566985800000e+01  6.385202394380e-02
 5.490647266318e+04  1.566067400000e+01  6.378483828053e-02
 5.491442332837e+04  1.596848600000e+01  6.706698751439e-02
 5.491443502133e+04  1.592557000000e+01  6.658610475673e-02
 5.491444658604e+04  1.581315200000e+01  6.536405578547e-02
 5.491445809785e+04  1.563531000000e+01  6.365440478808e-02
 5.496430331931e+04  1.565693400000e+01  6.423530986820e-02
 5.496431005297e+04  1.565095800000e+01  6.420094005768e-02
 5.496431665032e+04  1.567509000000e+01  6.441864848058e-02
 5.496432338112e+04  1.567650000000e+01  6.450664449955e-02
 5.529730434687e+04  1.531862000000e+01  6.131602391745e-02
 5.529731069627e+04  1.531611300000e+01  6.127413828987e-02
 5.529731706466e+04  1.532955600000e+01  6.142544639614e-02
 5.529732346419e+04  1.534119900000e+01  6.151822694811e-02
 5.537025132204e+04  1.529857400000e+01  6.134299839161e-02
 5.537025643838e+04  1.527248400000e+01  6.115170462780e-02
 5.537026156012e+04  1.528426700000e+01  6.129124066354e-02
 5.537026676882e+04  1.529092200000e+01  6.132440181374e-02
 5.527529625595e+04  1.535656600000e+01  6.166081909033e-02
 5.527530210520e+04  1.537494800000e+01  6.176685725369e-02
 5.527530794372e+04  1.538532800000e+01  6.181711940917e-02
 5.527531377186e+04  1.540217400000e+01  6.193158810685e-02
 5.532140739321e+04  1.537974600000e+01  6.180219024589e-02
 5.532141262101e+04  1.534450600000e+01  6.155678923411e-02
 5.532141787591e+04  1.538836400000e+01  6.193828026724e-02
 5.532142309804e+04  1.537069100000e+01  6.183130722285e-02
 5.533033445105e+04  1.528008100000e+01  6.127427167838e-02
 5.533034189425e+04  1.529975800000e+01  6.335962738856e-02
 5.533034942936e+04  1.527081800000e+01  7.691683501940e-02
 5.533035696010e+04  1.524258400000e+01  7.859971952765e-02
 5.565933313288e+04  1.569007600000e+01  6.541446644830e-02
 5.565933999008e+04  1.556450800000e+01  6.403669869535e-02
 5.565934758458e+04  1.552860900000e+01  6.370066608188e-02
 5.565935454954e+04  1.549866200000e+01  6.340024939568e-02
 5.567823846587e+04  1.575669900000e+01  6.597124144665e-02
 5.567824413699e+04  1.569941100000e+01  6.534536544539e-02
 5.567824985973e+04  1.576860300000e+01  6.604421849779e-02
 5.567825559209e+04  1.577267400000e+01  6.608349778901e-02
 5.561552186300e+04  1.558900900000e+01  6.678455486515e-02
 5.561552643453e+04  1.559482400000e+01  6.684081269083e-02
 5.561553105015e+04  1.558472700000e+01  6.671540706487e-02
 5.561553564668e+04  1.560599600000e+01  6.697499223696e-02
 5.563630729880e+04  1.569844600000e+01  7.142957529867e-02
 5.563631373375e+04  1.580949400000e+01  7.290762863153e-02
 5.563632018257e+04  1.576698100000e+01  7.227212638530e-02
 5.563632668141e+04  1.583343000000e+01  7.317910565477e-02
 5.353419906932e+04  1.540044300000e+01  6.225244227256e-02
 5.353420783781e+04  1.534987000000e+01  6.181016925862e-02
 5.353421656289e+04  1.530554400000e+01  6.146262185199e-02
 5.353422535940e+04  1.528056000000e+01  6.128124022729e-02
 5.416940238111e+04  1.590348900000e+01  6.996753659928e-02
 5.416940483053e+04  1.585243900000e+01  6.765935607244e-02
 5.416940748969e+04  1.588423000000e+01  6.637618468775e-02
 5.416941022559e+04  1.583977700000e+01  6.588817983417e-02
 5.450836787091e+04  1.528927800000e+01  6.083002614394e-02
 5.450837317118e+04  1.530171900000e+01  6.091347714005e-02
 5.450837848846e+04  1.532340900000e+01  6.105534365977e-02
 5.450838381859e+04  1.531513800000e+01  6.099428780059e-02
 5.601824472980e+04  1.554624200000e+01  6.366760173680e-02
 5.601825271727e+04  1.561029900000e+01  6.424380429241e-02
 5.601826071501e+04  1.558284200000e+01  6.391898765842e-02
 5.601826875164e+04  1.561632700000e+01  6.426099751347e-02
 5.603938263942e+04  1.542736400000e+01  6.275691429664e-02
 5.603938943181e+04  1.539033600000e+01  6.243004522357e-02
 5.603939617023e+04  1.534620300000e+01  6.210455968958e-02
 5.603940294395e+04  1.530951000000e+01  6.179311258291e-02
 5.606529887748e+04  1.588735100000e+01  6.627340947966e-02
 5.606530611557e+04  1.585413900000e+01  6.590251324891e-02
 5.606531342852e+04  1.586301800000e+01  6.593521889955e-02
 5.606532062425e+04  1.582163300000e+01  6.551870247705e-02
 5.609224265916e+04  1.583361900000e+01  6.601751230344e-02
 5.609225240730e+04  1.589334700000e+01  6.669258398450e-02
 5.609226212834e+04  1.587365400000e+01  6.650833134486e-02
 5.609227183081e+04  1.592687000000e+01  6.718393171051e-02
