# time mag mag_err
 5.533917751550e+04  1.551591000000e+01  6.310113045500e-02
 5.347036079591e+04  1.550905000000e+01  6.456390383397e-02
 5.347036804465e+04  1.549318900000e+01  6.437788179019e-02
 5.347037531839e+04  1.550109200000e+01  6.452208161498e-02
 5.347038265186e+04  1.550114200000e+01  6.456009134611e-02
 5.348030322145e+04  1.541888700000e+01  6.215455586814e-02
 5.348031170891e+04  1.544386400000e+01  6.238527990732e-02
 5.348032013317e+04  1.544965100000e+01  6.238321426922e-02
 5.348032857039e+04  1.543591100000e+01  6.222003178385e-02
 5.356022351765e+04  1.510427000000e+01  6.011456335246e-02
 5.356023138366e+04  1.514106700000e+01  6.040444678267e-02
 5.356023924435e+04  1.513227400000e+01  6.031875457188e-02
 5.356024713398e+04  1.514570600000e+01  6.045688375662e-02
 5.355021653716e+04  1.514675300000e+01  6.042198281481e-02
 5.355123491662e+04  1.540756600000e+01  6.256207426231e-02
 5.355124258170e+04  1.541122300000e+01  6.262073759265e-02
 5.355125016147e+04  1.544162600000e+01  6.288839450809e-02
 5.355125775410e+04  1.543708100000e+01  6.289486141125e-02
 5.350632316214e+04  1.523620300000e+01  6.242658926283e-02
 5.350633091484e+04  1.522842700000e+01  6.237541298620e-02
 5.350633875181e+04  1.526764400000e+01  6.275210242930e-02
 5.350634653448e+04  1.525736600000e+01  6.281546548615e-02
 5.385123157980e+04  1.541865500000e+01  6.328230641514e-02
 5.385123848490e+04  1.543620400000e+01  6.337316972262e-02
 5.385124539079e+04  1.543885700000e+01  6.340474161538e-02
 5.385125229565e+04  1.545364900000e+01  6.350519772575e-02
 5.379351551280e+04  1.547993400000e+01  6.293627500542e-02
 5.379352038307e+04  1.551570200000e+01  6.328733948122e-02
 5.379352524882e+04  1.550584700000e+01  6.319382728160e-02
 5.379353012418e+04  1.550932300000e+01  6.321913520222e-02
 5.390037770826e+04  1.510095100000e+01  9.888608681884e-02
 5.390037868308e+04  1.514231300000e+01  1.004563225378e-01
 5.390037967965e+04  1.508731300000e+01  9.859582462597e-02
 5.390038067310e+04  1.519334800000e+01  1.019737769298e-01
 5.381940759132e+04  1.517018200000e+01  6.210248045814e-02
 5.381941642694e+04  1.520770900000e+01  6.227693787143e-02
 5.381942524671e+04  1.522588900000e+01  6.408855083410e-02
 5.381943414241e+04  1.521969200000e+01  6.274332813851e-02
 5.385931519579e+04  1.552877800000e+01  6.422140409635e-02
 5.385932162991e+04  1.557969800000e+01  6.469815074661e-02
 5.385932803647e+04  1.552778200000e+01  6.420065865650e-02
 5.385933445809e+04  1.547776100000e+01  6.371094882068e-02
 5.386633569271e+04  1.519610100000e+01  9.334876072379e-02
 5.386633642747e+04  1.520349100000e+01  9.300180995181e-02
 5.386633728363e+04  1.515243600000e+01  9.187573804178e-02
 5.386633813032e+04  1.514614300000e+01  9.148877461778e-02
 5.387929058574e+04  1.555471000000e+01  6.414730987512e-02
 5.387929858289e+04  1.559339300000e+01  6.453298536875e-02
 5.387930658434e+04  1.560783400000e+01  6.464759250067e-02
 5.387931457165e+04  1.561534400000e+01  6.475862244403e-02
 5.388629845841e+04  1.559864900000e+01  6.489412701673e-02
 5.388630653278e+04  1.556994000000e+01  6.460930262223e-02
 5.388631461419e+04  1.555319700000e+01  6.449590307472e-02
 5.388632266483e+04  1.550133400000e+01  6.402191617813e-02
 5.399212213674e+04  1.512337200000e+01  5.983269199962e-02
 5.399212692841e+04  1.514130100000e+01  5.998634245878e-02
 5.399213171094e+04  1.513131000000e+01  5.993421130354e-02
 5.399213649301e+04  1.515088500000e+01  6.015724898478e-02
 5.420442148332e+04  1.536944600000e+01  6.165847332412e-02
 5.420442941880e+04  1.537823300000e+01  6.171962591762e-02
 5.420443734685e+04  1.540008000000e+01  6.193580769647e-02
 5.420444518091e+04  1.541515600000e+01  6.204193369075e-02
 5.414052120335e+04  1.543720800000e+01  1.031816833927e-01
 5.414052221382e+04  1.537919000000e+01  1.034053823044e-01
 5.414052322856e+04  1.546138100000e+01  1.078163217395e-01
 5.414052424564e+04  1.540706200000e+01  1.034453889615e-01
 5.425723312322e+04  1.559916800000e+01  6.446642674930e-02
 5.425723973384e+04  1.560990300000e+01  6.437359941898e-02
 5.425724631670e+04  1.560340500000e+01  6.443767059895e-02
 5.425725290429e+04  1.558674700000e+01  6.434710289026e-02
 5.426723383443e+04  1.558955600000e+01  6.457726893256e-02
 5.426724190405e+04  1.559468400000e+01  6.562631070971e-02
 5.426724998731e+04  1.557613300000e+01  6.515631639061e-02
 5.426725806804e+04  1.557303900000e+01  6.494620381486e-02
 5.417140766277e+04  1.547415400000e+01  6.236634621356e-02
 5.417141357000e+04  1.549029700000e+01  6.247118840275e-02
 5.417141948396e+04  1.548425600000e+01  6.242355071355e-02
 5.417142541237e+04  1.550079900000e+01  6.256403674237e-02
 5.422828805723e+04  1.529320900000e+01  6.229511811238e-02
 5.422829668289e+04  1.545952100000e+01  6.501017834432e-02
 5.422830527800e+04  1.534364000000e+01  6.193615013230e-02
 5.422831391928e+04  1.534189700000e+01  6.230162560855e-02
 5.423526697741e+04  1.536227200000e+01  6.386587012530e-02
 5.423527144244e+04  1.539157600000e+01  6.255904647939e-02
 5.423527592866e+04  1.540107300000e+01  6.258875709924e-02
 5.423528042588e+04  1.538503400000e+01  6.239110901910e-02
 5.424233795889e+04  1.548889400000e+01  6.350735727701e-02
 5.424234549826e+04  1.550206800000e+01  6.364272802081e-02
 5.424235306473e+04  1.548981200000e+01  6.354308769894e-02
 5.424236063814e+04  1.547426900000e+01  6.343817106839e-02
 5.434712218242e+04  1.538946500000e+01  5.978538803511e-02
 5.434713013421e+04  1.539609700000e+01  5.986800352436e-02
 5.434713805243e+04  1.538750300000e+01  5.984246599238e-02
 5.434714600236e+04  1.538265600000e+01  5.986215272496e-02
 5.455933387028e+04  1.549218300000e+01  6.271761342499e-02
 5.455934303799e+04  1.550547400000e+01  6.282658708631e-02
 5.455935220788e+04  1.550740300000e+01  6.280432123194e-02
 5.455936139758e+04  1.551861800000e+01  6.291880087343e-02
 5.456528793446e+04  1.528582300000e+01  6.155364117386e-02
 5.456529448929e+04  1.531008700000e+01  6.169235511771e-02
 5.456530102260e+04  1.529501100000e+01  6.159970682082e-02
 5.456530762084e+04  1.530000000000e+01  6.160888315383e-02
 5.457144970628e+04  1.529284300000e+01  6.072923506585e-02
 5.457145618877e+04  1.529533200000e+01  6.073989032801e-02
 5.457146266005e+04  1.531390400000e+01  6.092903993579e-02
 5.457146916662e+04  1.530709700000e+01  6.089529497343e-02
 5.458238585355e+04  1.545289800000e+01  6.257022786430e-02
 5.458239236881e+04  1.543448400000e+01  6.243104524399e-02
 5.458239889517e+04  1.548020700000e+01  6.283979125603e-02
 5.458240541529e+04  1.543857000000e+01  6.251086386317e-02
 5.450441650927e+04  1.535450900000e+01  6.015910814385e-02
 5.450442438558e+04  1.535373300000e+01  6.009998564588e-02
 5.450443225380e+04  1.536435600000e+01  6.014836198270e-02
 5.450444015720e+04  1.538385700000e+01  6.025387606536e-02
 5.451545976794e+04  1.548613600000e+01  6.371245648956e-02
 5.451546538755e+04  1.550700100000e+01  6.283262587307e-02
 5.451547088238e+04  1.550258500000e+01  6.264493035092e-02
 5.451547640731e+04  1.548522000000e+01  6.252288042986e-02
 5.446651932808e+04  1.525146500000e+01  6.046558551149e-02
 5.446652583604e+04  1.523797700000e+01  6.033873269851e-02
 5.446653233405e+04  1.524118200000e+01  6.032599213926e-02
 5.446653884086e+04  1.526425300000e+01  6.049136056509e-02
 5.462629991090e+04  1.537355700000e+01  6.194288596282e-02
 5.462630711172e+04  1.539407500000e+01  6.219662819466e-02
 5.462631433812e+04  1.540169500000e+01  6.225611351529e-02
 5.462632154334e+04  1.539243200000e+01  6.222934084465e-02
 5.464130298726e+04  1.560990300000e+01  6.469419611131e-02
 5.464130947612e+04  1.556452400000e+01  6.454468183668e-02
 5.464131597934e+04  1.560381600000e+01  6.500226791696e-02
 5.464132253869e+04  1.559720300000e+01  6.505444105946e-02
 5.452747579940e+04  1.528579200000e+01  6.064029620879e-02
 5.452748229116e+04  1.527848300000e+01  6.056834720769e-02
 5.452748876544e+04  1.528929900000e+01  6.066466927576e-02
 5.452749524435e+04  1.531776300000e+01  6.092769728564e-02
 5.453640620436e+04  1.558596900000e+01  6.328167817520e-02
 5.453641223811e+04  1.559333500000e+01  6.334841432830e-02
 5.453641828263e+04  1.560302200000e+01  6.338354364189e-02
 5.453642433003e+04  1.559012700000e+01  6.340745846103e-02
 5.458839501464e+04  1.528484200000e+01  6.081712493485e-02
 5.458840066307e+04  1.527171700000e+01  6.074127320016e-02
 5.458840624506e+04  1.528848900000e+01  6.086597350596e-02
 5.458841192693e+04  1.531475700000e+01  6.109821373454e-02
 5.459332252701e+04  1.549608400000e+01  6.292293773393e-02
 5.459332843426e+04  1.550719100000e+01  6.300942995009e-02
 5.459333433177e+04  1.549130900000e+01  6.284472268978e-02
 5.459334024120e+04  1.549961400000e+01  6.294854783556e-02
 5.459922703316e+04  1.529676400000e+01  6.149227063074e-02
 5.459923357331e+04  1.530873100000e+01  6.159293297551e-02
 5.459924002142e+04  1.530561600000e+01  6.154195066943e-02
 5.459924650253e+04  1.532334100000e+01  6.164312576191e-02
 5.471513377553e+04  1.549088900000e+01  6.283020941520e-02
 5.471514031961e+04  1.551713600000e+01  6.312429628992e-02
 5.471514684528e+04  1.554508500000e+01  6.312575584845e-02
 5.471515335116e+04  1.553796600000e+01  6.349405720496e-02
 5.492337044653e+04  1.548239300000e+01  6.245815196763e-02
 5.492337688240e+04  1.548600900000e+01  6.246875530491e-02
 5.492338331050e+04  1.551219600000e+01  6.268996404553e-02
 5.492338967715e+04  1.549669500000e+01  6.252563450416e-02
 5.494438981017e+04  1.559602400000e+01  6.368905537842e-02
 5.494439691471e+04  1.559976900000e+01  6.374906200692e-02
 5.494440418937e+04  1.559444500000e+01  6.368087809987e-02
 5.494441116984e+04  1.580119200000e+01  7.124557905104e-02
 5.507213211567e+04  1.548495300000e+01  6.833510417329e-02
 5.507213848302e+04  1.544147100000e+01  6.790734228323e-02
 5.507214485661e+04  1.544246900000e+01  6.805895312825e-02
 5.507215115080e+04  1.546320200000e+01  6.836880104176e-02
 5.488842363872e+04  1.527590600000e+01  6.044621974877e-02
 5.488843205325e+04  1.529823900000e+01  6.058187692666e-02
 5.488844061826e+04  1.529794700000e+01  6.059084073583e-02
 5.488844908801e+04  1.530690300000e+01  6.064073771877e-02
 5.486151751622e+04  1.539204200000e+01  6.131615907311e-02
 5.486152241356e+04  1.537944900000e+01  6.121797520660e-02
 5.486152727758e+04  1.538296400000e+01  6.124236755685e-02
 5.486153213743e+04  1.538162600000e+01  6.121139117557e-02
 5.499922865133e+04  1.536952000000e+01  6.165638149257e-02
 5.499923697583e+04  1.529568300000e+01  6.101293560490e-02
 5.499924534605e+04  1.528130400000e+01  6.089886392286e-02
 5.499925378700e+04  1.525952200000e+01  6.076003440185e-02
 5.490847472928e+04  1.528117100000e+01  6.056003376069e-02
 5.490848139247e+04  1.529759800000e+01  6.070907001361e-02
 5.490848815542e+04  1.529664300000e+01  6.076253966944e-02
 5.490849487172e+04  1.530463400000e+01  6.088358264678e-02
 5.491647678054e+04  1.551750600000e+01  6.294516891999e-02
 5.491648605579e+04  1.554018200000e+01  6.310877977450e-02
 5.491649529052e+04  1.555892600000e+01  6.327500691484e-02
 5.491650456993e+04  1.551036100000e+01  6.289617387813e-02
 5.495440120566e+04  1.558463200000e+01  6.840528980597e-02
 5.495442107578e+04  1.561135200000e+01  6.523932697207e-02
 5.496532083887e+04  1.524958500000e+01  6.082094271457e-02
 5.496532695417e+04  1.521986800000e+01  6.030291591236e-02
 5.496533301118e+04  1.521339500000e+01  6.053466121692e-02
 5.496533910469e+04  1.518305200000e+01  6.033257837253e-02
 5.498029679971e+04  1.539708600000e+01  6.228967387267e-02
 5.498030489203e+04  1.539090000000e+01  6.223886699609e-02
 5.498031290773e+04  1.541589600000e+01  6.246368111466e-02
 5.498032101983e+04  1.540301100000e+01  6.234694365879e-02
 5.509710369142e+04  1.557326300000e+01  6.417364711775e-02
 5.509710853556e+04  1.561175600000e+01  6.464867997694e-02
 5.509711343337e+04  1.558369400000e+01  6.444737794425e-02
 5.509711832866e+04  1.558040700000e+01  6.451326458160e-02
 5.529045837543e+04  1.548914000000e+01  6.521492091891e-02
 5.529046356813e+04  1.545101200000e+01  6.479892295760e-02
 5.529046866711e+04  1.551653100000e+01  6.552166547075e-02
 5.529047376036e+04  1.553258300000e+01  6.570018077390e-02
 5.529935082902e+04  1.513392900000e+01  5.983862807628e-02
 5.529935659059e+04  1.515652200000e+01  5.996888135571e-02
 5.529936239771e+04  1.515222800000e+01  5.994438652918e-02
 5.529936824287e+04  1.514536500000e+01  5.990869714302e-02
 5.538117738825e+04  1.523995900000e+01  6.089560521366e-02
 5.538118531781e+04  1.525209500000e+01  6.104471523249e-02
 5.538119328766e+04  1.524730900000e+01  6.095158233791e-02
 5.538120123183e+04  1.527037000000e+01  6.119300884386e-02
 5.535726926326e+04  1.523755600000e+01  6.085082453705e-02
 5.535727556795e+04  1.524766400000e+01  6.088695736204e-02
 5.535728189933e+04  1.524551300000e+01  6.090296402735e-02
 5.535728819200e+04  1.525551900000e+01  6.096100557783e-02
 5.536534654632e+04  1.554160900000e+01  6.347908602758e-02
 5.536535194392e+04  1.553064100000e+01  6.343861826231e-02
 5.536535740279e+04  1.556320800000e+01  6.378783746929e-02
 5.536536281984e+04  1.553589900000e+01  6.357262916551e-02
 5.527436230392e+04  1.549157500000e+01  6.277132950623e-02
 5.527436986694e+04  1.550858600000e+01  6.286939916699e-02
 5.527437732652e+04  1.551189300000e+01  6.289110685523e-02
 5.527438486844e+04  1.551816100000e+01  6.290704578035e-02
 5.532834552272e+04  1.550615200000e+01  6.294174655227e-02
 5.532835248429e+04  1.551041300000e+01  6.300191167124e-02
 5.532835945606e+04  1.550493100000e+01  6.293563682031e-02
 5.532836644939e+04  1.550717300000e+01  6.302921975452e-02
 5.533917298106e+04  1.551396700000e+01  6.304419879884e-02
 5.533918209733e+04  1.551080800000e+01  6.304090292213e-02
 5.533918668331e+04  1.552723800000e+01  6.314774314258e-02
 5.534027071800e+04  1.521751800000e+01  6.054942346069e-02
 5.534027641622e+04  1.520328800000e+01  6.044189847731e-02
 5.534028217670e+04  1.518709000000e+01  6.033318546713e-02
 5.534028789690e+04  1.521109500000e+01  6.052752687796e-02
 5.565742743514e+04  1.537300100000e+01  6.229954986880e-02
 5.565743258123e+04  1.536842900000e+01  6.231454114615e-02
 5.565743775593e+04  1.538052700000e+01  6.235355468936e-02
 5.565744293049e+04  1.538530600000e+01  6.237207318892e-02
 5.567622631966e+04  1.551820100000e+01  6.718619417402e-02
 5.567623387479e+04  1.553364200000e+01  6.746205803311e-02
 5.567624150263e+04  1.552561200000e+01  6.724357918300e-02
 5.567624907152e+04  1.553349900000e+01  6.721636045099e-02
 5.563148742311e+04  1.553198100000e+01  6.357054610395e-02
 5.563149257407e+04  1.551016800000e+01  6.342106138481e-02
 5.563149776056e+04  1.554310200000e+01  6.369620565634e-02
 5.563150296671e+04  1.552710800000e+01  6.358707176044e-02
 5.564938337359e+04  1.528231000000e+01  6.157557506931e-02
 5.564939147216e+04  1.525710700000e+01  6.139453469865e-02
 5.564939959078e+04  1.523574900000e+01  6.120468419205e-02
 5.564940770553e+04  1.520892000000e+01  6.098079035781e-02
 5.568737638278e+04  1.524982200000e+01  6.181124656745e-02
 5.568738218573e+04  1.523327200000e+01  6.175162929275e-02
 5.568738799554e+04  1.526266600000e+01  6.215020033196e-02
 5.568739381134e+04  1.526653000000e+01  6.228236944339e-02
 5.570633972065e+04  1.557986200000e+01  6.443778701308e-02
 5.570634902218e+04  1.557639000000e+01  6.444726021138e-02
 5.570635827612e+04  1.556854200000e+01  6.439149972997e-02
 5.570636755497e+04  1.562090800000e+01  6.495398523670e-02
 5.592752176978e+04  1.550913200000e+01  6.318868323513e-02
 5.592752873506e+04  1.549842000000e+01  6.307310875639e-02
 5.592753558252e+04  1.552152700000e+01  6.322727607962e-02
 5.592754247630e+04  1.548629600000e+01  6.290573081788e-02
 5.594451530647e+04  1.551323600000e+01  6.297748495405e-02
 5.594452037083e+04  1.553488400000e+01  6.312227172454e-02
 5.594452543821e+04  1.549855600000e+01  6.279915788395e-02
 5.594453049888e+04  1.554266900000e+01  6.317883754197e-02
 5.598050867611e+04  1.532084900000e+01  6.145262628937e-02
 5.598051656161e+04  1.533918600000e+01  6.160877635904e-02
 5.598052451406e+04  1.532393300000e+01  6.158990543354e-02
 5.598053249542e+04  1.533720900000e+01  6.158623885484e-02
 5.600047829336e+04  1.523420400000e+01  6.066342662367e-02
 5.600048338711e+04  1.522337000000e+01  6.059355024303e-02
 5.600048851167e+04  1.524415400000e+01  6.074861209042e-02
 5.600049364949e+04  1.525951000000e+01  6.086529476329e-02
 5.601239844912e+04  1.552218200000e+01  6.409507724700e-02
 5.601240350122e+04  1.551357600000e+01  6.403752098276e-02
 5.601240860576e+04  1.550025300000e+01  6.385080018193e-02
 5.601241373484e+04  1.551903100000e+01  6.401890925144e-02
 5.601837909824e+04  1.543375700000e+01  6.242188664151e-02
 5.601838589571e+04  1.542433200000e+01  6.234124358277e-02
 5.601839266006e+04  1.540685200000e+01  6.217889272343e-02
 5.601839950696e+04  1.543249200000e+01  6.238825546423e-02
 5.603636670193e+04  1.552589800000e+01  6.357298435026e-02
 5.603637370066e+04  1.549376800000e+01  6.326000115938e-02
 5.603638072488e+04  1.548310500000e+01  6.320560772878e-02
 5.603638781669e+04  1.552410000000e+01  6.357557545289e-02
 5.604226145128e+04  1.537478500000e+01  6.227503441739e-02
 5.604226653834e+04  1.537086900000e+01  6.226229219735e-02
 5.604227166913e+04  1.536601200000e+01  6.248341428654e-02
 5.604227678339e+04  1.539709900000e+01  6.258999959172e-02
 5.604842257097e+04  1.535718400000e+01  6.235893904026e-02
 5.604843114559e+04  1.535859400000e+01  6.237236142535e-02
 5.604843975928e+04  1.539319700000e+01  6.266740214300e-02
 5.604844830053e+04  1.539646400000e+01  6.273272055485e-02
 5.606136875309e+04  1.519164300000e+01  6.031147353098e-02
 5.606137676188e+04  1.519883800000e+01  6.044768902300e-02
 5.606138527585e+04  1.521765600000e+01  6.058583268207e-02
 5.606139371521e+04  1.525075600000e+01  6.088636884172e-02
 5.607225230884e+04  1.527887700000e+01  6.097312520974e-02
 5.607225733132e+04  1.530149600000e+01  6.110620390866e-02
 5.607226239397e+04  1.530295000000e+01  6.111391557520e-02
 5.607226754029e+04  1.529622500000e+01  6.107837406742e-02
 5.609424517065e+04  1.555061100000e+01  6.322780304544e-02
 5.609425354609e+04  1.556478100000e+01  6.337734668024e-02
 5.609426216309e+04  1.556289300000e+01  6.338393771593e-02
 5.609427056571e+04  1.556336600000e+01  6.338265851356e-02
