# time mag mag_err
 5.371437743005e+04  1.547621000000e+01  6.082797526195e-02
 5.371438447543e+04  1.547708800000e+01  6.080221897792e-02
 5.371439156571e+04  1.548232200000e+01  6.083842097876e-02
 5.371439869315e+04  1.550607500000e+01  6.098429545249e-02
 5.408537032051e+04  1.586257000000e+01  6.408031996946e-02
 5.408538063456e+04  1.581820500000e+01  6.318701727494e-02
 5.408539261630e+04  1.567938300000e+01  6.256540213552e-02
 5.408540315918e+04  1.550609700000e+01  6.102881611713e-02
 5.376930990639e+04  1.574953000000e+01  6.694460733099e-02
 5.376932033839e+04  1.577128900000e+01  7.119446717793e-02
 5.376933096936e+04  1.574935300000e+01  6.717462992234e-02
 5.376934176897e+04  1.573827600000e+01  7.439418865232e-02
 5.374526891681e+04  1.580587000000e+01  6.405959862910e-02
 5.374527858593e+04  1.578468500000e+01  6.385761189811e-02
 5.374528826823e+04  1.580131400000e+01  6.368750195638e-02
 5.374529796409e+04  1.577760600000e+01  6.371359992794e-02
 5.390021391956e+04  1.555383900000e+01  1.182482286449e-01
 5.390021494900e+04  1.520266800000e+01  1.264763584113e-01
 5.390021597128e+04  1.590254500000e+01  1.442060283562e-01
 5.390116763179e+04  1.544444500000e+01  9.594853380404e-02
 5.390116866032e+04  1.544796300000e+01  9.599834314481e-02
 5.390116966744e+04  1.551806500000e+01  9.802064107027e-02
 5.390117065417e+04  1.547262100000e+01  9.696336536446e-02
 5.386320154332e+04  1.533813800000e+01  6.045543981516e-02
 5.386320802663e+04  1.526686600000e+01  5.994258780440e-02
 5.386321462697e+04  1.523009300000e+01  5.968628464344e-02
 5.386322111652e+04  1.523451500000e+01  5.973771154106e-02
 5.388418365729e+04  1.569437500000e+01  6.359859111699e-02
 5.388419019848e+04  1.560416300000e+01  6.281992931036e-02
 5.388419674904e+04  1.551550100000e+01  6.204344698247e-02
 5.388420331985e+04  1.550140900000e+01  6.194181949611e-02
 5.421219332800e+04  1.530361000000e+01  5.922460498608e-02
 5.421219996050e+04  1.528731200000e+01  5.914116398362e-02
 5.421220657622e+04  1.529184500000e+01  5.892797499982e-02
 5.421221320884e+04  1.530514800000e+01  5.925814307035e-02
 5.415816457962e+04  1.528228700000e+01  5.898647166863e-02
 5.415817114951e+04  1.531591300000e+01  5.919052189479e-02
 5.415817774058e+04  1.531068800000e+01  5.914228043426e-02
 5.415818435051e+04  1.532383500000e+01  5.922862393280e-02
 5.412822256194e+04  1.548942300000e+01  6.044890474916e-02
 5.412822908079e+04  1.548916900000e+01  6.042772032253e-02
 5.412823557544e+04  1.553662700000e+01  6.077608285698e-02
 5.412824210968e+04  1.553733800000e+01  6.075068970398e-02
 5.426616311313e+04  1.584236600000e+01  5.924450122789e-02
 5.426617135971e+04  1.582258200000e+01  5.888620861063e-02
 5.426618381520e+04  1.571528100000e+01  5.841419826609e-02
 5.426619202984e+04  1.558257000000e+01  5.773663480338e-02
 5.427616527243e+04  1.571596900000e+01  6.534959688576e-02
 5.427617022292e+04  1.576375700000e+01  6.592118317385e-02
 5.427617521830e+04  1.571059800000e+01  6.540802586170e-02
 5.427618017028e+04  1.578417700000e+01  6.623451346689e-02
 5.417833702690e+04  1.576098200000e+01  6.253144420727e-02
 5.417834360131e+04  1.575425000000e+01  6.250207862401e-02
 5.417835015580e+04  1.577413800000e+01  6.267701660396e-02
 5.417835672638e+04  1.577194000000e+01  6.264073268434e-02
 5.423824576130e+04  1.567491800000e+01  6.374278890818e-02
 5.423825074372e+04  1.569560200000e+01  6.426844666232e-02
 5.423825568030e+04  1.567954600000e+01  6.409850846901e-02
 5.423826063333e+04  1.570608700000e+01  6.445030481937e-02
 5.480346661032e+04  1.569804500000e+01  6.371068895074e-02
 5.480347096645e+04  1.567666500000e+01  6.349847093910e-02
 5.480347530855e+04  1.569397800000e+01  6.366352620898e-02
 5.480347962347e+04  1.572495100000e+01  6.396427473264e-02
 5.463219295882e+04  1.557468900000e+01  6.457237366922e-02
 5.463219773024e+04  1.558199000000e+01  6.467173112725e-02
 5.463220250837e+04  1.560845400000e+01  6.506087116661e-02
 5.463220729275e+04  1.559214400000e+01  6.492531085333e-02
 5.494518653657e+04  1.567990900000e+01  6.198682193990e-02
 5.494519437818e+04  1.565280300000e+01  6.175942202853e-02
 5.494520228381e+04  1.568187400000e+01  6.201415281094e-02
 5.494521002483e+04  1.569387700000e+01  6.213068296562e-02
 5.518338095054e+04  1.541588200000e+01  5.978255214639e-02
 5.518338555251e+04  1.540917300000e+01  5.972676490648e-02
 5.518339016560e+04  1.539679700000e+01  5.962489816860e-02
 5.518339475403e+04  1.535483200000e+01  5.935517125217e-02
 5.487542249006e+04  1.556425600000e+01  6.260158713287e-02
 5.487542733764e+04  1.555093200000e+01  6.253471156514e-02
 5.487543229622e+04  1.555264500000e+01  6.258164571146e-02
 5.487543706637e+04  1.552943000000e+01  6.238614754510e-02
 5.489024363083e+04  1.554351000000e+01  6.051653063512e-02
 5.489025149002e+04  1.548619700000e+01  6.013793167150e-02
 5.489026635419e+04  1.542669400000e+01  5.971904863102e-02
 5.485043117678e+04  1.572873800000e+01  6.560793291554e-02
 5.485043599485e+04  1.576244500000e+01  7.462250246196e-02
 5.485044083675e+04  1.600670900000e+01  8.034211232700e-02
 5.485044568444e+04  1.579065500000e+01  7.817731495982e-02
 5.486221890711e+04  1.556358700000e+01  6.085303883308e-02
 5.486222508647e+04  1.555907200000e+01  6.078842015827e-02
 5.486223129847e+04  1.557680500000e+01  6.091434933391e-02
 5.486223745653e+04  1.558861200000e+01  6.098258977673e-02
 5.491328743119e+04  1.556615000000e+01  6.066591167122e-02
 5.491329288900e+04  1.556035300000e+01  6.062842003597e-02
 5.491329821172e+04  1.556045900000e+01  6.064715857867e-02
 5.491330368481e+04  1.558566400000e+01  6.083909539501e-02
 5.492020902713e+04  1.584378000000e+01  6.346260641029e-02
 5.492021641454e+04  1.587327700000e+01  6.371656514114e-02
 5.492022391424e+04  1.586692900000e+01  6.364293379123e-02
 5.492023126404e+04  1.588384300000e+01  6.380723936416e-02
 5.514146983042e+04  1.546117200000e+01  6.063938342404e-02
 5.514147460554e+04  1.546953500000e+01  6.067823686281e-02
 5.514147935220e+04  1.544818800000e+01  6.051744821014e-02
 5.514148409411e+04  1.549020500000e+01  6.081599568469e-02
 5.515545972001e+04  1.572254800000e+01  6.237178416257e-02
 5.515546537527e+04  1.572474400000e+01  6.243092074015e-02
 5.515547101677e+04  1.573315800000e+01  6.242246917238e-02
 5.515547667492e+04  1.572393500000e+01  6.238379192458e-02
 5.529824916390e+04  1.547930200000e+01  6.063141543974e-02
 5.529825483390e+04  1.550474100000e+01  6.083606005943e-02
 5.529826055003e+04  1.549120600000e+01  6.075162324484e-02
 5.529826621256e+04  1.551390700000e+01  6.094161373191e-02
 5.524717863568e+04  1.549265100000e+01  6.082354051631e-02
 5.524718446282e+04  1.551093100000e+01  6.095327731316e-02
 5.524719032808e+04  1.548630300000e+01  6.075795277411e-02
 5.524719612860e+04  1.552816200000e+01  6.106140364674e-02
 5.527328035542e+04  1.577469300000e+01  6.274605998054e-02
 5.527328438198e+04  1.577161700000e+01  6.270630932461e-02
 5.527328842338e+04  1.576994800000e+01  6.270775423405e-02
 5.527329240491e+04  1.576969600000e+01  6.270749172906e-02
 5.532723723451e+04  1.572023700000e+01  6.288735564568e-02
 5.532724348705e+04  1.574422200000e+01  6.311728503366e-02
 5.532724967207e+04  1.574572400000e+01  6.317570096334e-02
 5.532725590088e+04  1.569253700000e+01  6.275969671589e-02
 5.560229780385e+04  1.571723700000e+01  6.022678498043e-02
 5.560230403596e+04  1.570642400000e+01  6.013240840417e-02
 5.560231028060e+04  1.571779100000e+01  6.021518089681e-02
 5.560231652768e+04  1.571441400000e+01  6.018815529160e-02
 5.557526821929e+04  1.569490000000e+01  6.636311018312e-02
 5.557527458363e+04  1.568567500000e+01  6.628009239109e-02
 5.557528096091e+04  1.571627600000e+01  6.659316550074e-02
 5.557528733884e+04  1.568489700000e+01  6.618694980061e-02
 5.563230909799e+04  1.568048900000e+01  6.285891295521e-02
 5.563231370759e+04  1.566352300000e+01  6.279088840242e-02
 5.563231826036e+04  1.566444200000e+01  6.258528561245e-02
 5.563232289809e+04  1.568815200000e+01  6.285936259662e-02
 5.569423517701e+04  1.572735600000e+01  6.564452833083e-02
 5.569424137816e+04  1.576069800000e+01  6.600419728862e-02
 5.569424756631e+04  1.577927600000e+01  6.627602068626e-02
 5.569425377822e+04  1.575121800000e+01  6.599607278794e-02
 5.489030576112e+04  1.529829800000e+01  5.962893286899e-02
 5.489031407994e+04  1.530100000000e+01  5.883726901943e-02
 5.489032287043e+04  1.531996300000e+01  5.907593050408e-02
 5.489033081376e+04  1.533056100000e+01  5.995209675976e-02
 5.592435190050e+04  1.573533000000e+01  6.021811295201e-02
 5.592435870440e+04  1.575716900000e+01  6.033255090144e-02
 5.592436551924e+04  1.575998700000e+01  6.034788214639e-02
 5.592437229179e+04  1.573930700000e+01  6.018965247919e-02
 5.595919817243e+04  1.578331300000e+01  6.324758116602e-02
 5.595920383104e+04  1.578713600000e+01  6.325032333697e-02
 5.595920958760e+04  1.580407500000e+01  6.340049614318e-02
 5.595921528233e+04  1.579945200000e+01  6.334748476713e-02
 5.598133764366e+04  1.574788700000e+01  6.272375673204e-02
 5.598134434139e+04  1.574009300000e+01  6.265125559432e-02
 5.598135103397e+04  1.575650700000e+01  6.280040416967e-02
 5.598135767190e+04  1.579717700000e+01  6.317418153510e-02
 5.598912903170e+04  1.572719900000e+01  6.304081046556e-02
 5.598913418612e+04  1.575510700000e+01  6.330960365366e-02
 5.598913923083e+04  1.574295000000e+01  6.317100110776e-02
 5.598914431361e+04  1.573688400000e+01  6.312504947561e-02
 5.601917163262e+04  1.572325800000e+01  6.279279948165e-02
 5.601918025418e+04  1.570586500000e+01  6.245158274827e-02
 5.601918890567e+04  1.574958800000e+01  6.281158515519e-02
 5.601919757277e+04  1.573702900000e+01  6.268494739322e-02
 5.603917755073e+04  1.587551300000e+01  6.439364604837e-02
 5.603918353957e+04  1.586840400000e+01  6.431423879388e-02
 5.603918947057e+04  1.591227000000e+01  6.477018211844e-02
 5.603919543799e+04  1.590254100000e+01  6.469352734257e-02
 5.608915475557e+04  1.531935100000e+01  5.745193259213e-02
 5.608916087391e+04  1.530834100000e+01  5.743513948410e-02
 5.608916702902e+04  1.530416900000e+01  5.744356651047e-02
 5.608917314066e+04  1.531979200000e+01  5.755569163043e-02
 5.609916000017e+04  1.578390300000e+01  6.385697239231e-02
 5.609916516744e+04  1.574718600000e+01  6.368222269902e-02
 5.609917031113e+04  1.579294000000e+01  6.426975461700e-02
 5.609917545178e+04  1.576007000000e+01  6.397783371793e-02
