# time mag mag_err
 5.346633486690e+04  1.592955100000e+01  6.752877607803e-02
 5.346634386213e+04  1.594773400000e+01  6.770049444142e-02
 5.346635283492e+04  1.591473400000e+01  6.729964013829e-02
 5.346636179902e+04  1.586296100000e+01  6.669616605405e-02
 5.348130671487e+04  1.513773700000e+01  6.054186372578e-02
 5.348131501968e+04  1.519376400000e+01  6.095842834634e-02
 5.348132325852e+04  1.519221500000e+01  6.093069603101e-02
 5.348133148531e+04  1.520659200000e+01  6.102938953611e-02
 5.355421228296e+04  1.585369900000e+01  6.835502204249e-02
 5.355421869172e+04  1.584648000000e+01  6.827735340536e-02
 5.355422518036e+04  1.585792300000e+01  6.844266168898e-02
 5.355423168091e+04  1.583163800000e+01  6.817545823729e-02
 5.352925213697e+04  1.552606900000e+01  5.813526565352e-02
 5.352926283299e+04  1.555822000000e+01  5.834817163732e-02
 5.352927355296e+04  1.557666500000e+01  5.836025368092e-02
 5.352928436172e+04  1.561767800000e+01  5.874220233547e-02
 5.349931132990e+04  1.587500600000e+01  6.747172148711e-02
 5.349931776782e+04  1.585082200000e+01  6.721653534842e-02
 5.349932421005e+04  1.593147200000e+01  6.817318258127e-02
 5.349933065551e+04  1.596971500000e+01  6.868052843349e-02
 5.350923693249e+04  1.604707400000e+01  6.990187783107e-02
 5.350924614881e+04  1.604625100000e+01  6.991189039065e-02
 5.350925540703e+04  1.602111100000e+01  6.952365650197e-02
 5.350926462391e+04  1.600416500000e+01  6.938312078400e-02
 5.352034033676e+04  1.521491500000e+01  6.193154951282e-02
 5.352034680792e+04  1.521330600000e+01  6.210785760013e-02
 5.352035320395e+04  1.517849600000e+01  6.223649449942e-02
 5.352035965091e+04  1.526950500000e+01  6.290913174507e-02
 5.382741663442e+04  1.565092200000e+01  6.599518762648e-02
 5.382742438932e+04  1.569456500000e+01  6.620669749896e-02
 5.382743223427e+04  1.571773500000e+01  6.646143638673e-02
 5.382744014009e+04  1.574922900000e+01  6.683301060513e-02
 5.383426054670e+04  1.594104900000e+01  7.719511070846e-02
 5.383426866470e+04  1.597208100000e+01  7.766573342705e-02
 5.383427682378e+04  1.590934500000e+01  7.639579749827e-02
 5.383428498090e+04  1.596178400000e+01  7.732670230716e-02
 5.384538700271e+04  1.507422000000e+01  6.083072989520e-02
 5.384539510416e+04  1.512768600000e+01  6.128144124709e-02
 5.384540321602e+04  1.516424100000e+01  6.166128865222e-02
 5.384541129652e+04  1.519497700000e+01  6.195470425368e-02
 5.385228878700e+04  1.580353700000e+01  6.773820439502e-02
 5.385229602347e+04  1.583072600000e+01  6.804628714387e-02
 5.385230331192e+04  1.587701200000e+01  6.856715887030e-02
 5.385231060510e+04  1.593225100000e+01  6.927102657695e-02
 5.397613551606e+04  1.586430800000e+01  7.776874211524e-02
 5.397613842906e+04  1.586846800000e+01  7.789086656444e-02
 5.397614135906e+04  1.585609900000e+01  7.770339853020e-02
 5.397614428190e+04  1.587423000000e+01  7.807262836501e-02
 5.390528092951e+04  1.562182100000e+01  1.101178186706e-01
 5.390528196486e+04  1.563620700000e+01  1.107148952574e-01
 5.390528302892e+04  1.554240600000e+01  1.073172669076e-01
 5.390528409240e+04  1.552249200000e+01  1.064133296796e-01
 5.379847939225e+04  1.586803700000e+01  6.786499547145e-02
 5.379848586583e+04  1.587149200000e+01  6.857849770555e-02
 5.379849244660e+04  1.592194200000e+01  7.314352683475e-02
 5.379849913142e+04  1.591199300000e+01  7.373624876581e-02
 5.381745437208e+04  1.554285600000e+01  7.395167458280e-02
 5.381746026069e+04  1.556507400000e+01  7.432371735091e-02
 5.381746613946e+04  1.556013200000e+01  7.428100292349e-02
 5.381747201532e+04  1.561047900000e+01  7.510766241481e-02
 5.385830337441e+04  1.586045400000e+01  6.888268610102e-02
 5.385831147551e+04  1.585750100000e+01  6.885808343462e-02
 5.385831956479e+04  1.586447900000e+01  6.888387453296e-02
 5.385832763348e+04  1.586510700000e+01  6.892244432766e-02
 5.387336194216e+04  1.595367800000e+01  7.742341678509e-02
 5.387336701892e+04  1.588246900000e+01  7.613940847176e-02
 5.387337207889e+04  1.579325100000e+01  7.471297126823e-02
 5.387337715738e+04  1.569492400000e+01  7.311947596059e-02
 5.387928847927e+04  1.593950900000e+01  6.927567156048e-02
 5.387929646138e+04  1.593587400000e+01  6.922730514211e-02
 5.387930446582e+04  1.594790800000e+01  6.902868389165e-02
 5.387931244551e+04  1.594115900000e+01  6.935252490034e-02
 5.420132931258e+04  1.553209800000e+01  6.413994792987e-02
 5.420133863168e+04  1.554774200000e+01  6.426190763911e-02
 5.420134795309e+04  1.557412500000e+01  6.454503815654e-02
 5.420135724568e+04  1.558770800000e+01  6.459563202995e-02
 5.421441092547e+04  1.503915300000e+01  5.976705960179e-02
 5.421441737198e+04  1.503058100000e+01  5.967894938366e-02
 5.421442386432e+04  1.504029100000e+01  5.976041543425e-02
 5.421443032539e+04  1.506962200000e+01  5.998649582416e-02
 5.411750141056e+04  1.593980500000e+01  6.767186934019e-02
 5.411750808057e+04  1.592275700000e+01  6.745412004241e-02
 5.411751470207e+04  1.596307000000e+01  6.786575717575e-02
 5.411752139743e+04  1.600118200000e+01  6.833076347795e-02
 5.426425140453e+04  1.589316300000e+01  6.815806011378e-02
 5.426425990437e+04  1.588049400000e+01  6.798896286821e-02
 5.426426825248e+04  1.590215700000e+01  6.823665727543e-02
 5.426427660635e+04  1.589876700000e+01  6.822220910148e-02
 5.417042330734e+04  1.527434900000e+01  6.125215778655e-02
 5.417042981912e+04  1.527280400000e+01  6.123957374411e-02
 5.417043639236e+04  1.529742700000e+01  6.142634304276e-02
 5.417044291421e+04  1.532063200000e+01  6.160827591863e-02
 5.417244869926e+04  1.588428100000e+01  6.701399988687e-02
 5.417245417406e+04  1.584959700000e+01  6.663309299896e-02
 5.417245966948e+04  1.586339600000e+01  6.679701064473e-02
 5.417246509961e+04  1.588409300000e+01  6.705577852378e-02
 5.418537337365e+04  1.548617200000e+01  6.338905825107e-02
 5.418538257203e+04  1.549593400000e+01  6.347958612219e-02
 5.418539178613e+04  1.555593100000e+01  6.403319128239e-02
 5.418540102051e+04  1.555316200000e+01  6.399245678068e-02
 5.423129799427e+04  1.587967600000e+01  6.774101198622e-02
 5.423130611910e+04  1.587221700000e+01  6.769490972517e-02
 5.423131420376e+04  1.586341200000e+01  6.757553592516e-02
 5.423132234734e+04  1.588188100000e+01  6.784163266268e-02
 5.424230078620e+04  1.590898800000e+01  6.895181772378e-02
 5.424230889598e+04  1.589846600000e+01  6.886681503310e-02
 5.424231703539e+04  1.593593100000e+01  6.943840637197e-02
 5.424232518337e+04  1.590572700000e+01  6.893951182734e-02
 5.434612396172e+04  1.573884400000e+01  6.660666439330e-02
 5.434612825985e+04  1.577397400000e+01  6.704680614328e-02
 5.434613256157e+04  1.575389500000e+01  6.685760818678e-02
 5.434613683759e+04  1.570593600000e+01  6.640881769698e-02
 5.455743913833e+04  1.586917000000e+01  6.758396865409e-02
 5.455744736478e+04  1.588542300000e+01  6.722816367622e-02
 5.455745550488e+04  1.585498900000e+01  6.719071945268e-02
 5.455746372057e+04  1.585949600000e+01  6.717332688115e-02
 5.456630718968e+04  1.594274400000e+01  6.856830300073e-02
 5.456631590794e+04  1.592859700000e+01  6.839022722223e-02
 5.456632466311e+04  1.592691800000e+01  6.830708177081e-02
 5.456633339353e+04  1.593821900000e+01  6.847106291275e-02
 5.457135168369e+04  1.516540500000e+01  6.043067640723e-02
 5.457135812568e+04  1.516180000000e+01  6.039392812188e-02
 5.457136459152e+04  1.518998500000e+01  6.057052216407e-02
 5.457137106545e+04  1.517709700000e+01  6.049635533270e-02
 5.458041770519e+04  1.584592100000e+01  6.713192200661e-02
 5.458042427299e+04  1.584660900000e+01  6.712812268453e-02
 5.458043087367e+04  1.584296100000e+01  6.714281455496e-02
 5.458043742226e+04  1.587795600000e+01  6.755668837636e-02
 5.483051596904e+04  1.547240600000e+01  6.508897946642e-02
 5.483052079394e+04  1.553321600000e+01  6.567603332602e-02
 5.483052569881e+04  1.551323700000e+01  6.542614373984e-02
 5.483053057359e+04  1.553063800000e+01  6.558083936325e-02
 5.450347050528e+04  1.585207900000e+01  6.668843492911e-02
 5.450347828137e+04  1.584750100000e+01  6.648243386821e-02
 5.450348609135e+04  1.588006200000e+01  6.678768796042e-02
 5.450349384568e+04  1.586341600000e+01  6.667194236711e-02
 5.450950895035e+04  1.584258500000e+01  6.638959406646e-02
 5.450951605382e+04  1.586562700000e+01  6.667721921981e-02
 5.450952316147e+04  1.586089500000e+01  6.660216222836e-02
 5.450953027618e+04  1.585828200000e+01  6.657720852076e-02
 5.451541487948e+04  1.563062600000e+01  6.477307465616e-02
 5.451542024433e+04  1.562748500000e+01  6.524832004092e-02
 5.451542561984e+04  1.565596700000e+01  6.556188879248e-02
 5.451543102392e+04  1.568030700000e+01  6.643688518831e-02
 5.462328197593e+04  1.574324200000e+01  6.263381499125e-02
 5.462329116573e+04  1.572505400000e+01  6.252851747941e-02
 5.462330020461e+04  1.572513100000e+01  6.256143441789e-02
 5.462330894208e+04  1.575350000000e+01  6.281501929635e-02
 5.452934886593e+04  1.587471900000e+01  6.713071326660e-02
 5.452935921111e+04  1.583704900000e+01  6.665678243084e-02
 5.452936952308e+04  1.584866300000e+01  6.673388128659e-02
 5.452937989455e+04  1.586463300000e+01  6.684646292814e-02
 5.458834654706e+04  1.587155900000e+01  6.689491122646e-02
 5.458835316846e+04  1.581653000000e+01  6.632666102202e-02
 5.458835979193e+04  1.575635200000e+01  6.566758043314e-02
 5.458836646958e+04  1.566263200000e+01  6.470771342069e-02
 5.459827992958e+04  1.545137700000e+01  6.345577863591e-02
 5.459829118374e+04  1.535209700000e+01  6.336605112350e-02
 5.459829623028e+04  1.532919600000e+01  6.354910590094e-02
 5.459925139942e+04  1.586308200000e+01  6.767641660210e-02
 5.459925848832e+04  1.585140600000e+01  6.765741175732e-02
 5.459926551078e+04  1.590449000000e+01  6.830406364709e-02
 5.459927254214e+04  1.587148100000e+01  6.788051552382e-02
 5.493945045723e+04  1.561873100000e+01  6.441381542931e-02
 5.493945530019e+04  1.562176700000e+01  6.445915193787e-02
 5.493946020624e+04  1.564940000000e+01  6.474929222877e-02
 5.493946504618e+04  1.567612400000e+01  6.501746038902e-02
 5.494538740961e+04  1.516774300000e+01  6.055421947351e-02
 5.494539288036e+04  1.519793800000e+01  6.082332676606e-02
 5.494539829222e+04  1.522078300000e+01  6.096988026233e-02
 5.494540365372e+04  1.524256300000e+01  6.110908631894e-02
 5.486743053143e+04  1.563351200000e+01  6.709074562255e-02
 5.486744277486e+04  1.569584400000e+01  6.817387535472e-02
 5.486745497247e+04  1.568427200000e+01  6.799950332601e-02
 5.486746723476e+04  1.570244900000e+01  6.774485031601e-02
 5.489044721862e+04  1.544122400000e+01  6.403784971450e-02
 5.489045324902e+04  1.543825400000e+01  6.453553689210e-02
 5.489045927895e+04  1.544675600000e+01  6.506093524838e-02
 5.489046533828e+04  1.547054300000e+01  6.589807215330e-02
 5.485952745291e+04  1.548181800000e+01  6.275611907800e-02
 5.485953228253e+04  1.540378700000e+01  6.194520927879e-02
 5.485953703324e+04  1.533633400000e+01  6.137687666983e-02
 5.485954191323e+04  1.525291100000e+01  6.102375037681e-02
 5.504118415547e+04  1.555915800000e+01  6.964297794313e-02
 5.504118990337e+04  1.552583200000e+01  6.927012067466e-02
 5.504119576442e+04  1.551489000000e+01  6.921717023274e-02
 5.504120167470e+04  1.558488500000e+01  7.019591536657e-02
 5.498322724234e+04  1.593319100000e+01  6.787213240512e-02
 5.498323388824e+04  1.592290600000e+01  6.777017733373e-02
 5.498324061929e+04  1.589692000000e+01  6.745015371562e-02
 5.498324723329e+04  1.585233700000e+01  6.694292293894e-02
 5.499725711613e+04  1.573790500000e+01  6.582134418206e-02
 5.499726259257e+04  1.576830000000e+01  6.617497629770e-02
 5.499726810801e+04  1.578251800000e+01  6.636163354749e-02
 5.499727354179e+04  1.572173200000e+01  6.572448545172e-02
 5.490841081512e+04  1.597607400000e+01  6.789243787298e-02
 5.490842368207e+04  1.598655500000e+01  6.809295978292e-02
 5.490843659833e+04  1.592376100000e+01  6.741347688619e-02
 5.490844964795e+04  1.578302400000e+01  6.571051519648e-02
 5.491842108264e+04  1.509591900000e+01  5.998995017206e-02
 5.491842592374e+04  1.517437400000e+01  6.030236786945e-02
 5.491843082499e+04  1.515979500000e+01  6.049758309071e-02
 5.491843572870e+04  1.519689400000e+01  6.078056562664e-02
 5.496424764198e+04  1.567731900000e+01  6.508355451130e-02
 5.496425369682e+04  1.572000100000e+01  6.557048987616e-02
 5.496425977605e+04  1.571756300000e+01  6.552366440339e-02
 5.496426581955e+04  1.570834300000e+01  6.542498797253e-02
 5.497421391902e+04  1.583099700000e+01  6.681850660378e-02
 5.497421934000e+04  1.586272500000e+01  6.719402929687e-02
 5.497422474964e+04  1.587127500000e+01  6.729584280962e-02
 5.497423025478e+04  1.589344000000e+01  6.753579019508e-02
 5.509510105942e+04  1.568851900000e+01  6.688939183217e-02
 5.509510595086e+04  1.563382600000e+01  6.661736963662e-02
 5.509511088594e+04  1.567902600000e+01  6.732450412494e-02
 5.509511578435e+04  1.561497700000e+01  6.682629327382e-02
 5.529340803314e+04  1.590855700000e+01  6.753278360871e-02
 5.529341439595e+04  1.587801000000e+01  6.713753893198e-02
 5.529342087801e+04  1.590952200000e+01  6.747316716628e-02
 5.529342736319e+04  1.585298800000e+01  6.686193812141e-02
 5.530142307869e+04  1.575018500000e+01  6.606864023668e-02
 5.530143204025e+04  1.576659800000e+01  6.629378461465e-02
 5.530144102463e+04  1.578078900000e+01  6.648377807286e-02
 5.530145001986e+04  1.582334200000e+01  6.703503050121e-02
 5.538218227205e+04  1.554631200000e+01  6.411791631988e-02
 5.538219077997e+04  1.559743100000e+01  6.470296064848e-02
 5.538219930749e+04  1.559801200000e+01  6.471570247177e-02
 5.538220794576e+04  1.562584000000e+01  6.502507040174e-02
 5.535126680021e+04  1.524790600000e+01  6.153849487568e-02
 5.535127473650e+04  1.523890700000e+01  6.279266580678e-02
 5.535128219503e+04  1.529829600000e+01  6.183160510467e-02
 5.535128961520e+04  1.532719000000e+01  6.207500932398e-02
 5.536523334537e+04  1.576355000000e+01  6.604786167624e-02
 5.536523841472e+04  1.583084200000e+01  6.679255367673e-02
 5.536524351987e+04  1.583930600000e+01  6.692173230338e-02
 5.536524867834e+04  1.586518800000e+01  6.721784593130e-02
 5.527139779742e+04  1.595663400000e+01  6.816220873806e-02
 5.527140472924e+04  1.595429600000e+01  6.813735064727e-02
 5.527141164978e+04  1.594801400000e+01  6.804356195213e-02
 5.527141848716e+04  1.594183200000e+01  6.800773326520e-02
 5.532528927384e+04  1.590407300000e+01  6.770487215022e-02
 5.532529668905e+04  1.593287500000e+01  6.811699000086e-02
 5.532530419859e+04  1.590298100000e+01  6.784191697115e-02
 5.532531172546e+04  1.591087600000e+01  6.785188082063e-02
 5.533230692370e+04  1.587813600000e+01  6.735176146759e-02
 5.533231501579e+04  1.585142400000e+01  6.702182628953e-02
 5.533232307117e+04  1.585544200000e+01  6.710570859089e-02
 5.533233110041e+04  1.588423700000e+01  6.749452779256e-02
 5.533919323627e+04  1.525786400000e+01  6.138604059948e-02
 5.533919888808e+04  1.530011300000e+01  6.178900513387e-02
 5.533920454113e+04  1.538903400000e+01  6.250026391374e-02
 5.533921027304e+04  1.535107800000e+01  6.217960852345e-02
 5.565740178274e+04  1.584103100000e+01  6.777092884854e-02
 5.565740751488e+04  1.582946700000e+01  6.760739019154e-02
 5.565741326759e+04  1.582006300000e+01  6.749597869906e-02
 5.565741898307e+04  1.589856200000e+01  6.844081981821e-02
 5.567443240038e+04  1.589953200000e+01  6.903572680216e-02
 5.567444046446e+04  1.593051800000e+01  6.943621173204e-02
 5.567444851036e+04  1.590345700000e+01  6.919413116165e-02
 5.567445654711e+04  1.595348400000e+01  6.989017135964e-02
 5.568035614559e+04  1.577564700000e+01  6.372067556511e-02
 5.568036341586e+04  1.577175000000e+01  6.369029759438e-02
 5.568037070931e+04  1.579067200000e+01  6.386459049455e-02
 5.568037800541e+04  1.581440400000e+01  6.410116696813e-02
 5.560347863862e+04  1.586286600000e+01  6.766250600421e-02
 5.560348555758e+04  1.581935700000e+01  6.709719134702e-02
 5.560349251398e+04  1.582122600000e+01  6.711647618688e-02
 5.560349948505e+04  1.585843200000e+01  6.754071326889e-02
 5.562648086527e+04  1.575789200000e+01  6.994261116760e-02
 5.562648601517e+04  1.574110100000e+01  7.125722926822e-02
 5.562649119670e+04  1.581948500000e+01  7.279527588074e-02
 5.562649643365e+04  1.580919400000e+01  7.053373357528e-02
 5.563449072463e+04  1.530770800000e+01  6.226694067470e-02
 5.563449764256e+04  1.526481500000e+01  6.190531835632e-02
 5.563450463912e+04  1.528852600000e+01  6.211807773349e-02
 5.563451160998e+04  1.529692100000e+01  6.223022414313e-02
 5.564741793424e+04  1.594134800000e+01  6.920053096038e-02
 5.564742313519e+04  1.588492000000e+01  6.850967303382e-02
 5.564742828002e+04  1.589424900000e+01  6.862977088722e-02
 5.564743346361e+04  1.589810500000e+01  6.865495231373e-02
 5.564938052414e+04  1.523936000000e+01  6.176376383651e-02
 5.564938855432e+04  1.526992400000e+01  6.203483971459e-02
 5.564939669353e+04  1.530235000000e+01  6.235902096582e-02
 5.564940479706e+04  1.534157900000e+01  6.264259360632e-02
 5.569434041765e+04  1.589879100000e+01  7.191482580246e-02
 5.569434869008e+04  1.587922700000e+01  7.161110684606e-02
 5.569435707825e+04  1.591454300000e+01  7.218459600813e-02
 5.569436541920e+04  1.585901100000e+01  7.136260662309e-02
 5.570131405104e+04  1.587635800000e+01  6.842344337187e-02
 5.570132276848e+04  1.588161000000e+01  6.845669601291e-02
 5.570133157635e+04  1.589786400000e+01  6.872036931568e-02
 5.570134038561e+04  1.583580900000e+01  6.798171811857e-02
 5.459833710674e+04  1.534459200000e+01  6.390282173991e-02
 5.459834030991e+04  1.518014600000e+01  7.644892019661e-02
 5.592552591531e+04  1.543838300000e+01  6.321946981768e-02
 5.592553177374e+04  1.547300400000e+01  6.351253513839e-02
 5.592553764532e+04  1.549088900000e+01  6.361524517373e-02
 5.592554348580e+04  1.552531100000e+01  6.392862183427e-02
 5.596741587914e+04  1.561368600000e+01  6.482133724734e-02
 5.596742038007e+04  1.565708600000e+01  6.525460932751e-02
 5.596742492266e+04  1.568317700000e+01  6.546935768906e-02
 5.596742947062e+04  1.568702100000e+01  6.548407544138e-02
 5.598741125022e+04  1.589634700000e+01  6.929064538111e-02
 5.598741642374e+04  1.590405200000e+01  6.920963314456e-02
 5.598742148374e+04  1.590458600000e+01  6.923429437519e-02
 5.598742663677e+04  1.586248000000e+01  6.866715212288e-02
 5.600149573529e+04  1.567084900000e+01  6.508994863118e-02
 5.600150083970e+04  1.564798100000e+01  6.487996629358e-02
 5.600150598220e+04  1.566927100000e+01  6.510275415486e-02
 5.600151108319e+04  1.566981400000e+01  6.509964808649e-02
 5.600937828192e+04  1.596663700000e+01  6.864287642336e-02
 5.600938619367e+04  1.590079800000e+01  6.781333005100e-02
 5.600939418249e+04  1.594410800000e+01  6.833025887674e-02
 5.600940203337e+04  1.593844100000e+01  6.820470681176e-02
 5.603442384477e+04  1.549358500000e+01  6.394420826972e-02
 5.603442890001e+04  1.553364200000e+01  6.443498225790e-02
 5.603443398881e+04  1.552054000000e+01  6.433059221626e-02
 5.603443903689e+04  1.552423500000e+01  6.424522114867e-02
 5.604820759203e+04  1.556021100000e+01  6.496164840554e-02
 5.604821730689e+04  1.558617300000e+01  6.514203840180e-02
 5.604822689381e+04  1.557335400000e+01  6.498768199180e-02
 5.604823657653e+04  1.566184400000e+01  6.583517870866e-02
 5.606129455679e+04  1.530218400000e+01  6.182370563348e-02
 5.606130348859e+04  1.534898400000e+01  6.216605546136e-02
 5.606131200648e+04  1.535916600000e+01  6.242550712651e-02
 5.606132069031e+04  1.539724600000e+01  6.277062131916e-02
 5.607223175143e+04  1.556744300000e+01  6.389681666464e-02
 5.607223746664e+04  1.539554200000e+01  6.237310382405e-02
 5.607224327234e+04  1.529975200000e+01  6.153895280584e-02
 5.607224907760e+04  1.518984600000e+01  6.079698630636e-02
 5.609026598294e+04  1.587689900000e+01  6.747633132167e-02
 5.609027385772e+04  1.590394800000e+01  6.797911146349e-02
 5.609028177547e+04  1.587779400000e+01  6.768839934293e-02
 5.609028963130e+04  1.587678600000e+01  6.776041244937e-02
