# time mag mag_err
 5.371441000516e+04  1.595969300000e+01  6.677162773815e-02
 5.371441799295e+04  1.589427500000e+01  6.598766322890e-02
 5.371442598385e+04  1.586794900000e+01  6.564902038541e-02
 5.371443391110e+04  1.582759000000e+01  6.521966270534e-02
 5.353118541888e+04  1.605766400000e+01  7.152889592626e-02
 5.353119269622e+04  1.609017000000e+01  7.202873110396e-02
 5.353120000618e+04  1.610366000000e+01  7.230196008413e-02
 5.353120729358e+04  1.611294200000e+01  7.252756488926e-02
 5.382819666105e+04  1.590104700000e+01  6.877660527875e-02
 5.385427530328e+04  1.615174100000e+01  7.069190686833e-02
 5.385428355125e+04  1.619927900000e+01  7.147619010419e-02
 5.385429178221e+04  1.618411700000e+01  7.130783655904e-02
 5.385429999976e+04  1.624200200000e+01  7.225171080362e-02
 5.409630224366e+04  1.583251700000e+01  6.503864857846e-02
 5.409631286745e+04  1.579413900000e+01  6.453749583648e-02
 5.409632352725e+04  1.578751400000e+01  6.437666651869e-02
 5.409633416480e+04  1.578195000000e+01  6.469589982548e-02
 5.376934702155e+04  1.601000000000e+01  8.105147236871e-02
 5.376935515193e+04  1.602928400000e+01  7.584878482263e-02
 5.376936388350e+04  1.600071800000e+01  8.724915056214e-02
 5.376937206829e+04  1.595340800000e+01  9.240140080875e-02
 5.374531132053e+04  1.617678500000e+01  7.002181106037e-02
 5.374532131953e+04  1.619327200000e+01  7.020500997360e-02
 5.374533126667e+04  1.614521800000e+01  6.945425297116e-02
 5.374534118336e+04  1.616636800000e+01  6.966122879053e-02
 5.390121386708e+04  1.610189500000e+01  1.382828005441e-01
 5.390121498809e+04  1.608034900000e+01  1.405597263820e-01
 5.390121607495e+04  1.612861000000e+01  1.428230923684e-01
 5.390121717002e+04  1.607213000000e+01  1.387060607791e-01
 5.379925570840e+04  1.620948700000e+01  6.996864262725e-02
 5.379926225479e+04  1.622359900000e+01  7.015963275137e-02
 5.379926896900e+04  1.619869900000e+01  6.979708637214e-02
 5.379927566622e+04  1.619362000000e+01  6.973965758769e-02
 5.388315671664e+04  1.589167700000e+01  6.766380271833e-02
 5.388316325609e+04  1.591109900000e+01  6.786880101968e-02
 5.388316977007e+04  1.587273200000e+01  6.732344048791e-02
 5.388317628058e+04  1.588230500000e+01  6.743691858548e-02
 5.405144284002e+04  1.576252100000e+01  6.583568377683e-02
 5.405144868545e+04  1.573698800000e+01  6.553207847526e-02
 5.405145453146e+04  1.573678600000e+01  6.547291520560e-02
 5.405146037458e+04  1.565425800000e+01  6.461326530462e-02
 5.420211700072e+04  1.577943200000e+01  6.826993819366e-02
 5.420212139514e+04  1.676382900000e+01  1.065260655853e-01
 5.420212574142e+04  1.577278000000e+01  6.506749996782e-02
 5.420213004569e+04  1.579757000000e+01  6.749054121617e-02
 5.420926534362e+04  1.607309100000e+01  6.783499744569e-02
 5.420927188237e+04  1.607419200000e+01  6.804930525563e-02
 5.420927842564e+04  1.608478300000e+01  6.839053206850e-02
 5.420928490964e+04  1.606322100000e+01  6.859819520583e-02
 5.413832785179e+04  1.590279800000e+01  7.228671395140e-02
 5.413833319176e+04  1.588684000000e+01  7.071182785907e-02
 5.413833856506e+04  1.599439300000e+01  7.312794702164e-02
 5.413834396127e+04  1.595244200000e+01  7.635113250624e-02
 5.415721981575e+04  1.565329400000e+01  6.480059163177e-02
 5.426115865300e+04  1.611094600000e+01  6.881659874331e-02
 5.426116356181e+04  1.608856300000e+01  6.854629257991e-02
 5.426116845788e+04  1.610501200000e+01  6.881820688577e-02
 5.426117333613e+04  1.611881400000e+01  6.900704044817e-02
 5.426219849024e+04  1.609258000000e+01  6.152567762266e-02
 5.426220652906e+04  1.607850700000e+01  6.149698979952e-02
 5.426221456418e+04  1.612572300000e+01  6.200998612915e-02
 5.426222259873e+04  1.608176700000e+01  6.177736587150e-02
 5.427315712713e+04  1.585805200000e+01  6.336673825483e-02
 5.427316369481e+04  1.591653500000e+01  6.397153885025e-02
 5.427317026250e+04  1.594612200000e+01  6.433783546069e-02
 5.427317685495e+04  1.593251000000e+01  6.425861183353e-02
 5.427916247456e+04  1.610512200000e+01  6.573926489636e-02
 5.427916773870e+04  1.623637600000e+01  6.745953152942e-02
 5.427917301513e+04  1.614300700000e+01  6.640037205271e-02
 5.427917824929e+04  1.617697600000e+01  6.682455319688e-02
 5.417224721898e+04  1.584306200000e+01  6.473519890474e-02
 5.417225160230e+04  1.586547400000e+01  6.495569398579e-02
 5.417225594778e+04  1.587472400000e+01  6.504281745400e-02
 5.417226029069e+04  1.587013200000e+01  6.500271377864e-02
 5.417834300544e+04  1.607341200000e+01  6.719969310054e-02
 5.417834956051e+04  1.606251300000e+01  6.712423849745e-02
 5.417835613075e+04  1.604978400000e+01  6.700083304053e-02
 5.417836283038e+04  1.607345900000e+01  6.719411605930e-02
 5.424619122341e+04  1.589586300000e+01  6.644655379133e-02
 5.424620042446e+04  1.590387500000e+01  6.661519508230e-02
 5.424620960106e+04  1.588661900000e+01  6.651341115853e-02
 5.424621881218e+04  1.589457900000e+01  6.672529253328e-02
 5.438949101784e+04  1.568049800000e+01  6.821583997279e-02
 5.438949412354e+04  1.565854000000e+01  6.791614587545e-02
 5.438949720958e+04  1.570287500000e+01  6.842323896758e-02
 5.438950031517e+04  1.567738600000e+01  6.811856245441e-02
 5.480541652847e+04  1.552115400000e+01  6.171043491224e-02
 5.480542457030e+04  1.557125800000e+01  6.206763785975e-02
 5.480543260369e+04  1.560107000000e+01  6.232536171721e-02
 5.480544062897e+04  1.564126200000e+01  6.262871831235e-02
 5.450332282537e+04  1.587337600000e+01  6.475677979587e-02
 5.450333127880e+04  1.590252800000e+01  6.507226730739e-02
 5.447833747406e+04  1.603107800000e+01  6.671091831437e-02
 5.447834412162e+04  1.607389200000e+01  6.749470925201e-02
 5.447835074729e+04  1.604779100000e+01  6.712070082623e-02
 5.447835735479e+04  1.600316300000e+01  7.218067201877e-02
 5.479249382002e+04  1.600652500000e+01  6.853396372338e-02
 5.479249983086e+04  1.602046500000e+01  6.864718028733e-02
 5.479250584794e+04  1.584485100000e+01  7.042913905583e-02
 5.479251191502e+04  1.579540100000e+01  6.695210704349e-02
 5.492233162521e+04  1.533561400000e+01  6.062407653093e-02
 5.492233949899e+04  1.540370800000e+01  6.088376822275e-02
 5.492234742730e+04  1.546924600000e+01  6.171882314532e-02
 5.492235535237e+04  1.547074700000e+01  6.174337178979e-02
 5.494524846440e+04  1.535313100000e+01  6.066239161459e-02
 5.494525507087e+04  1.535755300000e+01  6.043408568701e-02
 5.494526179668e+04  1.534668500000e+01  6.063212068192e-02
 5.494526855060e+04  1.538069800000e+01  6.090762698990e-02
 5.518342923532e+04  1.549121300000e+01  6.143929489361e-02
 5.518343387201e+04  1.550265800000e+01  6.151601544023e-02
 5.518343849924e+04  1.552808300000e+01  6.172389922085e-02
 5.518344311174e+04  1.554802900000e+01  6.201415281094e-02
 5.487542623874e+04  1.571555800000e+01  6.552352573780e-02
 5.487543120785e+04  1.574748900000e+01  6.591687625881e-02
 5.487543597846e+04  1.575629700000e+01  6.599910034085e-02
 5.487544083912e+04  1.574635200000e+01  6.589967306634e-02
 5.488625745912e+04  1.600110200000e+01  7.509384368846e-02
 5.489024787191e+04  1.558526500000e+01  6.209561924212e-02
 5.489025663947e+04  1.554849900000e+01  6.326670344617e-02
 5.489027061343e+04  1.550816700000e+01  6.412074916510e-02
 5.485041036972e+04  1.646459400000e+01  7.824117630236e-02
 5.485041522552e+04  1.597450200000e+01  6.888603652927e-02
 5.485042016964e+04  1.595086400000e+01  6.883581037743e-02
 5.485042518574e+04  1.600070800000e+01  6.900802734310e-02
 5.486226022167e+04  1.618702800000e+01  6.842017653102e-02
 5.486226768662e+04  1.622055900000e+01  6.883344657345e-02
 5.486227509995e+04  1.620623100000e+01  6.859318815363e-02
 5.486228253817e+04  1.620487300000e+01  6.855116721531e-02
 5.498417441262e+04  1.618760900000e+01  8.196639509682e-02
 5.500515815498e+04  1.575596300000e+01  6.515586006024e-02
 5.500516487105e+04  1.572044700000e+01  6.491731132888e-02
 5.500517157931e+04  1.576608000000e+01  6.568816676993e-02
 5.500517864519e+04  1.582478000000e+01  6.623451346689e-02
 5.491124139649e+04  1.584717400000e+01  6.469085177139e-02
 5.491124700869e+04  1.602196600000e+01  6.656864275582e-02
 5.491125266094e+04  1.585605300000e+01  6.477196605859e-02
 5.491125841493e+04  1.590146000000e+01  6.523681577581e-02
 5.492021389230e+04  1.545751400000e+01  6.145619902821e-02
 5.492022871088e+04  1.556206000000e+01  6.226722343744e-02
 5.492023607029e+04  1.559482200000e+01  6.253068027633e-02
 5.514348060859e+04  1.577207100000e+01  6.758231825506e-02
 5.514348496528e+04  1.583318000000e+01  6.823356555347e-02
 5.514348934976e+04  1.582962400000e+01  6.822380169997e-02
 5.514349369547e+04  1.581177600000e+01  6.794405676786e-02
 5.529825370606e+04  1.564534500000e+01  6.326950170307e-02
 5.529825942139e+04  1.566834500000e+01  6.349280400986e-02
 5.529826509353e+04  1.568397400000e+01  6.364570986603e-02
 5.529827078212e+04  1.571412500000e+01  6.396129575621e-02
 5.524428142572e+04  1.540510600000e+01  6.108881645386e-02
 5.524428773751e+04  1.542493700000e+01  6.124506280285e-02
 5.524429404402e+04  1.546746600000e+01  6.155519734839e-02
 5.524430043843e+04  1.547445500000e+01  6.162976073178e-02
 5.527226402440e+04  1.605443400000e+01  6.724235227614e-02
 5.527226875194e+04  1.605064500000e+01  6.697017279901e-02
 5.527227372258e+04  1.603103500000e+01  6.665241030322e-02
 5.527227881693e+04  1.605772100000e+01  6.708567856926e-02
 5.532720707612e+04  1.600566300000e+01  6.707950079678e-02
 5.532721355795e+04  1.603084100000e+01  6.744907227001e-02
 5.532721993201e+04  1.600575100000e+01  6.717402248752e-02
 5.532722627029e+04  1.598742900000e+01  6.700083304053e-02
 5.560138941644e+04  1.570003300000e+01  6.442395326139e-02
 5.560139516730e+04  1.567189900000e+01  6.407811225606e-02
 5.560140100152e+04  1.561089400000e+01  6.348989819786e-02
 5.560140676903e+04  1.559939600000e+01  6.338285455690e-02
 5.560230056116e+04  1.603049900000e+01  6.418587433458e-02
 5.560230681747e+04  1.605288600000e+01  6.438477424952e-02
 5.560231306895e+04  1.604265400000e+01  6.428137368173e-02
 5.560231931938e+04  1.605034200000e+01  6.434428175933e-02
 5.562823349595e+04  1.565733400000e+01  6.397001988764e-02
 5.562824086392e+04  1.570730700000e+01  6.447194712598e-02
 5.562824836881e+04  1.571786200000e+01  6.460942337823e-02
 5.562825589432e+04  1.574185800000e+01  6.488892270350e-02
 5.568716256219e+04  1.616709400000e+01  7.113073134222e-02
 5.568716758965e+04  1.616396900000e+01  7.066976635496e-02
 5.568717274234e+04  1.614928800000e+01  7.099725738145e-02
 5.568717786992e+04  1.616219100000e+01  7.077495669553e-02
 5.415739268800e+04  1.599600800000e+01  6.619438654649e-02
 5.415740424043e+04  1.599325800000e+01  6.622520377475e-02
 5.415741575500e+04  1.605335500000e+01  6.691803828499e-02
 5.415742699110e+04  1.606250400000e+01  6.662075269772e-02
 5.488625857203e+04  1.602594300000e+01  6.967179512011e-02
 5.488626221608e+04  1.598725400000e+01  7.280866368845e-02
 5.489031004062e+04  1.556070000000e+01  6.185575067366e-02
 5.489031832541e+04  1.558825800000e+01  6.290088179258e-02
 5.489032714575e+04  1.561862600000e+01  6.254844013211e-02
 5.489033511524e+04  1.562183300000e+01  6.415870266558e-02
 5.557630441310e+04  1.570217900000e+01  6.861501372712e-02
 5.557631123068e+04  1.551759500000e+01  6.597006424362e-02
 5.557631806704e+04  1.537792600000e+01  6.457714994707e-02
 5.557632491069e+04  1.521277200000e+01  6.299615234220e-02
 5.592437851339e+04  1.565611700000e+01  6.072878536056e-02
 5.592438667076e+04  1.560961400000e+01  6.038067409551e-02
 5.592439492128e+04  1.555932500000e+01  6.000885525794e-02
 5.592440307200e+04  1.557706200000e+01  6.011772140488e-02
 5.595844527819e+04  1.621377700000e+01  6.929030499497e-02
 5.595845112109e+04  1.617533700000e+01  6.880727860437e-02
 5.595845699510e+04  1.618677900000e+01  6.894822220980e-02
 5.595846284985e+04  1.622849200000e+01  6.948673279762e-02
 5.598140086916e+04  1.605312900000e+01  6.739466797187e-02
 5.598140706035e+04  1.608471900000e+01  6.775609650953e-02
 5.598141333161e+04  1.613037600000e+01  6.831946788101e-02
 5.598141952905e+04  1.610510000000e+01  6.804930525563e-02
 5.598917817242e+04  1.584374200000e+01  6.563170169825e-02
 5.598918266847e+04  1.583100900000e+01  6.549244193728e-02
 5.598918725458e+04  1.583400900000e+01  6.555468329641e-02
 5.598919181944e+04  1.583398600000e+01  6.551209354825e-02
 5.600929066453e+04  1.559520200000e+01  6.273707586171e-02
 5.600929700758e+04  1.547790800000e+01  6.172492187812e-02
 5.600930334221e+04  1.538492400000e+01  6.100046414461e-02
 5.600930965861e+04  1.535128000000e+01  6.075267759173e-02
 5.601818164633e+04  1.611728800000e+01  6.845833724137e-02
 5.601818955948e+04  1.611459700000e+01  6.839734796851e-02
 5.601819748778e+04  1.608729400000e+01  6.807085849333e-02
 5.601820548669e+04  1.613124700000e+01  6.860310136371e-02
 5.603920305008e+04  1.573749500000e+01  6.453209570355e-02
 5.603921027013e+04  1.569477100000e+01  6.409524260264e-02
 5.603921750486e+04  1.566988200000e+01  6.387894622332e-02
 5.603922472634e+04  1.571171500000e+01  6.429981462885e-02
 5.606724321535e+04  1.610991500000e+01  6.796618815272e-02
 5.606724993790e+04  1.614368800000e+01  6.841058908748e-02
 5.606725679639e+04  1.613080500000e+01  6.836119916337e-02
 5.606726365755e+04  1.612938100000e+01  6.835552821613e-02
 5.608717901450e+04  1.584091600000e+01  6.492096359829e-02
 5.608718406175e+04  1.578842900000e+01  6.442243650689e-02
 5.608718912016e+04  1.578177200000e+01  6.439858057710e-02
 5.608719430932e+04  1.572158700000e+01  6.378047267375e-02
 5.609916225781e+04  1.588002100000e+01  6.627801760850e-02
 5.609916747106e+04  1.584706500000e+01  6.609591639686e-02
 5.609917262120e+04  1.586451900000e+01  6.638740948451e-02
 5.609917773718e+04  1.589977000000e+01  6.682339283494e-02
