# time mag mag_err
 5.376944035351e+04  1.585682600000e+01  7.576989878371e-02
 5.376944860657e+04  1.592270700000e+01  7.635441734233e-02
 5.376945685607e+04  1.592944700000e+01  7.545751866251e-02
 5.376946513112e+04  1.597155300000e+01  7.514754548218e-02
 5.389031965512e+04  1.617895800000e+01  1.363713384060e-01
 5.389032068525e+04  1.606957300000e+01  1.307101449141e-01
 5.389032173508e+04  1.623305300000e+01  1.396019333431e-01
 5.389032283074e+04  1.618237900000e+01  1.366411520315e-01
 5.390127421788e+04  1.565701500000e+01  1.116235828618e-01
 5.390127524155e+04  1.561514100000e+01  1.098392593477e-01
 5.390127623836e+04  1.557337100000e+01  1.086658929187e-01
 5.390127721769e+04  1.561786600000e+01  1.100086654419e-01
 5.388426544447e+04  1.645954600000e+01  7.548135012149e-02
 5.388427094624e+04  1.652644000000e+01  7.667359280858e-02
 5.388427646469e+04  1.652703700000e+01  7.673410176870e-02
 5.388428198950e+04  1.649547000000e+01  7.622283076552e-02
 5.420437109251e+04  1.644244100000e+01  7.292405109011e-02
 5.420437602921e+04  1.643110300000e+01  7.277656333258e-02
 5.420438091418e+04  1.643870100000e+01  7.297263034866e-02
 5.420438579231e+04  1.642019000000e+01  7.270323087517e-02
 5.413840709127e+04  1.631539300000e+01  7.273708426702e-02
 5.413841145932e+04  1.638541100000e+01  7.313019728198e-02
 5.413841581855e+04  1.642514200000e+01  7.322598655308e-02
 5.413842021785e+04  1.639331100000e+01  7.224649527540e-02
 5.415833797111e+04  1.619688100000e+01  6.882636031353e-02
 5.415834402095e+04  1.624864400000e+01  6.951059228924e-02
 5.415835008631e+04  1.622914100000e+01  6.923530983824e-02
 5.415835614170e+04  1.625059900000e+01  6.946850524553e-02
 5.427025973316e+04  1.636409100000e+01  7.355430829234e-02
 5.427026844911e+04  1.640677600000e+01  7.436543632323e-02
 5.427027719375e+04  1.633446200000e+01  7.337186278234e-02
 5.427028590090e+04  1.638262200000e+01  7.448883210308e-02
 5.427924708791e+04  1.639391500000e+01  7.381113324378e-02
 5.427925142748e+04  1.633959200000e+01  7.337452195349e-02
 5.427925578881e+04  1.635278100000e+01  7.361913334834e-02
 5.427926013983e+04  1.637767300000e+01  7.409188507160e-02
 5.417726537650e+04  1.601439300000e+01  6.773970128479e-02
 5.417727307573e+04  1.606474600000e+01  6.826783564185e-02
 5.417728077611e+04  1.606368800000e+01  6.821106697532e-02
 5.417728842568e+04  1.608535300000e+01  6.838941402638e-02
 5.423831054403e+04  1.592040600000e+01  6.788003901011e-02
 5.423831545932e+04  1.590134600000e+01  6.763457537402e-02
 5.423832038826e+04  1.582492500000e+01  6.683965056651e-02
 5.423832528770e+04  1.578810400000e+01  6.644128530148e-02
 5.451530522958e+04  1.560565300000e+01  6.527052443299e-02
 5.451530786259e+04  1.563184700000e+01  6.552352573780e-02
 5.451531053355e+04  1.568039200000e+01  6.612352406739e-02
 5.451531316377e+04  1.564451800000e+01  6.574189824032e-02
 5.494728278782e+04  1.629346700000e+01  7.176406272642e-02
 5.494728793958e+04  1.633380800000e+01  8.152879403378e-02
 5.495031890539e+04  1.641746900000e+01  7.690475896010e-02
 5.495032370137e+04  1.638241200000e+01  7.624790860733e-02
 5.495032855520e+04  1.643222000000e+01  7.714294024020e-02
 5.495033329166e+04  1.637777100000e+01  7.615438297591e-02
 5.486232422751e+04  1.649010400000e+01  7.321271988272e-02
 5.486232970370e+04  1.644144300000e+01  7.242480075273e-02
 5.486233512829e+04  1.642252400000e+01  7.208542425655e-02
 5.486234056027e+04  1.640918200000e+01  7.188177180798e-02
 5.489241868784e+04  1.626495900000e+01  7.296224945025e-02
 5.489242553390e+04  1.619967500000e+01  7.181057650886e-02
 5.489243239396e+04  1.605388400000e+01  6.976832314942e-02
 5.489243932185e+04  1.589614200000e+01  6.788165853057e-02
 5.490829606832e+04  1.559538800000e+01  6.364180264366e-02
 5.490829980230e+04  1.560767900000e+01  6.556570233002e-02
 5.490830353003e+04  1.559521400000e+01  6.734882689851e-02
 5.490830726818e+04  1.557377700000e+01  6.420448723705e-02
 5.491550423245e+04  1.640066200000e+01  7.267345666326e-02
 5.491550668328e+04  1.639035100000e+01  7.251862070634e-02
 5.491550910758e+04  1.637756300000e+01  7.239025321012e-02
 5.491551154209e+04  1.648060700000e+01  7.398212422615e-02
 5.497425535348e+04  1.555050200000e+01  6.406135904304e-02
 5.497426197082e+04  1.563608600000e+01  6.336663954064e-02
 5.497426685289e+04  1.571170400000e+01  6.776294578575e-02
 5.529139003245e+04  1.602466900000e+01  7.055882601054e-02
 5.529139360324e+04  1.604622000000e+01  7.084532358747e-02
 5.529139716772e+04  1.603935800000e+01  7.082456108121e-02
 5.529140072311e+04  1.604396500000e+01  7.085646934693e-02
 5.526926924654e+04  1.612094400000e+01  6.858162117721e-02
 5.526927436772e+04  1.610946800000e+01  6.837012023154e-02
 5.526927959588e+04  1.609751100000e+01  6.819388766998e-02
 5.526928483951e+04  1.618624200000e+01  6.930132523780e-02
 5.527439767002e+04  1.565713800000e+01  6.338423280759e-02
 5.527440345608e+04  1.562998500000e+01  6.316995648852e-02
 5.527440918058e+04  1.563779100000e+01  6.327751931438e-02
 5.527441507659e+04  1.564330300000e+01  6.335272106887e-02
 5.527524507047e+04  1.641857600000e+01  7.298950307538e-02
 5.527525036065e+04  1.643706600000e+01  7.320086269036e-02
 5.527525564089e+04  1.639603000000e+01  7.248163128233e-02
 5.527526087846e+04  1.644002300000e+01  7.316277667063e-02
 5.528128291471e+04  1.570706300000e+01  7.039394505215e-02
 5.528128611314e+04  1.575349600000e+01  7.101786728461e-02
 5.528128928782e+04  1.569255700000e+01  7.010673973580e-02
 5.528129247566e+04  1.570840900000e+01  7.040492800173e-02
 5.533030456432e+04  1.578199100000e+01  7.028244177145e-02
 5.533031136929e+04  1.568114700000e+01  6.405712328855e-02
 5.533031829094e+04  1.566354400000e+01  6.395193448376e-02
 5.533032518519e+04  1.564677300000e+01  6.381574677067e-02
 5.563540291174e+04  1.612375200000e+01  7.778573190785e-02
 5.563540607984e+04  1.618919700000e+01  7.994230560146e-02
 5.563540929449e+04  1.622108600000e+01  7.987471873563e-02
 5.563541248250e+04  1.619404600000e+01  8.087125328441e-02
 5.565038127918e+04  1.645580200000e+01  7.506041544478e-02
 5.565038693920e+04  1.647357200000e+01  7.489995878156e-02
 5.565039267688e+04  1.647939600000e+01  7.499304016727e-02
 5.565039830970e+04  1.648774600000e+01  7.513115493280e-02
 5.568725101176e+04  1.637089200000e+01  7.514123831013e-02
 5.568725669144e+04  1.642237400000e+01  7.550045459900e-02
 5.568726248088e+04  1.640968800000e+01  7.462270186362e-02
 5.568726822156e+04  1.640951300000e+01  7.487532814594e-02
 5.592849481902e+04  1.613772000000e+01  6.872068692891e-02
 5.592850418432e+04  1.596162200000e+01  6.659035636312e-02
 5.592851345020e+04  1.581892700000e+01  6.503781587052e-02
 5.592852269722e+04  1.569914000000e+01  6.384229671574e-02
 5.601925238970e+04  1.575905000000e+01  6.454842592948e-02
 5.601925981507e+04  1.570008900000e+01  6.388461209395e-02
 5.601926727229e+04  1.565012700000e+01  6.341185764268e-02
 5.601927466612e+04  1.559411000000e+01  6.291557601647e-02
 5.603935292153e+04  1.576854100000e+01  6.523959156748e-02
 5.603935908188e+04  1.577711500000e+01  6.538016548096e-02
 5.603936527260e+04  1.581927100000e+01  6.586351153863e-02
 5.603937152037e+04  1.584974500000e+01  6.621895325502e-02
 5.607625102456e+04  1.564038700000e+01  6.524269779381e-02
 5.607625956341e+04  1.565973500000e+01  6.547626870098e-02
 5.607626809771e+04  1.571116100000e+01  6.605217596674e-02
 5.607627657778e+04  1.570275600000e+01  6.598162004222e-02
