# time mag mag_err
 5.346929142259e+04  1.558982800000e+01  6.429649890305e-02
 5.346929952844e+04  1.554946900000e+01  6.393551956938e-02
 5.346930771056e+04  1.554106600000e+01  6.391893409008e-02
 5.346931584997e+04  1.551207000000e+01  6.366053554462e-02
 5.370946200738e+04  1.579298300000e+01  6.688680017368e-02
 5.370946897532e+04  1.579392700000e+01  6.686468702250e-02
 5.370947597035e+04  1.581257700000e+01  6.700286975027e-02
 5.370948296363e+04  1.581685200000e+01  6.698836719363e-02
 5.373346179752e+04  1.560902300000e+01  6.464324678745e-02
 5.373346833616e+04  1.566094700000e+01  6.599976457326e-02
 5.373347492826e+04  1.565241700000e+01  6.725770947351e-02
 5.373348400140e+04  1.564978800000e+01  7.007730018274e-02
 5.350028710631e+04  1.553129100000e+01  6.399354536703e-02
 5.350029353302e+04  1.554767500000e+01  6.417095751586e-02
 5.350029999201e+04  1.552550300000e+01  6.400122514086e-02
 5.350030647775e+04  1.552817000000e+01  6.410332661915e-02
 5.350618897178e+04  1.582387800000e+01  6.944245187758e-02
 5.350619662459e+04  1.574501800000e+01  6.842569016133e-02
 5.350620430623e+04  1.565808200000e+01  6.738206477728e-02
 5.350621202652e+04  1.569007700000e+01  6.797390076398e-02
 5.383116240772e+04  1.590057100000e+01  6.953148146669e-02
 5.383116888883e+04  1.595196600000e+01  7.026244672628e-02
 5.383117549727e+04  1.593202300000e+01  6.982896985221e-02
 5.383118195997e+04  1.592408800000e+01  6.970667212964e-02
 5.385113578708e+04  1.574765800000e+01  6.708688086485e-02
 5.385114332333e+04  1.577541900000e+01  6.740917376163e-02
 5.385115087810e+04  1.575553700000e+01  6.715519526930e-02
 5.385115843786e+04  1.576627500000e+01  6.723236468823e-02
 5.409443104957e+04  1.584495700000e+01  6.645607851511e-02
 5.409444030756e+04  1.583847600000e+01  6.635510660363e-02
 5.409444955118e+04  1.585666700000e+01  6.643076067773e-02
 5.409445884887e+04  1.584168900000e+01  6.621118594043e-02
 5.376733994073e+04  1.585317700000e+01  6.753415017271e-02
 5.376734818396e+04  1.588525800000e+01  6.786861144211e-02
 5.376735643947e+04  1.586963100000e+01  6.763937753096e-02
 5.376736474497e+04  1.587233800000e+01  6.762894557655e-02
 5.378742532979e+04  1.583457100000e+01  6.724945621880e-02
 5.378743362234e+04  1.580712900000e+01  6.696459683923e-02
 5.378744191105e+04  1.584215200000e+01  6.747750673851e-02
 5.378745022524e+04  1.577285000000e+01  6.753169035618e-02
 5.379440332766e+04  1.565135500000e+01  6.744582973529e-02
 5.373950884623e+04  1.563255900000e+01  6.468690160120e-02
 5.373951808917e+04  1.562493900000e+01  6.460636180310e-02
 5.373952737620e+04  1.565862300000e+01  6.494234864681e-02
 5.373953662806e+04  1.564093300000e+01  6.478718913625e-02
 5.390227284637e+04  1.575200300000e+01  1.225697292607e-01
 5.390227383611e+04  1.584792300000e+01  1.271895334511e-01
 5.390227480155e+04  1.569678500000e+01  1.199696854082e-01
 5.390227578227e+04  1.583809700000e+01  1.265975799670e-01
 5.380324832427e+04  1.553673600000e+01  6.922066041216e-02
 5.380325332694e+04  1.553662300000e+01  6.919289715979e-02
 5.380325834097e+04  1.552255100000e+01  6.899530857442e-02
 5.380326550301e+04  1.556247100000e+01  6.951234075797e-02
 5.381924257837e+04  1.557814100000e+01  6.780690801633e-02
 5.381925022030e+04  1.564213900000e+01  6.959339953080e-02
 5.381925787461e+04  1.558267600000e+01  7.008826590658e-02
 5.381926551584e+04  1.557286400000e+01  6.841997320840e-02
 5.385921972206e+04  1.577015900000e+01  6.764048538389e-02
 5.385922669521e+04  1.575413900000e+01  6.745520132625e-02
 5.385923361708e+04  1.573199000000e+01  6.721609853837e-02
 5.385924055203e+04  1.578144700000e+01  6.777149322145e-02
 5.387823560943e+04  1.592271100000e+01  6.918997946510e-02
 5.387824308098e+04  1.593280600000e+01  6.934737931361e-02
 5.387825057094e+04  1.593238800000e+01  6.938541709551e-02
 5.387825803671e+04  1.590272700000e+01  6.905071501164e-02
 5.388516954464e+04  1.549975100000e+01  6.455836390567e-02
 5.388517879035e+04  1.550726200000e+01  6.467415600761e-02
 5.388518796824e+04  1.552590400000e+01  6.488585226459e-02
 5.388519719729e+04  1.556125500000e+01  6.527284855024e-02
 5.405650774490e+04  1.549652900000e+01  6.287525802878e-02
 5.405651384589e+04  1.554250400000e+01  6.325667686968e-02
 5.405651995719e+04  1.554462200000e+01  6.324921654447e-02
 5.405652602694e+04  1.556137700000e+01  6.333258592275e-02
 5.420425523698e+04  1.551739000000e+01  6.347998661871e-02
 5.420426275737e+04  1.554922500000e+01  6.377705633225e-02
 5.420427030706e+04  1.551693500000e+01  6.346809455155e-02
 5.420427784620e+04  1.554685900000e+01  6.374911410601e-02
 5.445243597688e+04  1.582526600000e+01  6.637696365031e-02
 5.445244205877e+04  1.580495900000e+01  6.609277223111e-02
 5.445244813211e+04  1.579645700000e+01  6.594385883717e-02
 5.445245424236e+04  1.581908500000e+01  6.615841308517e-02
 5.411739371064e+04  1.591275100000e+01  6.723043868259e-02
 5.411740036583e+04  1.593013700000e+01  6.737974352036e-02
 5.411740703735e+04  1.592927400000e+01  6.731281409730e-02
 5.411741376951e+04  1.595216000000e+01  6.757306274090e-02
 5.412841796216e+04  1.554503100000e+01  6.333649017939e-02
 5.412842508370e+04  1.557126500000e+01  6.357623655717e-02
 5.412843223001e+04  1.558854400000e+01  6.373000143418e-02
 5.412843943998e+04  1.559997400000e+01  6.379647635536e-02
 5.427618608204e+04  1.559351800000e+01  6.505521184006e-02
 5.427619259637e+04  1.553575300000e+01  6.453363879519e-02
 5.427619909413e+04  1.562278700000e+01  6.552669690395e-02
 5.427620561587e+04  1.555337200000e+01  6.485579081492e-02
 5.416844535562e+04  1.594703300000e+01  6.778080168323e-02
 5.416845399031e+04  1.600766200000e+01  6.865442689983e-02
 5.416846269560e+04  1.599455700000e+01  6.844624470892e-02
 5.416847139280e+04  1.595870700000e+01  6.771167604648e-02
 5.417437640171e+04  1.588415000000e+01  6.680270871333e-02
 5.417438591527e+04  1.585613600000e+01  6.654683448029e-02
 5.417439538287e+04  1.582631200000e+01  6.619347533829e-02
 5.417440490197e+04  1.581872900000e+01  6.614927881198e-02
 5.418527957002e+04  1.591011800000e+01  6.772530281166e-02
 5.418528999149e+04  1.591442900000e+01  6.771970007791e-02
 5.418530039676e+04  1.584872700000e+01  6.696054333548e-02
 5.418531080665e+04  1.583693300000e+01  6.681387088983e-02
 5.423123881517e+04  1.565678000000e+01  6.525057052284e-02
 5.423124524906e+04  1.562851900000e+01  6.497604888792e-02
 5.423125170586e+04  1.566474100000e+01  6.534717915625e-02
 5.423125814403e+04  1.566659400000e+01  6.539259426664e-02
 5.456329175471e+04  1.580158800000e+01  6.631923923615e-02
 5.456329717546e+04  1.580006400000e+01  6.630896945686e-02
 5.456330262111e+04  1.577378700000e+01  6.593009848429e-02
 5.456330804881e+04  1.579806200000e+01  6.635844672484e-02
 5.458527879532e+04  1.564996900000e+01  6.474420236265e-02
 5.458528553189e+04  1.562083800000e+01  6.450688101853e-02
 5.458529227840e+04  1.570232100000e+01  6.532117308392e-02
 5.458529897932e+04  1.569184300000e+01  6.524746063699e-02
 5.480647739512e+04  1.579832500000e+01  6.598139919797e-02
 5.480648470369e+04  1.580886200000e+01  6.602573630132e-02
 5.480649186192e+04  1.587029800000e+01  6.665224827615e-02
 5.480649912756e+04  1.585127600000e+01  6.643570696228e-02
 5.449736180356e+04  1.571180600000e+01  6.954551405783e-02
 5.449736730094e+04  1.571100400000e+01  8.002490667167e-02
 5.449737530933e+04  1.569228400000e+01  7.556473749389e-02
 5.449738096829e+04  1.566994900000e+01  8.154310578556e-02
 5.450433275534e+04  1.590898600000e+01  6.388675159958e-02
 5.450434074855e+04  1.593207100000e+01  6.408048601132e-02
 5.450434872233e+04  1.593890400000e+01  6.415417643775e-02
 5.450435664703e+04  1.593055000000e+01  6.403850722925e-02
 5.451031730814e+04  1.583390100000e+01  6.644576722706e-02
 5.451032396900e+04  1.587832200000e+01  6.694704988836e-02
 5.451033061667e+04  1.589170000000e+01  6.700151188185e-02
 5.451033725473e+04  1.588190300000e+01  6.667299727234e-02
 5.452528174422e+04  1.554267100000e+01  6.517860887806e-02
 5.452528890627e+04  1.552173500000e+01  6.625033732309e-02
 5.452529606381e+04  1.547575700000e+01  6.547619918198e-02
 5.452530321185e+04  1.545252900000e+01  6.515762182273e-02
 5.453630670543e+04  1.574485600000e+01  6.238011726343e-02
 5.453631334882e+04  1.574225000000e+01  6.234575445309e-02
 5.453631996373e+04  1.572700100000e+01  6.221350034315e-02
 5.453632657377e+04  1.572862500000e+01  6.220134034629e-02
 5.455533133502e+04  1.589188500000e+01  6.713563717605e-02
 5.455533855031e+04  1.588355800000e+01  6.703937992157e-02
 5.455534568862e+04  1.590060100000e+01  6.727829289131e-02
 5.455535283134e+04  1.589851000000e+01  6.725182597920e-02
 5.459221566655e+04  1.584598600000e+01  6.725437226991e-02
 5.459222208781e+04  1.587208700000e+01  6.756875960780e-02
 5.459222854034e+04  1.583401500000e+01  6.709779340042e-02
 5.459223499240e+04  1.583139200000e+01  6.706698751439e-02
 5.478851746326e+04  1.595120500000e+01  7.088494331287e-02
 5.478852355060e+04  1.590520400000e+01  7.022069399577e-02
 5.478852976689e+04  1.593359000000e+01  7.053386425419e-02
 5.478853595354e+04  1.591347600000e+01  7.021196344716e-02
 5.494531141066e+04  1.565389300000e+01  6.479033642032e-02
 5.494531925840e+04  1.564689700000e+01  6.478373502568e-02
 5.494532703913e+04  1.573285600000e+01  6.694991551407e-02
 5.494534716170e+04  1.582783600000e+01  6.947894920732e-02
 5.518451608792e+04  1.572580600000e+01  6.490850507191e-02
 5.518452247405e+04  1.570918800000e+01  6.478330263819e-02
 5.518452890794e+04  1.577488000000e+01  6.539780160878e-02
 5.518453529343e+04  1.575732200000e+01  6.520912883222e-02
 5.488339736819e+04  1.550039300000e+01  6.348153708730e-02
 5.488340087832e+04  1.554044000000e+01  6.363985098508e-02
 5.488340450095e+04  1.552871500000e+01  6.367105978038e-02
 5.488341106205e+04  1.555254900000e+01  6.589661658020e-02
 5.488432062405e+04  1.579232800000e+01  6.579519054904e-02
 5.488432660132e+04  1.580368700000e+01  6.592556625639e-02
 5.488433266632e+04  1.580680000000e+01  6.797563696299e-02
 5.488433868306e+04  1.579728300000e+01  6.643735622573e-02
 5.483344301992e+04  1.592528400000e+01  6.710217970111e-02
 5.483345082354e+04  1.589704300000e+01  6.673371743639e-02
 5.483345862799e+04  1.590771500000e+01  6.684637932742e-02
 5.483346651484e+04  1.591873700000e+01  6.695413120508e-02
 5.486047189778e+04  1.556186600000e+01  6.312467333036e-02
 5.486047675936e+04  1.558951800000e+01  6.338147758770e-02
 5.486048165961e+04  1.553569500000e+01  6.290097291183e-02
 5.486048655291e+04  1.555462600000e+01  6.305526164376e-02
 5.489333960319e+04  1.574520700000e+01  6.501228590398e-02
 5.489334992199e+04  1.572686700000e+01  6.482530836460e-02
 5.489336013975e+04  1.558567700000e+01  6.345169583942e-02
 5.489337043076e+04  1.558096900000e+01  6.404256630790e-02
 5.490626343044e+04  1.554240400000e+01  6.317475104251e-02
 5.490626882133e+04  1.555383500000e+01  6.325653201010e-02
 5.490627414937e+04  1.556803300000e+01  6.339521837264e-02
 5.490627952372e+04  1.558663000000e+01  6.352088866544e-02
 5.491728632670e+04  1.579049500000e+01  6.611976664602e-02
 5.491729098932e+04  1.583431400000e+01  6.661117014369e-02
 5.491729589003e+04  1.583157700000e+01  6.655649205543e-02
 5.491730073171e+04  1.582229000000e+01  6.639638676133e-02
 5.496823193091e+04  1.572780900000e+01  6.672169612149e-02
 5.496823737182e+04  1.573180300000e+01  6.681908637580e-02
 5.496824288924e+04  1.576047400000e+01  6.720762928685e-02
 5.496824838152e+04  1.579012600000e+01  6.750187369242e-02
 5.514552184235e+04  1.571787200000e+01  6.606685014795e-02
 5.514552533407e+04  1.571597000000e+01  6.596300805952e-02
 5.514552877788e+04  1.572950700000e+01  6.598928556683e-02
 5.514553234370e+04  1.578117700000e+01  6.637852183002e-02
 5.515948433462e+04  1.550256200000e+01  6.349822009355e-02
 5.515949208722e+04  1.552680000000e+01  6.366352620898e-02
 5.515949996307e+04  1.550345800000e+01  6.341195614767e-02
 5.515950787044e+04  1.552057400000e+01  6.354111652967e-02
 5.529524227258e+04  1.559644600000e+01  6.409291938061e-02
 5.529524851213e+04  1.558126900000e+01  6.396806824205e-02
 5.529525468831e+04  1.560320500000e+01  6.413961375012e-02
 5.529526093772e+04  1.561112300000e+01  6.425344522873e-02
 5.530329105456e+04  1.559811100000e+01  6.483064779945e-02
 5.530329966971e+04  1.555414500000e+01  6.450404682456e-02
 5.530330845340e+04  1.560476900000e+01  6.507710232317e-02
 5.530331716265e+04  1.560923200000e+01  6.519171861484e-02
 5.554250667554e+04  1.562331300000e+01  6.738215460739e-02
 5.554252417501e+04  1.568500300000e+01  6.708473464400e-02
 5.554253283767e+04  1.570957100000e+01  6.841395359260e-02
 5.524232579012e+04  1.573436500000e+01  6.596646204314e-02
 5.524233276141e+04  1.576287600000e+01  6.634664684626e-02
 5.524233970893e+04  1.572762300000e+01  6.589952803111e-02
 5.524234663912e+04  1.574130700000e+01  6.594664408999e-02
 5.535818714713e+04  1.583240600000e+01  6.712536021904e-02
 5.535819336966e+04  1.577833600000e+01  6.653272989964e-02
 5.535819969322e+04  1.570573500000e+01  6.575414851816e-02
 5.535820597362e+04  1.570606600000e+01  6.577127915890e-02
 5.536921689904e+04  1.569774900000e+01  6.584232351992e-02
 5.536922253642e+04  1.568722100000e+01  6.583532311108e-02
 5.536922825141e+04  1.562983200000e+01  6.533443191033e-02
 5.536923402738e+04  1.570339000000e+01  6.618005066378e-02
 5.526042559216e+04  1.571486200000e+01  6.553366654203e-02
 5.526043084420e+04  1.571236200000e+01  6.557042074273e-02
 5.526043611911e+04  1.570515000000e+01  6.549710845696e-02
 5.526044136580e+04  1.574272500000e+01  6.590477114614e-02
 5.527235446492e+04  1.553937100000e+01  6.344875947631e-02
 5.527236088978e+04  1.557603500000e+01  6.559566036996e-02
 5.527236726955e+04  1.554318100000e+01  6.353616728618e-02
 5.527237363016e+04  1.555291200000e+01  6.360870017860e-02
 5.532524685806e+04  1.592255400000e+01  6.791260399144e-02
 5.532525428350e+04  1.586497200000e+01  6.724840313601e-02
 5.532526180012e+04  1.588594700000e+01  6.751685843404e-02
 5.532526925778e+04  1.584757400000e+01  6.711233891625e-02
 5.533619032192e+04  1.559980900000e+01  6.429261379972e-02
 5.533619892071e+04  1.559235700000e+01  6.421434985016e-02
 5.533620683708e+04  1.556772700000e+01  6.403554682042e-02
 5.533621484941e+04  1.562847200000e+01  6.461278552480e-02
 5.565728202214e+04  1.555539400000e+01  6.450564083189e-02
 5.565728763133e+04  1.556512800000e+01  6.462853959874e-02
 5.565729326625e+04  1.557396200000e+01  6.471204203042e-02
 5.565729899791e+04  1.559238400000e+01  6.563618397614e-02
 5.566430484197e+04  1.581162500000e+01  6.424731823981e-02
 5.566431126833e+04  1.580264400000e+01  6.418312465868e-02
 5.566431767064e+04  1.582575500000e+01  6.454420599996e-02
 5.566432418382e+04  1.584072500000e+01  6.456426238940e-02
 5.567412398785e+04  1.574629200000e+01  7.313175350257e-02
 5.567413134083e+04  1.569464200000e+01  7.078561076346e-02
 5.567413865053e+04  1.570230200000e+01  7.539924364605e-02
 5.567414603368e+04  1.571545700000e+01  7.196102079003e-02
 5.568131516363e+04  1.573576400000e+01  6.679511227373e-02
 5.568132379834e+04  1.561768300000e+01  6.550583477670e-02
 5.568133251985e+04  1.561863300000e+01  6.559879586134e-02
 5.568134124981e+04  1.559129200000e+01  6.538002972320e-02
 5.561543727478e+04  1.587853200000e+01  7.115291075633e-02
 5.561544432469e+04  1.597186300000e+01  7.255232673774e-02
 5.561545154961e+04  1.594523600000e+01  7.214183359493e-02
 5.561545873749e+04  1.585236400000e+01  7.085592607582e-02
 5.557644109311e+04  1.594011800000e+01  7.301700254516e-02
 5.557644830819e+04  1.589062600000e+01  7.222014321180e-02
 5.557645554258e+04  1.597544300000e+01  7.353429188558e-02
 5.557646277806e+04  1.596626100000e+01  7.337381207903e-02
 5.562230742721e+04  1.549334100000e+01  6.102935778165e-02
 5.562231993595e+04  1.549014100000e+01  6.099536426969e-02
 5.562233250525e+04  1.550301500000e+01  6.107354710139e-02
 5.562234499738e+04  1.552374000000e+01  6.125505824375e-02
 5.563143076602e+04  1.586166400000e+01  6.468842061147e-02
 5.563143837603e+04  1.587572400000e+01  6.484115389461e-02
 5.563144609829e+04  1.586149300000e+01  6.449437022556e-02
 5.563145379568e+04  1.586987400000e+01  6.461927438368e-02
 5.570122036878e+04  1.579911300000e+01  6.757031589503e-02
 5.570122778154e+04  1.589862400000e+01  6.879999982088e-02
 5.570123509176e+04  1.581949200000e+01  6.789329642888e-02
 5.570124243740e+04  1.586878100000e+01  6.846285010018e-02
 5.379440812443e+04  1.558384700000e+01  6.560374698771e-02
 5.379441570745e+04  1.553261300000e+01  6.742307864000e-02
 5.379442325343e+04  1.557782200000e+01  6.644867809881e-02
 5.379443081074e+04  1.553916300000e+01  6.495347838528e-02
 5.586850806528e+04  1.584302900000e+01  6.423400796402e-02
 5.586851276003e+04  1.583560200000e+01  6.413950272347e-02
 5.586851753782e+04  1.583847600000e+01  6.409137032768e-02
 5.586852233700e+04  1.584401900000e+01  6.403889170458e-02
 5.589345344808e+04  1.590271400000e+01  6.816556801242e-02
 5.589345924671e+04  1.583520100000e+01  6.725349425950e-02
 5.589346514898e+04  1.589095600000e+01  6.783859853106e-02
 5.589347100455e+04  1.593872000000e+01  6.834429912140e-02
 5.593545009382e+04  1.560576900000e+01  6.683832160713e-02
 5.593545648233e+04  1.565113000000e+01  6.729363584043e-02
 5.593546294892e+04  1.567016100000e+01  6.752722823658e-02
 5.593546937796e+04  1.556004200000e+01  6.624039560860e-02
 5.595934108991e+04  1.595004500000e+01  6.808816311723e-02
 5.595934772019e+04  1.597240300000e+01  6.831563935254e-02
 5.595935437389e+04  1.594750300000e+01  6.799234605165e-02
 5.595936093302e+04  1.597051700000e+01  6.830456658809e-02
 5.597544103897e+04  1.592483300000e+01  6.815312434939e-02
 5.597544842279e+04  1.593570000000e+01  6.832390383958e-02
 5.597545581691e+04  1.598021400000e+01  6.890400380902e-02
 5.597546320866e+04  1.594966800000e+01  6.849740121609e-02
 5.598343730358e+04  1.585428700000e+01  6.704398865664e-02
 5.598344294332e+04  1.587503700000e+01  6.731228265231e-02
 5.598344856836e+04  1.588724000000e+01  6.743476049387e-02
 5.598345424954e+04  1.586187600000e+01  6.720431428020e-02
 5.598927170510e+04  1.571684000000e+01  6.590302323896e-02
 5.598927788667e+04  1.566490200000e+01  6.534952997025e-02
 5.598928397134e+04  1.573296900000e+01  6.608118145284e-02
 5.598929010475e+04  1.577209300000e+01  6.650515847274e-02
 5.600145249507e+04  1.581494700000e+01  6.676356909881e-02
 5.600145582208e+04  1.579853200000e+01  6.657512575553e-02
 5.600145916012e+04  1.584173200000e+01  6.711190815277e-02
 5.600146244663e+04  1.583713300000e+01  6.706133828937e-02
 5.600825994618e+04  1.586479100000e+01  6.397446767082e-02
 5.600826812127e+04  1.584343400000e+01  6.371557657579e-02
 5.600827631706e+04  1.583336400000e+01  6.364283040329e-02
 5.600828436053e+04  1.585646800000e+01  6.383820905143e-02
 5.601428263436e+04  1.587002500000e+01  6.427635855380e-02
 5.601429084576e+04  1.585850400000e+01  6.418924400732e-02
 5.601429902745e+04  1.587927500000e+01  6.437365704089e-02
 5.601430722057e+04  1.582075400000e+01  6.379579072235e-02
 5.603025214426e+04  1.574344000000e+01  7.025723316724e-02
 5.603025801690e+04  1.573698600000e+01  6.718314939551e-02
 5.603026143201e+04  1.571765300000e+01  6.721915674333e-02
 5.603026484214e+04  1.576314600000e+01  6.863595446042e-02
 5.603541986484e+04  1.554167500000e+01  6.481829844047e-02
 5.603542519913e+04  1.551988800000e+01  6.469949050045e-02
 5.603543037648e+04  1.555032300000e+01  6.509143420189e-02
 5.603543562535e+04  1.558793200000e+01  6.556410813109e-02
 5.606922018247e+04  1.574870000000e+01  6.568350844201e-02
 5.606922700676e+04  1.570663000000e+01  6.524514531904e-02
 5.606923379470e+04  1.575293600000e+01  6.582314406173e-02
 5.606924054325e+04  1.576631800000e+01  6.601188760839e-02
 5.608920563585e+04  1.555118900000e+01  6.104238176687e-02
 5.608921304039e+04  1.552847300000e+01  6.091690355218e-02
 5.608922052837e+04  1.557064200000e+01  6.126407110112e-02
 5.608922802260e+04  1.558466200000e+01  6.142330882175e-02
