# time mag mag_err
 5.353124820198e+04  1.587960900000e+01  6.872990936005e-02
 5.353125606916e+04  1.594002200000e+01  6.950010907836e-02
 5.353126404061e+04  1.589669800000e+01  6.886239437684e-02
 5.353127184286e+04  1.589867500000e+01  6.892798415996e-02
 5.376948483106e+04  1.583917900000e+01  7.844042634391e-02
 5.376949310602e+04  1.586041000000e+01  7.468433916293e-02
 5.376950144080e+04  1.589623200000e+01  7.783204693305e-02
 5.376950996414e+04  1.587978300000e+01  7.413783762085e-02
 5.390130483527e+04  1.589988600000e+01  1.220947202741e-01
 5.390130593694e+04  1.598045000000e+01  1.260950319468e-01
 5.390130705725e+04  1.590078900000e+01  1.226374596963e-01
 5.390130817501e+04  1.583519500000e+01  1.195813103242e-01
 5.379937653108e+04  1.593507400000e+01  6.669551485491e-02
 5.379938419002e+04  1.596298000000e+01  6.703366589812e-02
 5.379939197131e+04  1.591530200000e+01  6.648971070615e-02
 5.379939971440e+04  1.595904000000e+01  6.703613885283e-02
 5.388321049686e+04  1.583339500000e+01  6.658385970667e-02
 5.388321715762e+04  1.586877500000e+01  6.697338513387e-02
 5.388322371465e+04  1.586990100000e+01  6.695480577445e-02
 5.388323026174e+04  1.589241800000e+01  6.727723662181e-02
 5.420247431235e+04  1.523839500000e+01  6.041577415575e-02
 5.420247975313e+04  1.527250200000e+01  6.072063819544e-02
 5.420248513973e+04  1.530731800000e+01  6.101630460973e-02
 5.420249054949e+04  1.535427300000e+01  6.139576948313e-02
 5.420946196174e+04  1.604099100000e+01  6.801781500955e-02
 5.420946740922e+04  1.607780200000e+01  6.857953872823e-02
 5.420947291147e+04  1.608001800000e+01  6.866936215353e-02
 5.420947838200e+04  1.605983100000e+01  6.846182409047e-02
 5.413842529391e+04  1.514212200000e+01  5.947575672134e-02
 5.413842965756e+04  1.499832600000e+01  5.840683950516e-02
 5.413843396575e+04  1.491234700000e+01  5.830975594811e-02
 5.413843830752e+04  1.487511500000e+01  5.877182704520e-02
 5.427025704056e+04  1.526377700000e+01  6.081608749347e-02
 5.427026576529e+04  1.528200300000e+01  6.098514820299e-02
 5.427027451284e+04  1.537515100000e+01  6.178926378777e-02
 5.427028321697e+04  1.540911300000e+01  6.222239711861e-02
 5.427926597669e+04  1.531593100000e+01  6.142196437174e-02
 5.427927031730e+04  1.531888900000e+01  6.150255362491e-02
 5.427927463141e+04  1.536698600000e+01  6.194372351953e-02
 5.427927896252e+04  1.536845500000e+01  6.195714757368e-02
 5.417235104914e+04  1.597486900000e+01  6.622642370405e-02
 5.417235602498e+04  1.600728900000e+01  6.663559543704e-02
 5.417236099802e+04  1.601888700000e+01  6.678208282458e-02
 5.417236599514e+04  1.602738700000e+01  6.684180952383e-02
 5.423927246166e+04  1.599063500000e+01  6.877564485429e-02
 5.423928201954e+04  1.595891000000e+01  6.842630257803e-02
 5.423929153552e+04  1.597136400000e+01  6.851917403420e-02
 5.423930101551e+04  1.600556400000e+01  6.899454145160e-02
 5.462826045631e+04  1.593803400000e+01  6.625983273123e-02
 5.462826540227e+04  1.602011400000e+01  6.725410816939e-02
 5.462827035773e+04  1.592785700000e+01  6.617028316284e-02
 5.462827531677e+04  1.597010100000e+01  6.628616564040e-02
 5.494334548683e+04  1.581360200000e+01  6.469255460356e-02
 5.494335096188e+04  1.581604300000e+01  6.475162292481e-02
 5.494335638345e+04  1.583417700000e+01  6.493394993064e-02
 5.494336173348e+04  1.586430400000e+01  6.526621035418e-02
 5.506113299595e+04  1.573461200000e+01  6.953580478388e-02
 5.506113871199e+04  1.546530400000e+01  6.634556063634e-02
 5.506114458589e+04  1.520710300000e+01  6.376021315375e-02
 5.506115045229e+04  1.502641900000e+01  6.213636507957e-02
 5.486237306050e+04  1.594475200000e+01  6.592322884036e-02
 5.486238224197e+04  1.599999400000e+01  6.650722037050e-02
 5.486239143618e+04  1.603233200000e+01  6.680023053713e-02
 5.486240066175e+04  1.600623400000e+01  6.649406441396e-02
 5.504315664530e+04  1.489691800000e+01  6.109475652104e-02
 5.504316156325e+04  1.491570200000e+01  6.120418892846e-02
 5.504316652553e+04  1.492263000000e+01  6.125219098833e-02
 5.504317151978e+04  1.497838300000e+01  6.185560068339e-02
 5.500525171352e+04  1.492791200000e+01  5.832635472312e-02
 5.500525896690e+04  1.497233100000e+01  5.864866268257e-02
 5.500526625375e+04  1.502162300000e+01  5.898959764952e-02
 5.500527352772e+04  1.509906500000e+01  5.932450922283e-02
 5.489234525560e+04  1.597877200000e+01  6.884968384479e-02
 5.489235435328e+04  1.596897100000e+01  6.891083259739e-02
 5.489236363719e+04  1.599137600000e+01  6.886099328241e-02
 5.489237309553e+04  1.604822900000e+01  6.968796564006e-02
 5.490546276586e+04  1.585712400000e+01  6.489255916418e-02
 5.490546759780e+04  1.588640000000e+01  6.517213011674e-02
 5.490547248103e+04  1.587536900000e+01  6.507085020934e-02
 5.490547736009e+04  1.589823000000e+01  6.539293231805e-02
 5.491644731666e+04  1.596580000000e+01  6.671083704450e-02
 5.491645293488e+04  1.598469200000e+01  6.695674581215e-02
 5.491645853507e+04  1.598980000000e+01  6.701680600775e-02
 5.491646412308e+04  1.597915400000e+01  6.682944426915e-02
 5.496927826897e+04  1.523790100000e+01  6.029902588360e-02
 5.496928444347e+04  1.528003700000e+01  6.069404555030e-02
 5.496929057874e+04  1.531213900000e+01  6.099954499890e-02
 5.496929675654e+04  1.537366800000e+01  6.142979366649e-02
 5.529727213169e+04  1.558767100000e+01  6.281546548615e-02
 5.529727976146e+04  1.563386800000e+01  6.318973028151e-02
 5.529728771488e+04  1.566685800000e+01  6.351188103076e-02
 5.529729581841e+04  1.567242500000e+01  6.357415323461e-02
 5.535923593650e+04  1.489389800000e+01  5.818920311836e-02
 5.535924045025e+04  1.489476000000e+01  5.821253313636e-02
 5.535924501587e+04  1.493139100000e+01  5.839335207900e-02
 5.535924963890e+04  1.495225800000e+01  5.853777445511e-02
 5.537123037595e+04  1.564971500000e+01  6.403357435706e-02
 5.537123493903e+04  1.570237800000e+01  6.455556492867e-02
 5.537123953683e+04  1.569272600000e+01  6.447265171138e-02
 5.537124415001e+04  1.569507900000e+01  6.448788819425e-02
 5.528131073869e+04  1.599077800000e+01  7.131441544440e-02
 5.528131426772e+04  1.598733100000e+01  7.127473173199e-02
 5.528131782368e+04  1.600757000000e+01  7.156366220182e-02
 5.528132138369e+04  1.605428400000e+01  7.222991832931e-02
 5.532138691564e+04  1.531573700000e+01  6.052393511394e-02
 5.532139153172e+04  1.535549500000e+01  6.082485546538e-02
 5.532139616653e+04  1.536178100000e+01  6.090246702755e-02
 5.532140085032e+04  1.539030400000e+01  6.113761038268e-02
 5.567823512762e+04  1.543069300000e+01  6.192099633753e-02
 5.567824071969e+04  1.545172600000e+01  6.210868220132e-02
 5.567824640806e+04  1.545073300000e+01  6.206798807307e-02
 5.567825215060e+04  1.551367800000e+01  6.264038625933e-02
 5.563523967725e+04  1.598698000000e+01  1.008359938582e-01
 5.596937525006e+04  1.597034000000e+01  6.708456280569e-02
 5.596937755318e+04  1.597875300000e+01  6.774044983772e-02
 5.596937986140e+04  1.597670600000e+01  6.796676689901e-02
 5.596938210537e+04  1.592368000000e+01  7.021752947604e-02
 5.601825100550e+04  1.598632300000e+01  6.721653534842e-02
 5.601825899675e+04  1.599389000000e+01  6.725208914189e-02
 5.601826706464e+04  1.600998700000e+01  6.741329735834e-02
 5.601827499284e+04  1.600328500000e+01  6.733896419889e-02
 5.604430515144e+04  1.601054500000e+01  6.738099387655e-02
 5.604431256743e+04  1.598840300000e+01  6.713200889503e-02
 5.604432002049e+04  1.599347400000e+01  6.723000106197e-02
 5.604432749345e+04  1.597986400000e+01  6.706450510533e-02
 5.609227905166e+04  1.576654900000e+01  6.447282844354e-02
 5.609228704918e+04  1.551022000000e+01  6.214197366642e-02
 5.609229506198e+04  1.519859500000e+01  5.978710028138e-02
 5.609230309389e+04  1.501511300000e+01  5.861665655263e-02
