# time mag mag_err
 5.346626106715e+04  1.504510400000e+01  5.930346804225e-02
 5.346626858941e+04  1.495848100000e+01  5.872858474353e-02
 5.346627612809e+04  1.492746400000e+01  5.850109277645e-02
 5.346628364652e+04  1.492048900000e+01  5.846952783726e-02
 5.370550463284e+04  1.507306800000e+01  6.047748820000e-02
 5.370551131951e+04  1.508955600000e+01  6.054899031399e-02
 5.370551795365e+04  1.512883900000e+01  6.081730859676e-02
 5.370552462330e+04  1.516334100000e+01  6.101802196535e-02
 5.371450223035e+04  1.547062900000e+01  6.334831687504e-02
 5.371451165362e+04  1.548403300000e+01  6.339901581221e-02
 5.371452107318e+04  1.550596400000e+01  6.354900411504e-02
 5.371453055826e+04  1.552954200000e+01  6.375204461447e-02
 5.373444760682e+04  1.561123400000e+01  6.452717582082e-02
 5.355417908953e+04  1.527529400000e+01  6.235162364515e-02
 5.355418563337e+04  1.512375200000e+01  6.113048027807e-02
 5.355419210939e+04  1.500072700000e+01  6.028846896660e-02
 5.355419850902e+04  1.494381800000e+01  5.993383206804e-02
 5.352822073269e+04  1.552961200000e+01  6.391345051443e-02
 5.352822822275e+04  1.557730600000e+01  6.442377788247e-02
 5.352823565900e+04  1.556943800000e+01  6.439840703247e-02
 5.352824314201e+04  1.558254200000e+01  6.455681600240e-02
 5.349623831019e+04  1.535865300000e+01  6.219175965165e-02
 5.349624671153e+04  1.536756700000e+01  6.227086432645e-02
 5.349625515083e+04  1.544755300000e+01  6.286611147298e-02
 5.349626357324e+04  1.547166200000e+01  6.319106400284e-02
 5.352025601174e+04  1.500036400000e+01  6.591278996942e-02
 5.352026246218e+04  1.516928500000e+01  6.615342942341e-02
 5.352026887881e+04  1.521216700000e+01  6.171214765232e-02
 5.352027534140e+04  1.525513800000e+01  6.271502628865e-02
 5.383228860343e+04  1.553485900000e+01  6.636660977529e-02
 5.383229676772e+04  1.555085400000e+01  6.657704816587e-02
 5.383230481755e+04  1.560231600000e+01  6.720719299557e-02
 5.383231288426e+04  1.557343700000e+01  6.687402501158e-02
 5.384326535913e+04  1.555393000000e+01  6.503845698378e-02
 5.384327345826e+04  1.558356300000e+01  6.533067969493e-02
 5.384328156411e+04  1.553484900000e+01  6.480207592892e-02
 5.384328961034e+04  1.556802900000e+01  6.514067116834e-02
 5.409648437008e+04  1.537455500000e+01  6.423978238533e-02
 5.409648970345e+04  1.538028500000e+01  6.431767809714e-02
 5.409649508369e+04  1.539980200000e+01  6.439271785178e-02
 5.409650039449e+04  1.538860800000e+01  6.538921468390e-02
 5.377244811257e+04  1.503415300000e+01  5.956298935265e-02
 5.377245564708e+04  1.504940500000e+01  5.967758895955e-02
 5.377246328462e+04  1.507621300000e+01  5.986322291941e-02
 5.377247088499e+04  1.511657700000e+01  6.044102356319e-02
 5.377445663167e+04  1.573024500000e+01  6.628109135438e-02
 5.375845680792e+04  1.545427800000e+01  6.305693662200e-02
 5.375846398443e+04  1.549055900000e+01  6.338718645856e-02
 5.375847106731e+04  1.547378100000e+01  6.321961376412e-02
 5.375847813433e+04  1.551950400000e+01  6.365734109916e-02
 5.376544823559e+04  1.574957300000e+01  6.622223005183e-02
 5.376545477874e+04  1.573947900000e+01  6.613104492525e-02
 5.376546141275e+04  1.574008000000e+01  6.615833783978e-02
 5.376546793461e+04  1.569272100000e+01  6.569904942474e-02
 5.390523102193e+04  1.573425600000e+01  1.150871584653e-01
 5.390523206285e+04  1.561809100000e+01  1.105390029296e-01
 5.390523312655e+04  1.575979700000e+01  1.163507022428e-01
 5.390523417013e+04  1.568193600000e+01  1.133409337805e-01
 5.379734107661e+04  1.569619400000e+01  6.624008963166e-02
 5.379734891578e+04  1.567340000000e+01  6.592366686759e-02
 5.379735639485e+04  1.571128000000e+01  6.607266851107e-02
 5.379736401039e+04  1.572507200000e+01  6.601284931221e-02
 5.381734021316e+04  1.574696700000e+01  6.631213349609e-02
 5.381734933596e+04  1.574684600000e+01  6.630572924401e-02
 5.381735845354e+04  1.575362600000e+01  6.612194526598e-02
 5.381736761545e+04  1.570699400000e+01  6.566082588449e-02
 5.385727193203e+04  1.527690300000e+01  6.325070766266e-02
 5.385727938135e+04  1.529124500000e+01  6.267483991018e-02
 5.385728683913e+04  1.532345000000e+01  6.302940520358e-02
 5.385729428325e+04  1.530966500000e+01  6.298676528587e-02
 5.387827121363e+04  1.541498100000e+01  6.337027196341e-02
 5.387827979554e+04  1.544525100000e+01  6.371963448196e-02
 5.387828834435e+04  1.545570300000e+01  6.385223589379e-02
 5.387829686444e+04  1.546073300000e+01  6.395929189355e-02
 5.421222444482e+04  1.551591000000e+01  6.327437851115e-02
 5.421223376299e+04  1.550237100000e+01  6.312957156134e-02
 5.421224306600e+04  1.556660100000e+01  6.369630996220e-02
 5.421225234134e+04  1.557864500000e+01  6.381579944333e-02
 5.443850355329e+04  1.575212200000e+01  6.528481390690e-02
 5.443850960069e+04  1.578096500000e+01  6.556029548505e-02
 5.443851569741e+04  1.572335300000e+01  6.488209480593e-02
 5.443852177688e+04  1.575292000000e+01  6.518824278994e-02
 5.415942453985e+04  1.561970500000e+01  6.398239645156e-02
 5.415943252844e+04  1.564605200000e+01  6.419312159674e-02
 5.415944044399e+04  1.564526700000e+01  6.422874894760e-02
 5.415944830098e+04  1.563922000000e+01  6.874753552275e-02
 5.412942368718e+04  1.526025100000e+01  6.086800909454e-02
 5.412943070108e+04  1.528174400000e+01  6.071011511229e-02
 5.412943773314e+04  1.529633400000e+01  6.108681616935e-02
 5.412944476473e+04  1.532214600000e+01  6.127440572392e-02
 5.426520279964e+04  1.566442700000e+01  6.607796947588e-02
 5.426521095931e+04  1.571472200000e+01  6.666148085437e-02
 5.426521914617e+04  1.567462700000e+01  6.631568585773e-02
 5.426522728384e+04  1.568493000000e+01  6.652851205425e-02
 5.417133476539e+04  1.537357200000e+01  6.175074773002e-02
 5.417134317704e+04  1.541345000000e+01  6.208157106973e-02
 5.417135159157e+04  1.542170600000e+01  6.213391825643e-02
 5.417135999211e+04  1.543637800000e+01  6.225946462574e-02
 5.417937939529e+04  1.567519900000e+01  6.453779262834e-02
 5.417938774594e+04  1.570052400000e+01  6.482183395936e-02
 5.417939610492e+04  1.571831100000e+01  6.501349961577e-02
 5.417940443634e+04  1.569219900000e+01  6.471838835067e-02
 5.423325919168e+04  1.568175600000e+01  6.573030794904e-02
 5.423326618961e+04  1.567073300000e+01  6.557368298933e-02
 5.423327321356e+04  1.567261900000e+01  6.561777967459e-02
 5.423328026727e+04  1.568100000000e+01  6.578250864343e-02
 5.424219208554e+04  1.571029000000e+01  6.610378259610e-02
 5.424219938313e+04  1.572003700000e+01  6.620449184270e-02
 5.424220661196e+04  1.568992300000e+01  6.595067651788e-02
 5.424221384497e+04  1.569587700000e+01  6.596749074597e-02
 5.456241225125e+04  1.563240500000e+01  6.518804554303e-02
 5.456241779134e+04  1.565406400000e+01  6.549800164123e-02
 5.456242334637e+04  1.562860000000e+01  6.521373535584e-02
 5.456242889236e+04  1.563895700000e+01  6.537841138563e-02
 5.456827613574e+04  1.570688700000e+01  6.481166861622e-02
 5.456828690190e+04  1.574025200000e+01  6.516513303395e-02
 5.456829762813e+04  1.569865200000e+01  6.475051918490e-02
 5.456830835019e+04  1.568148400000e+01  6.460588253851e-02
 5.450240820523e+04  1.577774800000e+01  6.532284566966e-02
 5.450241662544e+04  1.581330500000e+01  6.564838827636e-02
 5.450242503640e+04  1.583439000000e+01  6.590491700328e-02
 5.450243344307e+04  1.587924100000e+01  6.634160653318e-02
 5.450942307084e+04  1.520913700000e+01  6.033183402177e-02
 5.450942954941e+04  1.523789500000e+01  6.056313136064e-02
 5.450943602277e+04  1.527620700000e+01  6.082555906712e-02
 5.450944249773e+04  1.530620400000e+01  6.106159666555e-02
 5.447646422443e+04  1.525650600000e+01  6.068227361711e-02
 5.447647083124e+04  1.527336200000e+01  6.081785783536e-02
 5.447647745368e+04  1.531315200000e+01  6.108497850629e-02
 5.447648411350e+04  1.532411500000e+01  6.119452430050e-02
 5.449641573227e+04  1.550670800000e+01  6.261595477488e-02
 5.449642113485e+04  1.551040000000e+01  6.267118478867e-02
 5.449642652863e+04  1.551535100000e+01  6.268778234354e-02
 5.449643197647e+04  1.552373400000e+01  6.274694161239e-02
 5.452931889580e+04  1.525068000000e+01  6.072545895908e-02
 5.452932602659e+04  1.530083200000e+01  6.107020302826e-02
 5.452933318435e+04  1.529997300000e+01  6.104602637652e-02
 5.452934035797e+04  1.534515700000e+01  6.137301821953e-02
 5.453832674870e+04  1.561304700000e+01  6.130233778744e-02
 5.453833539369e+04  1.563124900000e+01  6.148061349914e-02
 5.453834404725e+04  1.564460000000e+01  6.158396193251e-02
 5.453835270463e+04  1.563487700000e+01  6.143908754073e-02
 5.455430752728e+04  1.536148000000e+01  6.169784151023e-02
 5.455431509294e+04  1.512763700000e+01  5.990550514999e-02
 5.455432267711e+04  1.494654300000e+01  5.869423353573e-02
 5.455433025943e+04  1.485399200000e+01  5.811500672189e-02
 5.458720260372e+04  1.580045200000e+01  6.602773823341e-02
 5.458720892418e+04  1.580295700000e+01  6.603374673658e-02
 5.458721525609e+04  1.580912700000e+01  6.609846214566e-02
 5.458722155605e+04  1.583992800000e+01  6.639412232202e-02
 5.492429986580e+04  1.548833600000e+01  6.258794259632e-02
 5.492430452508e+04  1.543227900000e+01  6.241743803572e-02
 5.492430936236e+04  1.540815400000e+01  6.225284560238e-02
 5.492431426377e+04  1.539003200000e+01  6.207153716984e-02
 5.518548940696e+04  1.530276300000e+01  6.105838901222e-02
 5.518549525715e+04  1.514562700000e+01  5.995687167085e-02
 5.518550110156e+04  1.505211900000e+01  5.925965910969e-02
 5.518550691331e+04  1.497778500000e+01  5.893484108117e-02
 5.488244447856e+04  1.542934800000e+01  6.195260554763e-02
 5.488245134834e+04  1.537069200000e+01  6.115896349450e-02
 5.488245849604e+04  1.528514100000e+01  6.080100165753e-02
 5.488246564872e+04  1.524575100000e+01  6.049258702805e-02
 5.490833883583e+04  1.558634200000e+01  6.338482303553e-02
 5.490834364615e+04  1.556826000000e+01  6.323058280083e-02
 5.490834851769e+04  1.560425100000e+01  6.368833019652e-02
 5.490835340925e+04  1.560296100000e+01  6.343281027429e-02
 5.491731064958e+04  1.562626400000e+01  6.414814693587e-02
 5.491731664353e+04  1.569058000000e+01  6.477510717602e-02
 5.491732257796e+04  1.567095400000e+01  6.452302887875e-02
 5.491732859274e+04  1.565907200000e+01  6.439985905618e-02
 5.496724226955e+04  1.529272400000e+01  6.168916003835e-02
 5.496724825318e+04  1.525548900000e+01  6.114657798014e-02
 5.496726033031e+04  1.510799000000e+01  6.031152822522e-02
 5.529133365419e+04  1.526776000000e+01  6.125532532062e-02
 5.529134055014e+04  1.530144800000e+01  6.149821399464e-02
 5.529134748742e+04  1.536155400000e+01  6.198797394507e-02
 5.529135445585e+04  1.539211000000e+01  6.216700840133e-02
 5.530132611538e+04  1.543636400000e+01  6.254414393443e-02
 5.530133307395e+04  1.549341500000e+01  6.306154599641e-02
 5.530134009480e+04  1.550150600000e+01  6.316033199912e-02
 5.530134709157e+04  1.551260800000e+01  6.326839223125e-02
 5.524644005203e+04  1.564760800000e+01  6.511234322113e-02
 5.524644911103e+04  1.565217000000e+01  6.464282486937e-02
 5.524645821044e+04  1.562143300000e+01  6.422660065922e-02
 5.524646734333e+04  1.566948600000e+01  6.468611256901e-02
 5.526933560787e+04  1.521324100000e+01  6.083192417295e-02
 5.526934256759e+04  1.526945200000e+01  6.209663791757e-02
 5.526934951887e+04  1.527932500000e+01  6.140033153515e-02
 5.526935645235e+04  1.528068600000e+01  6.140431401571e-02
 5.527036265549e+04  1.513148000000e+01  6.008639535246e-02
 5.527036891207e+04  1.516098200000e+01  6.032120256410e-02
 5.527037527512e+04  1.515819000000e+01  6.030771404199e-02
 5.527038163377e+04  1.520328300000e+01  6.063476583416e-02
 5.565534168580e+04  1.572425200000e+01  6.288256713963e-02
 5.565534865903e+04  1.570990800000e+01  6.275766476826e-02
 5.565535564613e+04  1.569915900000e+01  6.267893296114e-02
 5.565536263792e+04  1.570435200000e+01  6.271765711059e-02
 5.566320955716e+04  1.570730500000e+01  6.451775999045e-02
 5.566321529252e+04  1.572017600000e+01  6.462558996755e-02
 5.566322102859e+04  1.572179000000e+01  6.460168434981e-02
 5.566322670943e+04  1.570607400000e+01  6.444263949223e-02
 5.567617310730e+04  1.570754200000e+01  6.979057874050e-02
 5.567617915728e+04  1.568528000000e+01  6.942109050457e-02
 5.567618516580e+04  1.568848200000e+01  6.930371248804e-02
 5.567619121738e+04  1.567329800000e+01  6.914735122768e-02
 5.560341358765e+04  1.567532700000e+01  6.216399197872e-02
 5.560342263824e+04  1.568306100000e+01  6.223669557164e-02
 5.560343167980e+04  1.564675700000e+01  6.193824236738e-02
 5.560344073677e+04  1.569539400000e+01  6.231156381460e-02
 5.562443059898e+04  1.571360300000e+01  6.288690379500e-02
 5.562443886308e+04  1.573458300000e+01  6.307511532967e-02
 5.562444711707e+04  1.570054900000e+01  6.279395494677e-02
 5.562445547285e+04  1.569510800000e+01  6.274337202330e-02
 5.563136967282e+04  1.543435500000e+01  6.062510330120e-02
 5.563137799549e+04  1.531976500000e+01  5.978690437162e-02
 5.563138632495e+04  1.522194500000e+01  5.913764874335e-02
 5.563139472005e+04  1.513466700000e+01  5.858266732306e-02
 5.564438816096e+04  1.576015400000e+01  6.686993792735e-02
 5.564439336111e+04  1.576206700000e+01  6.682148761889e-02
 5.564439861150e+04  1.573973400000e+01  6.662147829494e-02
 5.564440385377e+04  1.576021500000e+01  6.691107584014e-02
 5.373445084587e+04  1.562743700000e+01  6.465363373760e-02
 5.373445935718e+04  1.559637000000e+01  6.430238803139e-02
 5.373446715709e+04  1.564750300000e+01  6.474567382166e-02
 5.373447495159e+04  1.563483600000e+01  6.459161941418e-02
 5.591945856894e+04  1.553301400000e+01  6.402596331516e-02
 5.591946774010e+04  1.555353700000e+01  6.415440010729e-02
 5.591947686443e+04  1.555512000000e+01  6.402968585582e-02
 5.591948612209e+04  1.558565700000e+01  6.429741306505e-02
 5.593043821242e+04  1.550596800000e+01  6.355644694602e-02
 5.593044618631e+04  1.549347400000e+01  6.339852245070e-02
 5.593045426463e+04  1.552287600000e+01  6.362835555847e-02
 5.593046234480e+04  1.552330200000e+01  6.356927678295e-02
 5.597748334734e+04  1.531626600000e+01  6.138149063473e-02
 5.597749122920e+04  1.536043200000e+01  6.173249203507e-02
 5.597749921409e+04  1.538187800000e+01  6.193500925948e-02
 5.597750709726e+04  1.541731600000e+01  6.225853557072e-02
 5.598243861848e+04  1.575101900000e+01  6.566033278128e-02
 5.598244427201e+04  1.573149900000e+01  6.545569538743e-02
 5.598245001675e+04  1.575997000000e+01  6.573251035325e-02
 5.598245566020e+04  1.573835500000e+01  6.553214722065e-02
 5.598833906348e+04  1.524460500000e+01  6.114566392470e-02
 5.598834467582e+04  1.512064900000e+01  6.020526899605e-02
 5.598835044949e+04  1.502177100000e+01  5.950499849310e-02
 5.598835613892e+04  1.494937300000e+01  5.899427003719e-02
 5.599938306616e+04  1.497628900000e+01  5.909911104807e-02
 5.599938888050e+04  1.504686800000e+01  5.956531492175e-02
 5.599939471111e+04  1.505522800000e+01  5.962860234096e-02
 5.599940057035e+04  1.506882300000e+01  5.975084412510e-02
 5.600833100522e+04  1.521446400000e+01  5.863002643847e-02
 5.600833986333e+04  1.524170000000e+01  5.879318806057e-02
 5.600834878203e+04  1.526568600000e+01  5.895436049806e-02
 5.600835765668e+04  1.531454800000e+01  5.927658899969e-02
 5.602922114106e+04  1.498511000000e+01  5.944983557242e-02
 5.602922629421e+04  1.502352000000e+01  5.971213973802e-02
 5.602923139825e+04  1.502952600000e+01  5.975370865168e-02
 5.602923654527e+04  1.506141100000e+01  5.998460334841e-02
 5.603533574154e+04  1.575149600000e+01  6.617558192298e-02
 5.603534134575e+04  1.574867900000e+01  6.615327830137e-02
 5.603534696951e+04  1.577205100000e+01  6.640435879928e-02
 5.603535261296e+04  1.580214200000e+01  6.677047573033e-02
