# time mag mag_err
 5.346443882249e+04  1.484144900000e+01  5.781013077157e-02
 5.346444694396e+04  1.486016800000e+01  5.792792681112e-02
 5.346445520884e+04  1.486153400000e+01  5.794319885411e-02
 5.346446336284e+04  1.488859900000e+01  5.810679134012e-02
 5.355626026536e+04  1.490359300000e+01  5.891854581031e-02
 5.355626849900e+04  1.490228800000e+01  5.896443775347e-02
 5.355627680437e+04  1.490417000000e+01  5.901438091043e-02
 5.355628499193e+04  1.494848700000e+01  5.910818973928e-02
 5.353722641824e+04  1.508286100000e+01  6.174139177811e-02
 5.353723362346e+04  1.507762500000e+01  6.169431596065e-02
 5.353724072740e+04  1.512376900000e+01  6.204849386513e-02
 5.353724784118e+04  1.509459900000e+01  6.182880902667e-02
 5.349435922935e+04  1.489252700000e+01  5.857223757005e-02
 5.349436881421e+04  1.490273900000e+01  5.859378680595e-02
 5.349437839698e+04  1.491053100000e+01  5.869740619388e-02
 5.349438794965e+04  1.493087900000e+01  5.885041521516e-02
 5.350919270043e+04  1.473680800000e+01  5.776221329878e-02
 5.350920123546e+04  1.473569000000e+01  5.771396074552e-02
 5.350920978867e+04  1.475706900000e+01  5.782113298966e-02
 5.350921835112e+04  1.478455500000e+01  5.795160543033e-02
 5.352133377620e+04  1.481542500000e+01  5.808316981483e-02
 5.352134347137e+04  1.481546300000e+01  5.811269942415e-02
 5.352135324234e+04  1.484358200000e+01  5.830054482278e-02
 5.352136300370e+04  1.487244500000e+01  5.850940659828e-02
 5.363908966139e+04  1.520990900000e+01  6.183052436137e-02
 5.363909393729e+04  1.520071500000e+01  6.185088290836e-02
 5.363909823381e+04  1.521697200000e+01  6.207364336316e-02
 5.363910251168e+04  1.523182800000e+01  6.225837390905e-02
 5.383445561068e+04  1.483049500000e+01  5.935191596377e-02
 5.384629913325e+04  1.443154900000e+01  5.649844426836e-02
 5.384630909914e+04  1.442368000000e+01  5.640510021576e-02
 5.384631890843e+04  1.443798200000e+01  5.647637824681e-02
 5.384632877258e+04  1.445175600000e+01  5.652063829359e-02
 5.397615329056e+04  1.498888200000e+01  6.183022581238e-02
 5.397615709735e+04  1.498977000000e+01  6.187654457133e-02
 5.397616089244e+04  1.502352500000e+01  6.221554282558e-02
 5.397616467446e+04  1.501077300000e+01  6.216303956930e-02
 5.376848255692e+04  1.508439300000e+01  6.012446576893e-02
 5.376848912889e+04  1.510559300000e+01  6.023836442237e-02
 5.376849574670e+04  1.509043900000e+01  6.009343426397e-02
 5.376850227249e+04  1.508456300000e+01  6.002347870795e-02
 5.374552208252e+04  1.491500900000e+01  5.908394022266e-02
 5.374552860333e+04  1.488974000000e+01  5.888110407520e-02
 5.374553514417e+04  1.491296500000e+01  5.900041299005e-02
 5.374554168176e+04  1.492272600000e+01  5.902034937134e-02
 5.390430133427e+04  1.502295100000e+01  8.877892858061e-02
 5.390430239058e+04  1.503597700000e+01  8.915534384457e-02
 5.390430345139e+04  1.501115600000e+01  8.866037213268e-02
 5.390430451325e+04  1.499597300000e+01  8.823573024739e-02
 5.390725506610e+04  1.507700100000e+01  6.067550858224e-02
 5.390726592475e+04  1.507934900000e+01  6.074304639116e-02
 5.390727682111e+04  1.511028400000e+01  6.106679721344e-02
 5.390728770117e+04  1.512114800000e+01  6.117715586428e-02
 5.385632255623e+04  1.452808900000e+01  5.682099343144e-02
 5.385633246564e+04  1.455859100000e+01  5.695177112447e-02
 5.385634240560e+04  1.458789000000e+01  5.710011937978e-02
 5.385635234787e+04  1.461728300000e+01  5.726376185155e-02
 5.386341436236e+04  1.446638300000e+01  7.612008785625e-02
 5.386341519921e+04  1.446392100000e+01  7.605317990432e-02
 5.386341593409e+04  1.449852300000e+01  7.669267870161e-02
 5.386341669350e+04  1.446579900000e+01  7.613802812180e-02
 5.387832669962e+04  1.442937900000e+01  5.634410643139e-02
 5.387833156605e+04  1.442677900000e+01  5.634520351641e-02
 5.387833648922e+04  1.443870200000e+01  5.640611173031e-02
 5.387834140509e+04  1.444025400000e+01  5.642905196536e-02
 5.388223167794e+04  1.499870500000e+01  5.974727862044e-02
 5.388224021726e+04  1.504298200000e+01  6.003181594416e-02
 5.388224876189e+04  1.503953800000e+01  5.999538040423e-02
 5.388225729646e+04  1.505544600000e+01  6.005684115526e-02
 5.398910940448e+04  1.507450400000e+01  6.581386142038e-02
 5.398911157508e+04  1.512999900000e+01  6.646230319433e-02
 5.398911377669e+04  1.508925800000e+01  6.599540890597e-02
 5.398911595435e+04  1.507371300000e+01  6.587735895541e-02
 5.399410929667e+04  1.509550600000e+01  5.930327055245e-02
 5.399411407479e+04  1.512815600000e+01  5.957043555250e-02
 5.399411885733e+04  1.514743000000e+01  5.966198402516e-02
 5.420641841110e+04  1.460407400000e+01  5.704050715315e-02
 5.420642441800e+04  1.460552300000e+01  5.706643218559e-02
 5.420643040499e+04  1.462645000000e+01  5.719776893274e-02
 5.420643638271e+04  1.463690500000e+01  5.729599613782e-02
 5.421334334166e+04  1.523212000000e+01  6.120184547164e-02
 5.421335273935e+04  1.521142100000e+01  6.099881661214e-02
 5.421336213391e+04  1.515794000000e+01  6.062759780336e-02
 5.421337151240e+04  1.506943600000e+01  5.997566363448e-02
 5.425621909466e+04  1.462306300000e+01  6.140324952611e-02
 5.425622552705e+04  1.465533700000e+01  6.295823812286e-02
 5.425623200990e+04  1.476893300000e+01  6.723946003586e-02
 5.425623843405e+04  1.462502000000e+01  6.305237814525e-02
 5.426329452361e+04  1.448425300000e+01  5.681811340865e-02
 5.426329986659e+04  1.450821100000e+01  5.691810132911e-02
 5.426330524417e+04  1.453190700000e+01  5.707705740417e-02
 5.426331058980e+04  1.454355500000e+01  5.713403921716e-02
 5.426922705196e+04  1.492175100000e+01  5.881446828448e-02
 5.426923556927e+04  1.490493100000e+01  5.870748821529e-02
 5.426924407838e+04  1.495914000000e+01  5.903024126685e-02
 5.426925261086e+04  1.492284700000e+01  5.882500468804e-02
 5.417545775537e+04  1.504192400000e+01  5.916102730900e-02
 5.417546491661e+04  1.506030000000e+01  5.925697341864e-02
 5.417547201858e+04  1.505551600000e+01  5.922774207250e-02
 5.417547909660e+04  1.505207700000e+01  5.917964682102e-02
 5.422940977978e+04  1.493623800000e+01  5.894350480903e-02
 5.422941855116e+04  1.496551000000e+01  5.915717822121e-02
 5.422942732521e+04  1.499008900000e+01  5.933463921305e-02
 5.422943609023e+04  1.496758500000e+01  5.924143758489e-02
 5.423931473425e+04  1.490475000000e+01  5.945960889989e-02
 5.423932556302e+04  1.490831600000e+01  5.956740899713e-02
 5.423933644678e+04  1.492575200000e+01  5.971509963641e-02
 5.423934731723e+04  1.492004800000e+01  5.970596221707e-02
 5.424630678598e+04  1.473986100000e+01  5.762075361203e-02
 5.424631658637e+04  1.472944000000e+01  5.787137648027e-02
 5.424632640606e+04  1.475494000000e+01  5.808634608616e-02
 5.424633618375e+04  1.476904500000e+01  5.814947767516e-02
 5.456740072762e+04  1.495833700000e+01  5.864049706147e-02
 5.456740506545e+04  1.497023600000e+01  5.869561190502e-02
 5.456740941718e+04  1.494798000000e+01  5.857154189825e-02
 5.456741373023e+04  1.497761900000e+01  5.875406434760e-02
 5.457245694664e+04  1.504146600000e+01  5.938288789731e-02
 5.457246337613e+04  1.505045500000e+01  5.924387567619e-02
 5.457246980075e+04  1.516279700000e+01  6.092036402757e-02
 5.457247623649e+04  1.505330500000e+01  6.112446515799e-02
 5.450650281116e+04  1.516765100000e+01  5.986426808852e-02
 5.450651035031e+04  1.512696900000e+01  5.957325437808e-02
 5.450651861438e+04  1.508231100000e+01  5.924353006088e-02
 5.450652679892e+04  1.498473500000e+01  5.861748967518e-02
 5.451051003786e+04  1.501427100000e+01  5.880537582297e-02
 5.451051651156e+04  1.500948100000e+01  5.898093746345e-02
 5.451052300020e+04  1.503689000000e+01  5.926238884395e-02
 5.451052948015e+04  1.502469200000e+01  5.888436776707e-02
 5.447651882981e+04  1.514333200000e+01  6.360063210257e-02
 5.447652319657e+04  1.515934900000e+01  6.370004387645e-02
 5.447652748406e+04  1.513644000000e+01  6.347993679956e-02
 5.447653173878e+04  1.508260300000e+01  6.290577597304e-02
 5.464819532611e+04  1.443106700000e+01  5.635974559320e-02
 5.464820031259e+04  1.445189700000e+01  5.646397272947e-02
 5.464820527881e+04  1.445424700000e+01  5.653336617105e-02
 5.464821031274e+04  1.448396600000e+01  5.646410292214e-02
 5.452949686992e+04  1.470825200000e+01  5.704498205998e-02
 5.452950572939e+04  1.472817800000e+01  5.714498156597e-02
 5.452951465912e+04  1.473666000000e+01  5.720331513672e-02
 5.452952339161e+04  1.472969300000e+01  5.716292904545e-02
 5.455542645225e+04  1.505846700000e+01  5.921002228316e-02
 5.455543354392e+04  1.506969600000e+01  5.929029059393e-02
 5.455544061186e+04  1.505776700000e+01  5.921164910647e-02
 5.455544772866e+04  1.507899400000e+01  5.940721764424e-02
 5.460031246506e+04  1.513754000000e+01  6.000289541306e-02
 5.460031898969e+04  1.512615500000e+01  5.995407734270e-02
 5.460032549360e+04  1.516627000000e+01  6.021854338145e-02
 5.460033198443e+04  1.514892600000e+01  6.009767828347e-02
 5.493739930225e+04  1.497793900000e+01  5.911038411729e-02
 5.493740412493e+04  1.498826600000e+01  5.911354138010e-02
 5.493740901466e+04  1.500438700000e+01  5.925606447680e-02
 5.493741367068e+04  1.501071300000e+01  5.933567542066e-02
 5.494540991932e+04  1.513249300000e+01  6.055202316955e-02
 5.506218854992e+04  1.520328200000e+01  6.500622194332e-02
 5.506219449524e+04  1.519224700000e+01  6.502225543452e-02
 5.506220022336e+04  1.521284700000e+01  6.530393707162e-02
 5.506220599043e+04  1.514245000000e+01  6.469073066703e-02
 5.486351398159e+04  1.503348800000e+01  6.054169085008e-02
 5.486351888391e+04  1.504922000000e+01  6.064162086075e-02
 5.486352359456e+04  1.503794400000e+01  6.052178135965e-02
 5.486352838612e+04  1.508151600000e+01  6.083976990457e-02
 5.488150326729e+04  1.478364300000e+01  5.741400666918e-02
 5.488150981727e+04  1.471549800000e+01  5.706169874821e-02
 5.488151639051e+04  1.466363700000e+01  5.677402062751e-02
 5.488152293759e+04  1.462921400000e+01  5.659881111589e-02
 5.485651632997e+04  1.518021000000e+01  5.975720672042e-02
 5.485652406843e+04  1.521392500000e+01  6.014727508619e-02
 5.485653190713e+04  1.520975000000e+01  6.007563541347e-02
 5.485653969906e+04  1.522080500000e+01  6.119139479019e-02
 5.504020454556e+04  1.452252000000e+01  5.659630342247e-02
 5.504020998635e+04  1.449183200000e+01  5.646124151751e-02
 5.504021528766e+04  1.444846800000e+01  5.627135447465e-02
 5.504022076620e+04  1.442172800000e+01  5.614319535428e-02
 5.500130902412e+04  1.486421400000e+01  5.863257180620e-02
 5.500131382659e+04  1.485715700000e+01  5.863655098833e-02
 5.500131869753e+04  1.487005300000e+01  5.873130843464e-02
 5.500132349362e+04  1.487263700000e+01  5.876819086172e-02
 5.491143707983e+04  1.440576100000e+01  5.581126661985e-02
 5.491144319102e+04  1.438005800000e+01  5.553314765967e-02
 5.491144917753e+04  1.438795500000e+01  5.553647524981e-02
 5.491145510909e+04  1.439955700000e+01  5.555963618732e-02
 5.496631985286e+04  1.460739100000e+01  5.684414604705e-02
 5.496632668528e+04  1.463522300000e+01  5.698654500710e-02
 5.496633356317e+04  1.463223300000e+01  5.696823225721e-02
 5.496634041119e+04  1.466809100000e+01  5.716309082059e-02
 5.529540584427e+04  1.506145600000e+01  5.928887259983e-02
 5.529541320705e+04  1.507699700000e+01  5.938469438642e-02
 5.529542065034e+04  1.506909300000e+01  5.935233668423e-02
 5.529542812725e+04  1.506125400000e+01  5.927706732334e-02
 5.535627272634e+04  1.469890900000e+01  5.731047408728e-02
 5.535628014188e+04  1.473414100000e+01  5.771865614894e-02
 5.535628757236e+04  1.473519800000e+01  5.759981773860e-02
 5.535629505979e+04  1.480409900000e+01  5.841523603725e-02
 5.536326701122e+04  1.443950400000e+01  5.606387190641e-02
 5.536327155150e+04  1.443052100000e+01  5.605945322638e-02
 5.536327615683e+04  1.443998300000e+01  5.609512434608e-02
 5.536328067453e+04  1.445648900000e+01  5.617678240572e-02
 5.527145540280e+04  1.444897500000e+01  5.596814147905e-02
 5.527146237206e+04  1.442031900000e+01  5.583444057730e-02
 5.527146935583e+04  1.442276000000e+01  5.582801405488e-02
 5.527147631926e+04  1.442396300000e+01  5.585266905496e-02
 5.532042945715e+04  1.524969900000e+01  6.288175504423e-02
 5.532043518486e+04  1.522483000000e+01  6.269970421869e-02
 5.532044095448e+04  1.521971800000e+01  6.266566369251e-02
 5.532044671079e+04  1.522204500000e+01  6.271932427503e-02
 5.534728919785e+04  1.508042900000e+01  5.944399625779e-02
 5.534729606870e+04  1.507275000000e+01  5.938989507678e-02
 5.534730303273e+04  1.509162900000e+01  5.954058780998e-02
 5.534730994350e+04  1.507174000000e+01  5.939774228844e-02
 5.545710449671e+04  1.504680400000e+01  7.182462252668e-02
 5.545710716686e+04  1.504652200000e+01  7.179218509530e-02
 5.545710848047e+04  1.508715500000e+01  7.246658265807e-02
 5.565645288059e+04  1.451149200000e+01  5.657322271694e-02
 5.565645810168e+04  1.451602800000e+01  5.659712848667e-02
 5.565646335959e+04  1.454649100000e+01  5.672958912777e-02
 5.565646856865e+04  1.455565600000e+01  5.677596571606e-02
 5.567536008751e+04  1.510303500000e+01  6.233210985253e-02
 5.567536758400e+04  1.508544000000e+01  6.216526160200e-02
 5.567537519269e+04  1.508785700000e+01  6.216966883478e-02
 5.567538280868e+04  1.506586700000e+01  6.202040815971e-02
 5.561845724184e+04  1.506298900000e+01  5.999732847045e-02
 5.561846289295e+04  1.506991300000e+01  6.040621112349e-02
 5.561846758439e+04  1.509691700000e+01  6.132230620714e-02
 5.561847223741e+04  1.495862300000e+01  6.464204003432e-02
 5.571522427186e+04  1.507632200000e+01  6.026590369517e-02
 5.571523066167e+04  1.507291400000e+01  6.023641922337e-02
 5.571523704938e+04  1.507575000000e+01  6.025645279532e-02
 5.571524342333e+04  1.507758400000e+01  6.026889515911e-02
 5.565044722287e+04  1.504613400000e+01  6.048714030688e-02
 5.565045476691e+04  1.505917000000e+01  5.995816771100e-02
 5.565046233733e+04  1.504739500000e+01  5.987448567339e-02
 5.565046983807e+04  1.507391600000e+01  6.003628728799e-02
 5.570539348953e+04  1.519025500000e+01  6.144704725748e-02
 5.570540095936e+04  1.515475200000e+01  6.123794532976e-02
 5.570540855388e+04  1.511060700000e+01  6.094255333846e-02
 5.570541605425e+04  1.507210900000e+01  6.086856467613e-02
 5.494545036412e+04  1.519536300000e+01  6.048540217431e-02
 5.561845724184e+04  1.505890700000e+01  6.024050001674e-02
 5.561846289295e+04  1.507952800000e+01  6.058673530135e-02
 5.561846758439e+04  1.507205100000e+01  6.124802618081e-02
 5.561847223741e+04  1.497001600000e+01  6.487058514062e-02
 5.598745579128e+04  1.481898200000e+01  5.852659408305e-02
 5.598746087959e+04  1.483704800000e+01  5.865716288466e-02
 5.598746597209e+04  1.482424600000e+01  5.858666983197e-02
 5.598747110771e+04  1.482306500000e+01  5.851952618352e-02
 5.603439772653e+04  1.475418000000e+01  5.782248428830e-02
 5.603440381132e+04  1.480679900000e+01  5.813634465462e-02
 5.603440993655e+04  1.481453600000e+01  5.815014991762e-02
 5.603441611163e+04  1.482238500000e+01  5.821263347719e-02
 5.605936885247e+04  1.487985600000e+01  5.796494528864e-02
 5.605937565358e+04  1.489906000000e+01  5.806365503121e-02
 5.605938252255e+04  1.489919800000e+01  5.808939640620e-02
 5.605938929892e+04  1.489054900000e+01  5.803252081473e-02
 5.606635446471e+04  1.472074700000e+01  5.711379322268e-02
 5.606636117674e+04  1.473164800000e+01  5.718189796650e-02
 5.606636802106e+04  1.474458700000e+01  5.726700456756e-02
 5.606637486920e+04  1.473109200000e+01  5.721005552324e-02
 5.608734315944e+04  1.512247800000e+01  5.965053573263e-02
 5.608734826804e+04  1.513380100000e+01  5.971909709826e-02
 5.608735343115e+04  1.512658900000e+01  5.973103905127e-02
 5.608735852844e+04  1.513976800000e+01  5.984965548006e-02
 5.609729472247e+04  1.508852500000e+01  5.775359788885e-02
 5.609730255551e+04  1.510028400000e+01  5.781937716939e-02
 5.609731038750e+04  1.510417600000e+01  5.786468580709e-02
 5.609731828100e+04  1.514471000000e+01  5.813698198531e-02
 5.615219084944e+04  1.523869000000e+01  6.265602538521e-02
 5.615219595097e+04  1.526220400000e+01  6.302482137547e-02
 5.615220117927e+04  1.523291000000e+01  6.285716039433e-02
 5.615220627455e+04  1.520386600000e+01  6.261608432795e-02
