# time mag mag_err
 5.370652863851e+04  1.517132200000e+01  1.108595625068e-01
 5.370653304845e+04  1.542536800000e+01  1.137764645033e-01
 5.370653760179e+04  1.554369800000e+01  6.581587499838e-02
 5.370951932471e+04  1.524916200000e+01  6.115938848374e-02
 5.370952851936e+04  1.526027500000e+01  6.120663283136e-02
 5.370953772203e+04  1.529104900000e+01  6.136871834143e-02
 5.370954692410e+04  1.530511900000e+01  6.141869123571e-02
 5.373250897777e+04  1.510641700000e+01  6.012971550890e-02
 5.349820945473e+04  1.527182300000e+01  6.111693235495e-02
 5.352122988100e+04  1.515617900000e+01  6.060335395477e-02
 5.352123847089e+04  1.510757400000e+01  6.114677368858e-02
 5.352124708694e+04  1.516308600000e+01  6.090790703004e-02
 5.352125570612e+04  1.525875700000e+01  6.147570049359e-02
 5.384531492355e+04  1.545462700000e+01  6.373500862116e-02
 5.384532191233e+04  1.547340200000e+01  6.394690886158e-02
 5.409351447980e+04  1.527192700000e+01  6.055959964706e-02
 5.409351890294e+04  1.529787600000e+01  6.074467042914e-02
 5.409352331566e+04  1.527263300000e+01  6.027918985065e-02
 5.409352776947e+04  1.531768200000e+01  6.087742756601e-02
 5.377347297927e+04  1.531249300000e+01  6.169253669886e-02
 5.377348603096e+04  1.548411200000e+01  6.316331682677e-02
 5.377349255686e+04  1.545440800000e+01  6.300015986631e-02
 5.378649749234e+04  1.554060300000e+01  6.353328959088e-02
 5.378650293624e+04  1.556074000000e+01  6.374456583237e-02
 5.378650834981e+04  1.558746000000e+01  6.401595820531e-02
 5.378651367473e+04  1.556161900000e+01  6.383709376659e-02
 5.374350753836e+04  1.550187100000e+01  6.360829197665e-02
 5.374351181612e+04  1.555188100000e+01  6.397473900681e-02
 5.374351606726e+04  1.553491800000e+01  6.381527066973e-02
 5.374352033436e+04  1.553393100000e+01  6.375319554279e-02
 5.375849312512e+04  1.556982000000e+01  6.388461209395e-02
 5.375850154475e+04  1.544090600000e+01  6.269040048730e-02
 5.375850989192e+04  1.558001300000e+01  6.397262375017e-02
 5.375851827590e+04  1.562693900000e+01  6.446091115500e-02
 5.376547489537e+04  1.549358300000e+01  6.339033883672e-02
 5.376548088560e+04  1.550643100000e+01  6.361488648252e-02
 5.376548693174e+04  1.551509800000e+01  6.371640866689e-02
 5.376549302718e+04  1.552704600000e+01  6.370154883148e-02
 5.387423215337e+04  1.536399600000e+01  6.327549005775e-02
 5.387423859096e+04  1.542348800000e+01  6.388418386429e-02
 5.387424502311e+04  1.537964300000e+01  6.347393807939e-02
 5.387425146000e+04  1.542419400000e+01  6.395393595268e-02
 5.388620801641e+04  1.567418100000e+01  6.587402112734e-02
 5.388621708631e+04  1.564842900000e+01  6.565604469190e-02
 5.388622620378e+04  1.570458200000e+01  6.631537662378e-02
 5.388623528873e+04  1.570049900000e+01  6.632457338338e-02
 5.406252993742e+04  1.551022600000e+01  7.133432042997e-02
 5.406253223348e+04  1.550668400000e+01  7.123011691038e-02
 5.406253454703e+04  1.544172400000e+01  7.023006819675e-02
 5.406253684691e+04  1.556383100000e+01  7.188238063902e-02
 5.419730122501e+04  1.565549400000e+01  6.426742226948e-02
 5.419731643780e+04  1.566134700000e+01  6.427453646861e-02
 5.419732399953e+04  1.562580800000e+01  6.393357883141e-02
 5.420530226671e+04  1.562342300000e+01  6.407243165256e-02
 5.420531435806e+04  1.562462600000e+01  6.407485709653e-02
 5.420532034260e+04  1.564227200000e+01  6.425736276442e-02
 5.443950241406e+04  1.535902000000e+01  6.163360125790e-02
 5.443950899750e+04  1.539523100000e+01  6.188222714945e-02
 5.443951552525e+04  1.536705400000e+01  6.163198561974e-02
 5.443952203102e+04  1.545092100000e+01  6.227406237708e-02
 5.445450126267e+04  1.531892100000e+01  6.108865514128e-02
 5.445450782932e+04  1.533478000000e+01  6.113109858483e-02
 5.445451437825e+04  1.539020400000e+01  6.154618591242e-02
 5.445452101944e+04  1.534641000000e+01  6.118477995842e-02
 5.412448882928e+04  1.491834700000e+01  5.824819474300e-02
 5.412449370105e+04  1.494664500000e+01  5.841562278286e-02
 5.412449862757e+04  1.494228400000e+01  5.839050282872e-02
 5.412450354448e+04  1.496133700000e+01  5.849775029514e-02
 5.422924675581e+04  1.535873000000e+01  6.208223516547e-02
 5.422926658227e+04  1.529290500000e+01  6.152947676969e-02
 5.422927584163e+04  1.534877000000e+01  6.199031697098e-02
 5.458027935456e+04  1.560243800000e+01  6.373767129520e-02
 5.458028581529e+04  1.556774900000e+01  6.339058517188e-02
 5.458029227881e+04  1.552327000000e+01  6.303450241561e-02
 5.458029873272e+04  1.555287600000e+01  6.332683242747e-02
 5.483047053576e+04  1.526486900000e+01  6.038326636416e-02
 5.483047580999e+04  1.528734300000e+01  6.056038085405e-02
 5.483048105145e+04  1.532066500000e+01  6.080800541694e-02
 5.483048620853e+04  1.531289900000e+01  6.072755649657e-02
 5.448048329991e+04  1.565708300000e+01  6.288464507720e-02
 5.448048986562e+04  1.557386500000e+01  6.211272955800e-02
 5.448049638875e+04  1.565287800000e+01  6.281203107562e-02
 5.448050292194e+04  1.564465000000e+01  6.270556563956e-02
 5.448347496291e+04  1.540556500000e+01  6.160052699503e-02
 5.448348158732e+04  1.536225300000e+01  6.125085787574e-02
 5.448348826472e+04  1.540023300000e+01  6.152037010140e-02
 5.448349488358e+04  1.540389200000e+01  6.155222700153e-02
 5.449549271889e+04  1.558856500000e+01  6.307516183308e-02
 5.449549939885e+04  1.561340800000e+01  6.328680714323e-02
 5.449550603703e+04  1.557316500000e+01  6.291180873843e-02
 5.449551270403e+04  1.561184800000e+01  6.330581390836e-02
 5.459022151623e+04  1.543165400000e+01  6.279226566853e-02
 5.459022687494e+04  1.546058800000e+01  6.361852034307e-02
 5.459023220484e+04  1.539114600000e+01  6.216395167829e-02
 5.459023753300e+04  1.539567100000e+01  6.219387424725e-02
 5.493824066206e+04  1.522563300000e+01  6.058181900396e-02
 5.493824555872e+04  1.524901500000e+01  6.072521964961e-02
 5.493825034868e+04  1.524456800000e+01  6.069997230284e-02
 5.493825515238e+04  1.526848600000e+01  6.087239158937e-02
 5.518052670458e+04  1.563070200000e+01  6.370954606132e-02
 5.518053309485e+04  1.551365000000e+01  6.262707860830e-02
 5.518053945791e+04  1.555785500000e+01  6.300689182903e-02
 5.518054589296e+04  1.543007400000e+01  6.188264116045e-02
 5.488143816324e+04  1.525959000000e+01  6.041394976770e-02
 5.488144633020e+04  1.528289700000e+01  6.059422088562e-02
 5.488145455816e+04  1.527829700000e+01  6.030933238362e-02
 5.488146271979e+04  1.535642900000e+01  6.118136058425e-02
 5.492135304469e+04  1.571176000000e+01  7.066763440029e-02
 5.515954460839e+04  1.555661600000e+01  9.816559687990e-02
 5.515954590833e+04  1.562322700000e+01  9.970424087402e-02
 5.515954721870e+04  1.550237200000e+01  9.478463686311e-02
 5.515954845800e+04  1.547836500000e+01  9.275158493475e-02
 5.516151900015e+04  1.547263300000e+01  6.312839354834e-02
 5.516152257894e+04  1.544843400000e+01  6.477874083859e-02
 5.516152617483e+04  1.552147700000e+01  6.378915354968e-02
 5.516152984399e+04  1.557007300000e+01  6.397848487545e-02
 5.529026164057e+04  1.563233500000e+01  6.424278391091e-02
 5.529026792502e+04  1.566307900000e+01  6.449714136983e-02
 5.529027428252e+04  1.561387800000e+01  6.402322789566e-02
 5.529028069674e+04  1.560276100000e+01  6.386405748065e-02
 5.536415718645e+04  1.524841300000e+01  6.478613957678e-02
 5.536416210093e+04  1.523763000000e+01  6.474199639938e-02
 5.536416708588e+04  1.525633700000e+01  6.487996629358e-02
 5.536417210130e+04  1.527670500000e+01  6.513780661522e-02
 5.526737326259e+04  1.563676800000e+01  6.417381457219e-02
 5.526738088297e+04  1.573795700000e+01  6.522183790104e-02
 5.526738857938e+04  1.572520800000e+01  6.513117190399e-02
 5.526739623208e+04  1.570789900000e+01  6.493407687969e-02
 5.533218777737e+04  1.555044600000e+01  6.340256884222e-02
 5.533220045639e+04  1.565168700000e+01  6.443299754033e-02
 5.533220682661e+04  1.567359500000e+01  6.462306345939e-02
 5.560341638351e+04  1.534901400000e+01  5.949839685662e-02
 5.560342542881e+04  1.543296500000e+01  6.003941787686e-02
 5.560343446409e+04  1.548280500000e+01  6.043941474051e-02
 5.560344349905e+04  1.546551600000e+01  6.030116229532e-02
 5.556349906243e+04  1.528171100000e+01  6.128090499361e-02
 5.556350659049e+04  1.513807300000e+01  6.015520446723e-02
 5.556351415618e+04  1.494423200000e+01  5.885972701461e-02
 5.556352171837e+04  1.483300600000e+01  5.816998908574e-02
 5.558949557979e+04  1.548090700000e+01  6.731971937432e-02
 5.558950030730e+04  1.550339800000e+01  6.759580769850e-02
 5.558950500221e+04  1.550834500000e+01  6.770449913351e-02
 5.558950965545e+04  1.549935000000e+01  6.760435530851e-02
 5.592945535219e+04  1.530287500000e+01  6.135703332716e-02
 5.592946394639e+04  1.531007600000e+01  6.137803844559e-02
 5.592947257703e+04  1.532322800000e+01  6.145547059457e-02
 5.592948127344e+04  1.531203200000e+01  6.130402129322e-02
 5.595847501622e+04  1.542737400000e+01  6.215760651956e-02
 5.595848010850e+04  1.548594000000e+01  6.266283985575e-02
 5.595848517600e+04  1.540913200000e+01  6.202458295536e-02
 5.595849031366e+04  1.547841700000e+01  6.261238147730e-02
 5.599935982618e+04  1.556866000000e+01  6.358956747118e-02
 5.599936510579e+04  1.558557500000e+01  6.374534984476e-02
 5.599937041716e+04  1.557082700000e+01  6.355867655120e-02
 5.599937573802e+04  1.560919900000e+01  6.392033227683e-02
 5.600732072863e+04  1.543194300000e+01  5.993357926212e-02
 5.600733278520e+04  1.546568700000e+01  6.019098975816e-02
 5.600734488939e+04  1.547564700000e+01  6.023590588194e-02
 5.600735687736e+04  1.548881100000e+01  6.032621214022e-02
 5.601038372115e+04  1.518242600000e+01  5.839672842079e-02
 5.601931369924e+04  1.555185900000e+01  5.982311182605e-02
 5.601933733507e+04  1.561714000000e+01  6.038298758020e-02
 5.602827557084e+04  1.548798800000e+01  6.403878139301e-02
 5.602828263653e+04  1.555953100000e+01  6.480733468334e-02
 5.602829046179e+04  1.560339200000e+01  6.447206416909e-02
 5.602829632040e+04  1.562537900000e+01  6.449042060420e-02
 5.603824022690e+04  1.480052200000e+01  5.819333355247e-02
 5.603824808887e+04  1.485980800000e+01  5.854542069146e-02
 5.603825596400e+04  1.490664700000e+01  5.885903868106e-02
 5.603826385638e+04  1.493805500000e+01  5.904636858341e-02
 5.604626706938e+04  1.477659300000e+01  5.817418049460e-02
 5.604627870488e+04  1.484534800000e+01  5.859487257442e-02
 5.604628438093e+04  1.486208900000e+01  5.871550694109e-02
 5.606226046701e+04  1.529623500000e+01  6.101716290250e-02
 5.606227544742e+04  1.514207400000e+01  5.992683478560e-02
 5.606828173351e+04  1.511513500000e+01  5.991687521507e-02
 5.606828965219e+04  1.512548300000e+01  6.003737385730e-02
 5.606829760110e+04  1.521913500000e+01  6.077953537044e-02
 5.606830562240e+04  1.518500500000e+01  6.059862453065e-02
 5.607518341802e+04  1.491258200000e+01  5.976920308822e-02
 5.607519834306e+04  1.492249300000e+01  5.984271371320e-02
 5.607520575835e+04  1.493291300000e+01  5.996806631536e-02
 5.609218580552e+04  1.556916000000e+01  6.355274958916e-02
 5.609219952117e+04  1.550333100000e+01  6.295919965028e-02
 5.609220624882e+04  1.558853300000e+01  6.378047267375e-02
 5.609818600098e+04  1.554491800000e+01  6.325335446194e-02
 5.609819980986e+04  1.537116300000e+01  6.181347588043e-02
 5.609820664781e+04  1.531668000000e+01  6.142348119542e-02
