# time mag mag_err
 5.371021366617e+04  1.593328200000e+01  6.907877894695e-02
 5.371021967966e+04  1.597213300000e+01  6.955593594228e-02
 5.371022571723e+04  1.595443100000e+01  6.928758019099e-02
 5.371023169819e+04  1.598163300000e+01  6.967310146105e-02
 5.367728382672e+04  1.576495300000e+01  6.775647203085e-02
 5.367729022519e+04  1.562760700000e+01  6.610138419976e-02
 5.367729663095e+04  1.551284900000e+01  6.488604068409e-02
 5.367730303486e+04  1.541705700000e+01  6.395025882046e-02
 5.370427833668e+04  1.628112500000e+01  7.494546889235e-02
 5.370428692623e+04  1.631222500000e+01  7.545751866251e-02
 5.370429549632e+04  1.630623500000e+01  7.546574714602e-02
 5.370430409964e+04  1.632501700000e+01  7.581385190156e-02
 5.365137201630e+04  1.596387600000e+01  7.169971571363e-02
 5.365137798557e+04  1.595553400000e+01  7.158043215946e-02
 5.365138392441e+04  1.597426100000e+01  7.183626578271e-02
 5.365138996418e+04  1.600846600000e+01  7.239538763916e-02
 5.366735762213e+04  1.624638400000e+01  7.393273710841e-02
 5.366737031697e+04  1.631546400000e+01  7.510598677968e-02
 5.366738271065e+04  1.628752400000e+01  7.462150159703e-02
 5.366739511196e+04  1.629781200000e+01  7.481991165340e-02
 5.362636737278e+04  1.617988700000e+01  7.458653109236e-02
 5.362637640378e+04  1.623936400000e+01  7.544367832471e-02
 5.362638537461e+04  1.625631600000e+01  7.569267720776e-02
 5.362639434877e+04  1.625678900000e+01  7.566286674170e-02
 5.408511291569e+04  1.633734200000e+01  7.837522425441e-02
 5.408512068436e+04  1.635452100000e+01  7.847892733241e-02
 5.408512846277e+04  1.636390900000e+01  7.848512206927e-02
 5.408513628884e+04  1.636493800000e+01  7.848484017077e-02
 5.409118568054e+04  1.633123200000e+01  7.366610941525e-02
 5.409119164288e+04  1.632229700000e+01  7.357110814584e-02
 5.409119760302e+04  1.632098700000e+01  7.381687287802e-02
 5.409120356650e+04  1.633586700000e+01  7.393742152886e-02
 5.374212023940e+04  1.623962500000e+01  7.341734218649e-02
 5.374212871366e+04  1.632018400000e+01  7.473115834120e-02
 5.374213717763e+04  1.627863300000e+01  7.403647959429e-02
 5.374214565420e+04  1.623040000000e+01  7.325818150931e-02
 5.376408894821e+04  1.626581800000e+01  7.548677364257e-02
 5.405627717185e+04  1.621480400000e+01  7.150053527793e-02
 5.405628358387e+04  1.628643100000e+01  7.256816036964e-02
 5.405629001324e+04  1.629099500000e+01  7.268535575799e-02
 5.405629646066e+04  1.629988100000e+01  7.281301801427e-02
 5.406225440705e+04  1.572915400000e+01  6.544587663110e-02
 5.406226227365e+04  1.574477500000e+01  6.563912860681e-02
 5.406227016420e+04  1.581174100000e+01  6.637953467617e-02
 5.406227802235e+04  1.580585200000e+01  6.631815719156e-02
 5.401037298984e+04  1.627176600000e+01  7.301409652277e-02
 5.401038291337e+04  1.629903400000e+01  7.338196999870e-02
 5.401039287265e+04  1.634284600000e+01  7.404992512022e-02
 5.401040281146e+04  1.633606700000e+01  7.397986525939e-02
 5.402832035596e+04  1.634503600000e+01  7.339280031419e-02
 5.402833046862e+04  1.631976100000e+01  7.300555042000e-02
 5.402834056819e+04  1.626474900000e+01  7.216107625935e-02
 5.402835065516e+04  1.608136300000e+01  6.962653729428e-02
 5.402930937355e+04  1.620686100000e+01  7.147866568351e-02
 5.402932015753e+04  1.622301200000e+01  7.168019917634e-02
 5.402933099326e+04  1.629993400000e+01  7.278591594990e-02
 5.402934177250e+04  1.630836400000e+01  7.292879626945e-02
 5.399738423498e+04  1.608617200000e+01  6.974109366885e-02
 5.399739486722e+04  1.610250600000e+01  6.992827757984e-02
 5.399740549218e+04  1.612600700000e+01  7.023501293993e-02
 5.399741618588e+04  1.613943600000e+01  7.034501178988e-02
 5.400444517858e+04  1.584725500000e+01  6.699065540111e-02
 5.400445158237e+04  1.587072300000e+01  6.733204128658e-02
 5.400445802806e+04  1.587016000000e+01  6.737064238340e-02
 5.400446446773e+04  1.588033900000e+01  6.752276961583e-02
 5.440626552407e+04  1.605396800000e+01  6.923034824316e-02
 5.440627202046e+04  1.608585600000e+01  7.026257343981e-02
 5.440627852681e+04  1.609909200000e+01  7.038104145565e-02
 5.440628503130e+04  1.610666200000e+01  7.045094652162e-02
 5.441526982623e+04  1.568884400000e+01  6.545433067151e-02
 5.441527757986e+04  1.553218900000e+01  6.383088879011e-02
 5.441528536068e+04  1.541731400000e+01  6.276009456271e-02
 5.441529309810e+04  1.534611700000e+01  6.214264600704e-02
 5.442226402112e+04  1.617286800000e+01  7.149746956643e-02
 5.442227378781e+04  1.618204800000e+01  7.162485460979e-02
 5.442228356909e+04  1.613385200000e+01  7.090912806644e-02
 5.442229335626e+04  1.618412600000e+01  7.164989029343e-02
 5.438430552005e+04  1.604444200000e+01  6.959540088834e-02
 5.438431258775e+04  1.609127800000e+01  7.013565253413e-02
 5.438431966889e+04  1.612237600000e+01  7.060115922222e-02
 5.438432671844e+04  1.609015500000e+01  7.006833808516e-02
 5.438841324063e+04  1.611900200000e+01  7.064502209446e-02
 5.438842295905e+04  1.613376100000e+01  7.091487656702e-02
 5.438843268963e+04  1.612333600000e+01  7.081155928577e-02
 5.438844239994e+04  1.616098500000e+01  7.144102496094e-02
 5.435543474292e+04  1.553938500000e+01  6.412564105555e-02
 5.435544319358e+04  1.556073400000e+01  6.436729698329e-02
 5.435545163635e+04  1.562119300000e+01  6.501797219424e-02
 5.435546019546e+04  1.562499100000e+01  6.508994863118e-02
 5.480223571266e+04  1.545247500000e+01  6.374440863387e-02
 5.480224169744e+04  1.545810600000e+01  6.388119022926e-02
 5.480224774693e+04  1.550787600000e+01  6.401612146322e-02
 5.480225376240e+04  1.551556400000e+01  6.421457458199e-02
 5.483013908433e+04  1.633233800000e+01  7.339493238820e-02
 5.483014638793e+04  1.634935400000e+01  7.300128014014e-02
 5.483015345299e+04  1.629132500000e+01  7.270753847487e-02
 5.483016063644e+04  1.633911000000e+01  7.352079043396e-02
 5.450313246961e+04  1.627725800000e+01  7.325695448056e-02
 5.450313950688e+04  1.626734900000e+01  7.319006661633e-02
 5.450314653130e+04  1.618372500000e+01  7.197759546083e-02
 5.450315360110e+04  1.627647300000e+01  7.344944414504e-02
 5.452509596138e+04  1.614355200000e+01  7.458114557910e-02
 5.446622703738e+04  1.618117700000e+01  7.142363737476e-02
 5.446623459263e+04  1.618139100000e+01  7.152377273677e-02
 5.446624217934e+04  1.619429800000e+01  7.184853161041e-02
 5.446624977324e+04  1.619647200000e+01  7.186035714241e-02
 5.447809358126e+04  1.631909300000e+01  7.561687626608e-02
 5.447809784177e+04  1.631102300000e+01  7.603081489958e-02
 5.447810213493e+04  1.635368800000e+01  7.943303654497e-02
 5.447810642322e+04  1.636229900000e+01  8.321507110308e-02
 5.477232436979e+04  1.620352200000e+01  7.183475270220e-02
 5.477233145927e+04  1.619393200000e+01  7.168466481152e-02
 5.477233865801e+04  1.618113700000e+01  7.152113934279e-02
 5.477234598360e+04  1.622841300000e+01  7.226642499168e-02
 5.479027985495e+04  1.626995300000e+01  7.236398316923e-02
 5.479028711642e+04  1.622486200000e+01  7.176316093016e-02
 5.479029438520e+04  1.626032800000e+01  7.224775915010e-02
 5.479030158138e+04  1.626401500000e+01  7.236782361843e-02
 5.474038100426e+04  1.577777600000e+01  6.722895156095e-02
 5.474038912365e+04  1.584919800000e+01  6.801965763321e-02
 5.474039732370e+04  1.586084100000e+01  6.820699254381e-02
 5.474040545061e+04  1.587507400000e+01  6.841691202290e-02
 5.474836593413e+04  1.622810000000e+01  7.188146889350e-02
 5.474837510495e+04  1.629227700000e+01  7.286593456057e-02
 5.474838426802e+04  1.624291300000e+01  7.211265203682e-02
 5.474839336060e+04  1.627404000000e+01  7.258975084595e-02
 5.476531034169e+04  1.617945400000e+01  7.098193507953e-02
 5.476531894906e+04  1.587701400000e+01  6.707307036910e-02
 5.476532754081e+04  1.557978400000e+01  6.391269917450e-02
 5.476533604285e+04  1.537549900000e+01  6.207918786989e-02
 5.473640100486e+04  1.622928400000e+01  7.416769370985e-02
 5.506944590022e+04  1.578524200000e+01  6.746539832729e-02
 5.506945255093e+04  1.580233400000e+01  6.754965503068e-02
 5.506945925483e+04  1.586113200000e+01  6.822868260686e-02
 5.506946588757e+04  1.589973300000e+01  6.874668439025e-02
 5.518015407049e+04  1.624888600000e+01  7.298984455520e-02
 5.518016089700e+04  1.633386400000e+01  7.431380051360e-02
 5.518016780597e+04  1.631609800000e+01  7.400266333581e-02
 5.518017472785e+04  1.629112800000e+01  7.368236577707e-02
 5.488211615784e+04  1.575939400000e+01  6.646411643661e-02
 5.488212152222e+04  1.573811300000e+01  6.625546597329e-02
 5.488212687654e+04  1.571479000000e+01  6.604920021010e-02
 5.488213231176e+04  1.571977000000e+01  6.621217599511e-02
 5.486209932478e+04  1.536102800000e+01  6.220026198679e-02
 5.486210837892e+04  1.543404800000e+01  6.286948890600e-02
 5.486211748483e+04  1.547801000000e+01  6.330202754872e-02
 5.486212655287e+04  1.556919600000e+01  6.417123758305e-02
 5.514624482412e+04  1.591178600000e+01  6.890476251807e-02
 5.514625397444e+04  1.593091600000e+01  6.911794082980e-02
 5.514626320641e+04  1.595219600000e+01  6.945309529127e-02
 5.514627230307e+04  1.604931500000e+01  7.075018881842e-02
 5.515327356822e+04  1.524429800000e+01  6.171692578402e-02
 5.515328283274e+04  1.524624000000e+01  6.173813086331e-02
 5.515329217727e+04  1.530327400000e+01  6.222472429473e-02
 5.515330149220e+04  1.536101700000e+01  6.272204453912e-02
 5.511936055847e+04  1.628717700000e+01  7.379467005614e-02
 5.511936779155e+04  1.633076300000e+01  7.452486721430e-02
 5.511937513786e+04  1.629538600000e+01  7.392824134636e-02
 5.511938252315e+04  1.624176000000e+01  7.309530982393e-02
 5.513127327667e+04  1.557216500000e+01  6.483847871571e-02
 5.513128113782e+04  1.554728700000e+01  6.450280603555e-02
 5.513128893818e+04  1.555244300000e+01  6.457965845086e-02
 5.513129673950e+04  1.557837900000e+01  6.471875442271e-02
 5.509143848641e+04  1.573294500000e+01  6.657680803267e-02
 5.509144644074e+04  1.574837500000e+01  6.672553762574e-02
 5.509145451714e+04  1.578437900000e+01  6.716525325997e-02
 5.509146255137e+04  1.581531600000e+01  6.749262494873e-02
 5.509944594391e+04  1.624602300000e+01  7.362894655760e-02
 5.509945443435e+04  1.626494700000e+01  7.399380193875e-02
 5.509946293862e+04  1.624827300000e+01  7.378672614997e-02
 5.509947146792e+04  1.627090900000e+01  7.410940366771e-02
 5.553125661885e+04  1.625223000000e+01  7.360116446973e-02
 5.553126827870e+04  1.619825000000e+01  7.666321688255e-02
 5.553127414168e+04  1.632910800000e+01  7.633682997236e-02
 5.554024767644e+04  1.566219200000e+01  6.605143190927e-02
 5.554025921072e+04  1.568503800000e+01  6.632364531988e-02
 5.554026489262e+04  1.570077800000e+01  6.652580715358e-02
 5.551624734873e+04  1.579807200000e+01  6.767400308291e-02
 5.551625770909e+04  1.584860900000e+01  6.824543850544e-02
 5.551626291978e+04  1.584387800000e+01  6.824823444378e-02
 5.548335761039e+04  1.561179200000e+01  6.562722098749e-02
 5.548336916656e+04  1.552497400000e+01  6.471015185162e-02
 5.548337494718e+04  1.549777800000e+01  6.445135813794e-02
 5.548825527197e+04  1.619978400000e+01  7.382799242516e-02
 5.548826690229e+04  1.617673300000e+01  7.343534162934e-02
 5.548827271997e+04  1.630867700000e+01  7.572234797485e-02
 5.549931308385e+04  1.572841800000e+01  6.740532009592e-02
 5.549932582998e+04  1.579798700000e+01  6.824384154854e-02
 5.549933211675e+04  1.582750300000e+01  6.856559978489e-02
 5.559013825402e+04  1.618376300000e+01  7.363003868525e-02
 5.559014346596e+04  1.618650800000e+01  7.358811636106e-02
 5.559014859354e+04  1.617284600000e+01  7.341751955151e-02
 5.559015379022e+04  1.620610300000e+01  7.390897287981e-02
 5.376410116757e+04  1.630022400000e+01  1.155807122459e-01
 5.452509797456e+04  1.616412200000e+01  7.540441185530e-02
 5.452510235591e+04  1.615955900000e+01  7.537194220734e-02
 5.452510669317e+04  1.624919000000e+01  7.701365646149e-02
 5.452511105808e+04  1.619918900000e+01  7.640640203901e-02
 5.473640745170e+04  1.611728400000e+01  7.041890360650e-02
 5.473641461271e+04  1.612260700000e+01  7.041929185240e-02
 5.473642181075e+04  1.612795500000e+01  7.046785860449e-02
 5.473642913391e+04  1.610562200000e+01  7.015799878914e-02
 5.550733162471e+04  1.627559900000e+01  7.405371544883e-02
 5.550734559359e+04  1.629161500000e+01  7.428332866388e-02
 5.550735254116e+04  1.634415400000e+01  7.530366279332e-02
 5.376410552565e+04  1.625898500000e+01  7.430544443112e-02
 5.376411194044e+04  1.627749600000e+01  7.459191741046e-02
 5.376411840477e+04  1.625531300000e+01  7.429088854788e-02
 5.376412485716e+04  1.626848500000e+01  7.533378846231e-02
 5.582646138068e+04  1.610825600000e+01  7.074736698716e-02
 5.582646871275e+04  1.611920300000e+01  7.088507923262e-02
 5.582647616109e+04  1.611299300000e+01  7.077994431397e-02
 5.582648347182e+04  1.619872200000e+01  7.200590199440e-02
 5.586437283216e+04  1.616047800000e+01  7.170642899149e-02
 5.586437798310e+04  1.616712900000e+01  7.178857053322e-02
 5.586438313718e+04  1.622819300000e+01  7.273276361003e-02
 5.586438815729e+04  1.621248000000e+01  7.251553218426e-02
 5.583535384142e+04  1.623122800000e+01  7.347913967595e-02
 5.583536060400e+04  1.627283600000e+01  7.413172565446e-02
 5.583536742262e+04  1.622345000000e+01  7.316642185978e-02
 5.583537417480e+04  1.630440600000e+01  7.439242708256e-02
 5.588226373954e+04  1.616819700000e+01  7.157145443941e-02
 5.588226934062e+04  1.620900300000e+01  7.216373922398e-02
 5.588227496896e+04  1.616923200000e+01  7.158470202720e-02
 5.588228056148e+04  1.623016900000e+01  7.250870950351e-02
 5.585137231510e+04  1.556165100000e+01  6.426366944073e-02
 5.585138325781e+04  1.560014500000e+01  6.468356103607e-02
 5.585139414925e+04  1.572855400000e+01  6.609441906969e-02
 5.585140509138e+04  1.574278300000e+01  6.628239824868e-02
 5.589324453382e+04  1.619000800000e+01  7.221163719649e-02
 5.589324962725e+04  1.607014500000e+01  7.050766447842e-02
 5.589325486699e+04  1.589380300000e+01  6.817308403201e-02
 5.589326009398e+04  1.570238400000e+01  6.596418335630e-02
 5.592611346440e+04  1.569368000000e+01  6.599186710502e-02
 5.592611857214e+04  1.570444600000e+01  6.613638931539e-02
 5.592612366580e+04  1.575449800000e+01  6.670602464648e-02
 5.592612886333e+04  1.571486600000e+01  6.624154201897e-02
 5.618942073800e+04  1.621219500000e+01  7.368163391254e-02
 5.618942526196e+04  1.618227200000e+01  7.325397567382e-02
 5.618942981279e+04  1.621098700000e+01  7.365935874884e-02
 5.618943441962e+04  1.621492700000e+01  7.376643173557e-02
 5.620946830674e+04  1.630172200000e+01  7.522903034567e-02
 5.620947339428e+04  1.635130000000e+01  7.615369185462e-02
 5.620947858377e+04  1.632078500000e+01  7.560305094229e-02
 5.620948369366e+04  1.635238400000e+01  7.609575169930e-02
 5.621537384550e+04  1.607239300000e+01  7.111686087545e-02
 5.621538003868e+04  1.610607000000e+01  7.165552847615e-02
 5.621538631191e+04  1.609772600000e+01  7.154457611761e-02
 5.621539258398e+04  1.612371600000e+01  7.187964418058e-02
 5.622143512229e+04  1.585220100000e+01  6.523562760947e-02
 5.622144187763e+04  1.588556200000e+01  6.565211046796e-02
 5.622144855647e+04  1.588432000000e+01  6.566265438458e-02
 5.622145529429e+04  1.592259200000e+01  6.615629839678e-02
 5.622326616062e+04  1.615094700000e+01  7.249929636907e-02
 5.622327217205e+04  1.621797100000e+01  7.353699434486e-02
 5.622327818115e+04  1.620455600000e+01  7.329012696979e-02
 5.622328418764e+04  1.621912000000e+01  7.348881950869e-02
