# time mag mag_err
 5.390136628960e+04  1.530297500000e+01  1.011559483252e-01
 5.390136740690e+04  1.525029800000e+01  9.925864766890e-02
 5.390136848125e+04  1.532971600000e+01  1.020793851431e-01
 5.390136955758e+04  1.535740600000e+01  1.027566872913e-01
 5.385644437433e+04  1.549581700000e+01  6.396292047382e-02
 5.385644990505e+04  1.547495200000e+01  6.377810730991e-02
 5.385645544733e+04  1.549515800000e+01  6.398016823618e-02
 5.385646099483e+04  1.550376700000e+01  6.404059160736e-02
 5.388033258154e+04  1.504907600000e+01  6.032117515993e-02
 5.388034103045e+04  1.507262200000e+01  6.048631373753e-02
 5.388034950703e+04  1.510159400000e+01  6.068711534821e-02
 5.388035793616e+04  1.512593500000e+01  6.087974636523e-02
 5.421047309049e+04  1.554335200000e+01  6.367539874530e-02
 5.421047705122e+04  1.555040000000e+01  6.374660467969e-02
 5.421048093764e+04  1.552647800000e+01  6.351525152966e-02
 5.421048486839e+04  1.555889900000e+01  6.384569689023e-02
 5.415850328640e+04  1.492127600000e+01  5.845166590251e-02
 5.415850831234e+04  1.490137800000e+01  5.832290192803e-02
 5.415851336491e+04  1.490939800000e+01  5.837282616386e-02
 5.415851839225e+04  1.491979100000e+01  5.842504296763e-02
 5.427032165720e+04  1.556646700000e+01  6.446947939722e-02
 5.427032613659e+04  1.557665600000e+01  6.455866166694e-02
 5.427033061840e+04  1.562431500000e+01  6.503980327360e-02
 5.427033509108e+04  1.563657100000e+01  6.516591806742e-02
 5.427728867108e+04  1.538920600000e+01  6.257441643187e-02
 5.427729327559e+04  1.541949700000e+01  6.285662051037e-02
 5.427729783485e+04  1.541564600000e+01  6.285158931935e-02
 5.427730240856e+04  1.542784200000e+01  6.292293773393e-02
 5.423936657073e+04  1.535080400000e+01  6.316345939667e-02
 5.423937636253e+04  1.535265400000e+01  6.314490747381e-02
 5.423938605168e+04  1.534486900000e+01  6.304968127689e-02
 5.423939567449e+04  1.536634400000e+01  6.321812960220e-02
 5.463035375544e+04  1.566593200000e+01  6.453589270288e-02
 5.463035767045e+04  1.564811100000e+01  6.435177154583e-02
 5.463036154218e+04  1.567784900000e+01  6.466676344430e-02
 5.463036549330e+04  1.568881500000e+01  6.479360947637e-02
 5.492244413461e+04  1.508070900000e+01  7.586382193191e-02
 5.494647829553e+04  1.559812500000e+01  6.405129660572e-02
 5.494648306211e+04  1.554242200000e+01  6.352078834193e-02
 5.494648794233e+04  1.547113400000e+01  6.287246340461e-02
 5.494649283425e+04  1.549458300000e+01  6.294065164757e-02
 5.486649775299e+04  1.511903900000e+01  5.980705993546e-02
 5.486650386359e+04  1.512247200000e+01  5.981187923319e-02
 5.486651002559e+04  1.513839600000e+01  5.991413065855e-02
 5.486651623631e+04  1.515772900000e+01  6.004291277744e-02
 5.499338161727e+04  1.533503600000e+01  6.165576798210e-02
 5.499338642539e+04  1.536484800000e+01  6.190490257339e-02
 5.499339128084e+04  1.534411200000e+01  6.174172184731e-02
 5.499339612324e+04  1.537468000000e+01  6.199439101266e-02
 5.500927176120e+04  1.526846600000e+01  6.343434849933e-02
 5.500927608816e+04  1.525723500000e+01  6.357460973716e-02
 5.500928035087e+04  1.528112300000e+01  6.236515200052e-02
 5.500928468090e+04  1.531223100000e+01  6.205875768352e-02
 5.491346846736e+04  1.558587800000e+01  6.515566377064e-02
 5.491347397332e+04  1.558615500000e+01  6.359782592607e-02
 5.491347936204e+04  1.558818400000e+01  6.346076192490e-02
 5.491348486833e+04  1.560780200000e+01  6.358264390467e-02
 5.496933408584e+04  1.545472800000e+01  6.397734486423e-02
 5.496934081766e+04  1.548876600000e+01  6.436712429399e-02
 5.496934759072e+04  1.553170300000e+01  6.609344539258e-02
 5.496935436573e+04  1.551141500000e+01  6.492266376630e-02
 5.512810084734e+04  1.568389400000e+01  6.514288559139e-02
 5.512810449406e+04  1.565726100000e+01  6.490806556066e-02
 5.512810815270e+04  1.566112600000e+01  6.497427159321e-02
 5.512811182973e+04  1.565677500000e+01  6.493420259872e-02
 5.510114434295e+04  1.553037100000e+01  6.382410679027e-02
 5.510114801422e+04  1.559761200000e+01  6.451734624812e-02
 5.510115173559e+04  1.553748700000e+01  6.392765195096e-02
 5.510115547872e+04  1.556146200000e+01  6.416894162173e-02
 5.535738047605e+04  1.549235400000e+01  6.307324821852e-02
 5.535738452752e+04  1.550491800000e+01  6.320326856804e-02
 5.535738863376e+04  1.547922400000e+01  6.299223928415e-02
 5.535739272205e+04  1.550184300000e+01  6.316986195404e-02
 5.536630339639e+04  1.542560700000e+01  6.248918002338e-02
 5.536630975307e+04  1.527373000000e+01  6.123900880390e-02
 5.536631607660e+04  1.519561000000e+01  6.063744174764e-02
 5.536632243663e+04  1.517257100000e+01  6.046456436425e-02
 5.533134743013e+04  1.522661800000e+01  6.175504647905e-02
 5.533135031198e+04  1.522962500000e+01  6.158705759666e-02
 5.533135322694e+04  1.521252200000e+01  6.120564196889e-02
 5.533135609016e+04  1.521076100000e+01  6.089771561086e-02
 5.533837527358e+04  1.493193600000e+01  5.887482126994e-02
 5.533837930572e+04  1.491296600000e+01  5.867869073148e-02
 5.533838342213e+04  1.492136200000e+01  5.873886052022e-02
 5.533838749955e+04  1.493588200000e+01  5.882679898971e-02
 5.551408244847e+04  1.519582100000e+01  6.127715215570e-02
 5.551409038243e+04  1.518906700000e+01  6.125395816605e-02
 5.551409432262e+04  1.519721600000e+01  6.133204946480e-02
 5.565346183727e+04  1.511652000000e+01  6.052218343184e-02
 5.565346648866e+04  1.511689100000e+01  6.052508418271e-02
 5.565347111738e+04  1.515633900000e+01  6.081151108385e-02
 5.565347577722e+04  1.518602100000e+01  6.105053900942e-02
 5.569341375941e+04  1.501176100000e+01  6.133502982698e-02
 5.569341687036e+04  1.500287500000e+01  6.125936250936e-02
 5.569341998256e+04  1.498362700000e+01  6.111090061894e-02
 5.569342310539e+04  1.495770200000e+01  6.091469180658e-02
 5.586208496583e+04  1.530491000000e+01  6.148343861287e-02
 5.586208961734e+04  1.530971900000e+01  6.154410301296e-02
 5.586209427593e+04  1.530354600000e+01  6.151320802122e-02
 5.586209900891e+04  1.533404800000e+01  6.176457423505e-02
 5.604537843462e+04  1.533093500000e+01  6.217336458241e-02
 5.604538473679e+04  1.535383800000e+01  6.236185940671e-02
 5.604539110164e+04  1.536548900000e+01  6.244431078052e-02
 5.604539737359e+04  1.538170400000e+01  6.257800817851e-02
 5.607723124389e+04  1.535758100000e+01  6.382903370150e-02
 5.607723797733e+04  1.536391200000e+01  6.387440645321e-02
 5.607724480478e+04  1.537538000000e+01  6.396774320396e-02
 5.607725156469e+04  1.532564900000e+01  6.348383862122e-02
 5.609134166701e+04  1.501993400000e+01  6.048306619085e-02
 5.609134674785e+04  1.500290600000e+01  5.985770167523e-02
 5.609135787354e+04  1.508726700000e+01  6.403993279953e-02
 5.609136303005e+04  1.506924100000e+01  6.023469055050e-02
 5.621409783681e+04  1.562251900000e+01  6.479515371539e-02
 5.621410244907e+04  1.564488300000e+01  6.503685431737e-02
 5.621410705714e+04  1.563816800000e+01  6.498068724811e-02
 5.621411166513e+04  1.565389800000e+01  6.515325014370e-02
 5.622608047569e+04  1.548824500000e+01  6.599858327869e-02
 5.622608497641e+04  1.548945900000e+01  6.602625537347e-02
 5.622608949122e+04  1.549971700000e+01  6.618042953812e-02
 5.622609396819e+04  1.549417300000e+01  6.610475697147e-02
