# time mag mag_err
 5.347039170347e+04  1.541999400000e+01  6.361596162059e-02
 5.347039896402e+04  1.543118400000e+01  6.370881841949e-02
 5.347040625049e+04  1.543667400000e+01  6.380000868865e-02
 5.347041353024e+04  1.544585000000e+01  6.347183936790e-02
 5.348033106902e+04  1.522271000000e+01  6.039770190023e-02
 5.348033983878e+04  1.522058100000e+01  6.038265327905e-02
 5.348034858019e+04  1.527060000000e+01  6.072929538111e-02
 5.348035729521e+04  1.527309700000e+01  6.072629809906e-02
 5.356022570063e+04  1.543440300000e+01  6.249339201288e-02
 5.356023354373e+04  1.547714200000e+01  6.285527234055e-02
 5.356024138566e+04  1.550208400000e+01  6.308824858562e-02
 5.356024930098e+04  1.550857700000e+01  6.316473897515e-02
 5.355021869294e+04  1.548442800000e+01  6.294557991975e-02
 5.355126833785e+04  1.478271800000e+01  5.793682507887e-02
 5.355127588405e+04  1.482602800000e+01  5.820438571442e-02
 5.355128343083e+04  1.486397900000e+01  5.843680138500e-02
 5.355129099441e+04  1.490886200000e+01  5.876924854034e-02
 5.349732842584e+04  1.543581700000e+01  6.203859867961e-02
 5.349733499632e+04  1.545781000000e+01  6.272823643719e-02
 5.349734155313e+04  1.543582400000e+01  6.200173993585e-02
 5.349734810576e+04  1.542560100000e+01  6.196043219798e-02
 5.350635710606e+04  1.538929600000e+01  6.373407003196e-02
 5.350636480066e+04  1.540960200000e+01  6.383178962252e-02
 5.350637252177e+04  1.544386900000e+01  6.413465540650e-02
 5.350638021856e+04  1.542575900000e+01  6.396454562014e-02
 5.363612164699e+04  1.535182700000e+01  6.305437754503e-02
 5.363612648450e+04  1.536689500000e+01  6.324719704513e-02
 5.363613134389e+04  1.536772300000e+01  6.326395361292e-02
 5.363613619552e+04  1.538235300000e+01  6.341576529085e-02
 5.385037391296e+04  1.459270800000e+01  5.741268199798e-02
 5.385038215748e+04  1.439792200000e+01  5.623665948124e-02
 5.385039042131e+04  1.436104000000e+01  5.704998005838e-02
 5.385039848329e+04  1.439824400000e+01  5.623107476145e-02
 5.392532878204e+04  1.539066100000e+01  1.006150682711e-01
 5.392533026534e+04  1.541319700000e+01  1.013677606950e-01
 5.392533174747e+04  1.538277700000e+01  1.003659866544e-01
 5.392533327255e+04  1.536623000000e+01  9.995514668358e-02
 5.390027344347e+04  1.538143500000e+01  1.020394297211e-01
 5.390027442836e+04  1.540355400000e+01  1.028210761425e-01
 5.390027541556e+04  1.523521400000e+01  1.067618331039e-01
 5.390027639662e+04  1.533092400000e+01  1.024794222025e-01
 5.379747347475e+04  1.543706400000e+01  6.266648955944e-02
 5.379748158916e+04  1.546221900000e+01  6.430050032013e-02
 5.379748983841e+04  1.549111500000e+01  6.415132835582e-02
 5.379749825966e+04  1.550810700000e+01  6.317712613460e-02
 5.381945272343e+04  1.453126200000e+01  5.676008736274e-02
 5.381946205826e+04  1.459158800000e+01  5.784106266575e-02
 5.381947122874e+04  1.465329000000e+01  5.781182246732e-02
 5.381948039679e+04  1.471095300000e+01  5.759950735720e-02
 5.385938484439e+04  1.545325900000e+01  6.328143634431e-02
 5.385939300046e+04  1.542944400000e+01  6.308048662785e-02
 5.385940115561e+04  1.543376400000e+01  6.315332435811e-02
 5.385940926875e+04  1.543566900000e+01  6.316971922753e-02
 5.386635456043e+04  1.448693200000e+01  7.629286416809e-02
 5.386635533928e+04  1.451410000000e+01  7.671349265799e-02
 5.386635621282e+04  1.449771200000e+01  7.647427028459e-02
 5.386635696807e+04  1.452122000000e+01  7.693460334249e-02
 5.387936822964e+04  1.544038100000e+01  6.293017109473e-02
 5.387937681016e+04  1.543119500000e+01  6.286404114447e-02
 5.387938543212e+04  1.542388200000e+01  6.282064454501e-02
 5.387939403440e+04  1.541594800000e+01  6.275329359101e-02
 5.388633097462e+04  1.529416600000e+01  6.189885634992e-02
 5.388633907271e+04  1.497644700000e+01  5.952037323762e-02
 5.388634712507e+04  1.468309400000e+01  5.772650100521e-02
 5.388635523115e+04  1.441021500000e+01  5.632688204700e-02
 5.399214179478e+04  1.505651700000e+01  6.246737082531e-02
 5.399214553837e+04  1.507561300000e+01  6.269861137578e-02
 5.399214927374e+04  1.507874400000e+01  6.276792081822e-02
 5.399215300263e+04  1.508335600000e+01  6.281408258566e-02
 5.420442365913e+04  1.529776500000e+01  6.091409994611e-02
 5.420443159344e+04  1.533075600000e+01  6.114090194047e-02
 5.420443950460e+04  1.533988100000e+01  6.123037246137e-02
 5.420444734064e+04  1.536378200000e+01  6.141163528419e-02
 5.414052949080e+04  1.465804500000e+01  8.349604839797e-02
 5.414053099620e+04  1.464459000000e+01  8.348161892494e-02
 5.414053249859e+04  1.461928300000e+01  8.512634571114e-02
 5.414053399623e+04  1.474429800000e+01  8.897373036211e-02
 5.425723531233e+04  1.525416900000e+01  6.119986582868e-02
 5.425724192134e+04  1.525930600000e+01  6.117735277176e-02
 5.425724846206e+04  1.528993900000e+01  6.142820622515e-02
 5.425725507963e+04  1.530833100000e+01  6.168926920314e-02
 5.426726942116e+04  1.528146400000e+01  6.217125796132e-02
 5.426727707953e+04  1.534108900000e+01  6.744357854588e-02
 5.426930457606e+04  1.545130900000e+01  6.260799219074e-02
 5.426931315080e+04  1.531257200000e+01  6.146317758157e-02
 5.426932173767e+04  1.501494200000e+01  5.932637925292e-02
 5.426933032074e+04  1.468323500000e+01  5.734428170460e-02
 5.417143252593e+04  1.438277000000e+01  5.552628062805e-02
 5.417143792168e+04  1.434113300000e+01  5.535056290947e-02
 5.417144328005e+04  1.434266700000e+01  5.536242697533e-02
 5.417144866457e+04  1.436918300000e+01  5.546431490729e-02
 5.418541541174e+04  1.542099100000e+01  6.202585869028e-02
 5.418542472389e+04  1.542842900000e+01  6.206455924979e-02
 5.418543410676e+04  1.542354300000e+01  6.200705632426e-02
 5.418544349716e+04  1.541905600000e+01  6.197723153931e-02
 5.422837273355e+04  1.439560900000e+01  5.696162398955e-02
 5.422838039978e+04  1.446605800000e+01  5.702517326034e-02
 5.422838808280e+04  1.449811400000e+01  5.777785831472e-02
 5.422840059373e+04  1.458112200000e+01  5.813456287301e-02
 5.423526914719e+04  1.483124200000e+01  5.900835972539e-02
 5.423527361836e+04  1.486604300000e+01  5.849003461597e-02
 5.423527811674e+04  1.487721200000e+01  5.857663322005e-02
 5.423528260203e+04  1.492266600000e+01  5.881820423550e-02
 5.424234012450e+04  1.541520900000e+01  6.253751380241e-02
 5.424234767986e+04  1.543224100000e+01  6.270447166059e-02
 5.424235522306e+04  1.544562600000e+01  6.287701703630e-02
 5.424236280758e+04  1.542282000000e+01  6.262815763986e-02
 5.439109436743e+04  1.514692000000e+01  6.012233080601e-02
 5.439109883722e+04  1.514896300000e+01  6.022282410649e-02
 5.439110328362e+04  1.519434500000e+01  6.060186420862e-02
 5.439110772516e+04  1.517276000000e+01  6.050670389548e-02
 5.434715568524e+04  1.547938700000e+01  6.022295878150e-02
 5.434716560194e+04  1.549430400000e+01  6.037173844753e-02
 5.434717548194e+04  1.548499600000e+01  6.040587516400e-02
 5.434718539112e+04  1.540662700000e+01  5.991430666098e-02
 5.435414838755e+04  1.491181500000e+01  5.880238868118e-02
 5.435415267954e+04  1.494495200000e+01  5.917348776618e-02
 5.435415696575e+04  1.496238700000e+01  5.916744370897e-02
 5.435416122881e+04  1.498162600000e+01  5.932591768453e-02
 5.455933173881e+04  1.544074600000e+01  6.222163571312e-02
 5.455934090374e+04  1.541371100000e+01  6.198375113911e-02
 5.455935005963e+04  1.544546600000e+01  6.217455719624e-02
 5.455935923902e+04  1.549300500000e+01  6.258211729275e-02
 5.456531483567e+04  1.535475500000e+01  6.197213615256e-02
 5.456532139873e+04  1.518818400000e+01  6.064872122800e-02
 5.456532797939e+04  1.490155700000e+01  5.862043448922e-02
 5.456533452346e+04  1.466416500000e+01  5.719255820294e-02
 5.457144754876e+04  1.522366100000e+01  6.002203493441e-02
 5.457145402374e+04  1.523923500000e+01  6.013869867247e-02
 5.457146050057e+04  1.524383500000e+01  6.019131055367e-02
 5.457146698503e+04  1.528635400000e+01  6.051813678812e-02
 5.458238371154e+04  1.523597500000e+01  6.060984193133e-02
 5.458239023630e+04  1.526739500000e+01  6.083903429833e-02
 5.458239675502e+04  1.526439600000e+01  6.084990236025e-02
 5.458240328486e+04  1.530179700000e+01  6.115507124916e-02
 5.450550384481e+04  1.540768600000e+01  6.146290004851e-02
 5.450551133270e+04  1.542175100000e+01  6.156309111131e-02
 5.450551887080e+04  1.543478300000e+01  6.160824032405e-02
 5.450552639270e+04  1.541066800000e+01  6.144355051595e-02
 5.451551243988e+04  1.541703300000e+01  6.182329620804e-02
 5.451551675191e+04  1.544040700000e+01  6.211835361969e-02
 5.451552111972e+04  1.544419200000e+01  6.209025351800e-02
 5.451552543544e+04  1.541852500000e+01  6.219694709729e-02
 5.462534819128e+04  1.541549100000e+01  6.208512837145e-02
 5.462535591124e+04  1.542120700000e+01  6.215570488454e-02
 5.462536363755e+04  1.541918000000e+01  6.217070155911e-02
 5.462537132612e+04  1.542863700000e+01  6.232025501379e-02
 5.464036185323e+04  1.547937900000e+01  6.282006362799e-02
 5.464036833365e+04  1.545259300000e+01  6.300975360483e-02
 5.464037486707e+04  1.544819200000e+01  6.328322575063e-02
 5.464038138892e+04  1.542158100000e+01  6.309583426498e-02
 5.452846903941e+04  1.434252700000e+01  5.526322287404e-02
 5.452847646166e+04  1.438968100000e+01  5.544924558243e-02
 5.452848385381e+04  1.441710800000e+01  5.557058243439e-02
 5.452849128277e+04  1.449106300000e+01  5.588141694535e-02
 5.453649391706e+04  1.545608900000e+01  6.190418407635e-02
 5.453649886534e+04  1.542246400000e+01  6.163546926376e-02
 5.453650381847e+04  1.543077200000e+01  6.171003421498e-02
 5.453650875517e+04  1.544138600000e+01  6.178397691520e-02
 5.458931308622e+04  1.541767700000e+01  6.172156134685e-02
 5.458932121289e+04  1.540856000000e+01  6.163263209554e-02
 5.458932936457e+04  1.540574000000e+01  6.159952844834e-02
 5.458933749993e+04  1.541764100000e+01  6.171630512120e-02
 5.459624156477e+04  1.545438600000e+01  6.342482605045e-02
 5.459624863606e+04  1.548197200000e+01  6.350534781918e-02
 5.459625568086e+04  1.552776900000e+01  6.387953376060e-02
 5.459626271628e+04  1.551676700000e+01  6.371292460281e-02
 5.473708411036e+04  1.474493700000e+01  5.987196659021e-02
 5.473708895041e+04  1.470780200000e+01  5.962791785351e-02
 5.473709381280e+04  1.471166600000e+01  5.982960341805e-02
 5.473709860101e+04  1.475554700000e+01  6.018510863166e-02
 5.492339577734e+04  1.499971800000e+01  5.875506067050e-02
 5.492340059588e+04  1.502460600000e+01  5.890704847683e-02
 5.492340542760e+04  1.504047600000e+01  5.898079500950e-02
 5.492341028434e+04  1.505092900000e+01  5.903395453855e-02
 5.494442117256e+04  1.525616400000e+01  6.067278184903e-02
 5.494442963365e+04  1.526247800000e+01  6.095393645738e-02
 5.494443811094e+04  1.530250700000e+01  6.103391882764e-02
 5.494444668602e+04  1.533152700000e+01  6.125685965831e-02
 5.504521253447e+04  1.543117700000e+01  6.717462992234e-02
 5.504521744385e+04  1.547179000000e+01  6.774073136455e-02
 5.504522240812e+04  1.544386000000e+01  6.741760282689e-02
 5.504522737087e+04  1.541395100000e+01  6.719237419186e-02
 5.487752806374e+04  1.536597100000e+01  6.518378439721e-02
 5.488846089867e+04  1.538089300000e+01  6.107892116781e-02
 5.488846868065e+04  1.539866300000e+01  6.133062704954e-02
 5.488847654123e+04  1.541505100000e+01  6.134571394806e-02
 5.488848447507e+04  1.541504900000e+01  6.131653027600e-02
 5.499730259682e+04  1.539559600000e+01  6.170027749382e-02
 5.499730870696e+04  1.538717400000e+01  6.167249170435e-02
 5.499731482591e+04  1.540600700000e+01  6.179129878151e-02
 5.499732079427e+04  1.541592000000e+01  6.187978051305e-02
 5.491449561759e+04  1.541376800000e+01  6.147058355298e-02
 5.491449927310e+04  1.541895700000e+01  6.152423606712e-02
 5.491450295038e+04  1.542232600000e+01  6.154449181212e-02
 5.491450661179e+04  1.541577800000e+01  6.150230882947e-02
 5.495432616593e+04  1.482220000000e+01  6.296432634231e-02
 5.495434793822e+04  1.491841900000e+01  5.952260725485e-02
 5.495525552515e+04  1.493344000000e+01  6.163094455660e-02
 5.495526144595e+04  1.489507500000e+01  6.200944612966e-02
 5.495526729578e+04  1.497077400000e+01  6.202752236001e-02
 5.495527312270e+04  1.503500200000e+01  6.276234840368e-02
 5.496539968598e+04  1.535956900000e+01  6.393622103917e-02
 5.496540594150e+04  1.535237400000e+01  6.386272514903e-02
 5.496541213453e+04  1.537023000000e+01  6.405574852642e-02
 5.496541828579e+04  1.540134800000e+01  6.436394674833e-02
 5.498029918223e+04  1.488537100000e+01  5.840457623479e-02
 5.498030726946e+04  1.492025900000e+01  5.860530682312e-02
 5.498031534824e+04  1.496064700000e+01  5.886606577732e-02
 5.498032339230e+04  1.499695500000e+01  5.910568329407e-02
 5.511908090345e+04  1.524105300000e+01  6.090793801182e-02
 5.511908640681e+04  1.500597800000e+01  5.934576599118e-02
 5.511909191484e+04  1.477784500000e+01  5.798628682202e-02
 5.511909741510e+04  1.458529700000e+01  5.698090050575e-02
 5.509712484032e+04  1.542601400000e+01  6.257197953546e-02
 5.509712973538e+04  1.540152700000e+01  6.234075123148e-02
 5.509713466062e+04  1.543288200000e+01  6.268507769464e-02
 5.509713954828e+04  1.544573000000e+01  6.283164168747e-02
 5.529635788196e+04  1.499032600000e+01  5.880964743759e-02
 5.529636367020e+04  1.500261000000e+01  5.887420902063e-02
 5.529636948532e+04  1.502875900000e+01  5.902067698817e-02
 5.529637527336e+04  1.505228000000e+01  5.918736919605e-02
 5.520253967961e+04  1.493249200000e+01  6.139576948313e-02
 5.520254435220e+04  1.495716400000e+01  6.293910185424e-02
 5.538120837373e+04  1.541006400000e+01  6.215380314304e-02
 5.538121577170e+04  1.542038000000e+01  6.224611342856e-02
 5.538122322763e+04  1.541096700000e+01  6.220741733607e-02
 5.538123063111e+04  1.543515400000e+01  6.240465141273e-02
 5.535130787326e+04  1.546608600000e+01  6.236239464050e-02
 5.535131532759e+04  1.536311200000e+01  6.290967572620e-02
 5.535132281338e+04  1.519625900000e+01  6.048907899735e-02
 5.535133027163e+04  1.488450000000e+01  5.824481174829e-02
 5.535927950316e+04  1.525804700000e+01  6.087285478397e-02
 5.535928699354e+04  1.526313300000e+01  6.093551066255e-02
 5.535929441072e+04  1.528179300000e+01  6.098318993471e-02
 5.535930187694e+04  1.530747000000e+01  6.119284413388e-02
 5.536527840787e+04  1.543038000000e+01  6.201673883722e-02
 5.536528351463e+04  1.540902600000e+01  6.185522609151e-02
 5.536528872750e+04  1.540500100000e+01  6.182851130248e-02
 5.536529389825e+04  1.542562100000e+01  6.200443584225e-02
 5.527142376197e+04  1.536306300000e+01  6.142520525160e-02
 5.527143119119e+04  1.536912700000e+01  6.141493818757e-02
 5.527143875517e+04  1.540125600000e+01  6.167868162193e-02
 5.527144624675e+04  1.541217400000e+01  6.174979316908e-02
 5.533239935245e+04  1.520505500000e+01  6.036345850708e-02
 5.533240391483e+04  1.521386300000e+01  6.042924047257e-02
 5.533240853973e+04  1.523637300000e+01  6.061502104738e-02
 5.533241313186e+04  1.525143100000e+01  6.075629424012e-02
 5.534027298699e+04  1.544509300000e+01  6.218116091399e-02
 5.534027871969e+04  1.541750400000e+01  6.201021735931e-02
 5.534028446084e+04  1.543670400000e+01  6.217471638629e-02
 5.534029020546e+04  1.541932100000e+01  6.200339613260e-02
 5.545514573818e+04  1.545849500000e+01  6.240336628121e-02
 5.545516156381e+04  1.508498100000e+01  5.967954627547e-02
 5.545516904881e+04  1.478805500000e+01  5.786365276768e-02
 5.571430333036e+04  1.443668000000e+01  5.843582896134e-02
 5.571430866940e+04  1.438194900000e+01  5.704675935803e-02
 5.571431377060e+04  1.439616100000e+01  5.632240724587e-02
 5.571431895002e+04  1.440764000000e+01  5.998782637544e-02
 5.565047897823e+04  1.551949400000e+01  6.384877912191e-02
 5.565048758412e+04  1.552855000000e+01  6.413588129632e-02
 5.565049626258e+04  1.550561600000e+01  6.356186950783e-02
 5.568635428193e+04  1.512760000000e+01  7.223338798062e-02
 5.568635874803e+04  1.544087000000e+01  7.987345761150e-02
 5.568636764780e+04  1.539468500000e+01  6.819140816990e-02
 5.568832181181e+04  1.480547100000e+01  5.826821548617e-02
 5.568832757601e+04  1.458012300000e+01  5.709182991568e-02
 5.568833339146e+04  1.440789500000e+01  5.622310608446e-02
 5.568833915785e+04  1.435537100000e+01  5.598305575186e-02
 5.570138435572e+04  1.538605400000e+01  6.256535961798e-02
 5.570139169476e+04  1.542487600000e+01  6.294147302934e-02
 5.570139908333e+04  1.545388700000e+01  6.320565528601e-02
 5.570140644485e+04  1.545417900000e+01  6.321506900512e-02
 5.495436001998e+04  1.498623100000e+01  5.988122708093e-02
 5.495438203707e+04  1.508281400000e+01  6.355472459195e-02
 5.582410507051e+04  1.467422600000e+01  5.947272706343e-02
 5.582411056059e+04  1.472833900000e+01  5.985265855876e-02
 5.582411603559e+04  1.475492700000e+01  6.007683588171e-02
 5.582412149593e+04  1.480265100000e+01  6.050184115225e-02
 5.598146682939e+04  1.541293000000e+01  6.196708447511e-02
 5.598147363387e+04  1.542862300000e+01  6.208896241135e-02
 5.598148036918e+04  1.543059500000e+01  6.208039879730e-02
 5.598148722103e+04  1.542579700000e+01  6.201388221727e-02
 5.601242104252e+04  1.543090300000e+01  6.297372253372e-02
 5.601242773951e+04  1.542994000000e+01  6.301996390451e-02
 5.601243450432e+04  1.542766000000e+01  6.297239220445e-02
 5.601244128446e+04  1.542470200000e+01  6.296638760602e-02
 5.601942030351e+04  1.437181300000e+01  5.572002358306e-02
 5.601942712306e+04  1.442766800000e+01  5.593673245997e-02
 5.601943396683e+04  1.446557100000e+01  5.611696083380e-02
 5.601944078377e+04  1.451420200000e+01  5.633230243605e-02
 5.603943118605e+04  1.469972000000e+01  5.750572910266e-02
 5.603943741947e+04  1.448991200000e+01  5.641963609139e-02
 5.603944358726e+04  1.437539900000e+01  5.589524038018e-02
 5.603944976587e+04  1.435793800000e+01  5.583385054775e-02
 5.604634501657e+04  1.475535400000e+01  5.625906468151e-02
 5.604635528772e+04  1.482311900000e+01  5.659923987770e-02
 5.604636556038e+04  1.487770400000e+01  5.687116420235e-02
 5.604637580957e+04  1.493345000000e+01  5.716468275350e-02
 5.606136428193e+04  1.471259800000e+01  5.717804848765e-02
 5.606137223127e+04  1.477485000000e+01  5.749435564242e-02
 5.606138068881e+04  1.481153700000e+01  5.772758309879e-02
 5.606138920907e+04  1.486713000000e+01  5.803829640141e-02
 5.607231554843e+04  1.483858700000e+01  5.773045159309e-02
 5.607232061326e+04  1.488651200000e+01  5.802834140764e-02
 5.607232572823e+04  1.489433100000e+01  5.806567537090e-02
 5.607233078102e+04  1.491581400000e+01  5.818820859993e-02
 5.608741426568e+04  1.516313400000e+01  6.002827763082e-02
 5.608741941650e+04  1.517108700000e+01  6.011030312712e-02
 5.608742462440e+04  1.520199300000e+01  6.037989430029e-02
 5.608742968718e+04  1.520176500000e+01  6.040811680909e-02
 5.609329419002e+04  1.498156800000e+01  5.896972797472e-02
 5.609330266883e+04  1.502201900000e+01  5.932574149391e-02
 5.609331121417e+04  1.505478200000e+01  5.962501607875e-02
 5.609331970095e+04  1.507626600000e+01  5.986997220519e-02
 5.609924541527e+04  1.511276500000e+01  5.992981403566e-02
 5.609925399634e+04  1.515265400000e+01  6.024875387970e-02
 5.609926256477e+04  1.517870400000e+01  6.047359334799e-02
 5.609927112510e+04  1.520274800000e+01  6.063753022384e-02
 5.618813218609e+04  1.534201200000e+01  5.963122281917e-02
 5.618813694595e+04  1.538736700000e+01  5.994431080501e-02
 5.618814185302e+04  1.537690900000e+01  5.994702282118e-02
 5.618814668707e+04  1.538725700000e+01  5.999679017756e-02
 5.619512636850e+04  1.550282500000e+01  6.109915134462e-02
 5.619513054625e+04  1.550883500000e+01  6.117968481866e-02
 5.619513472458e+04  1.554586500000e+01  6.148298490996e-02
 5.619513885711e+04  1.551749300000e+01  6.130924371889e-02
