# time mag mag_err
 5.346925509382e+04  1.582537600000e+01  6.678966655799e-02
 5.346926322628e+04  1.583453000000e+01  6.696898926773e-02
 5.346927135204e+04  1.584823600000e+01  6.715961546007e-02
 5.346927948948e+04  1.589594000000e+01  6.780030246987e-02
 5.371241670905e+04  1.565673300000e+01  6.548489864237e-02
 5.371242344874e+04  1.566420700000e+01  6.551243761872e-02
 5.371243019097e+04  1.567389500000e+01  6.561393694686e-02
 5.371243700045e+04  1.573832600000e+01  6.618475028970e-02
 5.372843533677e+04  1.619318800000e+01  7.470308175875e-02
 5.372844341171e+04  1.610297700000e+01  7.210268631090e-02
 5.372845157763e+04  1.629189300000e+01  7.503041807289e-02
 5.372845976484e+04  1.623988400000e+01  7.424541159252e-02
 5.350023137449e+04  1.595180600000e+01  6.873797475955e-02
 5.350023787066e+04  1.602143600000e+01  6.932990816483e-02
 5.350024437929e+04  1.595254900000e+01  6.887339779320e-02
 5.350025084385e+04  1.600853700000e+01  6.967452752886e-02
 5.367247526006e+04  1.625094600000e+01  7.439634463673e-02
 5.367248063451e+04  1.631029900000e+01  7.527659876789e-02
 5.367248608016e+04  1.627613800000e+01  7.453836215456e-02
 5.367249145948e+04  1.628256000000e+01  7.452724593199e-02
 5.383113407796e+04  1.625141000000e+01  7.439556024435e-02
 5.383114029863e+04  1.635144500000e+01  7.620637329245e-02
 5.383114654513e+04  1.626792800000e+01  7.470126567945e-02
 5.383115287507e+04  1.627814700000e+01  7.478773638401e-02
 5.384417708699e+04  1.544329700000e+01  6.375141609120e-02
 5.384418514480e+04  1.547689600000e+01  6.409861876669e-02
 5.384419321290e+04  1.547153900000e+01  6.403505444820e-02
 5.384420131296e+04  1.549291500000e+01  6.421198074488e-02
 5.385014293065e+04  1.592101800000e+01  6.897440893889e-02
 5.385015064747e+04  1.593166300000e+01  6.912940362263e-02
 5.385015835167e+04  1.597654600000e+01  6.963493151561e-02
 5.385016618088e+04  1.599008600000e+01  6.983683836460e-02
 5.409438723709e+04  1.551201800000e+01  6.371947894492e-02
 5.409439596125e+04  1.549886500000e+01  6.331183936090e-02
 5.409440466249e+04  1.547889000000e+01  6.289694293832e-02
 5.409441339916e+04  1.554813100000e+01  6.336801401943e-02
 5.378822801635e+04  1.562458800000e+01  6.674698837635e-02
 5.378824089477e+04  1.569821100000e+01  6.601373743358e-02
 5.378824920086e+04  1.570492300000e+01  6.605262287516e-02
 5.378825745959e+04  1.569744500000e+01  6.597227085378e-02
 5.379431098720e+04  1.616096400000e+01  7.197744245454e-02
 5.379431586013e+04  1.622694400000e+01  7.300162035908e-02
 5.379432077565e+04  1.622959900000e+01  7.321882765362e-02
 5.379432567115e+04  1.622823600000e+01  7.298558106246e-02
 5.373643967810e+04  1.599828400000e+01  6.893157081410e-02
 5.373644707824e+04  1.599197400000e+01  6.886875653772e-02
 5.373645449169e+04  1.605293000000e+01  6.965944931899e-02
 5.373646201799e+04  1.605631200000e+01  6.970202221429e-02
 5.375543589045e+04  1.646267100000e+01  7.611595223505e-02
 5.375544288003e+04  1.648604300000e+01  7.653920969910e-02
 5.375544987286e+04  1.652086400000e+01  7.707899295333e-02
 5.375545694336e+04  1.646683500000e+01  7.612468529043e-02
 5.376138638292e+04  1.556891300000e+01  6.442045570603e-02
 5.376139459108e+04  1.560230600000e+01  6.474567382166e-02
 5.376140274160e+04  1.563132200000e+01  6.505540517678e-02
 5.376141093321e+04  1.565892300000e+01  6.537079144790e-02
 5.390218360778e+04  1.613749800000e+01  1.384749711416e-01
 5.390218456547e+04  1.616508500000e+01  1.402992754539e-01
 5.390218553230e+04  1.618963100000e+01  1.415652703468e-01
 5.390218650260e+04  1.621987800000e+01  1.436450152145e-01
 5.380322336330e+04  1.643085500000e+01  8.484294746324e-02
 5.380322958097e+04  1.627531600000e+01  8.147846655194e-02
 5.380324209769e+04  1.653721700000e+01  8.738333847411e-02
 5.381918960247e+04  1.581972800000e+01  7.042162295784e-02
 5.381919567522e+04  1.579667200000e+01  6.861689596675e-02
 5.381920172483e+04  1.585452800000e+01  6.970428688227e-02
 5.381920776112e+04  1.581085500000e+01  6.819091236328e-02
 5.385916307178e+04  1.628457500000e+01  7.512150099186e-02
 5.385916949768e+04  1.630935300000e+01  7.560151539507e-02
 5.385917591178e+04  1.613073000000e+01  7.274390349765e-02
 5.385918229242e+04  1.632547400000e+01  7.594474032987e-02
 5.387818432610e+04  1.605222300000e+01  7.109435034314e-02
 5.387819072965e+04  1.602545400000e+01  7.073836800888e-02
 5.387819709769e+04  1.604475200000e+01  7.109197637441e-02
 5.387820350494e+04  1.606785300000e+01  7.140223800373e-02
 5.388516263538e+04  1.596975600000e+01  7.041463022733e-02
 5.388517185182e+04  1.597476600000e+01  7.055041075803e-02
 5.388518106650e+04  1.601140900000e+01  7.113227320288e-02
 5.388519027750e+04  1.609010200000e+01  7.237694966850e-02
 5.405645652059e+04  1.581325000000e+01  6.604228659547e-02
 5.405646359848e+04  1.570691400000e+01  6.482959242035e-02
 5.405647053182e+04  1.557395500000e+01  6.352809471196e-02
 5.405647756052e+04  1.552153200000e+01  6.300135798563e-02
 5.406245419881e+04  1.594891900000e+01  6.754372298184e-02
 5.406246184525e+04  1.592204500000e+01  6.714454491302e-02
 5.406246938487e+04  1.592250000000e+01  6.709340884282e-02
 5.406247698710e+04  1.597259000000e+01  6.769221244326e-02
 5.403550640734e+04  1.548866700000e+01  6.282524600321e-02
 5.403551121788e+04  1.551458000000e+01  6.303283301803e-02
 5.403551611928e+04  1.557882500000e+01  6.356790661437e-02
 5.403552095784e+04  1.555474300000e+01  6.329998887301e-02
 5.420120868610e+04  1.575175500000e+01  6.610123419018e-02
 5.420121847281e+04  1.579270200000e+01  6.653687087001e-02
 5.420122824587e+04  1.582801000000e+01  6.696349831429e-02
 5.420123806198e+04  1.583888900000e+01  6.719350618976e-02
 5.444042409959e+04  1.601296100000e+01  6.851576504723e-02
 5.444043056427e+04  1.603116700000e+01  6.869825901107e-02
 5.444043705649e+04  1.607749300000e+01  6.924727342012e-02
 5.444044353506e+04  1.606862300000e+01  6.919873452859e-02
 5.444947243598e+04  1.641423400000e+01  7.318258358523e-02
 5.444947967917e+04  1.643251600000e+01  7.406907980571e-02
 5.444948691980e+04  1.645408500000e+01  7.441104856010e-02
 5.444949413683e+04  1.646231800000e+01  7.453002437002e-02
 5.414124070775e+04  1.602992400000e+01  7.003654784458e-02
 5.414124660793e+04  1.603980600000e+01  7.007642824074e-02
 5.414125252420e+04  1.608613700000e+01  7.022677408126e-02
 5.414125842958e+04  1.612625800000e+01  7.085674165996e-02
 5.411043055818e+04  1.616931400000e+01  7.058570599991e-02
 5.411736118067e+04  1.613283600000e+01  6.999019099628e-02
 5.411736769454e+04  1.615166400000e+01  7.021424008658e-02
 5.411737423595e+04  1.611360000000e+01  6.967428964021e-02
 5.411738078836e+04  1.618042000000e+01  7.055067389553e-02
 5.412725173115e+04  1.608030900000e+01  7.291744442140e-02
 5.412726009290e+04  1.612890100000e+01  7.350802638952e-02
 5.412726850571e+04  1.613581900000e+01  7.347896122096e-02
 5.412727689409e+04  1.617182400000e+01  7.388414561473e-02
 5.416840091372e+04  1.637894700000e+01  7.404102296107e-02
 5.416840845714e+04  1.626008700000e+01  7.221462958811e-02
 5.416841609653e+04  1.612338100000e+01  7.028945713309e-02
 5.416842380628e+04  1.597138400000e+01  6.827494744736e-02
 5.417426544758e+04  1.579532700000e+01  6.593617010473e-02
 5.417427307100e+04  1.568426700000e+01  6.476101890978e-02
 5.417428071374e+04  1.553596500000e+01  6.329290970044e-02
 5.417428836227e+04  1.547360600000e+01  6.272384419909e-02
 5.418520525244e+04  1.624785900000e+01  7.241321722240e-02
 5.418521501219e+04  1.629500100000e+01  7.315982589570e-02
 5.418522480133e+04  1.630482500000e+01  7.330596268224e-02
 5.418523455656e+04  1.631874000000e+01  7.350066149948e-02
 5.423118838292e+04  1.621822700000e+01  7.242705371922e-02
 5.423119480894e+04  1.620894700000e+01  7.236174491656e-02
 5.423120122940e+04  1.622304500000e+01  7.255722136974e-02
 5.423120766385e+04  1.619080000000e+01  7.213011913308e-02
 5.441247457439e+04  1.617216800000e+01  7.148157864424e-02
 5.441248053648e+04  1.614150300000e+01  7.091501293907e-02
 5.441248653620e+04  1.615544700000e+01  7.106743855313e-02
 5.441249248257e+04  1.614872500000e+01  7.098165896126e-02
 5.442242413973e+04  1.620103600000e+01  7.191345349867e-02
 5.442243190019e+04  1.621275900000e+01  7.190674236850e-02
 5.442243960855e+04  1.621028300000e+01  7.185535238812e-02
 5.442244733833e+04  1.625901700000e+01  7.257339025588e-02
 5.439049341566e+04  1.630879600000e+01  7.393180048098e-02
 5.439049989179e+04  1.621521400000e+01  7.235055678587e-02
 5.439050640543e+04  1.633528500000e+01  7.408465831990e-02
 5.439051295425e+04  1.629497200000e+01  7.324259561772e-02
 5.440348807667e+04  1.571416700000e+01  6.567765382732e-02
 5.440349530550e+04  1.561520100000e+01  6.464113511788e-02
 5.440350261628e+04  1.553222000000e+01  6.377726671871e-02
 5.440351010693e+04  1.547383300000e+01  6.314755479341e-02
 5.456421186138e+04  1.629666500000e+01  7.271715571456e-02
 5.456421987590e+04  1.626128500000e+01  7.220864727836e-02
 5.456422789829e+04  1.630360200000e+01  7.286307276603e-02
 5.456423595182e+04  1.632806500000e+01  7.329663451542e-02
 5.458219787846e+04  1.618770700000e+01  7.168243172681e-02
 5.458220434152e+04  1.617167500000e+01  7.142247964866e-02
 5.458221076255e+04  1.617546200000e+01  7.153534110035e-02
 5.458221718463e+04  1.612706200000e+01  7.088480739517e-02
 5.449929254494e+04  1.593466300000e+01  6.760656196897e-02
 5.449929976787e+04  1.595226600000e+01  6.782552840766e-02
 5.449930699427e+04  1.597105700000e+01  6.800066486353e-02
 5.449931420806e+04  1.599704600000e+01  6.829411157539e-02
 5.452327964525e+04  1.611204500000e+01  6.962641959564e-02
 5.452328688288e+04  1.612096400000e+01  6.973127980466e-02
 5.452329407988e+04  1.615364800000e+01  7.016768182367e-02
 5.452330128499e+04  1.621130700000e+01  7.087348808109e-02
 5.447639820216e+04  1.554180800000e+01  6.323782815764e-02
 5.447640472540e+04  1.548985900000e+01  6.275179304392e-02
 5.447641309503e+04  1.547807100000e+01  6.266045156223e-02
 5.447641961480e+04  1.547540600000e+01  6.262479141022e-02
 5.463017803825e+04  1.630186500000e+01  7.400360644777e-02
 5.463018454772e+04  1.621089200000e+01  7.258664116940e-02
 5.463019107953e+04  1.632900600000e+01  7.474046524752e-02
 5.463019773900e+04  1.635836100000e+01  7.528362411638e-02
 5.452822344873e+04  1.644655400000e+01  7.498620210006e-02
 5.452822887840e+04  1.646049500000e+01  7.520532348910e-02
 5.452823429742e+04  1.648273500000e+01  7.561687626608e-02
 5.452823971030e+04  1.650756600000e+01  7.598712644258e-02
 5.453618452678e+04  1.621493000000e+01  6.742280856895e-02
 5.453619196778e+04  1.619469100000e+01  6.713823036867e-02
 5.453619939384e+04  1.627609200000e+01  6.804881832339e-02
 5.453620677072e+04  1.624109200000e+01  6.761015038429e-02
 5.454825227420e+04  1.584811500000e+01  6.692752873737e-02
 5.454825726844e+04  1.587965000000e+01  6.731617732784e-02
 5.454826225340e+04  1.585661500000e+01  6.706544646674e-02
 5.454826723351e+04  1.593311800000e+01  6.797775992871e-02
 5.459218966688e+04  1.618630000000e+01  7.199435402138e-02
 5.459219607691e+04  1.620003200000e+01  7.213136768296e-02
 5.459220249448e+04  1.623973500000e+01  7.284725584324e-02
 5.459220889747e+04  1.625151800000e+01  7.298285239465e-02
 5.480043436035e+04  1.625371000000e+01  7.147022356783e-02
 5.480044710508e+04  1.621774800000e+01  7.086286488123e-02
 5.480045991428e+04  1.624946000000e+01  7.125779849176e-02
 5.480047275427e+04  1.632854300000e+01  7.229433320938e-02
 5.476849895847e+04  1.646170700000e+01  8.368539547755e-02
 5.476850346216e+04  1.636525800000e+01  8.152593247186e-02
 5.476850796181e+04  1.636398900000e+01  8.138439032180e-02
 5.476851237858e+04  1.645714900000e+01  8.338797991909e-02
 5.492316533608e+04  1.546355300000e+01  6.284530612842e-02
 5.492317130075e+04  1.549892600000e+01  6.310924936362e-02
 5.492317740247e+04  1.553979700000e+01  6.345642661663e-02
 5.492318352742e+04  1.554232700000e+01  6.350087900472e-02
 5.494020708096e+04  1.589860300000e+01  6.720623358529e-02
 5.494021431547e+04  1.594751400000e+01  6.782146046124e-02
 5.494022157593e+04  1.595575800000e+01  6.789148341176e-02
 5.494022888475e+04  1.598155800000e+01  6.823845248920e-02
 5.518345447817e+04  1.609687300000e+01  6.948011044710e-02
 5.518345910272e+04  1.605919400000e+01  6.900616295112e-02
 5.518346380839e+04  1.607215900000e+01  6.916332508772e-02
 5.518346843883e+04  1.606742000000e+01  6.909772731478e-02
 5.486725095306e+04  1.576287100000e+01  6.855386457333e-02
 5.486725578547e+04  1.581050900000e+01  6.914802041421e-02
 5.486726064012e+04  1.580735400000e+01  6.903055338869e-02
 5.486726549059e+04  1.577799600000e+01  6.864528995313e-02
 5.488233487450e+04  1.546967300000e+01  6.259716437304e-02
 5.488234119380e+04  1.546596900000e+01  6.257223578144e-02
 5.488234766588e+04  1.551108800000e+01  6.302884887333e-02
 5.488235406804e+04  1.552814800000e+01  6.312476713461e-02
 5.483339440627e+04  1.561328100000e+01  6.382770898330e-02
 5.483340220237e+04  1.564261900000e+01  6.410837161147e-02
 5.483341015417e+04  1.569038400000e+01  6.459257702174e-02
 5.483341808558e+04  1.575068700000e+01  6.517252239628e-02
 5.485934710458e+04  1.629537100000e+01  7.152787220663e-02
 5.485935227683e+04  1.631177500000e+01  7.184232054256e-02
 5.485935714189e+04  1.626775900000e+01  7.118882130558e-02
 5.485936201933e+04  1.629257100000e+01  7.155793311433e-02
 5.489324788069e+04  1.628528100000e+01  7.181148287783e-02
 5.489325457177e+04  1.627249100000e+01  7.164544127670e-02
 5.489326126712e+04  1.628338400000e+01  7.173243159609e-02
 5.489326792741e+04  1.630381900000e+01  7.262403441714e-02
 5.490721476432e+04  1.631943500000e+01  7.267362118034e-02
 5.490722011875e+04  1.630644800000e+01  7.238832831042e-02
 5.490722556682e+04  1.624466900000e+01  7.150856709466e-02
 5.490723084833e+04  1.625718600000e+01  7.167439791542e-02
 5.491425286559e+04  1.626206400000e+01  7.181163321183e-02
 5.491426135654e+04  1.635842600000e+01  7.326308941517e-02
 5.491426988648e+04  1.628059200000e+01  7.207595234893e-02
 5.491427844109e+04  1.637082900000e+01  7.366592762892e-02
 5.497621481458e+04  1.568275400000e+01  6.555163830492e-02
 5.497622267689e+04  1.556044500000e+01  6.442885216674e-02
 5.497623053434e+04  1.547668800000e+01  6.380291023552e-02
 5.497624093509e+04  1.553221500000e+01  6.447741257259e-02
 5.515445041588e+04  1.627043500000e+01  7.369992846672e-02
 5.515445774727e+04  1.625684700000e+01  7.332552902873e-02
 5.515446502602e+04  1.625981300000e+01  7.324347054586e-02
 5.515447236876e+04  1.636290600000e+01  7.482827818896e-02
 5.516248414015e+04  1.612271600000e+01  7.069350981705e-02
 5.516249152907e+04  1.609279200000e+01  7.027199268245e-02
 5.516249903200e+04  1.613286400000e+01  7.078142875902e-02
 5.516250637034e+04  1.615699600000e+01  7.106173092259e-02
 5.529015324779e+04  1.599144700000e+01  6.895127281533e-02
 5.529016000404e+04  1.598637200000e+01  6.885808343462e-02
 5.529016674813e+04  1.598779200000e+01  6.887026750210e-02
 5.529017364258e+04  1.605506400000e+01  6.971777207519e-02
 5.530320581310e+04  1.627844000000e+01  7.354330289810e-02
 5.530321302685e+04  1.629135900000e+01  7.368510805799e-02
 5.530322024164e+04  1.629749700000e+01  7.384989587824e-02
 5.530322749374e+04  1.632686700000e+01  7.431963325107e-02
 5.554147151412e+04  1.581239700000e+01  6.363292043249e-02
 5.554148670355e+04  1.586918300000e+01  6.421277034724e-02
 5.554149437678e+04  1.585230900000e+01  6.463817970793e-02
 5.524432007100e+04  1.627994600000e+01  7.268304032321e-02
 5.524432822728e+04  1.633206700000e+01  7.346428095910e-02
 5.524433627007e+04  1.627538400000e+01  7.253700558100e-02
 5.524434420619e+04  1.628091800000e+01  7.267378731221e-02
 5.535017473899e+04  1.583678500000e+01  6.734109513721e-02
 5.535018105148e+04  1.582755100000e+01  6.834207513809e-02
 5.535018736591e+04  1.586311000000e+01  6.850441152866e-02
 5.535019365770e+04  1.589654300000e+01  6.894310352649e-02
 5.536217966914e+04  1.631284200000e+01  7.435391713570e-02
 5.536218425838e+04  1.633734400000e+01  7.477493439913e-02
 5.536218885184e+04  1.639944600000e+01  7.591672474103e-02
 5.536219347985e+04  1.640084700000e+01  7.612744511125e-02
 5.536916245742e+04  1.622938900000e+01  8.090123160300e-02
 5.536916883363e+04  1.628106900000e+01  8.210936869018e-02
 5.536917517897e+04  1.629839400000e+01  8.261395188273e-02
 5.536918155111e+04  1.630284000000e+01  8.279405067303e-02
 5.525936642867e+04  1.625975400000e+01  7.198712416959e-02
 5.525937156897e+04  1.620950200000e+01  7.125765548806e-02
 5.525937679419e+04  1.623507800000e+01  7.167142386179e-02
 5.525938200383e+04  1.622689300000e+01  7.153709978252e-02
 5.527431886759e+04  1.571547600000e+01  6.559252631733e-02
 5.527432644829e+04  1.572123800000e+01  6.560277036808e-02
 5.527433403471e+04  1.577676200000e+01  6.618535675281e-02
 5.527434153832e+04  1.577691300000e+01  6.620761041165e-02
 5.528022414066e+04  1.593084100000e+01  6.838331620485e-02
 5.528023089142e+04  1.598273000000e+01  6.911382818052e-02
 5.528023766433e+04  1.593859200000e+01  6.850647461077e-02
 5.528024440958e+04  1.597321200000e+01  6.895639659684e-02
 5.553049409530e+04  1.609912700000e+01  7.011111435742e-02
 5.553050569774e+04  1.611413400000e+01  7.032743768550e-02
 5.553051153127e+04  1.611955300000e+01  7.038749088873e-02
 5.565917047887e+04  1.545618000000e+01  6.371479640354e-02
 5.565917613830e+04  1.547579400000e+01  6.500756166787e-02
 5.565918184796e+04  1.546864400000e+01  6.871687431396e-02
 5.565918754929e+04  1.546314400000e+01  6.814345940153e-02
 5.568021275902e+04  1.566530800000e+01  6.608095745002e-02
 5.568022073236e+04  1.566498800000e+01  6.610430673590e-02
 5.568022874479e+04  1.574213100000e+01  6.696975020554e-02
 5.568023671697e+04  1.577529900000e+01  6.737653051378e-02
 5.559742423525e+04  1.572855900000e+01  6.082146252216e-02
 5.559743468453e+04  1.575908600000e+01  6.108095036630e-02
 5.559744504872e+04  1.577424900000e+01  6.136333262316e-02
 5.559745554497e+04  1.580170200000e+01  6.186137289434e-02
 5.561535949807e+04  1.640967300000e+01  7.570329775404e-02
 5.561536749838e+04  1.640119100000e+01  7.556255220418e-02
 5.561537558561e+04  1.623304400000e+01  7.289985105055e-02
 5.561538368184e+04  1.606693000000e+01  7.049550820419e-02
 5.556441868685e+04  1.621221000000e+01  7.327782762999e-02
 5.556442159580e+04  1.617823300000e+01  7.213792717222e-02
 5.556442384150e+04  1.623998600000e+01  7.268667841698e-02
 5.556442613097e+04  1.622658100000e+01  7.248535597335e-02
 5.557140950420e+04  1.616774400000e+01  7.139848429395e-02
 5.557141515957e+04  1.620847400000e+01  7.198451028592e-02
 5.557142085238e+04  1.623693100000e+01  7.236414406871e-02
 5.557142647918e+04  1.619155700000e+01  7.204016707889e-02
 5.558945569532e+04  1.620452200000e+01  7.185853652025e-02
 5.558946323328e+04  1.618581300000e+01  7.161819979034e-02
 5.558947085919e+04  1.622181700000e+01  7.214652341885e-02
 5.558947844383e+04  1.621718500000e+01  7.215309336004e-02
 5.562222684198e+04  1.628358500000e+01  6.923440670836e-02
 5.562223370753e+04  1.628341300000e+01  6.916690414074e-02
 5.562224062743e+04  1.630288600000e+01  6.938874831224e-02
 5.562224754456e+04  1.625722300000e+01  6.878076599923e-02
 5.563418192733e+04  1.577865400000e+01  6.753396777236e-02
 5.563418874725e+04  1.579291600000e+01  6.765444920508e-02
 5.563419565338e+04  1.582818200000e+01  6.805495664324e-02
 5.563420255688e+04  1.579103400000e+01  6.756647178952e-02
 5.564519826926e+04  1.554658700000e+01  6.458264660142e-02
 5.564520403911e+04  1.558141800000e+01  6.489437692826e-02
 5.564520977994e+04  1.554813300000e+01  6.450251086470e-02
 5.564521550558e+04  1.555607300000e+01  6.455015069011e-02
 5.411045979008e+04  1.618752300000e+01  7.076135230348e-02
 5.411046639087e+04  1.626889700000e+01  7.447461032974e-02
 5.411048041321e+04  1.629436500000e+01  7.420840469060e-02
 5.411048695880e+04  1.625712000000e+01  7.212387731115e-02
 5.586648198287e+04  1.624211300000e+01  7.286357763031e-02
 5.586648886528e+04  1.619250800000e+01  7.200081945176e-02
 5.586649579457e+04  1.623712400000e+01  7.259630281348e-02
 5.586650273442e+04  1.622984300000e+01  7.238031333957e-02
 5.588047158493e+04  1.619642700000e+01  7.178766784614e-02
 5.588047669664e+04  1.622692100000e+01  7.221163719649e-02
 5.588048192296e+04  1.626890000000e+01  7.280414293040e-02
 5.588048697542e+04  1.614666600000e+01  7.100029769363e-02
 5.585652012271e+04  1.622713100000e+01  1.005898079154e-01
 5.585652148054e+04  1.612915200000e+01  9.711656347867e-02
 5.585652285503e+04  1.619549600000e+01  9.898748928803e-02
 5.585652419538e+04  1.608279200000e+01  9.503923012463e-02
 5.592347944394e+04  1.593384100000e+01  6.783386036527e-02
 5.592348727441e+04  1.592311900000e+01  6.769974975989e-02
 5.592349517147e+04  1.590517500000e+01  6.745087447205e-02
 5.592350310024e+04  1.592963600000e+01  6.776069378775e-02
 5.594447974912e+04  1.586788300000e+01  6.715727468451e-02
 5.594448593138e+04  1.595753400000e+01  6.822181051666e-02
 5.594449205772e+04  1.596196200000e+01  6.830989952484e-02
 5.594449837609e+04  1.595742700000e+01  6.826963793433e-02
 5.597525389874e+04  1.552871200000e+01  6.428445307725e-02
 5.597526066675e+04  1.551325100000e+01  6.407849919601e-02
 5.597526747808e+04  1.548351500000e+01  6.376230947388e-02
 5.597527426877e+04  1.551677300000e+01  6.404020702644e-02
 5.598041462690e+04  1.636600600000e+01  7.421802959438e-02
 5.598042131212e+04  1.641724500000e+01  7.504748955651e-02
 5.598042811104e+04  1.643504300000e+01  7.544994685353e-02
 5.598043480895e+04  1.648977700000e+01  7.637814541098e-02
 5.598629912495e+04  1.615860400000e+01  7.313885167771e-02
 5.598630480214e+04  1.597293300000e+01  7.030120474350e-02
 5.598631048785e+04  1.588999700000e+01  6.913664504756e-02
 5.598631612668e+04  1.584341800000e+01  6.846911220896e-02
 5.599920433073e+04  1.555369900000e+01  6.418121660412e-02
 5.599920937267e+04  1.557888500000e+01  6.440253142196e-02
 5.599921449480e+04  1.558728100000e+01  6.445575170567e-02
 5.599921964924e+04  1.559720100000e+01  6.459683010243e-02
 5.601033406917e+04  1.573255200000e+01  6.605738657890e-02
 5.601034188912e+04  1.576231500000e+01  6.640365473481e-02
 5.601034975965e+04  1.581811200000e+01  6.710484785494e-02
 5.601035777848e+04  1.581221000000e+01  6.703537106660e-02
 5.601617745619e+04  1.577246400000e+01  6.687143957370e-02
 5.601618598566e+04  1.582799400000e+01  7.633355026766e-02
 5.601619456671e+04  1.582421800000e+01  7.111392203248e-02
 5.601620312889e+04  1.584317700000e+01  6.809648672691e-02
 5.603314840994e+04  1.592751500000e+01  6.847640595962e-02
 5.603315345752e+04  1.597331500000e+01  6.908077118216e-02
 5.603315857128e+04  1.594509400000e+01  6.872376025355e-02
 5.603316369839e+04  1.596626000000e+01  6.896632536496e-02
 5.604527425703e+04  1.550469400000e+01  6.410271738283e-02
 5.604528208108e+04  1.557934400000e+01  6.491806743987e-02
 5.604529009038e+04  1.562922900000e+01  6.547195717739e-02
 5.604529813666e+04  1.566459000000e+01  6.592176799663e-02
 5.606420621329e+04  1.623739000000e+01  6.806949102698e-02
 5.606421228839e+04  1.618827200000e+01  6.750840904164e-02
 5.606421831855e+04  1.629402400000e+01  6.893135423369e-02
 5.606422439668e+04  1.627502800000e+01  6.880824172175e-02
 5.607117343916e+04  1.618153400000e+01  6.757681889772e-02
 5.607117891086e+04  1.620942400000e+01  6.789787979356e-02
 5.607118432802e+04  1.619750700000e+01  6.770869251399e-02
 5.607118982010e+04  1.622588800000e+01  6.800385927368e-02
 5.609018307169e+04  1.554019700000e+01  6.141043158244e-02
 5.609018912361e+04  1.557928100000e+01  6.174208845635e-02
 5.609019515690e+04  1.564203600000e+01  6.230842574743e-02
 5.609020132170e+04  1.565764900000e+01  6.248955913587e-02
