# time mag mag_err
 5.346622533436e+04  1.495288600000e+01  5.918943494895e-02
 5.346623442162e+04  1.489472300000e+01  5.885504925949e-02
 5.346624357219e+04  1.486971900000e+01  5.872076767628e-02
 5.346625266025e+04  1.493950000000e+01  5.916579089949e-02
 5.372933674919e+04  1.568186700000e+01  6.693585235752e-02
 5.372934445964e+04  1.566215900000e+01  6.667819319157e-02
 5.372935210713e+04  1.568318400000e+01  6.668152455986e-02
 5.372935980786e+04  1.565080500000e+01  6.599046529193e-02
 5.352115742369e+04  1.564855100000e+01  6.634005638345e-02
 5.352116553648e+04  1.565806700000e+01  6.652278573171e-02
 5.352117366813e+04  1.564840400000e+01  6.659951044810e-02
 5.352118179006e+04  1.562015800000e+01  6.643735622573e-02
 5.368449611874e+04  1.527629300000e+01  6.232634290837e-02
 5.368450093773e+04  1.527262900000e+01  6.225155457930e-02
 5.368450579978e+04  1.527990200000e+01  6.462607187930e-02
 5.368451062132e+04  1.531453400000e+01  6.327568351497e-02
 5.370440266832e+04  1.547291700000e+01  6.430725177326e-02
 5.370441032889e+04  1.546702700000e+01  6.420809145351e-02
 5.370441786248e+04  1.547903300000e+01  6.424125475716e-02
 5.370442541296e+04  1.551296500000e+01  6.454331477260e-02
 5.367448159096e+04  1.491706300000e+01  5.962907439999e-02
 5.367448598447e+04  1.491353100000e+01  5.959875380960e-02
 5.367449033110e+04  1.495207400000e+01  5.983338384540e-02
 5.367449474231e+04  1.495544400000e+01  5.984682779024e-02
 5.384317101405e+04  1.534745600000e+01  6.355082663955e-02
 5.384317904118e+04  1.538380100000e+01  6.396953165327e-02
 5.384318713337e+04  1.536151500000e+01  6.381024960614e-02
 5.384319524940e+04  1.539912500000e+01  6.425634017724e-02
 5.407042518546e+04  1.565925500000e+01  6.463185175746e-02
 5.407043300484e+04  1.565860000000e+01  6.460840230015e-02
 5.407044091958e+04  1.573021400000e+01  6.530273563357e-02
 5.407044862228e+04  1.572850500000e+01  6.524031828979e-02
 5.408247836791e+04  1.561263000000e+01  6.462077753156e-02
 5.408248383021e+04  1.562966300000e+01  6.475708686754e-02
 5.408248928986e+04  1.568014500000e+01  6.527205213848e-02
 5.408249473365e+04  1.565168000000e+01  6.497128736445e-02
 5.409338923122e+04  1.559865700000e+01  6.405151660350e-02
 5.409339742190e+04  1.560533800000e+01  6.412959015671e-02
 5.409340573887e+04  1.563693400000e+01  6.399801015404e-02
 5.409341397029e+04  1.561715200000e+01  6.423021873079e-02
 5.377226358128e+04  1.562801400000e+01  6.709529985518e-02
 5.377227112124e+04  1.561030900000e+01  6.567638575596e-02
 5.377227862520e+04  1.566277400000e+01  6.899717157955e-02
 5.377228611690e+04  1.575862600000e+01  8.588503337498e-02
 5.377330003144e+04  1.553839700000e+01  6.469669005437e-02
 5.377330641855e+04  1.554000600000e+01  6.467464156727e-02
 5.377331285534e+04  1.556639900000e+01  6.498418369033e-02
 5.377331928076e+04  1.556834200000e+01  6.498889117649e-02
 5.374338273725e+04  1.511118100000e+01  6.089725005737e-02
 5.374338859564e+04  1.512177200000e+01  6.101446059154e-02
 5.374339441815e+04  1.512484900000e+01  6.100363449792e-02
 5.374340024390e+04  1.517540100000e+01  6.137592062243e-02
 5.375537412130e+04  1.580465500000e+01  6.723472905847e-02
 5.375538053527e+04  1.575437400000e+01  6.669470073841e-02
 5.375538696707e+04  1.569389900000e+01  6.602292008554e-02
 5.375539335477e+04  1.564249100000e+01  6.541887670611e-02
 5.376524422834e+04  1.571309500000e+01  6.989333994114e-02
 5.376525185025e+04  1.571242200000e+01  6.905402476127e-02
 5.376525945375e+04  1.572079000000e+01  6.764371964388e-02
 5.376526708561e+04  1.573125200000e+01  6.744609974727e-02
 5.388715108692e+04  1.503738700000e+01  6.132477428034e-02
 5.388716019212e+04  1.508414400000e+01  6.183671686806e-02
 5.388716927440e+04  1.514082500000e+01  6.243955150625e-02
 5.388717835899e+04  1.514600000000e+01  6.269223357089e-02
 5.390315793679e+04  1.516601300000e+01  1.006877213505e-01
 5.390315893013e+04  1.520546400000e+01  1.021595189256e-01
 5.390315991247e+04  1.509533600000e+01  9.872086572681e-02
 5.390316089723e+04  1.515468300000e+01  1.008382141909e-01
 5.379920784560e+04  1.556503500000e+01  6.499506608155e-02
 5.379921325455e+04  1.560649700000e+01  6.542193164859e-02
 5.379921877404e+04  1.556513800000e+01  6.497204972038e-02
 5.379922430719e+04  1.559841800000e+01  6.530266918310e-02
 5.381716444331e+04  1.494647000000e+01  5.980863313737e-02
 5.381717297534e+04  1.498275800000e+01  6.030447797466e-02
 5.381718152692e+04  1.504137600000e+01  6.043696095260e-02
 5.381719008081e+04  1.505422200000e+01  6.053938494304e-02
 5.386621809935e+04  1.500823000000e+01  9.295416426995e-02
 5.386621884662e+04  1.499629100000e+01  9.271926634498e-02
 5.386621960835e+04  1.497060700000e+01  9.203745641047e-02
 5.386622041127e+04  1.500475400000e+01  9.298243772956e-02
 5.402949886110e+04  1.559326900000e+01  6.424646780353e-02
 5.402950953455e+04  1.563220600000e+01  6.454135520541e-02
 5.402952026332e+04  1.562621100000e+01  6.436747080597e-02
 5.420117076859e+04  1.511831900000e+01  6.071232502880e-02
 5.420118004764e+04  1.515953900000e+01  6.105210751678e-02
 5.420118934579e+04  1.519828100000e+01  6.135914330777e-02
 5.420119861616e+04  1.520532900000e+01  6.140400544505e-02
 5.443846246177e+04  1.575973800000e+01  6.574381933964e-02
 5.443846959732e+04  1.577168100000e+01  6.588338470877e-02
 5.443847676052e+04  1.570813800000e+01  6.518345672963e-02
 5.443848381492e+04  1.568258900000e+01  6.491366232304e-02
 5.444845320417e+04  1.491061100000e+01  5.859185473228e-02
 5.444845859355e+04  1.485979800000e+01  5.830618182321e-02
 5.444846411953e+04  1.491417700000e+01  5.863292467216e-02
 5.444846945625e+04  1.494081700000e+01  5.878773585757e-02
 5.445444344243e+04  1.575924400000e+01  6.583402501045e-02
 5.445445003999e+04  1.574040400000e+01  6.566518706394e-02
 5.445445657237e+04  1.567854500000e+01  6.498494630016e-02
 5.445446316760e+04  1.565784000000e+01  6.474898552603e-02
 5.446448413278e+04  1.511368700000e+01  6.023371862071e-02
 5.446449079006e+04  1.513175600000e+01  6.038039546570e-02
 5.446449743506e+04  1.516276500000e+01  6.062378320844e-02
 5.446450402450e+04  1.519472000000e+01  6.090311938800e-02
 5.413930167418e+04  1.572276000000e+01  6.874583438623e-02
 5.413930923602e+04  1.570138600000e+01  6.663268940982e-02
 5.413931680271e+04  1.574780400000e+01  6.820828413777e-02
 5.413932436084e+04  1.572948700000e+01  6.657136296920e-02
 5.414037030209e+04  1.564241300000e+01  1.101460107010e-01
 5.414037129080e+04  1.562703600000e+01  1.076268407134e-01
 5.414037228252e+04  1.562240200000e+01  1.065632882869e-01
 5.414037326926e+04  1.561128200000e+01  1.058923854919e-01
 5.414631010263e+04  1.564596400000e+01  6.489933424763e-02
 5.414631620501e+04  1.564495500000e+01  6.486677423176e-02
 5.414632229825e+04  1.567274500000e+01  6.513084681855e-02
 5.414632802794e+04  1.566088700000e+01  6.498532763886e-02
 5.412534998403e+04  1.559500700000e+01  6.424074475295e-02
 5.412536002295e+04  1.563801400000e+01  6.463275536949e-02
 5.412724684884e+04  1.544871700000e+01  6.513312275100e-02
 5.412725520956e+04  1.524915900000e+01  6.316071045539e-02
 5.412726361403e+04  1.514318100000e+01  6.212910570269e-02
 5.412727200507e+04  1.503379400000e+01  6.121327652379e-02
 5.416820202153e+04  1.536396700000e+01  6.230007905997e-02
 5.416821014045e+04  1.538038400000e+01  6.243834134488e-02
 5.416821826065e+04  1.539368800000e+01  6.251906934415e-02
 5.416822638895e+04  1.541415400000e+01  6.269598941659e-02
 5.440949463407e+04  1.533879900000e+01  6.196853789374e-02
 5.440949905756e+04  1.535958900000e+01  6.214335703434e-02
 5.440950352097e+04  1.536456900000e+01  6.216625394437e-02
 5.440950794052e+04  1.539168300000e+01  6.234653333779e-02
 5.442343858462e+04  1.563534100000e+01  6.474175107252e-02
 5.442344789017e+04  1.564348600000e+01  6.474089310049e-02
 5.442345720661e+04  1.565630200000e+01  6.480615858613e-02
 5.442346656575e+04  1.564830300000e+01  6.471234698808e-02
 5.438549099832e+04  1.567782700000e+01  6.786490072854e-02
 5.438549764287e+04  1.566242700000e+01  6.757123140062e-02
 5.438550431611e+04  1.562677700000e+01  6.702548687157e-02
 5.438551096795e+04  1.562300500000e+01  6.694595479276e-02
 5.456014683038e+04  1.563587100000e+01  6.188946043942e-02
 5.456015291066e+04  1.565680600000e+01  6.206833907016e-02
 5.456015896976e+04  1.567278800000e+01  6.218673669956e-02
 5.456016504240e+04  1.566203900000e+01  6.206132651299e-02
 5.456719206690e+04  1.562287100000e+01  6.484694293781e-02
 5.456719819938e+04  1.565549000000e+01  6.520353946936e-02
 5.456720434841e+04  1.566950600000e+01  6.537085857505e-02
 5.456721048703e+04  1.565222800000e+01  6.518811086466e-02
 5.480743298997e+04  1.565461400000e+01  6.477042732131e-02
 5.480743841801e+04  1.566205300000e+01  6.475671862340e-02
 5.480744382176e+04  1.565344200000e+01  6.472608498380e-02
 5.480744921797e+04  1.563187100000e+01  6.443142047442e-02
 5.482247630490e+04  1.511629500000e+01  5.999343267567e-02
 5.482248306218e+04  1.500852000000e+01  5.923546756025e-02
 5.482248979920e+04  1.492890200000e+01  5.872002621532e-02
 5.482249659178e+04  1.486797700000e+01  5.837426951415e-02
 5.449843511828e+04  1.568367900000e+01  6.505624010547e-02
 5.449844229144e+04  1.563187800000e+01  6.455830458732e-02
 5.449844948068e+04  1.565663200000e+01  6.489124147912e-02
 5.449845667016e+04  1.567675300000e+01  6.517337220064e-02
 5.450628632632e+04  1.490124100000e+01  5.872316221947e-02
 5.450629303279e+04  1.486992800000e+01  5.853229778617e-02
 5.450629973046e+04  1.488497000000e+01  5.861897121464e-02
 5.450630642142e+04  1.491911900000e+01  5.882233337687e-02
 5.451041672060e+04  1.562057700000e+01  6.462926281181e-02
 5.451041837833e+04  1.561079700000e+01  6.456420185290e-02
 5.451042008513e+04  1.561565400000e+01  6.458432104163e-02
 5.451042175211e+04  1.563722100000e+01  6.483195209696e-02
 5.447537494608e+04  1.576839700000e+01  6.595427057899e-02
 5.447538240038e+04  1.571504600000e+01  6.537018469895e-02
 5.447538986175e+04  1.568665800000e+01  6.504025168061e-02
 5.447539735251e+04  1.555678500000e+01  6.375099813380e-02
 5.463016000750e+04  1.581266000000e+01  7.491003148408e-02
 5.463016464720e+04  1.574024100000e+01  7.388060299256e-02
 5.463016928227e+04  1.569699400000e+01  7.346964917594e-02
 5.463017392961e+04  1.576642800000e+01  7.474046524752e-02
 5.452920031166e+04  1.564850400000e+01  6.481538571442e-02
 5.452920955552e+04  1.563480900000e+01  6.465683836377e-02
 5.452921874139e+04  1.565557300000e+01  6.486583740368e-02
 5.452922800562e+04  1.564682300000e+01  6.475383216797e-02
 5.458818364370e+04  1.568240800000e+01  6.560702520196e-02
 5.458819026591e+04  1.561828600000e+01  6.499455605336e-02
 5.458819682330e+04  1.566831100000e+01  6.555572204161e-02
 5.458820338925e+04  1.565241100000e+01  6.538955256599e-02
 5.459418865273e+04  1.567094500000e+01  6.567074904774e-02
 5.459419509922e+04  1.568504200000e+01  6.589596138719e-02
 5.459420152212e+04  1.565923900000e+01  6.570881638093e-02
 5.459420796029e+04  1.565143500000e+01  6.562645148050e-02
 5.494421848575e+04  1.519897400000e+01  6.133733460467e-02
 5.494422513251e+04  1.506013400000e+01  6.033481321482e-02
 5.494423174801e+04  1.497762100000e+01  5.982027634925e-02
 5.494423832520e+04  1.491079500000e+01  5.937885338851e-02
 5.487834434381e+04  1.549557800000e+01  6.310394484866e-02
 5.487835108095e+04  1.550691500000e+01  6.322540727902e-02
 5.487835776902e+04  1.548643400000e+01  6.315805807739e-02
 5.487836433763e+04  1.554125400000e+01  6.353480368346e-02
 5.488929031074e+04  1.535405900000e+01  5.866729370327e-02
 5.488930052294e+04  1.537053600000e+01  5.878389225450e-02
 5.488931071199e+04  1.538915600000e+01  5.889925517315e-02
 5.488932090856e+04  1.537718700000e+01  5.884222081497e-02
 5.484850882481e+04  1.531244000000e+01  6.217316583893e-02
 5.484851604764e+04  1.531331500000e+01  6.199212276926e-02
 5.484852336038e+04  1.534558200000e+01  6.235355468936e-02
 5.484853054153e+04  1.537128100000e+01  6.261884181926e-02
 5.490724010794e+04  1.573850300000e+01  6.571597278120e-02
 5.490724497693e+04  1.576982500000e+01  6.606185589834e-02
 5.490724977034e+04  1.573569800000e+01  6.568294342641e-02
 5.490725464338e+04  1.578383700000e+01  6.619537351265e-02
 5.491921805513e+04  1.562945000000e+01  6.464874013532e-02
 5.491922294230e+04  1.566245000000e+01  6.497928844676e-02
 5.491922777090e+04  1.563069600000e+01  6.467809838311e-02
 5.491923257637e+04  1.566150300000e+01  6.502430313213e-02
 5.515147802201e+04  1.523647600000e+01  6.145290394427e-02
 5.515148484353e+04  1.525503600000e+01  6.161703815390e-02
 5.515149168810e+04  1.528446900000e+01  6.185537607117e-02
 5.515149856102e+04  1.529797700000e+01  6.194776289571e-02
 5.516148253594e+04  1.546191600000e+01  6.327486160240e-02
 5.516148798529e+04  1.543668800000e+01  6.307385532864e-02
 5.516149347741e+04  1.548005800000e+01  6.346624836551e-02
 5.516149894123e+04  1.552150100000e+01  6.384102200824e-02
 5.516245435470e+04  1.508267900000e+01  6.043090192882e-02
 5.516246291105e+04  1.514385600000e+01  6.088618316680e-02
 5.516247142767e+04  1.517016800000e+01  6.100544288149e-02
 5.516248000545e+04  1.518280200000e+01  6.111534264843e-02
 5.512749554550e+04  1.567484800000e+01  7.178616257995e-02
 5.512749952613e+04  1.567061300000e+01  7.163729026009e-02
 5.512750336675e+04  1.562784300000e+01  7.102562468658e-02
 5.512750718626e+04  1.564146900000e+01  7.114715062704e-02
 5.530121244873e+04  1.490529900000e+01  5.913689099051e-02
 5.530121936966e+04  1.489987900000e+01  5.909940260189e-02
 5.530122629247e+04  1.491776700000e+01  5.925519883874e-02
 5.530123324980e+04  1.495537200000e+01  5.949628976854e-02
 5.553250784228e+04  1.579195700000e+01  7.319581183972e-02
 5.553251520574e+04  1.578497700000e+01  7.290949054872e-02
 5.553251891484e+04  1.575812600000e+01  7.245914916978e-02
 5.554046842322e+04  1.541903400000e+01  6.323341259606e-02
 5.554047977360e+04  1.546110200000e+01  6.360354130633e-02
 5.554048554322e+04  1.546196900000e+01  6.361079551975e-02
 5.523230910390e+04  1.545353000000e+01  7.576856149991e-02
 5.523231422529e+04  1.530797300000e+01  7.225234229319e-02
 5.523231934348e+04  1.528696100000e+01  7.251537032485e-02
 5.523232444031e+04  1.518533700000e+01  7.300930845775e-02
 5.520339872251e+04  1.556300500000e+01  6.443521613001e-02
 5.520340329404e+04  1.557534800000e+01  6.439799984484e-02
 5.520340781605e+04  1.559212800000e+01  6.451078081331e-02
 5.520341236894e+04  1.561877000000e+01  6.481228798518e-02
 5.534815373119e+04  1.527408000000e+01  6.224297259707e-02
 5.534815943708e+04  1.527239000000e+01  6.230333479068e-02
 5.534816515740e+04  1.529657100000e+01  6.262022065299e-02
 5.534817089192e+04  1.533606500000e+01  6.299956045009e-02
 5.527521782122e+04  1.570615600000e+01  6.993231766570e-02
 5.527523160178e+04  1.574367600000e+01  6.651134671330e-02
 5.527523843395e+04  1.580775700000e+01  6.737331800026e-02
 5.532617336990e+04  1.542078300000e+01  6.352501912245e-02
 5.532618074089e+04  1.545712800000e+01  6.393800140458e-02
 5.532618824672e+04  1.543872000000e+01  6.382024315932e-02
 5.532619569108e+04  1.546041000000e+01  6.402043922699e-02
 5.551249536484e+04  1.565410600000e+01  6.542770586546e-02
 5.551251041712e+04  1.564623600000e+01  6.530747357124e-02
 5.551251798325e+04  1.567733300000e+01  6.562302323975e-02
 5.559635831714e+04  1.568715700000e+01  6.277886129855e-02
 5.559637053105e+04  1.568482100000e+01  6.277473937933e-02
 5.559638275428e+04  1.574970400000e+01  6.333244013514e-02
 5.559639500733e+04  1.575775400000e+01  6.344438240845e-02
 5.561524621883e+04  1.501384300000e+01  5.802710270268e-02
 5.561525512647e+04  1.503338600000e+01  5.814744373500e-02
 5.561526417557e+04  1.508445800000e+01  5.844377500954e-02
 5.561527318378e+04  1.511493600000e+01  5.864286353145e-02
 5.557436084281e+04  1.576039900000e+01  6.711561420655e-02
 5.557436715321e+04  1.579437100000e+01  6.725252805215e-02
 5.557437348975e+04  1.575479300000e+01  6.669014289068e-02
 5.557437989773e+04  1.578614700000e+01  6.746431470817e-02
 5.558729877594e+04  1.542970000000e+01  6.339911410411e-02
 5.558730570056e+04  1.547262600000e+01  6.379331444067e-02
 5.558731265183e+04  1.545810500000e+01  6.367018247973e-02
 5.558731958657e+04  1.549420500000e+01  6.394285841826e-02
 5.562619594069e+04  1.525362800000e+01  6.251289262667e-02
 5.562620231777e+04  1.522062000000e+01  6.211029341302e-02
 5.562620898039e+04  1.511491600000e+01  6.170518984204e-02
 5.562621537539e+04  1.498481400000e+01  6.076350557480e-02
 5.564611558139e+04  1.508562400000e+01  6.107756924762e-02
 5.564612126652e+04  1.512246900000e+01  6.133970798975e-02
 5.564612699737e+04  1.511775600000e+01  6.129157658286e-02
 5.564613271294e+04  1.515289700000e+01  6.154879951575e-02
 5.569517501216e+04  1.518742500000e+01  6.465435977532e-02
 5.569518329594e+04  1.517650900000e+01  6.465774548919e-02
 5.569519157669e+04  1.524378400000e+01  6.549244193728e-02
 5.569519986132e+04  1.522603000000e+01  6.544492241973e-02
 5.387613700851e+04  1.502973800000e+01  6.126811594529e-02
 5.387614089979e+04  1.508078800000e+01  6.177902704799e-02
 5.387614481122e+04  1.504476300000e+01  6.305777474796e-02
 5.387614869347e+04  1.540263100000e+01  6.656560336096e-02
 5.558646484314e+04  1.565462200000e+01  6.879871698844e-02
 5.558647240719e+04  1.572043100000e+01  6.865180034226e-02
 5.558647998814e+04  1.579481000000e+01  6.927623825291e-02
 5.558648762197e+04  1.573497000000e+01  6.890888108505e-02
 5.585148331324e+04  1.579346600000e+01  6.718088785228e-02
 5.585148733635e+04  1.576577300000e+01  6.678785221862e-02
 5.585149133752e+04  1.571634400000e+01  6.618240045621e-02
 5.585149536909e+04  1.565969200000e+01  6.552690432663e-02
 5.592341180700e+04  1.559612700000e+01  6.177057881417e-02
 5.592342027130e+04  1.562119700000e+01  6.198106563472e-02
 5.592342880778e+04  1.561353000000e+01  6.188410994576e-02
 5.592343726203e+04  1.564525900000e+01  6.213245793666e-02
 5.594441345720e+04  1.565800000000e+01  6.519585404277e-02
 5.594442081337e+04  1.565207600000e+01  6.511740274343e-02
 5.594442815543e+04  1.566211700000e+01  6.529413508691e-02
 5.594443542060e+04  1.563832300000e+01  6.505527586634e-02
 5.596830161271e+04  1.516659700000e+01  6.084597005636e-02
 5.596831008785e+04  1.501546500000e+01  5.976995890814e-02
 5.596831862212e+04  1.491784300000e+01  5.912032553429e-02
 5.596832705380e+04  1.486559600000e+01  5.877737292953e-02
 5.598222555692e+04  1.531610900000e+01  5.985708031845e-02
 5.598223165625e+04  1.534288100000e+01  6.001541466850e-02
 5.598223786293e+04  1.536248000000e+01  6.015419628425e-02
 5.598224397993e+04  1.539066300000e+01  6.031694022389e-02
 5.603317185900e+04  1.569706900000e+01  6.632905984262e-02
 5.603317698958e+04  1.567540700000e+01  6.607640086026e-02
 5.603318214565e+04  1.566136200000e+01  6.592695509350e-02
 5.603318729069e+04  1.566236600000e+01  6.594473823319e-02
 5.606314317615e+04  1.513514800000e+01  5.857725676288e-02
 5.606315065037e+04  1.515916600000e+01  5.874109430487e-02
 5.606315809690e+04  1.516898900000e+01  5.879878311038e-02
 5.606316561880e+04  1.521193800000e+01  5.910225976915e-02
 5.621450023764e+04  1.578364600000e+01  7.090133248618e-02
 5.621450326186e+04  1.578326500000e+01  7.087553249413e-02
 5.621450623273e+04  1.577116600000e+01  7.065592230198e-02
 5.621450924781e+04  1.574772000000e+01  7.031168750482e-02
 5.622745694597e+04  1.553896900000e+01  6.775647203085e-02
 5.622746305808e+04  1.549482000000e+01  6.721653534842e-02
 5.622746908572e+04  1.561632000000e+01  6.862045330074e-02
 5.622747519748e+04  1.559845000000e+01  6.834975954577e-02
