# time mag mag_err
 5.371235428778e+04  1.545911400000e+01  6.279924739190e-02
 5.371236036933e+04  1.549094100000e+01  6.301446352791e-02
 5.371236649997e+04  1.546850400000e+01  6.287237273865e-02
 5.371237263765e+04  1.551049500000e+01  6.318031083128e-02
 5.373437922448e+04  1.564899000000e+01  6.370440369991e-02
 5.373438704119e+04  1.568022900000e+01  6.399496060406e-02
 5.373439488036e+04  1.563987900000e+01  6.358010040881e-02
 5.373440295448e+04  1.565206700000e+01  6.368227422639e-02
 5.353118444892e+04  1.541419400000e+01  6.447629522468e-02
 5.353119172637e+04  1.546400200000e+01  6.504666798443e-02
 5.353119904549e+04  1.544904900000e+01  6.494026338024e-02
 5.353120632362e+04  1.545329500000e+01  6.505868397737e-02
 5.385427637462e+04  1.549262100000e+01  6.376718560038e-02
 5.385428461612e+04  1.551624200000e+01  6.403368457586e-02
 5.385429284616e+04  1.547413800000e+01  6.375167771247e-02
 5.385430105339e+04  1.550557200000e+01  6.413861022956e-02
 5.408637914810e+04  1.525139100000e+01  6.178043051625e-02
 5.408638943796e+04  1.527786500000e+01  6.192566271911e-02
 5.408640053389e+04  1.532148800000e+01  6.216458722289e-02
 5.408641491829e+04  1.535407300000e+01  6.358320341946e-02
 5.409629713623e+04  1.522664400000e+01  6.018452061866e-02
 5.409630905535e+04  1.524331200000e+01  6.020553732801e-02
 5.409631971964e+04  1.525353100000e+01  6.023069550001e-02
 5.409633033811e+04  1.527063600000e+01  6.048474671388e-02
 5.376930829486e+04  1.567067400000e+01  6.847137085574e-02
 5.376931872998e+04  1.573300100000e+01  7.108555708317e-02
 5.376932936303e+04  1.572224300000e+01  6.787575170153e-02
 5.376934016878e+04  1.570872200000e+01  7.105561133981e-02
 5.379322028030e+04  1.532830100000e+01  6.199377599174e-02
 5.379322589933e+04  1.537689200000e+01  6.910116650213e-02
 5.379323148039e+04  1.512164200000e+01  7.584542120660e-02
 5.374530705088e+04  1.550697200000e+01  6.306891005631e-02
 5.374531700520e+04  1.550851200000e+01  6.300449353865e-02
 5.374532698867e+04  1.550683900000e+01  6.295384805949e-02
 5.374533693928e+04  1.549444900000e+01  6.283437177955e-02
 5.390217197086e+04  1.537878200000e+01  9.841117075871e-02
 5.390217299788e+04  1.540773000000e+01  9.938261766960e-02
 5.390217401344e+04  1.541795200000e+01  9.971582088593e-02
 5.390217504868e+04  1.539662000000e+01  9.904245689628e-02
 5.379925243473e+04  1.578989700000e+01  6.553256105759e-02
 5.379925903912e+04  1.579586400000e+01  6.555974055478e-02
 5.379926571237e+04  1.578816300000e+01  6.545064837691e-02
 5.379927231767e+04  1.574195700000e+01  6.497496980356e-02
 5.386029903939e+04  1.555582000000e+01  6.449501856070e-02
 5.388415773263e+04  1.550051500000e+01  6.358778485667e-02
 5.388416419892e+04  1.549905000000e+01  6.360599298949e-02
 5.388417069323e+04  1.549761200000e+01  6.358142269324e-02
 5.388417717608e+04  1.550138400000e+01  6.361637034339e-02
 5.405144186174e+04  1.534216900000e+01  6.220162050521e-02
 5.405144770913e+04  1.532835000000e+01  6.204139122203e-02
 5.405145356150e+04  1.526619200000e+01  6.151906997077e-02
 5.405145939212e+04  1.523153700000e+01  6.122019422598e-02
 5.420211594117e+04  1.517527200000e+01  6.277296758082e-02
 5.420212029741e+04  1.521699900000e+01  6.344731661125e-02
 5.420212465468e+04  1.514626700000e+01  6.055315026445e-02
 5.420212898464e+04  1.517562300000e+01  6.610205818567e-02
 5.420925991824e+04  1.564872100000e+01  6.387307186702e-02
 5.420926641949e+04  1.566481200000e+01  6.410338289235e-02
 5.420927295662e+04  1.567842700000e+01  6.463130941624e-02
 5.420927949340e+04  1.566270100000e+01  6.425628361837e-02
 5.445234225774e+04  1.525368700000e+01  6.018671183087e-02
 5.445234883747e+04  1.522653000000e+01  5.995717641264e-02
 5.445235542610e+04  1.518154100000e+01  5.961389953169e-02
 5.445236208384e+04  1.514686800000e+01  5.935645657726e-02
 5.413828322725e+04  1.563556300000e+01  6.516938225548e-02
 5.413828757282e+04  1.558925800000e+01  6.651452231198e-02
 5.413829191784e+04  1.562862400000e+01  6.420831706073e-02
 5.413829627060e+04  1.558517200000e+01  6.436261797820e-02
 5.415717753274e+04  1.566107100000e+01  6.552635211111e-02
 5.415718677013e+04  1.570422700000e+01  6.594635062685e-02
 5.415719677028e+04  1.570016500000e+01  6.587358621501e-02
 5.415720695075e+04  1.568607700000e+01  6.570265685481e-02
 5.426115649225e+04  1.571694600000e+01  6.493281489428e-02
 5.426116138196e+04  1.566155700000e+01  6.441067233899e-02
 5.426116630095e+04  1.564797900000e+01  6.430444728757e-02
 5.426117119703e+04  1.566624800000e+01  6.455901876588e-02
 5.426417993591e+04  1.567456800000e+01  5.872801360581e-02
 5.426418793377e+04  1.568860800000e+01  5.884670841648e-02
 5.426419588972e+04  1.569513200000e+01  5.893395920728e-02
 5.426420390157e+04  1.570593500000e+01  5.906460502382e-02
 5.427316238792e+04  1.541053200000e+01  6.026701889467e-02
 5.427316893234e+04  1.541859700000e+01  6.038070239464e-02
 5.427317553522e+04  1.543523500000e+01  6.055144533367e-02
 5.427318210499e+04  1.543733400000e+01  6.063741244762e-02
 5.427915849241e+04  1.568261500000e+01  6.216736589365e-02
 5.427916376791e+04  1.576836000000e+01  6.300292554894e-02
 5.427916903808e+04  1.574055100000e+01  6.301977875800e-02
 5.427917432178e+04  1.575397500000e+01  6.315824769134e-02
 5.417127174814e+04  1.560153400000e+01  6.284189832640e-02
 5.417127696530e+04  1.560590800000e+01  6.291312421155e-02
 5.417128220028e+04  1.560196800000e+01  6.286930942939e-02
 5.417128738722e+04  1.559422500000e+01  6.281702742619e-02
 5.417722998979e+04  1.518298000000e+01  6.011466817484e-02
 5.417723659487e+04  1.520687400000e+01  6.026410984819e-02
 5.417724327922e+04  1.521731200000e+01  6.031037549367e-02
 5.417725023929e+04  1.521156900000e+01  6.025162577715e-02
 5.424615730633e+04  1.571893400000e+01  6.496342228957e-02
 5.424616544551e+04  1.572539100000e+01  6.507039846301e-02
 5.424617359615e+04  1.570696800000e+01  6.490021335390e-02
 5.424618171090e+04  1.571912200000e+01  6.513455322846e-02
 5.442538664978e+04  1.567374300000e+01  6.381606384733e-02
 5.442539099582e+04  1.567387200000e+01  6.377579519330e-02
 5.442539536942e+04  1.567445700000e+01  6.374174402181e-02
 5.442539971825e+04  1.570230200000e+01  6.395858884572e-02
 5.438949188605e+04  1.544048700000e+01  6.590040113473e-02
 5.438949496525e+04  1.541097600000e+01  6.555392192059e-02
 5.438949804538e+04  1.541024500000e+01  6.552263053838e-02
 5.438950114692e+04  1.539818200000e+01  6.539624506186e-02
 5.480541531521e+04  1.536950900000e+01  6.084922644804e-02
 5.480542335520e+04  1.539184000000e+01  6.102524697164e-02
 5.480543138626e+04  1.539413300000e+01  6.100357131892e-02
 5.480543940345e+04  1.540324500000e+01  6.106284771081e-02
 5.450331945344e+04  1.565810200000e+01  6.316744256892e-02
 5.450332791023e+04  1.560935900000e+01  6.270858629378e-02
 5.450728216253e+04  1.552636200000e+01  6.709126073929e-02
 5.450728913256e+04  1.549783700000e+01  6.431538501983e-02
 5.450729607619e+04  1.546409400000e+01  6.803053178454e-02
 5.450730300014e+04  1.549111900000e+01  6.687586078422e-02
 5.446649084843e+04  1.569409100000e+01  6.334856146635e-02
 5.446649637809e+04  1.555212600000e+01  6.210695490251e-02
 5.446650190302e+04  1.570989300000e+01  6.350228489373e-02
 5.446650736140e+04  1.571683000000e+01  6.360200976112e-02
 5.447833640988e+04  1.567836500000e+01  6.350379115070e-02
 5.447834302666e+04  1.570646100000e+01  6.391511722141e-02
 5.447834965372e+04  1.568353400000e+01  6.365971110719e-02
 5.447835626470e+04  1.578312400000e+01  6.626312846594e-02
 5.463219016458e+04  1.566314400000e+01  6.765759621937e-02
 5.463219492547e+04  1.566464300000e+01  6.780549206731e-02
 5.463219969816e+04  1.564960200000e+01  6.773268541492e-02
 5.463220447664e+04  1.562502500000e+01  6.748193980765e-02
 5.453534191255e+04  1.549085300000e+01  6.192839686514e-02
 5.453534593832e+04  1.549573400000e+01  6.195970616875e-02
 5.453534991932e+04  1.549423200000e+01  6.196930324593e-02
 5.453535388352e+04  1.550105800000e+01  6.200790400343e-02
 5.454931006477e+04  1.574220500000e+01  6.440875201267e-02
 5.454931684821e+04  1.571506900000e+01  6.415803231032e-02
 5.454932365502e+04  1.572848900000e+01  6.432203701859e-02
 5.454933044598e+04  1.576247100000e+01  6.461825291329e-02
 5.458826933165e+04  1.551003400000e+01  6.238672631485e-02
 5.458827389484e+04  1.549309700000e+01  6.226932645024e-02
 5.458827840965e+04  1.555613200000e+01  6.283885046067e-02
 5.458828291334e+04  1.553897500000e+01  6.271375499307e-02
 5.459428243587e+04  1.524808500000e+01  6.045040303010e-02
 5.459429002466e+04  1.521780200000e+01  6.026563183952e-02
 5.459429757782e+04  1.519020600000e+01  6.040553868119e-02
 5.459430513664e+04  1.522643900000e+01  6.283674539173e-02
 5.479249504093e+04  1.552867500000e+01  6.352723705007e-02
 5.479250103809e+04  1.557733300000e+01  6.379658136857e-02
 5.479250708515e+04  1.551671500000e+01  6.908453644728e-02
 5.479251305976e+04  1.553060600000e+01  6.453132545550e-02
 5.492229938708e+04  1.554265400000e+01  6.265667612494e-02
 5.492230731586e+04  1.550652400000e+01  6.238532106683e-02
 5.492231522657e+04  1.548788300000e+01  6.220665724337e-02
 5.492232314469e+04  1.550089700000e+01  6.234829825609e-02
 5.494525084115e+04  1.573081800000e+01  6.437278938374e-02
 5.494525749426e+04  1.572002300000e+01  6.432249650008e-02
 5.494526426903e+04  1.574369900000e+01  6.456074638358e-02
 5.494527091461e+04  1.573613500000e+01  6.449000863060e-02
 5.518342637209e+04  1.559419900000e+01  6.267901973585e-02
 5.518343099641e+04  1.558414600000e+01  6.258070433959e-02
 5.518343558947e+04  1.556328700000e+01  6.241045969570e-02
 5.518344021726e+04  1.560891000000e+01  6.283182085580e-02
 5.487539693091e+04  1.570419700000e+01  6.590571891370e-02
 5.487540227713e+04  1.568586500000e+01  6.570166603949e-02
 5.487540774118e+04  1.568244500000e+01  6.568400183546e-02
 5.487541315429e+04  1.565277600000e+01  6.537928771701e-02
 5.488424654306e+04  1.573367300000e+01  6.398310222100e-02
 5.488425210896e+04  1.573438200000e+01  6.412942279885e-02
 5.488425770368e+04  1.567181400000e+01  6.342586753562e-02
 5.488426321727e+04  1.568881400000e+01  6.352985965689e-02
 5.485040820666e+04  1.558122000000e+01  6.816112145417e-02
 5.485041307299e+04  1.561816800000e+01  6.544655810317e-02
 5.485041797913e+04  1.559237000000e+01  6.512935112283e-02
 5.485042295994e+04  1.559192400000e+01  6.492153068219e-02
 5.486123846090e+04  1.576528900000e+01  6.425679488626e-02
 5.486124631998e+04  1.580378000000e+01  6.461819303926e-02
 5.486125425093e+04  1.576437700000e+01  6.420674017907e-02
 5.486126217123e+04  1.573461900000e+01  6.386448326335e-02
 5.500515449763e+04  1.526281700000e+01  6.106866080301e-02
 5.500516122748e+04  1.524822100000e+01  6.116891962935e-02
 5.500516791164e+04  1.525705400000e+01  6.141724510158e-02
 5.500517498722e+04  1.524736600000e+01  6.147566580157e-02
 5.489216826311e+04  1.559528700000e+01  6.267810526650e-02
 5.489217937791e+04  1.564781800000e+01  6.311202089614e-02
 5.489219033655e+04  1.562709200000e+01  6.288188994454e-02
 5.489220142912e+04  1.565188400000e+01  6.306326920268e-02
 5.491119362814e+04  1.539496400000e+01  6.119505143937e-02
 5.491119911279e+04  1.537914700000e+01  6.105967182492e-02
 5.491120453192e+04  1.543944100000e+01  6.151882438952e-02
 5.491121014215e+04  1.539656500000e+01  6.117347890345e-02
 5.516043362542e+04  1.560556100000e+01  6.313924027607e-02
 5.529711995752e+04  1.547544100000e+01  6.215919211273e-02
 5.529712736207e+04  1.541548800000e+01  6.163877481511e-02
 5.529713509904e+04  1.539118000000e+01  6.145935722249e-02
 5.529714271622e+04  1.541866600000e+01  6.167144251465e-02
 5.524428313983e+04  1.533592900000e+01  6.090470422636e-02
 5.524428942891e+04  1.535419900000e+01  6.103324829884e-02
 5.524429578206e+04  1.536795800000e+01  6.114713261363e-02
 5.524430218435e+04  1.538295100000e+01  6.125242470993e-02
 5.527219850778e+04  1.534393100000e+01  6.077768784878e-02
 5.527220364900e+04  1.528897500000e+01  6.033042805090e-02
 5.527220882666e+04  1.531236500000e+01  6.062454576988e-02
 5.527221393547e+04  1.532606800000e+01  6.081834629854e-02
 5.532320820314e+04  1.548147600000e+01  6.217606775087e-02
 5.532321393774e+04  1.548422100000e+01  6.221686525528e-02
 5.532321970074e+04  1.547628100000e+01  6.214110461047e-02
 5.532322539141e+04  1.546956900000e+01  6.212524381439e-02
 5.533719118663e+04  1.555693600000e+01  6.303988235260e-02
 5.533719865196e+04  1.553544000000e+01  6.289784826333e-02
 5.533720610580e+04  1.555725100000e+01  6.310863853845e-02
 5.533721359920e+04  1.562696000000e+01  6.378468003691e-02
 5.552847862225e+04  1.565056000000e+01  6.880449446513e-02
 5.552849260019e+04  1.564868100000e+01  6.873404727753e-02
 5.552849958699e+04  1.569340900000e+01  6.930473643779e-02
 5.549747087161e+04  1.579303900000e+01  6.869329478463e-02
 5.549748227339e+04  1.571022500000e+01  6.758378506003e-02
 5.549748794740e+04  1.568162400000e+01  6.719838568866e-02
 5.560138771196e+04  1.577016000000e+01  6.565204050351e-02
 5.560139344963e+04  1.575204300000e+01  6.544199275180e-02
 5.560139926231e+04  1.576103300000e+01  6.550377261994e-02
 5.560140501862e+04  1.574501800000e+01  6.532512131646e-02
 5.557630584917e+04  1.561044400000e+01  6.768152347082e-02
 5.557631270902e+04  1.561984000000e+01  6.765028530447e-02
 5.557631951168e+04  1.559103100000e+01  6.731715087852e-02
 5.557632639167e+04  1.568488100000e+01  6.845177634652e-02
 5.562823578102e+04  1.531270800000e+01  6.134866916144e-02
 5.562824317434e+04  1.529175300000e+01  6.120828470302e-02
 5.562825070089e+04  1.527168400000e+01  6.106406772046e-02
 5.562825819987e+04  1.521018200000e+01  6.381463661483e-02
 5.568716030235e+04  1.566697900000e+01  6.660111756673e-02
 5.568716535179e+04  1.566991100000e+01  6.525229153385e-02
 5.568717046109e+04  1.567577200000e+01  6.578415510086e-02
 5.568717558819e+04  1.566061400000e+01  6.548921706334e-02
 5.516044146900e+04  1.561294700000e+01  6.322890486539e-02
 5.516044942346e+04  1.560904700000e+01  6.314401053776e-02
 5.516045751449e+04  1.562664200000e+01  6.326950170307e-02
 5.516046558726e+04  1.563699300000e+01  6.336727785710e-02
 5.592437988672e+04  1.566372300000e+01  6.110484456108e-02
 5.592438804421e+04  1.565203600000e+01  6.104890598753e-02
 5.592439625198e+04  1.568708700000e+01  6.129540711466e-02
 5.592440439220e+04  1.565382600000e+01  6.102142613964e-02
 5.595842024154e+04  1.555584000000e+01  6.268385740744e-02
 5.595842623269e+04  1.556593200000e+01  6.279439948572e-02
 5.595843227351e+04  1.555652200000e+01  6.272450281719e-02
 5.595843837936e+04  1.554915900000e+01  6.265572122406e-02
 5.597623248916e+04  1.541932100000e+01  6.197244278607e-02
 5.597624107544e+04  1.539174200000e+01  6.168836192797e-02
 5.597624955005e+04  1.538003400000e+01  6.159339574965e-02
 5.597625803071e+04  1.535454900000e+01  6.134995991126e-02
 5.598139693100e+04  1.549008600000e+01  6.220745717968e-02
 5.598140309889e+04  1.544223900000e+01  6.181708163968e-02
 5.598140935711e+04  1.549695900000e+01  6.229906204097e-02
 5.598141561436e+04  1.552487200000e+01  6.252377072052e-02
 5.598726337398e+04  1.572584500000e+01  6.609022780990e-02
 5.598726958146e+04  1.570260000000e+01  6.578816627013e-02
 5.598727592161e+04  1.570662300000e+01  6.594180782285e-02
 5.598728223426e+04  1.566961900000e+01  6.566377975155e-02
 5.601814217983e+04  1.549733200000e+01  6.248442398781e-02
 5.601815070294e+04  1.550958100000e+01  6.254707805116e-02
 5.601815929419e+04  1.551179600000e+01  6.256886129107e-02
 5.601816798648e+04  1.558147600000e+01  6.313758838218e-02
 5.604523726894e+04  1.572981000000e+01  6.473452468784e-02
 5.604524587589e+04  1.576486800000e+01  6.516134447623e-02
 5.604525446156e+04  1.573187900000e+01  6.485286128919e-02
 5.604526304678e+04  1.570740300000e+01  6.464916362073e-02
 5.606724097194e+04  1.543564600000e+01  6.176431607320e-02
 5.606724769265e+04  1.546777400000e+01  6.208825774560e-02
 5.606725454280e+04  1.546534900000e+01  6.209663791757e-02
 5.606726140316e+04  1.550468400000e+01  6.246418455903e-02
 5.608717787556e+04  1.546449200000e+01  6.196253398593e-02
 5.608718295660e+04  1.544355300000e+01  6.180467586883e-02
 5.608718803400e+04  1.546326900000e+01  6.197205987122e-02
 5.608719319491e+04  1.543363600000e+01  6.176357977050e-02
 5.610015931243e+04  1.537958800000e+01  6.197930175869e-02
 5.610016440457e+04  1.534990100000e+01  6.184213205612e-02
 5.610016952638e+04  1.539200000000e+01  6.225926271237e-02
 5.610017475800e+04  1.533803000000e+01  6.185979763124e-02
