# time mag mag_err
 5.376723172933e+04  1.627127800000e+01  7.313971753230e-02
 5.376723668200e+04  1.631054300000e+01  7.375077732678e-02
 5.376724158178e+04  1.629659100000e+01  7.348093140610e-02
 5.376724651582e+04  1.629798300000e+01  7.348810151577e-02
 5.374626315884e+04  1.599575400000e+01  7.146513274269e-02
 5.374626752491e+04  1.592668200000e+01  7.039730384539e-02
 5.374627187744e+04  1.589810600000e+01  6.990358690400e-02
 5.374627622373e+04  1.595287500000e+01  7.056790900412e-02
 5.421018382992e+04  1.628699400000e+01  7.319372182021e-02
 5.421018772444e+04  1.626520000000e+01  7.288178162843e-02
 5.421019157916e+04  1.626792200000e+01  7.293948170453e-02
 5.421019547043e+04  1.628308000000e+01  7.318310673986e-02
 5.414422636069e+04  1.566756200000e+01  6.472975338024e-02
 5.414423312550e+04  1.568444100000e+01  6.489023869722e-02
 5.414423986669e+04  1.572934700000e+01  6.529886695317e-02
 5.414424662073e+04  1.575454100000e+01  6.556528647522e-02
 5.480636553353e+04  1.613552500000e+01  6.980190968441e-02
 5.480637164043e+04  1.614490800000e+01  6.988432409625e-02
 5.480637780579e+04  1.616185800000e+01  7.005801878680e-02
 5.480638397357e+04  1.615326600000e+01  6.993979065851e-02
 5.463119189793e+04  1.600630000000e+01  6.935275389068e-02
 5.463119578528e+04  1.595426500000e+01  6.871931000267e-02
 5.463119968478e+04  1.596525700000e+01  6.889674725339e-02
 5.463120360454e+04  1.608511600000e+01  7.054594248003e-02
 5.494819665590e+04  1.591445800000e+01  7.074212730302e-02
 5.494820104340e+04  1.594068400000e+01  7.045419633020e-02
 5.494820540242e+04  1.589883200000e+01  7.057291466480e-02
 5.494820978519e+04  1.596341300000e+01  7.150798215782e-02
 5.518437600826e+04  1.617566800000e+01  7.031501499319e-02
 5.518438071463e+04  1.619675300000e+01  7.059653372228e-02
 5.518438546741e+04  1.615829400000e+01  7.002626633627e-02
 5.518439020470e+04  1.618844400000e+01  7.046395294011e-02
 5.486527447734e+04  1.589125400000e+01  6.591680284828e-02
 5.486528097535e+04  1.579808100000e+01  6.532605872554e-02
 5.486528749569e+04  1.577080200000e+01  6.503243272587e-02
 5.486529401222e+04  1.574185700000e+01  6.472810162801e-02
 5.491621450369e+04  1.575939500000e+01  6.568033393230e-02
 5.491621875309e+04  1.576842600000e+01  6.575564547387e-02
 5.491622304638e+04  1.582556300000e+01  6.634975034721e-02
 5.491622732946e+04  1.581924300000e+01  6.627141385121e-02
 5.514143649882e+04  1.626359000000e+01  7.674988683734e-02
 5.514144025551e+04  1.633864100000e+01  7.813729989771e-02
 5.514144405836e+04  1.635573100000e+01  7.844547745267e-02
 5.514144780032e+04  1.636122800000e+01  7.857955107484e-02
 5.529125857220e+04  1.580660200000e+01  6.958728114002e-02
 5.529126215903e+04  1.581741200000e+01  6.974013586498e-02
 5.529126568131e+04  1.582233900000e+01  6.980022074557e-02
 5.529126922141e+04  1.585466300000e+01  7.025990289599e-02
 5.524727016491e+04  1.630025800000e+01  7.279510930280e-02
 5.524727440000e+04  1.629439400000e+01  7.276872120391e-02
 5.524727861769e+04  1.626988700000e+01  7.239843637530e-02
 5.524728283931e+04  1.629833000000e+01  7.283683744837e-02
 5.527326393288e+04  1.626693900000e+01  7.193437710401e-02
 5.527326796596e+04  1.624500300000e+01  7.160623367198e-02
 5.527327199771e+04  1.629772500000e+01  7.242624869092e-02
 5.527327599490e+04  1.628682800000e+01  7.223275774151e-02
 5.533113814867e+04  1.624727600000e+01  7.207890239836e-02
 5.533114158461e+04  1.632873900000e+01  7.894046059411e-02
 5.533114503883e+04  1.667948500000e+01  1.217306660379e-01
 5.533114851794e+04  1.619788300000e+01  7.916256154040e-02
 5.533822316244e+04  1.620773800000e+01  7.184413802834e-02
 5.533822720825e+04  1.625189900000e+01  7.253488900964e-02
 5.533823126206e+04  1.628590100000e+01  7.315895828692e-02
 5.533823530022e+04  1.618187100000e+01  7.167871110606e-02
 5.565319274192e+04  1.594804300000e+01  6.879198020706e-02
 5.565319846677e+04  1.591412900000e+01  6.832692950808e-02
 5.565320421716e+04  1.583256300000e+01  6.735176146759e-02
 5.565320997443e+04  1.579008400000e+01  6.684197581066e-02
 5.560428054749e+04  1.605113500000e+01  6.949650166386e-02
 5.560428513042e+04  1.602668200000e+01  6.920053096038e-02
 5.560428975021e+04  1.607396300000e+01  6.982485759946e-02
 5.560429438319e+04  1.607352100000e+01  6.979419321920e-02
 5.557725299212e+04  1.630976100000e+01  8.132192178584e-02
 5.557725829644e+04  1.626774900000e+01  8.026231640385e-02
 5.557726277877e+04  1.624928900000e+01  7.998195083506e-02
 5.557726724797e+04  1.626364700000e+01  8.017011145741e-02
 5.563624156564e+04  1.602625500000e+01  7.709951710514e-02
 5.563624479890e+04  1.603949600000e+01  7.722951590801e-02
 5.563624805381e+04  1.607316100000e+01  7.787640227312e-02
 5.563625130527e+04  1.605619800000e+01  7.755423496763e-02
 5.586847096124e+04  1.634891400000e+01  7.349958501778e-02
 5.586847550499e+04  1.635946600000e+01  7.357237416287e-02
 5.586848004689e+04  1.630829000000e+01  7.281636931723e-02
 5.586848458218e+04  1.626828600000e+01  7.220518506127e-02
 5.592731759520e+04  1.616497200000e+01  7.086981037288e-02
 5.592732403767e+04  1.614502900000e+01  7.056896239005e-02
 5.592733035998e+04  1.616479900000e+01  7.079695441679e-02
 5.592733671171e+04  1.618653400000e+01  7.112862848017e-02
 5.597818683288e+04  1.615104900000e+01  7.173692227329e-02
 5.597818961498e+04  1.616161800000e+01  7.177067121533e-02
 5.597819247867e+04  1.620442100000e+01  7.610607602853e-02
 5.597819528297e+04  1.616497700000e+01  7.414911954340e-02
 5.598914729063e+04  1.630959800000e+01  7.353285122100e-02
 5.598915108491e+04  1.630432100000e+01  7.339084558926e-02
 5.598915490559e+04  1.625325600000e+01  7.263669584920e-02
 5.598915871865e+04  1.622540300000e+01  7.221809523168e-02
 5.603821473748e+04  1.639443200000e+01  7.517955917673e-02
 5.603821977956e+04  1.638015700000e+01  7.492588157319e-02
 5.603822484058e+04  1.638900900000e+01  7.512150099186e-02
 5.603822993744e+04  1.638809600000e+01  7.512128997267e-02
