# time mag mag_err
 5.347937536085e+04  1.551278200000e+01  6.394269603435e-02
 5.347938400271e+04  1.554891400000e+01  6.429895706163e-02
 5.347939270684e+04  1.557713900000e+01  6.452326600535e-02
 5.347940141122e+04  1.558778100000e+01  6.464439364844e-02
 5.355727479301e+04  1.554304500000e+01  6.468471509152e-02
 5.355728132192e+04  1.556505300000e+01  6.492455390614e-02
 5.355728782931e+04  1.557691600000e+01  6.508123125120e-02
 5.355729436389e+04  1.558648600000e+01  6.519769311957e-02
 5.356221878978e+04  1.579300300000e+01  6.722693843225e-02
 5.356222532251e+04  1.577814000000e+01  6.704083057247e-02
 5.356223186670e+04  1.571599800000e+01  6.636419906554e-02
 5.356223839341e+04  1.565235000000e+01  6.567377737708e-02
 5.352736257022e+04  1.602179300000e+01  6.991421245885e-02
 5.352737130850e+04  1.604426800000e+01  6.987422241136e-02
 5.352738022618e+04  1.602477000000e+01  7.004064013552e-02
 5.352738881723e+04  1.598262700000e+01  6.949056881141e-02
 5.354925166071e+04  1.589705800000e+01  6.959010481777e-02
 5.354925834021e+04  1.587512400000e+01  6.929598360220e-02
 5.354926491889e+04  1.590291300000e+01  6.961071926355e-02
 5.354927148230e+04  1.592794500000e+01  6.991861250573e-02
 5.365612207449e+04  1.517762700000e+01  6.296043485971e-02
 5.365612639010e+04  1.521608200000e+01  6.336448165881e-02
 5.365613073337e+04  1.522336000000e+01  6.353142313213e-02
 5.365613506634e+04  1.526724900000e+01  6.406664543687e-02
 5.383438456178e+04  1.547785400000e+01  6.671450941197e-02
 5.383439367149e+04  1.548899000000e+01  6.688003432917e-02
 5.383440096248e+04  1.546133900000e+01  6.658682689178e-02
 5.383440826330e+04  1.544696300000e+01  6.633548509996e-02
 5.385142857339e+04  1.563504300000e+01  6.607326540745e-02
 5.385143508228e+04  1.565419300000e+01  6.627801760850e-02
 5.385144155946e+04  1.567679600000e+01  6.655792971401e-02
 5.385144801869e+04  1.570946300000e+01  6.693686214325e-02
 5.377048253786e+04  1.556824000000e+01  6.459802839855e-02
 5.377048920080e+04  1.557617100000e+01  6.496741744842e-02
 5.377049584882e+04  1.558143600000e+01  6.492966099293e-02
 5.377050248514e+04  1.560572600000e+01  6.510832520965e-02
 5.390029585361e+04  1.592498500000e+01  1.306061895249e-01
 5.390029682218e+04  1.584621000000e+01  1.263291524362e-01
 5.390029779132e+04  1.595358800000e+01  1.318996614550e-01
 5.390029878558e+04  1.591401400000e+01  1.301208813225e-01
 5.379747722875e+04  1.573877700000e+01  6.859172890034e-02
 5.379748543669e+04  1.563613800000e+01  6.705047906989e-02
 5.379749363165e+04  1.555604900000e+01  6.621171885829e-02
 5.379750210337e+04  1.540852100000e+01  6.397620506377e-02
 5.386237820134e+04  1.585884500000e+01  6.887793198742e-02
 5.386238608704e+04  1.588833000000e+01  6.925902887080e-02
 5.386239339828e+04  1.590252400000e+01  6.945193777062e-02
 5.386240046692e+04  1.591236000000e+01  6.956789695492e-02
 5.387439121036e+04  1.529334400000e+01  9.927204242942e-02
 5.387439195728e+04  1.525281200000e+01  9.801191713120e-02
 5.387439272178e+04  1.520396300000e+01  9.658369815080e-02
 5.387439348200e+04  1.520986900000e+01  9.663425843557e-02
 5.388625429441e+04  1.546228500000e+01  6.263562972315e-02
 5.388626495675e+04  1.549026200000e+01  6.308736035188e-02
 5.388627562591e+04  1.553799800000e+01  6.351600624750e-02
 5.388628629277e+04  1.554884200000e+01  6.360808738736e-02
 5.399511595714e+04  1.588908700000e+01  6.693122669131e-02
 5.399512566990e+04  1.591343100000e+01  6.726729018892e-02
 5.399513531331e+04  1.588085200000e+01  6.695025301042e-02
 5.399514496795e+04  1.591304700000e+01  6.737733320170e-02
 5.400315323343e+04  1.569789800000e+01  6.551863386743e-02
 5.400315964301e+04  1.567093100000e+01  6.531662654018e-02
 5.400316609067e+04  1.567637300000e+01  6.542974500241e-02
 5.400317253219e+04  1.571276300000e+01  6.589145132905e-02
 5.420943804700e+04  1.593319000000e+01  6.844726872367e-02
 5.420944347101e+04  1.591330800000e+01  6.823775403198e-02
 5.420944892833e+04  1.589935200000e+01  6.805846559648e-02
 5.420945441715e+04  1.587848800000e+01  6.781720540189e-02
 5.414054136604e+04  1.583701300000e+01  1.392623688018e-01
 5.414054293163e+04  1.583874100000e+01  1.323267318775e-01
 5.414054449838e+04  1.564326700000e+01  1.228363055020e-01
 5.414054608039e+04  1.585478800000e+01  1.317815866766e-01
 5.415744405560e+04  1.576742300000e+01  6.613736821072e-02
 5.415745328267e+04  1.576478900000e+01  6.605359018356e-02
 5.415746253406e+04  1.579756000000e+01  6.639951193326e-02
 5.415747179969e+04  1.582852900000e+01  6.673330822800e-02
 5.429520636031e+04  1.542297800000e+01  6.392786758434e-02
 5.429521066284e+04  1.544868900000e+01  6.422586559713e-02
 5.429521495345e+04  1.544836600000e+01  6.462486834245e-02
 5.429521924035e+04  1.555341200000e+01  7.069257462013e-02
 5.425832905535e+04  1.561019000000e+01  6.473158835825e-02
 5.425833563252e+04  1.565084000000e+01  6.519795478714e-02
 5.425834215750e+04  1.565905500000e+01  6.528807510619e-02
 5.425834868363e+04  1.568823600000e+01  6.561889769128e-02
 5.427035510365e+04  1.589497600000e+01  6.905788781444e-02
 5.427036263227e+04  1.592503500000e+01  6.953206569296e-02
 5.427037015463e+04  1.593387300000e+01  6.962653729428e-02
 5.427037767965e+04  1.592162800000e+01  6.944719405228e-02
 5.417651448604e+04  1.602870400000e+01  6.929893756037e-02
 5.417652008586e+04  1.599540700000e+01  6.883763746987e-02
 5.417652570141e+04  1.595521500000e+01  6.822200980656e-02
 5.417653130412e+04  1.605195600000e+01  6.889490690276e-02
 5.423433668392e+04  1.581865900000e+01  6.907999714820e-02
 5.423434164852e+04  1.583602800000e+01  7.002304854092e-02
 5.423434661045e+04  1.584474700000e+01  6.861354950007e-02
 5.423435154682e+04  1.583117500000e+01  6.917977833278e-02
 5.424536293222e+04  1.541271600000e+01  6.327331622740e-02
 5.424537065772e+04  1.541927900000e+01  6.336031377322e-02
 5.424537834120e+04  1.541275200000e+01  6.329824267538e-02
 5.424538606683e+04  1.542645100000e+01  6.344284158519e-02
 5.440606428617e+04  1.584970300000e+01  6.743332122897e-02
 5.440606858697e+04  1.584655900000e+01  6.759158408872e-02
 5.440607287213e+04  1.584695100000e+01  6.767038558366e-02
 5.440607715973e+04  1.589778800000e+01  6.834419743437e-02
 5.438209679513e+04  1.583238300000e+01  6.729090044189e-02
 5.438210112948e+04  1.582812100000e+01  6.733381583143e-02
 5.438210544556e+04  1.588509800000e+01  6.801975522390e-02
 5.438210974345e+04  1.582699800000e+01  6.738992851049e-02
 5.438907916321e+04  1.572682600000e+01  7.145946284183e-02
 5.438908299419e+04  1.576243200000e+01  7.203012175930e-02
 5.438908678894e+04  1.573076200000e+01  7.159074417153e-02
 5.438909057396e+04  1.576746600000e+01  7.215559665904e-02
 5.434719644352e+04  1.595068400000e+01  6.561673144377e-02
 5.434720372896e+04  1.591111900000e+01  6.527656855698e-02
 5.434721100339e+04  1.591725300000e+01  6.553035332176e-02
 5.434721826104e+04  1.593291200000e+01  6.579096042681e-02
 5.435813806197e+04  1.543302500000e+01  6.352844726548e-02
 5.435814459561e+04  1.541493700000e+01  6.336212728524e-02
 5.435815113969e+04  1.543561000000e+01  6.319678180685e-02
 5.435815769869e+04  1.542415800000e+01  6.352925388320e-02
 5.455936782127e+04  1.597381800000e+01  6.898797087549e-02
 5.455937649763e+04  1.600389700000e+01  6.933093532837e-02
 5.455938510454e+04  1.597892800000e+01  6.894212333352e-02
 5.455939381829e+04  1.597137800000e+01  6.883871229791e-02
 5.456744644170e+04  1.586781400000e+01  6.741464260916e-02
 5.456745425273e+04  1.590843200000e+01  6.732352875852e-02
 5.456746204167e+04  1.588385500000e+01  6.758543577660e-02
 5.456746985443e+04  1.589125200000e+01  6.773268541492e-02
 5.457340991718e+04  1.507692300000e+01  6.004757682657e-02
 5.457341918292e+04  1.515220200000e+01  6.063738314779e-02
 5.457342846104e+04  1.521393500000e+01  6.117738548336e-02
 5.457343772771e+04  1.527690500000e+01  6.173088195232e-02
 5.458336248927e+04  1.586790600000e+01  6.808082607354e-02
 5.458337004566e+04  1.588623500000e+01  6.829431269292e-02
 5.458337756954e+04  1.594470800000e+01  6.902373499343e-02
 5.458338514132e+04  1.591773800000e+01  6.867726152114e-02
 5.450848449037e+04  1.578952000000e+01  6.628116791452e-02
 5.450848942037e+04  1.582003600000e+01  6.663325380966e-02
 5.450849432721e+04  1.582436400000e+01  6.664310872259e-02
 5.450849925072e+04  1.577911400000e+01  6.610753149745e-02
 5.452547792830e+04  1.585867900000e+01  8.426676138994e-02
 5.452548719646e+04  1.593006500000e+01  8.171314741358e-02
 5.452549310162e+04  1.586285400000e+01  7.674697055327e-02
 5.452549903860e+04  1.591349500000e+01  7.204248674229e-02
 5.462634396483e+04  1.579197000000e+01  6.706390573847e-02
 5.462635124470e+04  1.578237400000e+01  6.699582695577e-02
 5.462635849507e+04  1.582713900000e+01  6.756455090912e-02
 5.462636576615e+04  1.580851000000e+01  6.735718982199e-02
 5.464136049174e+04  1.592121400000e+01  6.973427092572e-02
 5.464136652433e+04  1.589238400000e+01  6.925755770326e-02
 5.464137256444e+04  1.591574000000e+01  6.977144816945e-02
 5.464137860271e+04  1.590105500000e+01  6.969582510891e-02
 5.453143657703e+04  1.553246200000e+01  6.406119458768e-02
 5.453144566081e+04  1.555661500000e+01  6.425219607864e-02
 5.453145473082e+04  1.558112900000e+01  6.443743663648e-02
 5.453146377387e+04  1.561966700000e+01  6.480622022660e-02
 5.454843908662e+04  1.576173100000e+01  6.628009239109e-02
 5.454844580096e+04  1.576822700000e+01  6.634400962766e-02
 5.454845252329e+04  1.575819500000e+01  6.622596639233e-02
 5.454845928670e+04  1.577541100000e+01  6.641445391884e-02
 5.458940239390e+04  1.566673500000e+01  6.500124678393e-02
 5.458940676436e+04  1.564181400000e+01  6.478379645391e-02
 5.458941116817e+04  1.568073800000e+01  6.517546714446e-02
 5.458941556920e+04  1.568199500000e+01  6.521202424675e-02
 5.459627331218e+04  1.599396700000e+01  7.043666156524e-02
 5.459628094983e+04  1.598477700000e+01  7.035374928599e-02
 5.459628865194e+04  1.598300200000e+01  7.021980880456e-02
 5.459629635858e+04  1.597618700000e+01  7.006187115002e-02
 5.474611025303e+04  1.542186000000e+01  6.247299363354e-02
 5.474611512828e+04  1.541640300000e+01  6.243208695499e-02
 5.474611998882e+04  1.543035300000e+01  6.261638550729e-02
 5.474612478744e+04  1.546086600000e+01  6.288875643350e-02
 5.494232743847e+04  1.514361500000e+01  6.054350720161e-02
 5.494233293631e+04  1.511660000000e+01  6.034215833579e-02
 5.494233843671e+04  1.511668900000e+01  6.032781001398e-02
 5.494234384728e+04  1.514331000000e+01  6.052272911566e-02
 5.487550660199e+04  1.585471700000e+01  6.983223767147e-02
 5.487551196186e+04  1.595340800000e+01  7.115740970112e-02
 5.487551736226e+04  1.586516100000e+01  6.990517352317e-02
 5.487552282873e+04  1.596624300000e+01  7.128770330084e-02
 5.485153705851e+04  1.601464900000e+01  7.216248642134e-02
 5.485154289375e+04  1.601694200000e+01  7.221006295318e-02
 5.485154882067e+04  1.601894300000e+01  7.238239627717e-02
 5.485155470233e+04  1.602678600000e+01  7.328872090893e-02
 5.504320458295e+04  1.560039500000e+01  7.008415228821e-02
 5.504321049664e+04  1.560590400000e+01  7.019187622439e-02
 5.504321645538e+04  1.551266800000e+01  6.900868641060e-02
 5.504322231988e+04  1.550781500000e+01  6.894332148209e-02
 5.499734996185e+04  1.572446700000e+01  6.593404847252e-02
 5.499735595350e+04  1.575020500000e+01  6.623290968607e-02
 5.499736205912e+04  1.577113300000e+01  6.648535963024e-02
 5.499736797378e+04  1.579708600000e+01  6.680072658933e-02
 5.489146115990e+04  1.592091800000e+01  6.759736950075e-02
 5.489146893344e+04  1.592234900000e+01  6.756354509669e-02
 5.489147682503e+04  1.593682500000e+01  6.770841306690e-02
 5.489148467970e+04  1.586210500000e+01  6.680766758184e-02
 5.491240011391e+04  1.590526800000e+01  6.788928784945e-02
 5.491240497480e+04  1.593560100000e+01  8.276034757362e-02
 5.492037604913e+04  1.557713700000e+01  6.444515396241e-02
 5.492038395416e+04  1.559109200000e+01  6.456372572778e-02
 5.492039189970e+04  1.563040500000e+01  6.491032849824e-02
 5.492039983519e+04  1.561975600000e+01  6.475850006429e-02
 5.495343221837e+04  1.598143800000e+01  6.941993738087e-02
 5.495343942431e+04  1.596201200000e+01  6.923361820346e-02
 5.495344672304e+04  1.594545800000e+01  6.894745946866e-02
 5.495345396775e+04  1.599793000000e+01  6.967096338953e-02
 5.496645141286e+04  1.506495200000e+01  6.034149502595e-02
 5.496645919037e+04  1.510060900000e+01  6.064913414240e-02
 5.496646715523e+04  1.517309600000e+01  6.120686380272e-02
 5.496647507564e+04  1.521248600000e+01  6.147211483688e-02
 5.497932283334e+04  1.543569300000e+01  6.317009922083e-02
 5.497933023560e+04  1.545766700000e+01  6.338674312448e-02
 5.497933748865e+04  1.550408600000e+01  6.385958178812e-02
 5.497934476785e+04  1.553909200000e+01  6.423253729289e-02
 5.509514756829e+04  1.546085700000e+01  6.433501734395e-02
 5.509515310630e+04  1.550275800000e+01  6.483704924502e-02
 5.509515854675e+04  1.552545500000e+01  6.513793754665e-02
 5.509516400200e+04  1.555225100000e+01  6.544873874252e-02
 5.510209588339e+04  1.604858400000e+01  7.773668655231e-02
 5.510209985014e+04  1.601608900000e+01  7.721432467806e-02
 5.510210380983e+04  1.603938300000e+01  7.763369344432e-02
 5.510210778392e+04  1.600757600000e+01  7.710853980302e-02
 5.529937627524e+04  1.589457900000e+01  6.786661278799e-02
 5.529938323219e+04  1.583321700000e+01  6.713321784496e-02
 5.529939021115e+04  1.578113300000e+01  6.652214992734e-02
 5.529939716986e+04  1.574600000000e+01  6.615108924553e-02
 5.535230914740e+04  1.509223100000e+01  5.748986563838e-02
 5.535231734331e+04  1.514137200000e+01  5.775656091454e-02
 5.535232551116e+04  1.521144900000e+01  5.816942860680e-02
 5.535233368953e+04  1.524723100000e+01  5.837317404072e-02
 5.536532415513e+04  1.586167400000e+01  6.758332654120e-02
 5.536532945470e+04  1.590261700000e+01  6.807369049873e-02
 5.536533478339e+04  1.591138400000e+01  6.817971562302e-02
 5.536534003157e+04  1.591115400000e+01  6.819468108099e-02
 5.527142889409e+04  1.559883200000e+01  6.457476136331e-02
 5.527143640244e+04  1.564109700000e+01  6.497687506614e-02
 5.527144389131e+04  1.564027100000e+01  6.494689904754e-02
 5.527145145446e+04  1.565956200000e+01  6.514998918820e-02
 5.528040580953e+04  1.600525200000e+01  6.970452560949e-02
 5.528041266279e+04  1.594751300000e+01  6.890584620662e-02
 5.528041954900e+04  1.595516900000e+01  6.896206809938e-02
 5.528042648118e+04  1.589376000000e+01  6.825932942211e-02
 5.532027769198e+04  1.588321900000e+01  6.773614596191e-02
 5.532028348192e+04  1.585444200000e+01  6.736609635457e-02
 5.532028925582e+04  1.593361200000e+01  6.834419743437e-02
 5.532029506816e+04  1.591839600000e+01  6.815154594314e-02
 5.532030090444e+04  1.591758100000e+01  6.813045957396e-02
 5.532840192273e+04  1.579940700000e+01  6.683292715747e-02
 5.532840825934e+04  1.582891500000e+01  6.716985321423e-02
 5.532841463454e+04  1.585719100000e+01  6.752868538542e-02
 5.532842104132e+04  1.585838700000e+01  6.755157216839e-02
 5.534134901083e+04  1.593271700000e+01  6.832814029563e-02
 5.534135477168e+04  1.592348400000e+01  6.827043897666e-02
 5.534136053875e+04  1.594838200000e+01  6.858787175515e-02
 5.534136627596e+04  1.596415100000e+01  6.880342413678e-02
 5.545416161956e+04  1.580349900000e+01  6.715242276999e-02
 5.545417659382e+04  1.579474100000e+01  6.719638075230e-02
 5.545418401169e+04  1.578860600000e+01  6.718784706270e-02
 5.567730380017e+04  1.563344000000e+01  6.647374313530e-02
 5.567731078791e+04  1.568354500000e+01  6.695362552486e-02
 5.567731772150e+04  1.566584000000e+01  6.659886785794e-02
 5.567732468843e+04  1.569559600000e+01  6.690822607577e-02
 5.571432451907e+04  1.587903900000e+01  6.923734003264e-02
 5.571432902693e+04  1.588972400000e+01  7.038297578921e-02
 5.571433355380e+04  1.587067200000e+01  6.956426048438e-02
 5.571433810993e+04  1.581923900000e+01  7.166399287406e-02
 5.564841726804e+04  1.601560300000e+01  7.038246068106e-02
 5.564842578734e+04  1.596449700000e+01  6.965743396218e-02
 5.564843442389e+04  1.591289600000e+01  6.895323444247e-02
 5.564844303765e+04  1.578961400000e+01  6.743314122970e-02
 5.568834961212e+04  1.581801200000e+01  6.834541085170e-02
 5.568835480635e+04  1.579670900000e+01  6.807007746381e-02
 5.568836005384e+04  1.580577200000e+01  6.813262488195e-02
 5.568836527737e+04  1.574625600000e+01  6.744519915935e-02
 5.570141486043e+04  1.578276400000e+01  6.789262803284e-02
 5.570142164295e+04  1.577026200000e+01  6.775122096263e-02
 5.570142849134e+04  1.577532500000e+01  6.780690801633e-02
 5.570143532050e+04  1.578850200000e+01  6.801054348734e-02
 5.491242074831e+04  1.590024500000e+01  6.859777842713e-02
 5.491242549194e+04  1.594975700000e+01  6.918661492532e-02
 5.491243050240e+04  1.594869500000e+01  7.104546505417e-02
 5.491243533157e+04  1.579592200000e+01  9.525768491334e-02
 5.582212282441e+04  1.569942900000e+01  6.543212477298e-02
 5.582213040868e+04  1.568294500000e+01  6.541304247601e-02
 5.582213763345e+04  1.560300900000e+01  6.464765382821e-02
 5.582214457094e+04  1.552940700000e+01  6.396346214162e-02
 5.585308638898e+04  1.568906400000e+01  6.539969690523e-02
 5.585309146169e+04  1.571164700000e+01  6.563905877482e-02
 5.585309654738e+04  1.569637900000e+01  6.554575770023e-02
 5.585310173988e+04  1.576480700000e+01  6.631583972475e-02
 5.600843525432e+04  1.588118400000e+01  6.790026813057e-02
 5.600844264623e+04  1.586250900000e+01  6.767892246030e-02
 5.600845011169e+04  1.587494200000e+01  6.840427115461e-02
 5.600845753810e+04  1.586644600000e+01  6.817298451838e-02
 5.601944666613e+04  1.590296800000e+01  6.836292181889e-02
 5.601945552650e+04  1.582299900000e+01  6.737438868616e-02
 5.601946453646e+04  1.564926200000e+01  6.541914846603e-02
 5.601947360487e+04  1.543614500000e+01  6.330571715699e-02
 5.604139499677e+04  1.604646700000e+01  7.074024680255e-02
 5.604140006980e+04  1.601827900000e+01  7.033474468003e-02
 5.604140519633e+04  1.604490500000e+01  7.067562893085e-02
 5.604141017956e+04  1.603291800000e+01  7.045419633020e-02
 5.604730213595e+04  1.555613100000e+01  6.501988994288e-02
 5.604730777503e+04  1.560832600000e+01  6.554209299912e-02
 5.604731337799e+04  1.560671500000e+01  6.547606281903e-02
 5.604731916936e+04  1.561713900000e+01  6.554326754136e-02
 5.606340283774e+04  1.591438900000e+01  6.796647704928e-02
 5.606340961711e+04  1.598624700000e+01  6.899519943998e-02
 5.606341649105e+04  1.594945600000e+01  6.851462836744e-02
 5.606342332282e+04  1.594218000000e+01  6.844286659037e-02
 5.607134762444e+04  1.556231500000e+01  6.126935302446e-02
 5.607135513417e+04  1.558985700000e+01  6.145051186411e-02
 5.607136257123e+04  1.560909600000e+01  6.151840253793e-02
 5.607137007169e+04  1.561414000000e+01  6.154092753572e-02
 5.607737514800e+04  1.542557100000e+01  6.500105627300e-02
 5.607738317120e+04  1.541406700000e+01  6.488153112922e-02
 5.607739117399e+04  1.536456800000e+01  6.438054489862e-02
 5.607739924176e+04  1.539137700000e+01  6.469997677963e-02
 5.608835860021e+04  1.579341900000e+01  6.646364364076e-02
 5.608836362221e+04  1.580250300000e+01  6.658786949268e-02
 5.608836804580e+04  1.582784800000e+01  6.688103649600e-02
 5.608837255587e+04  1.578538000000e+01  6.644482330953e-02
 5.609928248924e+04  1.586504500000e+01  6.813419950197e-02
 5.609928975730e+04  1.586712400000e+01  6.822051671034e-02
 5.609929711988e+04  1.587108700000e+01  6.832965379209e-02
 5.609930443515e+04  1.581820500000e+01  6.758176760403e-02
 5.618717801566e+04  1.551210500000e+01  6.183015154173e-02
 5.618718279355e+04  1.553669500000e+01  6.206954755955e-02
 5.618718761822e+04  1.558225200000e+01  6.252326184719e-02
 5.618719234787e+04  1.557395800000e+01  6.245216759806e-02
 5.619313362063e+04  1.598023900000e+01  6.789883504035e-02
 5.619313700263e+04  1.594335800000e+01  6.895159954355e-02
 5.619314044829e+04  1.598910300000e+01  6.983986663961e-02
 5.619314385714e+04  1.588591100000e+01  6.974325058571e-02
