# time mag mag_err
 5.347038790686e+04  1.481635400000e+01  5.934607556766e-02
 5.347039514218e+04  1.472528000000e+01  5.877928175138e-02
 5.347040241674e+04  1.474364700000e+01  5.887409105354e-02
 5.347040972809e+04  1.474357100000e+01  5.884512038753e-02
 5.347937802486e+04  1.402168900000e+01  5.451427943479e-02
 5.347938671512e+04  1.384982300000e+01  5.393315362050e-02
 5.347939538464e+04  1.381338700000e+01  5.381578657499e-02
 5.347940409676e+04  1.383183900000e+01  5.387543481079e-02
 5.355727426323e+04  1.468180700000e+01  5.770572233108e-02
 5.355728079285e+04  1.472452600000e+01  5.795901727523e-02
 5.355728730243e+04  1.470857400000e+01  5.788817244953e-02
 5.355729382451e+04  1.470341200000e+01  5.786796902595e-02
 5.352736967878e+04  1.478736600000e+01  5.814570662624e-02
 5.352737851487e+04  1.471678300000e+01  5.775264029146e-02
 5.352738721796e+04  1.472908700000e+01  5.784204391355e-02
 5.352739591875e+04  1.473283700000e+01  5.787949787455e-02
 5.354928191395e+04  1.397661000000e+01  5.477656280240e-02
 5.354928840686e+04  1.402124700000e+01  5.496206781428e-02
 5.354929493520e+04  1.406000800000e+01  5.509089427906e-02
 5.354930148656e+04  1.408883800000e+01  5.522379076677e-02
 5.349735373544e+04  1.472840000000e+01  5.759536033920e-02
 5.349736183747e+04  1.471541500000e+01  5.751603735558e-02
 5.349736988068e+04  1.472425200000e+01  5.789870724679e-02
 5.349737794023e+04  1.473475800000e+01  5.774206495435e-02
 5.350635999291e+04  1.411119900000e+01  5.566580080860e-02
 5.350636768484e+04  1.414586800000e+01  5.583715775921e-02
 5.350637540594e+04  1.418409300000e+01  5.598469977686e-02
 5.350638309116e+04  1.419835100000e+01  5.605305142296e-02
 5.365409401326e+04  1.476870600000e+01  5.902702350095e-02
 5.365409876027e+04  1.471222200000e+01  5.866245914699e-02
 5.365410352936e+04  1.479569700000e+01  5.925028986919e-02
 5.365410828017e+04  1.467586900000e+01  5.849925974356e-02
 5.385137576881e+04  1.479756900000e+01  5.864092557032e-02
 5.385138312819e+04  1.477159700000e+01  5.848177998856e-02
 5.385139049882e+04  1.475479000000e+01  5.835592199483e-02
 5.385139787616e+04  1.466792000000e+01  5.785075107920e-02
 5.392534171903e+04  1.475021200000e+01  8.429944168471e-02
 5.392534327107e+04  1.473712700000e+01  8.409327249790e-02
 5.392534482045e+04  1.486006200000e+01  8.692432806335e-02
 5.392534638303e+04  1.478345500000e+01  8.516469813917e-02
 5.390029658594e+04  1.461446100000e+01  8.274548245115e-02
 5.390029755369e+04  1.458111500000e+01  8.208400735513e-02
 5.390029854749e+04  1.458041400000e+01  8.238502905546e-02
 5.390029951676e+04  1.460982100000e+01  8.254248598067e-02
 5.379747775425e+04  1.471930200000e+01  5.865133236295e-02
 5.379748596449e+04  1.478470400000e+01  5.865811708004e-02
 5.379749417890e+04  1.476094400000e+01  5.856101457508e-02
 5.379750264681e+04  1.474518400000e+01  5.844531632733e-02
 5.381651261345e+04  1.466117900000e+01  6.036337500631e-02
 5.381651605043e+04  1.468211200000e+01  6.051105576615e-02
 5.381651946193e+04  1.465438500000e+01  6.034948745484e-02
 5.381652285458e+04  1.475584100000e+01  6.106348965186e-02
 5.385941311733e+04  1.462298700000e+01  5.772983631484e-02
 5.385942116274e+04  1.462522500000e+01  5.773279473127e-02
 5.385942923005e+04  1.466715400000e+01  5.798272409562e-02
 5.385943729457e+04  1.467234200000e+01  5.803196436552e-02
 5.386637403685e+04  1.481862600000e+01  8.413677226247e-02
 5.386637485322e+04  1.491496100000e+01  8.639138810003e-02
 5.386637570870e+04  1.484354200000e+01  8.478420856188e-02
 5.386637655943e+04  1.486901800000e+01  8.527709192931e-02
 5.387439144995e+04  1.456447400000e+01  7.942300433567e-02
 5.387439220104e+04  1.455834100000e+01  7.927347108931e-02
 5.387439297446e+04  1.458395800000e+01  7.972192728687e-02
 5.387439371963e+04  1.455143900000e+01  7.911414388586e-02
 5.387940126300e+04  1.389241000000e+01  5.435221166666e-02
 5.387941078870e+04  1.397014400000e+01  5.463082430910e-02
 5.387942030804e+04  1.400630100000e+01  5.478049605852e-02
 5.387942973907e+04  1.406551400000e+01  5.501331967224e-02
 5.388625371128e+04  1.445907900000e+01  5.603433783333e-02
 5.388626437222e+04  1.448282900000e+01  5.611692495713e-02
 5.388627504174e+04  1.450997200000e+01  5.623541531277e-02
 5.388628570512e+04  1.451693200000e+01  5.626488910715e-02
 5.399511648865e+04  1.478754000000e+01  5.753239365442e-02
 5.399512620487e+04  1.479597900000e+01  5.761471099353e-02
 5.399513583972e+04  1.476719200000e+01  5.747933407218e-02
 5.399514549542e+04  1.477063600000e+01  5.753983716472e-02
 5.400810887598e+04  1.473798900000e+01  6.033806987504e-02
 5.400811611234e+04  1.474305400000e+01  6.040744409366e-02
 5.400812334638e+04  1.474397900000e+01  6.047808542809e-02
 5.400813059558e+04  1.475136500000e+01  6.055456670766e-02
 5.421231092505e+04  1.464442400000e+01  5.725632569188e-02
 5.421231970488e+04  1.464944200000e+01  5.728495528835e-02
 5.421232852904e+04  1.468259500000e+01  5.743356431707e-02
 5.421233730031e+04  1.469829000000e+01  5.751572026479e-02
 5.414054110723e+04  1.484929500000e+01  9.391749511610e-02
 5.414054265662e+04  1.477788700000e+01  8.986930468283e-02
 5.414054423563e+04  1.471381800000e+01  8.756729341423e-02
 5.414054581372e+04  1.475382800000e+01  8.725923014263e-02
 5.429518661697e+04  1.479819600000e+01  5.873407195927e-02
 5.429519236390e+04  1.478423600000e+01  5.878167300806e-02
 5.429519739007e+04  1.467253800000e+01  5.764837529737e-02
 5.429520167131e+04  1.479245000000e+01  5.852097135183e-02
 5.425833177875e+04  1.453125800000e+01  5.661199887122e-02
 5.425833833417e+04  1.458814500000e+01  5.689536820065e-02
 5.425834485139e+04  1.458484600000e+01  5.686983249194e-02
 5.425835137266e+04  1.461767500000e+01  5.706296587126e-02
 5.426933955454e+04  1.477778300000e+01  5.821326685919e-02
 5.426934601840e+04  1.478073000000e+01  5.823661129832e-02
 5.426935247856e+04  1.477108300000e+01  5.793278373506e-02
 5.426935892332e+04  1.476731800000e+01  5.819081134641e-02
 5.417645756677e+04  1.418010700000e+01  5.496137140620e-02
 5.417646629557e+04  1.419612700000e+01  5.484579912546e-02
 5.417647496312e+04  1.425256400000e+01  5.525548365679e-02
 5.417648362560e+04  1.429196700000e+01  5.541465751661e-02
 5.418645849822e+04  1.469870700000e+01  6.075792273150e-02
 5.418646043095e+04  1.471486800000e+01  6.053612952987e-02
 5.418646233926e+04  1.469826000000e+01  6.057894134756e-02
 5.418646424525e+04  1.471060700000e+01  6.032021236094e-02
 5.423426847347e+04  1.499780700000e+01  6.649913417300e-02
 5.423427240249e+04  1.492763600000e+01  6.131683424707e-02
 5.423427637074e+04  1.482453500000e+01  6.263679737013e-02
 5.423428031654e+04  1.481835800000e+01  7.201900675201e-02
 5.424437586126e+04  1.458915600000e+01  5.700600419710e-02
 5.424438314323e+04  1.461694000000e+01  5.716060432601e-02
 5.424439044625e+04  1.463234100000e+01  5.724590924140e-02
 5.424439775819e+04  1.464852300000e+01  5.734131871112e-02
 5.438109337567e+04  1.479890500000e+01  6.345582825338e-02
 5.438109625405e+04  1.477934400000e+01  6.330829110486e-02
 5.438109914922e+04  1.478504000000e+01  6.340543325113e-02
 5.438110203304e+04  1.478976400000e+01  6.344761487160e-02
 5.438707484051e+04  1.417053100000e+01  5.680640844745e-02
 5.438707998822e+04  1.424536800000e+01  5.732711446942e-02
 5.438708512470e+04  1.425278500000e+01  5.741107676105e-02
 5.438709025910e+04  1.427918800000e+01  5.757747544130e-02
 5.439308223713e+04  1.477961000000e+01  6.349079944512e-02
 5.439308439279e+04  1.476581200000e+01  6.338546331646e-02
 5.439308654949e+04  1.477752900000e+01  6.352244979595e-02
 5.439308870920e+04  1.475850400000e+01  6.352098899063e-02
 5.434719318491e+04  1.404198500000e+01  5.367299462674e-02
 5.434720046208e+04  1.407857500000e+01  5.383541972219e-02
 5.434720774860e+04  1.413056500000e+01  5.404387927988e-02
 5.434721499954e+04  1.415221000000e+01  5.415408541267e-02
 5.435813643595e+04  1.437370100000e+01  5.612216376984e-02
 5.435814299403e+04  1.439585700000e+01  5.624554000098e-02
 5.435814953266e+04  1.442919900000e+01  5.639817630371e-02
 5.435815605729e+04  1.443476000000e+01  5.645068029599e-02
 5.455936836377e+04  1.419480200000e+01  5.513761878426e-02
 5.455937702880e+04  1.423199600000e+01  5.527315736045e-02
 5.455938564797e+04  1.427387200000e+01  5.543291385407e-02
 5.455939435870e+04  1.430555900000e+01  5.557679735763e-02
 5.456745239095e+04  1.477055500000e+01  5.778369270934e-02
 5.456746017387e+04  1.475224500000e+01  5.768145119768e-02
 5.456746799034e+04  1.474069000000e+01  5.763056334984e-02
 5.456747581110e+04  1.476145300000e+01  5.752074001380e-02
 5.457340399050e+04  1.441173700000e+01  5.596019759352e-02
 5.457341324351e+04  1.443964300000e+01  5.609989000946e-02
 5.457342249396e+04  1.449045000000e+01  5.636523540107e-02
 5.457343178285e+04  1.449178800000e+01  5.640377505208e-02
 5.458335549321e+04  1.472658300000e+01  5.782950398471e-02
 5.458336302645e+04  1.471238700000e+01  5.777833290290e-02
 5.458337057728e+04  1.473920300000e+01  5.792942688532e-02
 5.458337810579e+04  1.475739800000e+01  5.801421726166e-02
 5.450850898245e+04  1.479756000000e+01  5.778847986213e-02
 5.450851492163e+04  1.482228700000e+01  5.791923553449e-02
 5.450852086973e+04  1.483163900000e+01  5.794891506141e-02
 5.450852683993e+04  1.484875800000e+01  5.778211792834e-02
 5.462730961192e+04  1.463886300000e+01  5.733056177888e-02
 5.462731793641e+04  1.466865700000e+01  5.749004358886e-02
 5.462732620800e+04  1.466203600000e+01  5.751991205286e-02
 5.462733452601e+04  1.469869100000e+01  5.772878269489e-02
 5.464136101862e+04  1.482753200000e+01  5.891320137328e-02
 5.464136705793e+04  1.477077100000e+01  5.855450379974e-02
 5.464137309214e+04  1.479739400000e+01  5.880479367988e-02
 5.464137913897e+04  1.477453100000e+01  5.868827272087e-02
 5.452750728985e+04  1.476200600000e+01  5.758403110464e-02
 5.452751377501e+04  1.476458200000e+01  5.760889033558e-02
 5.452752029420e+04  1.478201500000e+01  5.774781186846e-02
 5.452752677473e+04  1.477664500000e+01  5.772375267241e-02
 5.453649825025e+04  1.452404100000e+01  5.637780061417e-02
 5.453650320329e+04  1.433112900000e+01  5.551922186393e-02
 5.453650814126e+04  1.419515600000e+01  5.496472195676e-02
 5.453651310111e+04  1.408610700000e+01  5.456640641475e-02
 5.454847369215e+04  1.405116100000e+01  5.453448059600e-02
 5.454848040128e+04  1.409138600000e+01  5.469596760514e-02
 5.454848720626e+04  1.407935300000e+01  5.463679002597e-02
 5.454849401493e+04  1.415167800000e+01  5.490998064869e-02
 5.458940399144e+04  1.428222700000e+01  5.536456157779e-02
 5.458940838771e+04  1.430417300000e+01  5.544190391261e-02
 5.458941277508e+04  1.433114500000e+01  5.556543730389e-02
 5.458941720042e+04  1.436479400000e+01  5.570813226013e-02
 5.459627384472e+04  1.465555500000e+01  5.777950486348e-02
 5.459628148237e+04  1.470194600000e+01  5.802948495523e-02
 5.459628918681e+04  1.470680700000e+01  5.803272702033e-02
 5.459629689020e+04  1.472034100000e+01  5.809582666403e-02
 5.474610908237e+04  1.385424300000e+01  5.373983273939e-02
 5.474611391363e+04  1.386886200000e+01  5.380468773288e-02
 5.474611877522e+04  1.388628800000e+01  5.386842878676e-02
 5.474612356457e+04  1.393102400000e+01  5.401797273361e-02
 5.471819226159e+04  1.399955100000e+01  5.451323229667e-02
 5.494745106773e+04  1.421496800000e+01  5.519972922126e-02
 5.494745590976e+04  1.423623800000e+01  5.528724679402e-02
 5.494746075179e+04  1.425791400000e+01  5.538506982772e-02
 5.494746555366e+04  1.428428800000e+01  5.550375485622e-02
 5.487550443395e+04  1.402893100000e+01  5.521493607627e-02
 5.487550979336e+04  1.408780100000e+01  5.545106502677e-02
 5.487551524559e+04  1.410162800000e+01  5.550245789810e-02
 5.487552066230e+04  1.413374400000e+01  5.562747750632e-02
 5.485153652388e+04  1.476349100000e+01  5.903110237823e-02
 5.485154234951e+04  1.480695700000e+01  5.929887429289e-02
 5.485154827920e+04  1.473732000000e+01  5.903058969499e-02
 5.485155416087e+04  1.478883100000e+01  5.977866773690e-02
 5.504322571738e+04  1.436252600000e+01  5.824198656231e-02
 5.504323169792e+04  1.440222100000e+01  5.849737354999e-02
 5.504323771338e+04  1.440287800000e+01  5.851402136059e-02
 5.504324348779e+04  1.445760700000e+01  5.885398807042e-02
 5.489146239457e+04  1.463588100000e+01  5.685573971335e-02
 5.489147009600e+04  1.436604400000e+01  5.559615827736e-02
 5.489147805576e+04  1.415359400000e+01  5.474143284465e-02
 5.489148589655e+04  1.396173000000e+01  5.406744166885e-02
 5.491240193715e+04  1.463738200000e+01  5.777403317250e-02
 5.492037785222e+04  1.478795800000e+01  5.773081760785e-02
 5.492038579454e+04  1.480323900000e+01  5.807123019911e-02
 5.492039373000e+04  1.482469200000e+01  5.816366115276e-02
 5.492040167034e+04  1.486729900000e+01  5.838107901304e-02
 5.496644965374e+04  1.487886300000e+01  5.870576482292e-02
 5.496645736465e+04  1.485974500000e+01  5.861352956734e-02
 5.496646531937e+04  1.491123900000e+01  5.897628018850e-02
 5.496647324279e+04  1.488666400000e+01  5.882779362699e-02
 5.497938098674e+04  1.484045600000e+01  5.838999642386e-02
 5.497938580378e+04  1.486264000000e+01  5.855762070395e-02
 5.497939066063e+04  1.486035600000e+01  5.857099288319e-02
 5.497939553448e+04  1.483953100000e+01  5.842148363781e-02
 5.509514572338e+04  1.479011900000e+01  5.864234165168e-02
 5.509515124868e+04  1.477325700000e+01  5.857119446569e-02
 5.509515679019e+04  1.479704000000e+01  5.876517334881e-02
 5.509516215920e+04  1.479553500000e+01  5.879926750214e-02
 5.510209390054e+04  1.386668600000e+01  5.580822990844e-02
 5.510209786637e+04  1.386306100000e+01  5.581185976123e-02
 5.510210181957e+04  1.383746500000e+01  5.569576126111e-02
 5.510210579645e+04  1.385081300000e+01  5.577625464662e-02
 5.529639848422e+04  1.473598500000e+01  5.764708780476e-02
 5.529640419713e+04  1.474885900000e+01  5.771762061608e-02
 5.529641001012e+04  1.474413800000e+01  5.768779629322e-02
 5.529641574292e+04  1.476852900000e+01  5.782730766229e-02
 5.535230395480e+04  1.476869200000e+01  5.565684615355e-02
 5.535231211306e+04  1.481509800000e+01  5.587899367612e-02
 5.535232030897e+04  1.480508600000e+01  5.582182783763e-02
 5.535232849244e+04  1.479993800000e+01  5.581090591088e-02
 5.536529818098e+04  1.478809800000e+01  5.797021035052e-02
 5.536530273056e+04  1.477208500000e+01  5.790390894094e-02
 5.536530730313e+04  1.478944400000e+01  5.799219607932e-02
 5.536531191528e+04  1.475746300000e+01  5.780168468453e-02
 5.528040863422e+04  1.480898200000e+01  5.824324748843e-02
 5.528041553909e+04  1.480999900000e+01  5.822417668094e-02
 5.528042241616e+04  1.480168500000e+01  5.817730289705e-02
 5.528042937072e+04  1.479867800000e+01  5.813721063329e-02
 5.532027826667e+04  1.482531800000e+01  5.819730171382e-02
 5.532028405741e+04  1.479305700000e+01  5.798682051465e-02
 5.532028983061e+04  1.482609600000e+01  5.816949431389e-02
 5.532029564690e+04  1.478724400000e+01  5.794155377388e-02
 5.532030148017e+04  1.478735400000e+01  5.793430091149e-02
 5.532927386186e+04  1.391823100000e+01  5.409089615532e-02
 5.532928070260e+04  1.396723600000e+01  5.434375561776e-02
 5.532928762682e+04  1.398868800000e+01  5.457066617843e-02
 5.532929446709e+04  1.403251400000e+01  5.450892500708e-02
 5.534030175241e+04  1.452869500000e+01  5.660025403098e-02
 5.534030687057e+04  1.453706700000e+01  5.664103085810e-02
 5.534031202302e+04  1.456382100000e+01  5.674027279130e-02
 5.534031716193e+04  1.457370200000e+01  5.680769202364e-02
 5.545415990953e+04  1.456757600000e+01  5.690718123582e-02
 5.545417488529e+04  1.460223100000e+01  5.717449002152e-02
 5.545418229193e+04  1.463002200000e+01  5.734260295904e-02
 5.567730153233e+04  1.480832800000e+01  5.894362558353e-02
 5.567730845712e+04  1.480437800000e+01  5.890042756545e-02
 5.567731542174e+04  1.477515800000e+01  5.860502994937e-02
 5.567732233376e+04  1.473993600000e+01  5.836018460641e-02
 5.571326985000e+04  1.421358600000e+01  5.637616623972e-02
 5.571327492053e+04  1.426889200000e+01  5.733241796460e-02
 5.571328009891e+04  1.424909300000e+01  5.660468085525e-02
 5.571328520543e+04  1.427872600000e+01  5.642912115649e-02
 5.562952472606e+04  1.448544500000e+01  6.154844626750e-02
 5.562952634976e+04  1.449225600000e+01  6.157521998766e-02
 5.562952795377e+04  1.447172500000e+01  6.141838112308e-02
 5.562952963950e+04  1.450358700000e+01  6.162828991203e-02
 5.564841783624e+04  1.476880600000e+01  5.827850369516e-02
 5.564842636722e+04  1.480038400000e+01  5.844927034524e-02
 5.564843499881e+04  1.481059100000e+01  5.850488793707e-02
 5.564844359231e+04  1.484727300000e+01  5.870811266626e-02
 5.568832699449e+04  1.445300100000e+01  5.677375567569e-02
 5.568833282418e+04  1.424638700000e+01  5.580511680247e-02
 5.568833856824e+04  1.412371900000e+01  5.527939638683e-02
 5.568834437053e+04  1.397812500000e+01  5.473136313974e-02
 5.570141428829e+04  1.436902300000e+01  5.633121975098e-02
 5.570142106631e+04  1.440274700000e+01  5.651347022094e-02
 5.570142792488e+04  1.442584300000e+01  5.661439317643e-02
 5.570143475207e+04  1.444717500000e+01  5.674237263496e-02
 5.438709928212e+04  1.429486300000e+01  5.771747474222e-02
 5.438710442821e+04  1.434655400000e+01  5.806787361381e-02
 5.438710957337e+04  1.434656600000e+01  5.809198031077e-02
 5.438711471309e+04  1.436956400000e+01  5.825552587878e-02
 5.491242251089e+04  1.466360100000e+01  5.734807509016e-02
 5.491242731046e+04  1.468556100000e+01  5.809122059929e-02
 5.491243226916e+04  1.468469100000e+01  5.823896204234e-02
 5.491243935714e+04  1.467243600000e+01  7.215324922337e-02
 5.582212340917e+04  1.476639500000e+01  5.770355627284e-02
 5.582213104483e+04  1.476841100000e+01  5.782802963481e-02
 5.582213820072e+04  1.477613100000e+01  5.788287076642e-02
 5.582214511356e+04  1.478843400000e+01  5.798542326186e-02
 5.600843582079e+04  1.481383000000e+01  5.819456156499e-02
 5.600844321281e+04  1.480842300000e+01  5.815381058235e-02
 5.600845069054e+04  1.480628800000e+01  5.857762334619e-02
 5.600845810237e+04  1.480155800000e+01  5.836387911523e-02
 5.601944888497e+04  1.486402200000e+01  5.859305066650e-02
 5.601945779906e+04  1.488917800000e+01  5.872426530453e-02
 5.601946685104e+04  1.487986200000e+01  5.866365754045e-02
 5.601947596760e+04  1.481787300000e+01  5.828904036608e-02
 5.604139444859e+04  1.446638100000e+01  5.661027800356e-02
 5.604139952753e+04  1.447380100000e+01  5.663951614499e-02
 5.604140461169e+04  1.448641300000e+01  5.668378147617e-02
 5.604140963486e+04  1.450426600000e+01  5.675556966015e-02
 5.604728158586e+04  1.479796900000e+01  5.856773753669e-02
 5.604728736659e+04  1.479139700000e+01  5.850737132483e-02
 5.604729316282e+04  1.479454900000e+01  5.850445568497e-02
 5.604729884887e+04  1.477957400000e+01  5.841796262563e-02
 5.606340341462e+04  1.475063900000e+01  5.768553994910e-02
 5.606341019039e+04  1.476247000000e+01  5.777966834208e-02
 5.606341706396e+04  1.479444800000e+01  5.798592554973e-02
 5.606342390365e+04  1.481517600000e+01  5.811243926778e-02
 5.607234482157e+04  1.405248800000e+01  5.447930223305e-02
 5.607234988686e+04  1.408625700000e+01  5.460528517028e-02
 5.607235494399e+04  1.410815500000e+01  5.469260270609e-02
 5.607236000188e+04  1.414089900000e+01  5.482450604104e-02
 5.608835914676e+04  1.390461100000e+01  5.399636861891e-02
 5.608836417282e+04  1.393530900000e+01  5.410436477891e-02
 5.608836861192e+04  1.394979600000e+01  5.415873161059e-02
 5.608837312858e+04  1.397177000000e+01  5.423074253758e-02
 5.609329871559e+04  1.478303000000e+01  5.813379513469e-02
 5.609330719417e+04  1.480274400000e+01  5.834639252037e-02
 5.609331575469e+04  1.478356600000e+01  5.832013911010e-02
 5.609332422146e+04  1.480095600000e+01  5.849712170544e-02
 5.609924999722e+04  1.402634600000e+01  5.466095411520e-02
 5.609925856045e+04  1.406741400000e+01  5.483665832199e-02
 5.609926714995e+04  1.414197200000e+01  5.511961756517e-02
 5.609927567729e+04  1.416402900000e+01  5.520090352666e-02
 5.618812810325e+04  1.482649300000e+01  5.686484044663e-02
 5.618813286691e+04  1.485230200000e+01  5.699637298874e-02
 5.618813768811e+04  1.485709300000e+01  5.705841863612e-02
 5.618814253350e+04  1.492747900000e+01  5.741628289767e-02
 5.619414383330e+04  1.467179100000e+01  5.694108707931e-02
 5.619414727723e+04  1.472215300000e+01  5.694329794305e-02
 5.619415066212e+04  1.468783400000e+01  5.673546663819e-02
 5.619415410558e+04  1.469533600000e+01  5.681707233168e-02
 5.620909053149e+04  1.454014000000e+01  5.710549414190e-02
 5.620909559913e+04  1.456891700000e+01  5.728272552631e-02
 5.620910076073e+04  1.454656500000e+01  5.718157310060e-02
 5.620910584469e+04  1.456341600000e+01  5.726408218016e-02
