# time mag mag_err
 5.347032774554e+04  1.575173100000e+01  6.682007945147e-02
 5.347033592523e+04  1.573667100000e+01  6.667730011453e-02
 5.347034407552e+04  1.575909500000e+01  6.695615592135e-02
 5.347035220949e+04  1.574835400000e+01  6.688128685444e-02
 5.347920696693e+04  1.580992300000e+01  6.634261415914e-02
 5.347921521515e+04  1.588107700000e+01  6.721749607936e-02
 5.347922329970e+04  1.584902900000e+01  6.679981758925e-02
 5.347923141525e+04  1.583819300000e+01  6.658522294183e-02
 5.349029163328e+04  1.553909100000e+01  6.294640200710e-02
 5.349030091314e+04  1.557631700000e+01  6.335291612236e-02
 5.349031012853e+04  1.559023200000e+01  6.352038509840e-02
 5.349031933523e+04  1.561962900000e+01  6.380417700458e-02
 5.355821834294e+04  1.544566500000e+01  6.305144817381e-02
 5.355822367909e+04  1.545184200000e+01  6.318378153881e-02
 5.355822904521e+04  1.549957200000e+01  6.369739869838e-02
 5.355823440416e+04  1.550989200000e+01  6.383810228198e-02
 5.352729343171e+04  1.536178900000e+01  6.192152746255e-02
 5.352730224210e+04  1.538444000000e+01  6.215138785804e-02
 5.352731112345e+04  1.541721300000e+01  6.245827790325e-02
 5.352731999947e+04  1.543491400000e+01  6.266753288793e-02
 5.355120384597e+04  1.571951100000e+01  6.544969349273e-02
 5.355121194348e+04  1.573453200000e+01  6.563345266617e-02
 5.355121995049e+04  1.573272000000e+01  6.572157604820e-02
 5.355122802530e+04  1.573495100000e+01  6.576163793977e-02
 5.350625884528e+04  1.552312000000e+01  6.551016653824e-02
 5.350626651915e+04  1.555674800000e+01  6.541195780931e-02
 5.350627418968e+04  1.562010700000e+01  6.603656730778e-02
 5.350628190742e+04  1.563853800000e+01  6.623779746533e-02
 5.383422799890e+04  1.563558000000e+01  7.077266526936e-02
 5.383423526558e+04  1.565375800000e+01  7.093900378382e-02
 5.383424253446e+04  1.567768700000e+01  7.130697945779e-02
 5.383424987615e+04  1.570430800000e+01  7.161214122713e-02
 5.385130575572e+04  1.575058100000e+01  6.608536659325e-02
 5.385131335644e+04  1.572059800000e+01  6.547839072096e-02
 5.385132093922e+04  1.574052500000e+01  6.602751520458e-02
 5.385132851715e+04  1.573357800000e+01  6.599577796181e-02
 5.390233603469e+04  1.571916000000e+01  1.098622165141e-01
 5.390233703162e+04  1.576233500000e+01  1.180758288774e-01
 5.390233802171e+04  1.569363300000e+01  1.150370912630e-01
 5.390233905046e+04  1.577141700000e+01  1.189461406216e-01
 5.379740226125e+04  1.564500700000e+01  6.566539873533e-02
 5.379740922248e+04  1.545018400000e+01  6.524355787781e-02
 5.379741580580e+04  1.525503200000e+01  6.335688360198e-02
 5.379742273148e+04  1.509404500000e+01  6.129520553891e-02
 5.386031082933e+04  1.516205200000e+01  6.094029821738e-02
 5.386031729064e+04  1.518643100000e+01  6.113083803495e-02
 5.386032375786e+04  1.519333400000e+01  6.115065948299e-02
 5.386033026779e+04  1.522904000000e+01  6.144950675194e-02
 5.387436263059e+04  1.556416100000e+01  1.069912089201e-01
 5.387436336280e+04  1.563589600000e+01  1.096417023457e-01
 5.387436409015e+04  1.556254200000e+01  1.069868323409e-01
 5.387436482873e+04  1.559534900000e+01  1.081324030319e-01
 5.387925518664e+04  1.570026400000e+01  6.542281497574e-02
 5.387926274454e+04  1.551577800000e+01  6.358564681566e-02
 5.387927028462e+04  1.527063300000e+01  6.145637251234e-02
 5.387927781959e+04  1.510931200000e+01  6.025536768179e-02
 5.421326607741e+04  1.573455400000e+01  6.552283649105e-02
 5.421327572453e+04  1.573666500000e+01  6.557347549333e-02
 5.421328550013e+04  1.571783500000e+01  6.536546945271e-02
 5.421329540769e+04  1.571054800000e+01  6.532753112620e-02
 5.414145987977e+04  1.544181600000e+01  7.191528328043e-02
 5.414146531071e+04  1.529641800000e+01  7.158146313443e-02
 5.414147070287e+04  1.556174600000e+01  8.502424537322e-02
 5.414147610279e+04  1.595240300000e+01  1.247200899229e-01
 5.411643407264e+04  1.573207800000e+01  6.453197755405e-02
 5.411644062286e+04  1.574817500000e+01  6.469352734257e-02
 5.411644729378e+04  1.574075100000e+01  6.450227565991e-02
 5.411645415073e+04  1.576830100000e+01  6.479490637157e-02
 5.412846515119e+04  1.481062500000e+01  5.422418004576e-02
 5.412846959852e+04  1.480979600000e+01  5.421809142749e-02
 5.412847404065e+04  1.483240800000e+01  5.445760653077e-02
 5.412847847883e+04  1.484997800000e+01  5.444765019468e-02
 5.425625089359e+04  1.531171600000e+01  6.170515357965e-02
 5.425625839234e+04  1.532608200000e+01  6.184306627011e-02
 5.425626591632e+04  1.537354500000e+01  6.224635577152e-02
 5.425627347388e+04  1.539670700000e+01  6.254384579094e-02
 5.426822569509e+04  1.566429800000e+01  6.704245153753e-02
 5.426823427538e+04  1.569484300000e+01  6.726359757956e-02
 5.426824283750e+04  1.566731300000e+01  6.654914753664e-02
 5.426825140494e+04  1.571814000000e+01  6.758974830763e-02
 5.427822320863e+04  1.581258800000e+01  6.698108439704e-02
 5.427822963639e+04  1.576307000000e+01  6.643311569893e-02
 5.427823605894e+04  1.567928200000e+01  6.560186333921e-02
 5.427824251203e+04  1.551065600000e+01  6.392765195096e-02
 5.417444091557e+04  1.546738300000e+01  6.208387743632e-02
 5.417444686529e+04  1.545300500000e+01  6.198098847634e-02
 5.417445280354e+04  1.548222900000e+01  6.222059247903e-02
 5.417445875940e+04  1.548467100000e+01  6.224144255901e-02
 5.418528765816e+04  1.553383100000e+01  6.322660503972e-02
 5.418529807928e+04  1.558187800000e+01  6.362538228843e-02
 5.418530848247e+04  1.560343100000e+01  6.377784454847e-02
 5.418531891527e+04  1.561047700000e+01  6.384612139630e-02
 5.423519936258e+04  1.549980200000e+01  6.701782690493e-02
 5.423520370157e+04  1.552230900000e+01  6.619415891851e-02
 5.423520803189e+04  1.547223000000e+01  6.569184023994e-02
 5.423521236913e+04  1.553216000000e+01  6.500832823768e-02
 5.424524685933e+04  1.584738000000e+01  6.640271710879e-02
 5.424525610087e+04  1.583251500000e+01  6.660441296150e-02
 5.424526544196e+04  1.586162400000e+01  6.703341032287e-02
 5.424527463767e+04  1.582539200000e+01  6.654499951980e-02
 5.455923688282e+04  1.571766500000e+01  6.497744700032e-02
 5.455924343477e+04  1.571176700000e+01  6.489895787455e-02
 5.455924998741e+04  1.572958700000e+01  6.506518233771e-02
 5.455925645718e+04  1.574165100000e+01  6.514653381154e-02
 5.456438294234e+04  1.572777900000e+01  6.478823765943e-02
 5.456438984373e+04  1.569835900000e+01  6.448258961204e-02
 5.456439676618e+04  1.566776900000e+01  6.416625404606e-02
 5.456440369418e+04  1.574080400000e+01  6.492033383620e-02
 5.457123287837e+04  1.495922100000e+01  5.868701022972e-02
 5.457123884209e+04  1.497611400000e+01  5.879932578440e-02
 5.457124479215e+04  1.500960000000e+01  5.898785162759e-02
 5.457125072799e+04  1.506570600000e+01  5.932943959077e-02
 5.458333231936e+04  1.571245400000e+01  6.511902503977e-02
 5.458333908150e+04  1.572019700000e+01  6.532351482057e-02
 5.458334582582e+04  1.570474900000e+01  6.510424386473e-02
 5.458335258681e+04  1.573254600000e+01  6.544785202443e-02
 5.450342263578e+04  1.552746800000e+01  6.262358413924e-02
 5.451436698490e+04  1.577138300000e+01  6.551009801404e-02
 5.451437301321e+04  1.571714000000e+01  6.503300950503e-02
 5.451437908851e+04  1.572416300000e+01  6.496779777125e-02
 5.451438517156e+04  1.572542900000e+01  6.502276761209e-02
 5.448251224756e+04  1.574714300000e+01  6.507703808520e-02
 5.448251709988e+04  1.573251900000e+01  6.609464350172e-02
 5.448252193740e+04  1.573057400000e+01  6.600065103647e-02
 5.448252676378e+04  1.569334600000e+01  6.613239938546e-02
 5.464026950037e+04  1.522478300000e+01  6.128020120626e-02
 5.464027604178e+04  1.526234500000e+01  6.181202657456e-02
 5.464028256907e+04  1.526534200000e+01  6.196012625394e-02
 5.464028909370e+04  1.529037300000e+01  6.220741733607e-02
 5.452739291831e+04  1.578707500000e+01  6.499863365237e-02
 5.452740099522e+04  1.566532100000e+01  6.377548020616e-02
 5.452740909330e+04  1.541929900000e+01  6.160573955907e-02
 5.452741721743e+04  1.519182900000e+01  5.987887931122e-02
 5.453334939182e+04  1.564211900000e+01  6.376351457106e-02
 5.453335596715e+04  1.566424400000e+01  6.398337393725e-02
 5.453336256794e+04  1.566918400000e+01  6.400886012152e-02
 5.453336913887e+04  1.567939200000e+01  6.409070718381e-02
 5.458921306214e+04  1.481148600000e+01  5.771152802233e-02
 5.458922167345e+04  1.480589000000e+01  5.768097455618e-02
 5.458923027446e+04  1.483198700000e+01  5.782340010225e-02
 5.458923900834e+04  1.489302200000e+01  5.816565366197e-02
 5.459914387648e+04  1.542876000000e+01  6.733860866797e-02
 5.459914891111e+04  1.546019500000e+01  6.783973630681e-02
 5.459915397097e+04  1.544333400000e+01  6.758039249285e-02
 5.459915903245e+04  1.548195100000e+01  6.810383841757e-02
 5.492323713179e+04  1.575323900000e+01  6.505180551951e-02
 5.492324262479e+04  1.576855200000e+01  6.516232426681e-02
 5.492324804045e+04  1.581346200000e+01  6.560604811306e-02
 5.492325352465e+04  1.580348800000e+01  6.550466533874e-02
 5.488838012984e+04  1.506084500000e+01  5.947796735593e-02
 5.488838807190e+04  1.512627800000e+01  5.934883986831e-02
 5.488839588468e+04  1.514796700000e+01  5.967579932363e-02
 5.488840380961e+04  1.518040500000e+01  6.014099992889e-02
 5.500122543130e+04  1.545550400000e+01  6.277815217029e-02
 5.500123032148e+04  1.545789300000e+01  6.284840215354e-02
 5.500123514869e+04  1.546513200000e+01  6.296991601420e-02
 5.500123998310e+04  1.549584400000e+01  6.328308023487e-02
 5.490935872367e+04  1.581529600000e+01  6.517311149689e-02
 5.490937251903e+04  1.578750100000e+01  6.487271059887e-02
 5.490938625165e+04  1.573390700000e+01  6.432048847818e-02
 5.490940002606e+04  1.531244000000e+01  6.070829333492e-02
 5.491539065385e+04  1.572992200000e+01  7.194585197422e-02
 5.491539464178e+04  1.571893700000e+01  1.150290910295e-01
 5.491539861317e+04  1.571252900000e+01  7.187462915999e-02
 5.491540256071e+04  1.645435500000e+01  1.678406507569e-01
 5.491641726789e+04  1.569628500000e+01  6.466712660141e-02
 5.491642410238e+04  1.573820900000e+01  6.514471008729e-02
 5.491643099684e+04  1.570429300000e+01  6.488046748906e-02
 5.491643791722e+04  1.570684200000e+01  6.491435411353e-02
 5.496829006618e+04  1.547187200000e+01  6.362312878700e-02
 5.496829915369e+04  1.547114100000e+01  6.372317530141e-02
 5.496830830903e+04  1.550649800000e+01  6.418334827159e-02
 5.496831731964e+04  1.552700500000e+01  6.434030979174e-02
 5.498118664446e+04  1.546028100000e+01  6.491661922539e-02
 5.498119746885e+04  1.557160400000e+01  6.354743604087e-02
 5.529633058714e+04  1.571460000000e+01  6.468192222939e-02
 5.529633636117e+04  1.569667500000e+01  6.450038626772e-02
 5.529634210255e+04  1.573529200000e+01  6.487715053324e-02
 5.529634784640e+04  1.571157600000e+01  6.470247295536e-02
 5.527445216299e+04  1.491346700000e+01  5.850418581509e-02
 5.527445963563e+04  1.494030900000e+01  5.872274409215e-02
 5.527446718196e+04  1.498369500000e+01  5.908381608008e-02
 5.527447478988e+04  1.504115600000e+01  5.947493614584e-02
 5.528031868563e+04  1.563311300000e+01  6.437614543622e-02
 5.528032551953e+04  1.565088900000e+01  6.454295854870e-02
 5.528033233850e+04  1.566303300000e+01  6.465835031041e-02
 5.528033923659e+04  1.566104500000e+01  6.459221804808e-02
 5.532831143760e+04  1.573629600000e+01  6.520669575336e-02
 5.532831889471e+04  1.574151300000e+01  6.526362298195e-02
 5.532832641190e+04  1.572273600000e+01  6.503288063240e-02
 5.532833395743e+04  1.573382400000e+01  6.520268580871e-02
 5.533914797575e+04  1.575255400000e+01  7.074561920928e-02
 5.533915334419e+04  1.574743900000e+01  7.057818710349e-02
 5.533915877527e+04  1.572736200000e+01  7.026880953984e-02
 5.533916414440e+04  1.573454400000e+01  7.031271198274e-02
 5.565733656941e+04  1.569348200000e+01  6.565625608125e-02
 5.565734161654e+04  1.573048400000e+01  6.618323398798e-02
 5.565734678348e+04  1.574726300000e+01  6.613119557178e-02
 5.565735193385e+04  1.571831500000e+01  7.157248441831e-02
 5.567629083008e+04  1.569245900000e+01  6.824234432805e-02
 5.567629592375e+04  1.571489300000e+01  7.231834360887e-02
 5.567630104125e+04  1.574624700000e+01  7.670985961976e-02
 5.567630622325e+04  1.577587400000e+01  7.252870415191e-02
 5.561750868691e+04  1.558909700000e+01  6.382951087767e-02
 5.561751741237e+04  1.561339700000e+01  6.405646379414e-02
 5.561752619791e+04  1.565147200000e+01  6.450262962328e-02
 5.561753489652e+04  1.570058700000e+01  6.497154147348e-02
 5.562936681882e+04  1.561942600000e+01  6.460708252519e-02
 5.562937480163e+04  1.563908500000e+01  6.458689193533e-02
 5.562938229322e+04  1.564527700000e+01  6.464053191092e-02
 5.562938982266e+04  1.567413900000e+01  6.491787809612e-02
 5.563628239670e+04  1.579747500000e+01  7.292049412088e-02
 5.563628836841e+04  1.584225700000e+01  7.357327830467e-02
 5.563629442140e+04  1.577081900000e+01  7.260745099494e-02
 5.563630049427e+04  1.564695300000e+01  7.072669634443e-02
 5.564727689503e+04  1.536515700000e+01  6.259948309714e-02
 5.564728262138e+04  1.540383900000e+01  6.287737736047e-02
 5.564728839771e+04  1.539936400000e+01  6.284180814494e-02
 5.564729415950e+04  1.538629000000e+01  6.265988686562e-02
 5.569335853909e+04  1.578102200000e+01  6.919390648450e-02
 5.569336685943e+04  1.574892100000e+01  6.881702796946e-02
 5.569337573987e+04  1.570825200000e+01  6.816210936156e-02
 5.569338416078e+04  1.572194600000e+01  6.841303540681e-02
 5.570830193794e+04  1.568951700000e+01  6.547236736221e-02
 5.570831106029e+04  1.571713300000e+01  6.580574071901e-02
 5.570832041610e+04  1.575411000000e+01  6.630395569890e-02
 5.570832975663e+04  1.581024200000e+01  6.693551634064e-02
 5.450343152950e+04  1.553591700000e+01  6.267379522631e-02
 5.450343859860e+04  1.553887700000e+01  6.269651422299e-02
 5.450344564490e+04  1.558258600000e+01  6.306494741036e-02
 5.450345267847e+04  1.554506400000e+01  6.276146436983e-02
 5.598136783983e+04  1.529126700000e+01  6.111894413285e-02
 5.598137520426e+04  1.531197700000e+01  6.124349890377e-02
 5.598138257384e+04  1.534372600000e+01  6.147274093935e-02
 5.598139008411e+04  1.535859600000e+01  6.158008714230e-02
 5.598738131060e+04  1.585596300000e+01  6.807320205033e-02
 5.598738757968e+04  1.579401800000e+01  6.715580202359e-02
 5.598739379469e+04  1.577861400000e+01  6.683707638219e-02
 5.598740002753e+04  1.565025600000e+01  6.533148309751e-02
 5.600941034514e+04  1.570791700000e+01  6.188286693114e-02
 5.600941850564e+04  1.570596300000e+01  6.187083138952e-02
 5.600942669586e+04  1.573234000000e+01  6.211497018526e-02
 5.600943487710e+04  1.571581400000e+01  6.202524004530e-02
 5.601537507122e+04  1.539073800000e+01  6.196077621967e-02
 5.601538300650e+04  1.542745800000e+01  6.228837411857e-02
 5.601539097311e+04  1.543240000000e+01  6.232879625446e-02
 5.601539896663e+04  1.545612800000e+01  6.257946307457e-02
 5.603630454778e+04  1.568914400000e+01  6.510910229113e-02
 5.603630903133e+04  1.561005300000e+01  6.431263398021e-02
 5.603631355912e+04  1.548119700000e+01  6.318563708181e-02
 5.603631807324e+04  1.529325600000e+01  6.219650812378e-02
 5.603937878241e+04  1.581534700000e+01  6.666601998267e-02
 5.603938546838e+04  1.579778500000e+01  6.646356510139e-02
 5.603939224664e+04  1.571868800000e+01  6.567631554342e-02
 5.603939901632e+04  1.559150000000e+01  6.440386859499e-02
 5.606331771868e+04  1.554147500000e+01  6.308909125372e-02
 5.606332445782e+04  1.557242000000e+01  6.333937141548e-02
 5.606333121963e+04  1.559231500000e+01  6.358890589239e-02
 5.606333799326e+04  1.560285200000e+01  6.372432076528e-02
 5.607120142868e+04  1.574317100000e+01  6.198686018595e-02
 5.607120896406e+04  1.574481000000e+01  6.199231494328e-02
 5.607121657207e+04  1.575410300000e+01  6.202002179692e-02
 5.607122410984e+04  1.570695800000e+01  6.164391768131e-02
 5.608820039958e+04  1.571804900000e+01  6.473171023022e-02
 5.608820543328e+04  1.571235100000e+01  6.472822462909e-02
 5.608821054338e+04  1.571871500000e+01  6.477399823135e-02
 5.608821562627e+04  1.571483100000e+01  6.466621815502e-02
 5.609625077550e+04  1.552351000000e+01  6.324950496673e-02
 5.609625927904e+04  1.549422300000e+01  6.300098979173e-02
 5.609626709190e+04  1.553008600000e+01  6.335467954272e-02
 5.609627490125e+04  1.558051000000e+01  6.383884556017e-02
