# time mag mag_err
 5.355229479385e+04  1.562920000000e+01  5.946546943959e-02
 5.355230556649e+04  1.564819900000e+01  5.976608550247e-02
 5.355231629642e+04  1.566104100000e+01  5.978176983809e-02
 5.355232708042e+04  1.566937700000e+01  6.325580964628e-02
 5.352626419302e+04  1.587599600000e+01  6.782316295531e-02
 5.352627296638e+04  1.588546300000e+01  6.791633755213e-02
 5.352628123230e+04  1.588698800000e+01  6.793627797824e-02
 5.352628945678e+04  1.590137200000e+01  6.812750810235e-02
 5.353427420211e+04  1.593577400000e+01  6.845085380754e-02
 5.353428402516e+04  1.595108500000e+01  6.863375251633e-02
 5.353429388213e+04  1.600687200000e+01  6.939035606977e-02
 5.353430367150e+04  1.597815000000e+01  6.902230500532e-02
 5.383429480558e+04  1.581256600000e+01  7.471620145198e-02
 5.383430257066e+04  1.581148400000e+01  7.461329691590e-02
 5.383431034212e+04  1.586918900000e+01  7.548547259961e-02
 5.383431804678e+04  1.585625500000e+01  7.523220927535e-02
 5.384832401659e+04  1.581284300000e+01  6.774082459914e-02
 5.384833117597e+04  1.583563100000e+01  6.801480805945e-02
 5.384833842714e+04  1.586707900000e+01  6.837164172961e-02
 5.384834571303e+04  1.583804900000e+01  6.804249095558e-02
 5.385440944814e+04  1.580685700000e+01  6.807838191499e-02
 5.385441597624e+04  1.581001100000e+01  6.810334809087e-02
 5.385442248490e+04  1.579525800000e+01  6.793090376525e-02
 5.385442903881e+04  1.578084500000e+01  6.777892017044e-02
 5.385530547638e+04  1.593986300000e+01  6.949638462482e-02
 5.385531320465e+04  1.589180400000e+01  6.889371686665e-02
 5.385532108375e+04  1.579844600000e+01  6.773811027794e-02
 5.385532934052e+04  1.567248700000e+01  6.624941889279e-02
 5.390039468699e+04  1.580157100000e+01  1.314057956290e-01
 5.390039569110e+04  1.577003300000e+01  1.278726266363e-01
 5.390039669890e+04  1.564578100000e+01  1.236503314323e-01
 5.390039769594e+04  1.584213800000e+01  1.438423831070e-01
 5.379644072044e+04  1.587639000000e+01  6.794751723097e-02
 5.379644819326e+04  1.589140500000e+01  6.812573794224e-02
 5.379645568738e+04  1.588618100000e+01  6.804492395406e-02
 5.379646318730e+04  1.590880400000e+01  6.834156981901e-02
 5.386234914295e+04  1.578768000000e+01  6.754445265347e-02
 5.386235804872e+04  1.579655300000e+01  6.731086737726e-02
 5.386236645804e+04  1.577067400000e+01  6.739261095918e-02
 5.386237458183e+04  1.580211200000e+01  6.775543984741e-02
 5.388337811887e+04  1.595662600000e+01  6.980480427000e-02
 5.388338535013e+04  1.595859800000e+01  6.986704826843e-02
 5.388339256044e+04  1.601630000000e+01  7.064847751048e-02
 5.388339975373e+04  1.601704300000e+01  7.071236246532e-02
 5.399413269829e+04  1.556760500000e+01  6.343395106185e-02
 5.399413749899e+04  1.554175100000e+01  6.324642700091e-02
 5.399414231926e+04  1.552561700000e+01  6.312307245619e-02
 5.399414713523e+04  1.551694100000e+01  6.307394831469e-02
 5.400311751869e+04  1.587928600000e+01  6.707024207126e-02
 5.400312384944e+04  1.590820800000e+01  6.745917029089e-02
 5.400313019790e+04  1.589378200000e+01  6.729381254628e-02
 5.400313656860e+04  1.588177300000e+01  6.721522499463e-02
 5.415735224825e+04  1.560221200000e+01  6.444655843180e-02
 5.415736208463e+04  1.556890100000e+01  6.405179134382e-02
 5.415737186289e+04  1.553938600000e+01  6.373902856734e-02
 5.415738164162e+04  1.544706900000e+01  6.279880247336e-02
 5.429528712903e+04  1.589743900000e+01  6.933812566649e-02
 5.429529261425e+04  1.589700600000e+01  6.973714268742e-02
 5.429529809265e+04  1.585958400000e+01  6.909229297690e-02
 5.429530357185e+04  1.586313100000e+01  6.921469446663e-02
 5.426129541628e+04  1.554133300000e+01  6.405371486728e-02
 5.426130296816e+04  1.550742200000e+01  6.375439985556e-02
 5.426131051137e+04  1.544437000000e+01  6.315256750477e-02
 5.426131805826e+04  1.541490400000e+01  6.291780172777e-02
 5.427330075997e+04  1.588442300000e+01  6.869625150066e-02
 5.427330738922e+04  1.588225800000e+01  6.877415235784e-02
 5.427331399350e+04  1.586072800000e+01  6.856705532727e-02
 5.427332061234e+04  1.588315100000e+01  6.888873982820e-02
 5.427928723377e+04  1.575177000000e+01  6.686168841992e-02
 5.427929388063e+04  1.580071400000e+01  6.741428350158e-02
 5.427930047784e+04  1.572281600000e+01  6.659870702249e-02
 5.427930709622e+04  1.574708500000e+01  6.689717065048e-02
 5.417737112633e+04  1.587908600000e+01  6.769853969265e-02
 5.417738226368e+04  1.585780600000e+01  6.732184574775e-02
 5.417739347455e+04  1.589387900000e+01  6.765592988653e-02
 5.417740469003e+04  1.590892100000e+01  6.769081738662e-02
 5.423142914247e+04  1.547306300000e+01  6.353788332351e-02
 5.423143568804e+04  1.550158400000e+01  6.384596259233e-02
 5.423144220341e+04  1.550451900000e+01  6.388691146562e-02
 5.423144870339e+04  1.551974600000e+01  6.407905108515e-02
 5.423936021868e+04  1.544909700000e+01  6.431635902806e-02
 5.423937014522e+04  1.548764000000e+01  6.469504791222e-02
 5.423937990867e+04  1.549875500000e+01  6.475702569218e-02
 5.423938958113e+04  1.551959700000e+01  6.502532659489e-02
 5.438508598432e+04  1.582081700000e+01  6.888311881436e-02
 5.438509082889e+04  1.582817300000e+01  6.905932290702e-02
 5.438509567751e+04  1.583073700000e+01  6.916712808733e-02
 5.438510053469e+04  1.582140300000e+01  6.905656291900e-02
 5.456843762189e+04  1.574174100000e+01  6.543049257491e-02
 5.456844461251e+04  1.573807000000e+01  6.541853735329e-02
 5.456845163220e+04  1.575480700000e+01  6.558438504945e-02
 5.456845855869e+04  1.575059500000e+01  6.552897351386e-02
 5.458543368253e+04  1.551716900000e+01  6.351947839142e-02
 5.458544024201e+04  1.552800200000e+01  6.364077505925e-02
 5.458544657346e+04  1.550836800000e+01  6.364673829211e-02
 5.458545227918e+04  1.664251400000e+01  2.669770390441e-01
 5.462736320579e+04  1.586988000000e+01  6.806139124181e-02
 5.462737198505e+04  1.592583500000e+01  6.855376120223e-02
 5.462738066997e+04  1.593503300000e+01  6.857485518521e-02
 5.462738940571e+04  1.590143900000e+01  6.866094465083e-02
 5.459627217983e+04  1.595860500000e+01  6.938943715393e-02
 5.459627984491e+04  1.586170100000e+01  6.815450643782e-02
 5.459628754598e+04  1.580301600000e+01  6.742065448837e-02
 5.459629521894e+04  1.569160600000e+01  6.610700638408e-02
 5.474809064579e+04  1.561663000000e+01  6.902483449175e-02
 5.474809793723e+04  1.560754700000e+01  6.905391376826e-02
 5.474810517522e+04  1.560141300000e+01  6.908320727114e-02
 5.474811264064e+04  1.562392100000e+01  6.944094925946e-02
 5.473310246105e+04  1.590700900000e+01  7.321830261866e-02
 5.473310831134e+04  1.587326000000e+01  7.278224069821e-02
 5.473311425076e+04  1.582783700000e+01  7.223323080275e-02
 5.473312009666e+04  1.588390200000e+01  7.311964811376e-02
 5.492341595141e+04  1.539598100000e+01  6.223496627897e-02
 5.492342092285e+04  1.538734300000e+01  6.215728992109e-02
 5.492342596801e+04  1.534609600000e+01  6.182128590187e-02
 5.492343108899e+04  1.537854800000e+01  6.209518840997e-02
 5.494341640582e+04  1.586842500000e+01  6.702012423107e-02
 5.494342189372e+04  1.587651100000e+01  6.712104617810e-02
 5.494342737225e+04  1.585955800000e+01  6.694966281345e-02
 5.494343286836e+04  1.589034500000e+01  6.730556116593e-02
 5.487548297582e+04  1.590401100000e+01  6.997331809349e-02
 5.487548791264e+04  1.587607000000e+01  6.958116716530e-02
 5.487549270316e+04  1.589612600000e+01  6.985199044435e-02
 5.487549762898e+04  1.587291600000e+01  6.953709147807e-02
 5.501728642478e+04  1.583349100000e+01  7.314907255893e-02
 5.501729388567e+04  1.583322200000e+01  7.324504629429e-02
 5.501730122308e+04  1.582677100000e+01  7.379189809758e-02
 5.501730860786e+04  1.586102300000e+01  7.405011386266e-02
 5.499828643875e+04  1.578992100000e+01  6.645820487226e-02
 5.499829343808e+04  1.583501000000e+01  6.688788651790e-02
 5.499830042014e+04  1.582711900000e+01  6.680593191928e-02
 5.499830740036e+04  1.586331400000e+01  6.726729018892e-02
 5.489145631730e+04  1.586431800000e+01  6.658353870709e-02
 5.489146426110e+04  1.586985100000e+01  6.652668174588e-02
 5.489147196762e+04  1.586499600000e+01  6.648994795892e-02
 5.489147991280e+04  1.590374400000e+01  6.688070215329e-02
 5.490649838506e+04  1.570496700000e+01  6.482698381890e-02
 5.490650352559e+04  1.570993800000e+01  6.490467200603e-02
 5.490650866219e+04  1.572946300000e+01  6.510722302405e-02
 5.490651380156e+04  1.574004500000e+01  6.522506853811e-02
 5.491341792404e+04  1.590530000000e+01  7.165330235600e-02
 5.491342455943e+04  1.587471800000e+01  6.916332508772e-02
 5.491343066797e+04  1.585713300000e+01  7.082334210713e-02
 5.491343670196e+04  1.584080600000e+01  6.914467284058e-02
 5.495538985796e+04  1.566742100000e+01  6.495284549385e-02
 5.495539719157e+04  1.567621400000e+01  6.506969007653e-02
 5.495540447284e+04  1.567247800000e+01  6.507916583523e-02
 5.495541173815e+04  1.571877600000e+01  6.554216184573e-02
 5.496542224605e+04  1.585376500000e+01  7.070032393318e-02
 5.496542877303e+04  1.589913300000e+01  7.144305621354e-02
 5.496543529813e+04  1.584993000000e+01  7.079898148603e-02
 5.496544191815e+04  1.588710300000e+01  7.140238186473e-02
 5.497932716265e+04  1.579235700000e+01  6.648203860702e-02
 5.497933449243e+04  1.579090300000e+01  6.653726915048e-02
 5.497934172462e+04  1.579393400000e+01  6.661471149982e-02
 5.497934897164e+04  1.582747000000e+01  6.700320967121e-02
 5.508914017604e+04  1.540303100000e+01  6.325923037350e-02
 5.508914493867e+04  1.538007400000e+01  6.443200427383e-02
 5.508914985838e+04  1.545422600000e+01  6.367446834396e-02
 5.508915476858e+04  1.551233700000e+01  6.446625019415e-02
 5.510409529662e+04  1.579945600000e+01  7.303395132429e-02
 5.510410021862e+04  1.584813200000e+01  7.389272507989e-02
 5.510410514968e+04  1.583915600000e+01  7.382873488403e-02
 5.510411012273e+04  1.582279900000e+01  7.362694729323e-02
 5.530044132492e+04  1.585340300000e+01  6.688537943366e-02
 5.530044926812e+04  1.586953500000e+01  6.708688086485e-02
 5.530045716238e+04  1.586876900000e+01  6.710097577335e-02
 5.530046529788e+04  1.588977700000e+01  6.736573954409e-02
 5.535331440071e+04  1.555290100000e+01  6.407193526468e-02
 5.535332070056e+04  1.553744100000e+01  6.395198834096e-02
 5.535332696711e+04  1.555825500000e+01  6.418857036615e-02
 5.535333328142e+04  1.559526600000e+01  6.455907809024e-02
 5.536618604420e+04  1.561669800000e+01  6.449413416933e-02
 5.536619125755e+04  1.561622700000e+01  6.451764210572e-02
 5.536619654659e+04  1.562988600000e+01  6.465974208715e-02
 5.536620192372e+04  1.565178300000e+01  6.488854692896e-02
 5.532638572000e+04  1.548986600000e+01  6.343142068978e-02
 5.532639319190e+04  1.551269000000e+01  6.361028434499e-02
 5.532640059701e+04  1.552208800000e+01  6.373078356643e-02
 5.532640815356e+04  1.554336000000e+01  6.390094471860e-02
 5.545713259838e+04  1.546975300000e+01  6.326130203038e-02
 5.545714736328e+04  1.544867200000e+01  6.320159844497e-02
 5.545715477973e+04  1.541807500000e+01  6.297615465082e-02
 5.565245726938e+04  1.581533900000e+01  6.731644275096e-02
 5.565246362902e+04  1.580838600000e+01  6.728181715845e-02
 5.565247001545e+04  1.580346400000e+01  6.721478826093e-02
 5.565247635431e+04  1.583663400000e+01  6.763245256279e-02
 5.565939859512e+04  1.596583900000e+01  6.924083758005e-02
 5.565940547625e+04  1.597627800000e+01  6.939368924973e-02
 5.565941334449e+04  1.597411000000e+01  6.934566482053e-02
 5.565942109780e+04  1.597949700000e+01  6.939518343807e-02
 5.567626448171e+04  1.580058400000e+01  7.176586511363e-02
 5.567627045956e+04  1.579608500000e+01  7.235311229984e-02
 5.567627659484e+04  1.580562700000e+01  7.432838848579e-02
 5.567628267296e+04  1.578949400000e+01  7.478326355673e-02
 5.567939711922e+04  1.583705800000e+01  6.762885368877e-02
 5.567940229795e+04  1.585126100000e+01  6.780992975784e-02
 5.567940750657e+04  1.583290500000e+01  6.757800990989e-02
 5.567941273310e+04  1.585229000000e+01  6.782287933404e-02
 5.568839776850e+04  1.566698800000e+01  6.618998432333e-02
 5.568840356115e+04  1.567120000000e+01  6.626895794240e-02
 5.568840930462e+04  1.567542600000e+01  6.633401340970e-02
 5.568841514542e+04  1.571728500000e+01  6.682795118250e-02
 5.585008862998e+04  1.591270600000e+01  7.506750901151e-02
 5.585009269384e+04  1.593232900000e+01  7.493123994760e-02
 5.585009631256e+04  1.589544200000e+01  7.438576984729e-02
 5.585009989770e+04  1.594872500000e+01  7.536464351385e-02
 5.601937144088e+04  1.591011500000e+01  6.340904032338e-02
 5.601938338374e+04  1.586335500000e+01  6.295160832137e-02
 5.601939523481e+04  1.589419300000e+01  6.323048728032e-02
 5.601940719071e+04  1.589399600000e+01  6.321631229662e-02
 5.606439193988e+04  1.566843500000e+01  6.497065275514e-02
 5.606439874571e+04  1.564076800000e+01  6.466185986582e-02
 5.606440551734e+04  1.566894500000e+01  6.493445527654e-02
 5.606441221872e+04  1.571517700000e+01  6.538982182824e-02
 5.607633872078e+04  1.596675400000e+01  7.111616093485e-02
 5.607634633671e+04  1.594916300000e+01  7.087866922930e-02
 5.607635402541e+04  1.600198500000e+01  7.163432802170e-02
 5.607636179609e+04  1.603400300000e+01  7.216185931671e-02
 5.618914515076e+04  1.570493300000e+01  6.658803008756e-02
 5.618914904532e+04  1.570927600000e+01  6.670871559728e-02
 5.618915301439e+04  1.574714700000e+01  6.716586083058e-02
 5.618915709007e+04  1.574110300000e+01  6.711837222022e-02
