# time mag mag_err
 5.352619844520e+04  1.497793100000e+01  5.941842282074e-02
 5.352620666458e+04  1.498148600000e+01  5.946715200666e-02
 5.352621484184e+04  1.498220600000e+01  5.949363489567e-02
 5.352622305233e+04  1.500249400000e+01  5.965302705154e-02
 5.353416372473e+04  1.496946000000e+01  5.929264786561e-02
 5.353417195721e+04  1.494613200000e+01  5.916413956906e-02
 5.353418011120e+04  1.493696700000e+01  5.911393937303e-02
 5.353418828661e+04  1.497928000000e+01  5.941763593742e-02
 5.383322798470e+04  1.496015800000e+01  6.112121675656e-02
 5.383323676407e+04  1.494486400000e+01  6.098660229081e-02
 5.383324548778e+04  1.497550000000e+01  6.121092882727e-02
 5.383325420557e+04  1.496611100000e+01  6.114458754259e-02
 5.385225596650e+04  1.484214700000e+01  5.882011268812e-02
 5.385226329326e+04  1.485265000000e+01  5.893149691322e-02
 5.385227057441e+04  1.488068200000e+01  5.910739570520e-02
 5.385227778519e+04  1.486024000000e+01  5.897494441102e-02
 5.374636253230e+04  1.478028900000e+01  5.940925878806e-02
 5.374636892937e+04  1.479572300000e+01  5.944062730612e-02
 5.374637536523e+04  1.479566400000e+01  5.938574282206e-02
 5.374638178291e+04  1.474928100000e+01  5.902958534055e-02
 5.375751871718e+04  1.472820900000e+01  5.781314046614e-02
 5.375752540906e+04  1.472999600000e+01  5.782242386806e-02
 5.375753205997e+04  1.470129000000e+01  5.765006416008e-02
 5.375753866076e+04  1.471594900000e+01  5.774609125419e-02
 5.388723250984e+04  1.483580300000e+01  5.917622686383e-02
 5.390228512649e+04  1.482176600000e+01  8.715558127451e-02
 5.390228611010e+04  1.480662400000e+01  8.703272843832e-02
 5.390228708654e+04  1.482957600000e+01  8.747558702884e-02
 5.390228807617e+04  1.479881300000e+01  8.721260800943e-02
 5.379634103412e+04  1.500122200000e+01  5.955864359952e-02
 5.379634969601e+04  1.499270700000e+01  5.948716480689e-02
 5.379635834736e+04  1.496000800000e+01  5.925799081989e-02
 5.379636712373e+04  1.493805700000e+01  5.913123602259e-02
 5.380333605108e+04  1.473660600000e+01  6.077629513017e-02
 5.380334294807e+04  1.476452400000e+01  6.096676286719e-02
 5.380334994228e+04  1.476636900000e+01  6.097974849918e-02
 5.380335711046e+04  1.476911500000e+01  6.101853076471e-02
 5.382323869988e+04  1.486947100000e+01  5.964406519613e-02
 5.382324731038e+04  1.488549800000e+01  5.963606673824e-02
 5.382325596775e+04  1.490647800000e+01  6.087378130484e-02
 5.382326460557e+04  1.491259800000e+01  6.168759937185e-02
 5.386120448696e+04  1.502173500000e+01  6.004933974191e-02
 5.386121189265e+04  1.503136700000e+01  6.011708951744e-02
 5.386121910447e+04  1.502057400000e+01  6.005541261725e-02
 5.386122617866e+04  1.501050200000e+01  5.999112771179e-02
 5.386631039399e+04  1.467416900000e+01  8.225046445317e-02
 5.386631112586e+04  1.471998400000e+01  8.293523310664e-02
 5.386631187797e+04  1.469131600000e+01  8.259962833809e-02
 5.386631263091e+04  1.465256900000e+01  8.182454744067e-02
 5.420929675132e+04  1.474544100000e+01  5.807679266753e-02
 5.420930481237e+04  1.475519500000e+01  5.780308886134e-02
 5.420931289287e+04  1.474856600000e+01  5.776734182053e-02
 5.420932097683e+04  1.473592800000e+01  5.798446548553e-02
 5.415629540797e+04  1.487581700000e+01  5.826265128622e-02
 5.415630406130e+04  1.489539200000e+01  5.836597896703e-02
 5.415631271786e+04  1.489444300000e+01  5.835666683361e-02
 5.415632139433e+04  1.488613500000e+01  5.828995918563e-02
 5.427216273612e+04  1.495353300000e+01  5.755042660287e-02
 5.427217061777e+04  1.490486300000e+01  5.728736692280e-02
 5.427217850520e+04  1.487984900000e+01  5.719847287963e-02
 5.427218642318e+04  1.485057100000e+01  5.708952977623e-02
 5.416931692928e+04  1.490456700000e+01  5.865736890128e-02
 5.416932733015e+04  1.490857300000e+01  5.836615259326e-02
 5.416933771620e+04  1.491575400000e+01  5.858676169341e-02
 5.416934830932e+04  1.494327300000e+01  5.871400831863e-02
 5.417624460596e+04  1.497910700000e+01  5.902630647051e-02
 5.417625222381e+04  1.497411200000e+01  5.897195115934e-02
 5.417625977766e+04  1.498636200000e+01  5.904062982273e-02
 5.417626734042e+04  1.499885900000e+01  5.910635136881e-02
 5.423230765652e+04  1.491169100000e+01  5.913531346466e-02
 5.423231416205e+04  1.491966800000e+01  5.921064282743e-02
 5.423232068240e+04  1.491720300000e+01  5.926347276220e-02
 5.423232722925e+04  1.492122100000e+01  5.930165165219e-02
 5.424520173579e+04  1.483083200000e+01  5.845299740481e-02
 5.424521118486e+04  1.483815000000e+01  5.852133272712e-02
 5.424522063580e+04  1.483060600000e+01  5.853021452130e-02
 5.424522987700e+04  1.483825100000e+01  5.858092412940e-02
 5.455925746856e+04  1.492817500000e+01  5.876911406146e-02
 5.455926144503e+04  1.492896900000e+01  5.877758522705e-02
 5.455926541213e+04  1.495318100000e+01  5.893802742697e-02
 5.455926935781e+04  1.493800600000e+01  5.882638901130e-02
 5.456634427637e+04  1.477425100000e+01  5.797493557570e-02
 5.456635246971e+04  1.477638800000e+01  5.800203913832e-02
 5.456636084513e+04  1.475004200000e+01  5.786546092678e-02
 5.456636923420e+04  1.474360800000e+01  5.784118353834e-02
 5.457119903491e+04  1.499851300000e+01  5.900766664159e-02
 5.457120587344e+04  1.499696400000e+01  5.897358931717e-02
 5.457121273211e+04  1.498685200000e+01  5.890142098760e-02
 5.457121961382e+04  1.496785700000e+01  5.892080143572e-02
 5.458423855054e+04  1.479741700000e+01  5.794560536416e-02
 5.458424402963e+04  1.478451800000e+01  5.787538165354e-02
 5.458424949669e+04  1.477637500000e+01  5.783679342438e-02
 5.458425488723e+04  1.477207800000e+01  5.778781045324e-02
 5.480745622365e+04  1.475836100000e+01  5.761190568500e-02
 5.480746173226e+04  1.477949600000e+01  5.771438372373e-02
 5.480746715926e+04  1.477649200000e+01  5.767468433040e-02
 5.480747258453e+04  1.478588400000e+01  5.793843716747e-02
 5.449940326654e+04  1.498957000000e+01  5.882578478769e-02
 5.449940874157e+04  1.497635500000e+01  5.872908009284e-02
 5.449941426801e+04  1.498883000000e+01  5.881991792232e-02
 5.449941977095e+04  1.497180600000e+01  5.870375833980e-02
 5.450734570829e+04  1.494348800000e+01  6.214913209021e-02
 5.450735326201e+04  1.493491800000e+01  6.091207611546e-02
 5.450736078659e+04  1.494576600000e+01  6.193972585590e-02
 5.450736830582e+04  1.494200500000e+01  6.055751611353e-02
 5.451429280412e+04  1.499281600000e+01  6.011461576335e-02
 5.451429878197e+04  1.502123600000e+01  6.013325341856e-02
 5.451430476977e+04  1.505453200000e+01  6.015114561111e-02
 5.451431076231e+04  1.504295500000e+01  5.980040506609e-02
 5.462623630288e+04  1.490066000000e+01  5.880262123826e-02
 5.462624361725e+04  1.486486900000e+01  5.863848681519e-02
 5.462625099088e+04  1.485371400000e+01  5.859986519304e-02
 5.462625834980e+04  1.482360800000e+01  5.846662218619e-02
 5.464020486150e+04  1.495021000000e+01  5.956889836699e-02
 5.464021138764e+04  1.494420200000e+01  5.957206610811e-02
 5.464021791794e+04  1.494145400000e+01  5.956789766896e-02
 5.464022448089e+04  1.494371700000e+01  5.970346465222e-02
 5.452729156640e+04  1.500805300000e+01  5.904667736182e-02
 5.452729813860e+04  1.500679200000e+01  5.902024709625e-02
 5.452730473013e+04  1.501860600000e+01  5.907228298353e-02
 5.452731129585e+04  1.499282700000e+01  5.889580125234e-02
 5.453250354189e+04  1.483650500000e+01  5.883416051604e-02
 5.453544954279e+04  1.476271400000e+01  5.761893669799e-02
 5.453545687035e+04  1.475923500000e+01  5.760767342017e-02
 5.453546421840e+04  1.473692800000e+01  5.749249306472e-02
 5.453547151575e+04  1.473621400000e+01  5.748920895646e-02
 5.454942687162e+04  1.498211000000e+01  6.077859643629e-02
 5.454943363422e+04  1.498900100000e+01  6.084311447741e-02
 5.454944043317e+04  1.499036000000e+01  6.088228260254e-02
 5.454944725851e+04  1.497760500000e+01  6.077423664963e-02
 5.459432770941e+04  1.481903800000e+01  5.809018728540e-02
 5.459433378066e+04  1.481290900000e+01  5.807751676750e-02
 5.459433985677e+04  1.480972300000e+01  5.809007438251e-02
 5.459434592096e+04  1.482692200000e+01  5.819230424814e-02
 5.478951679907e+04  1.474392300000e+01  6.043896344274e-02
 5.478952227771e+04  1.475252400000e+01  6.044523092351e-02
 5.478952773191e+04  1.474826900000e+01  6.040651919904e-02
 5.478953315232e+04  1.478723300000e+01  6.068863123986e-02
 5.492319191605e+04  1.493824000000e+01  5.874916193785e-02
 5.492319800756e+04  1.493181800000e+01  5.870366373318e-02
 5.492320393681e+04  1.491910700000e+01  5.861036750657e-02
 5.492320996177e+04  1.493063800000e+01  5.882311296169e-02
 5.494221454198e+04  1.482751000000e+01  5.794891506141e-02
 5.494221996899e+04  1.482292600000e+01  5.792397242260e-02
 5.494222548189e+04  1.483426400000e+01  5.797697126310e-02
 5.494223108542e+04  1.484405900000e+01  5.801443914207e-02
 5.518249613691e+04  1.474317600000e+01  5.747910232703e-02
 5.518250071354e+04  1.475061200000e+01  5.748717183621e-02
 5.518250537674e+04  1.472673000000e+01  5.734286519301e-02
 5.518251001921e+04  1.475060500000e+01  5.748349637961e-02
 5.488833299416e+04  1.472587200000e+01  5.717727365512e-02
 5.488834149042e+04  1.472464500000e+01  5.715478040671e-02
 5.488835004860e+04  1.474424200000e+01  5.725741255492e-02
 5.488835859959e+04  1.473046200000e+01  5.717823587947e-02
 5.486130339515e+04  1.488403600000e+01  5.832803930474e-02
 5.486131630782e+04  1.488197900000e+01  5.823735034050e-02
 5.486132938487e+04  1.490028900000e+01  5.830722432195e-02
 5.486134247013e+04  1.490373300000e+01  5.828737282697e-02
 5.490743201551e+04  1.477019700000e+01  5.758044989348e-02
 5.490743679874e+04  1.477620000000e+01  5.760539710781e-02
 5.490744151378e+04  1.474761200000e+01  5.746304659787e-02
 5.490744639238e+04  1.475250100000e+01  5.749845337705e-02
 5.491428760777e+04  1.472042900000e+01  5.730375228555e-02
 5.491429365449e+04  1.474007200000e+01  5.740903105725e-02
 5.491429983963e+04  1.471438400000e+01  5.727405293761e-02
 5.491430596738e+04  1.473076100000e+01  5.736954719232e-02
 5.495425466145e+04  1.504349600000e+01  6.088574955019e-02
 5.495427833777e+04  1.509185800000e+01  6.241540170782e-02
 5.496922479700e+04  1.479326000000e+01  5.843947265754e-02
 5.496923093344e+04  1.479437100000e+01  5.839952958158e-02
 5.496923699045e+04  1.477105000000e+01  5.815594616807e-02
 5.496924313117e+04  1.475272300000e+01  5.804733700995e-02
 5.498015707351e+04  1.496628400000e+01  5.943450689089e-02
 5.498016326941e+04  1.498996500000e+01  5.959861325710e-02
 5.498016944589e+04  1.500120300000e+01  5.961295873354e-02
 5.498017554539e+04  1.500223800000e+01  5.965150827246e-02
 5.529718391463e+04  1.503124700000e+01  5.956987655459e-02
 5.529719082416e+04  1.502712400000e+01  5.953441668520e-02
 5.529719775078e+04  1.504412100000e+01  5.962053772535e-02
 5.529720460272e+04  1.501481900000e+01  5.944087583557e-02
 5.524444046153e+04  1.487101500000e+01  5.842202926802e-02
 5.524444797231e+04  1.487783800000e+01  5.844370373764e-02
 5.524445548895e+04  1.489546000000e+01  5.854645698976e-02
 5.524446300670e+04  1.488277500000e+01  5.846539317563e-02
 5.535918275824e+04  1.471803200000e+01  5.821668842662e-02
 5.535918840317e+04  1.471255000000e+01  5.809374136461e-02
 5.535919413100e+04  1.471677800000e+01  5.810123224297e-02
 5.535919978523e+04  1.472422100000e+01  5.811525054675e-02
 5.536924723975e+04  1.487176000000e+01  5.878460638206e-02
 5.536925295419e+04  1.488179900000e+01  5.889784579988e-02
 5.536925874428e+04  1.490713000000e+01  5.909150855310e-02
 5.536926451715e+04  1.488679700000e+01  5.899288792457e-02
 5.526047162015e+04  1.484919900000e+01  5.843522822446e-02
 5.526047685385e+04  1.487501100000e+01  5.858143725960e-02
 5.526048198422e+04  1.489412000000e+01  5.872335235927e-02
 5.526048725428e+04  1.488565100000e+01  5.868154968170e-02
 5.527130787880e+04  1.498571000000e+01  5.901877477568e-02
 5.527131472402e+04  1.496495600000e+01  5.889959343293e-02
 5.527132167529e+04  1.494103700000e+01  5.875034846934e-02
 5.527132865733e+04  1.490878000000e+01  5.853617783954e-02
 5.528025605395e+04  1.485340700000e+01  5.859722993393e-02
 5.528026298416e+04  1.487539800000e+01  5.868793405413e-02
 5.528026981101e+04  1.489033700000e+01  5.879148567442e-02
 5.528027663553e+04  1.487931000000e+01  5.869748146547e-02
 5.532531659456e+04  1.482671900000e+01  5.831186122956e-02
 5.532532350803e+04  1.484083800000e+01  5.843171266915e-02
 5.532533041590e+04  1.485697400000e+01  5.856709764434e-02
 5.532533737796e+04  1.485771400000e+01  5.855537802157e-02
 5.533117894047e+04  1.504405200000e+01  6.359634663431e-02
 5.533118241657e+04  1.502873700000e+01  6.170045935039e-02
 5.533118594302e+04  1.496821200000e+01  6.565028477777e-02
 5.533118940444e+04  1.497784600000e+01  7.173437846204e-02
 5.533824330551e+04  1.479632800000e+01  5.800629943489e-02
 5.533825118613e+04  1.479319300000e+01  5.798054376367e-02
 5.533825918468e+04  1.479239100000e+01  5.801842845371e-02
 5.533826724052e+04  1.480549500000e+01  5.812262165072e-02
 5.568135285237e+04  1.496387800000e+01  5.971298172996e-02
 5.568136022486e+04  1.493866400000e+01  5.958847520341e-02
 5.568136784356e+04  1.495022300000e+01  5.968716982663e-02
 5.568137547694e+04  1.497174200000e+01  5.990236592788e-02
 5.562130890316e+04  1.486143900000e+01  5.856428292368e-02
 5.562131525118e+04  1.485027100000e+01  5.849696036491e-02
 5.562132159721e+04  1.487244100000e+01  5.862430949223e-02
 5.562132792324e+04  1.487288500000e+01  5.863125210474e-02
 5.565035353089e+04  1.486586300000e+01  5.740432952646e-02
 5.565036108299e+04  1.485702700000e+01  5.707828207918e-02
 5.565036854056e+04  1.484631900000e+01  5.702462418677e-02
 5.565037611236e+04  1.485763700000e+01  5.710616659577e-02
 5.388726499618e+04  1.476730900000e+01  5.882447759664e-02
 5.388727469978e+04  1.475720000000e+01  5.878562990889e-02
 5.388728445293e+04  1.475103900000e+01  5.879086700895e-02
 5.388729420295e+04  1.472662000000e+01  5.871731018211e-02
 5.588250605815e+04  1.476077200000e+01  5.796414949946e-02
 5.588250950740e+04  1.476554000000e+01  5.796910081067e-02
 5.588251292161e+04  1.476268700000e+01  5.792984428534e-02
 5.588251644551e+04  1.476465300000e+01  5.793543088569e-02
 5.593542751925e+04  1.497587400000e+01  5.903619180441e-02
 5.593543432583e+04  1.502055000000e+01  5.934192126080e-02
 5.593544108044e+04  1.501630600000e+01  5.926301799062e-02
 5.593544774767e+04  1.501067800000e+01  5.924079058536e-02
 5.597949865642e+04  1.480802800000e+01  5.811638860543e-02
 5.597950481775e+04  1.480932100000e+01  5.811703907955e-02
 5.597951106738e+04  1.479322700000e+01  5.805105777305e-02
 5.597951732522e+04  1.477918300000e+01  5.798625553894e-02
 5.598346566944e+04  1.489315600000e+01  5.861029386589e-02
 5.598347272237e+04  1.490298200000e+01  5.866324559771e-02
 5.598347973381e+04  1.491851800000e+01  5.878406643852e-02
 5.598348687177e+04  1.490671500000e+01  5.870983707097e-02
 5.600142656448e+04  1.494143400000e+01  5.887865261949e-02
 5.600143169168e+04  1.492744700000e+01  5.880291214278e-02
 5.600143685583e+04  1.495010000000e+01  5.895096029126e-02
 5.600144199591e+04  1.496984200000e+01  5.907910303691e-02
 5.600822767206e+04  1.495886600000e+01  5.727406548782e-02
 5.600823657005e+04  1.493587600000e+01  5.713756762773e-02
 5.600824537633e+04  1.495977600000e+01  5.724899544585e-02
 5.600825420146e+04  1.496792100000e+01  5.727547942863e-02
 5.601533541986e+04  1.479354600000e+01  5.808703989597e-02
 5.601534404473e+04  1.478763900000e+01  5.808263786564e-02
 5.601535268127e+04  1.477276200000e+01  5.798642790575e-02
 5.601536113041e+04  1.475229300000e+01  5.787608284637e-02
 5.603719082910e+04  1.487199600000e+01  5.909854754427e-02
 5.603719770328e+04  1.487843200000e+01  5.903389281044e-02
 5.603720446728e+04  1.488248600000e+01  5.898415982834e-02
 5.603721128330e+04  1.487180200000e+01  5.892833518058e-02
 5.606631838007e+04  1.496533200000e+01  5.888456565069e-02
 5.606632458271e+04  1.496047400000e+01  5.886768126665e-02
 5.606633079622e+04  1.494596100000e+01  5.879645883881e-02
 5.606633700441e+04  1.495830300000e+01  5.886841033276e-02
 5.609721255459e+04  1.493921600000e+01  5.746765198015e-02
 5.609721932404e+04  1.493358500000e+01  5.743071137546e-02
 5.609722609231e+04  1.493489300000e+01  5.746072631255e-02
 5.609723286802e+04  1.495621000000e+01  5.755325319022e-02
