# time mag mag_err
 5.370951668532e+04  1.537650500000e+01  6.254618485935e-02
 5.370952583463e+04  1.535782200000e+01  6.233014558307e-02
 5.370953501008e+04  1.537754100000e+01  6.246879709070e-02
 5.370954421286e+04  1.535752100000e+01  6.228768431955e-02
 5.373243579045e+04  1.529789600000e+01  6.240626898251e-02
 5.373244230617e+04  1.534428500000e+01  6.258323034962e-02
 5.373244895290e+04  1.533974100000e+01  6.237561922286e-02
 5.373245564375e+04  1.534087000000e+01  6.231849908766e-02
 5.355116246325e+04  1.534412500000e+01  6.300283369822e-02
 5.355116885187e+04  1.533937600000e+01  6.296987035098e-02
 5.355117527500e+04  1.539362300000e+01  6.356623150827e-02
 5.355118166050e+04  1.539484900000e+01  6.366636317068e-02
 5.349427319314e+04  1.537732000000e+01  6.278578146260e-02
 5.349429418052e+04  1.539241200000e+01  6.301464850395e-02
 5.349430253059e+04  1.538791900000e+01  6.298497229706e-02
 5.349431085138e+04  1.533882700000e+01  6.267710419954e-02
 5.352119764317e+04  1.531343400000e+01  6.306266411152e-02
 5.352120574137e+04  1.534081900000e+01  6.245392496892e-02
 5.352121384490e+04  1.537094700000e+01  6.424896296520e-02
 5.352122192863e+04  1.543894900000e+01  6.613940218958e-02
 5.383231744664e+04  1.534051900000e+01  6.466258564887e-02
 5.383232507723e+04  1.534442100000e+01  6.476144861466e-02
 5.383233275528e+04  1.530881300000e+01  6.440351895062e-02
 5.383234039964e+04  1.531244400000e+01  6.444100179458e-02
 5.407049213729e+04  1.536999500000e+01  6.192164080572e-02
 5.407049859501e+04  1.539368100000e+01  6.204923203565e-02
 5.407050516734e+04  1.538959200000e+01  6.198766641912e-02
 5.407051167831e+04  1.537743000000e+01  6.180530633559e-02
 5.377344584806e+04  1.498947000000e+01  5.968042963752e-02
 5.377345236273e+04  1.500584700000e+01  5.978470313039e-02
 5.377345891838e+04  1.500061700000e+01  5.976913027360e-02
 5.377346545493e+04  1.503593300000e+01  6.002440705486e-02
 5.378641339405e+04  1.464540700000e+01  5.740356888639e-02
 5.378641988037e+04  1.467004200000e+01  5.754573947980e-02
 5.378642643440e+04  1.468669900000e+01  5.765655479932e-02
 5.378643294826e+04  1.471774700000e+01  5.783255977116e-02
 5.374248281530e+04  1.536723500000e+01  6.227426483832e-02
 5.374249148182e+04  1.534536600000e+01  6.210130362958e-02
 5.374250011789e+04  1.538517800000e+01  6.239851835337e-02
 5.374250877388e+04  1.538124300000e+01  6.238152037867e-02
 5.375842928896e+04  1.489236100000e+01  5.898616736317e-02
 5.375843630944e+04  1.493589800000e+01  5.926156508268e-02
 5.375844337103e+04  1.494394600000e+01  5.931056496673e-02
 5.375845081631e+04  1.494232300000e+01  5.929053094994e-02
 5.390323014848e+04  1.510929000000e+01  9.708786496597e-02
 5.390323111219e+04  1.509731600000e+01  9.656116810732e-02
 5.390323209615e+04  1.517099600000e+01  9.947712643270e-02
 5.390323309064e+04  1.503792400000e+01  9.576785478914e-02
 5.390615918406e+04  1.473298500000e+01  5.908041050805e-02
 5.387325090909e+04  1.510977900000e+01  6.152100210384e-02
 5.387325625900e+04  1.513399300000e+01  6.178523369997e-02
 5.387326161957e+04  1.514376500000e+01  6.187782357549e-02
 5.387326697343e+04  1.514200200000e+01  6.192035120644e-02
 5.387919542568e+04  1.548239500000e+01  6.412463978296e-02
 5.387920089238e+04  1.548528300000e+01  6.414546830130e-02
 5.387920634880e+04  1.543579800000e+01  6.367974082851e-02
 5.387921179385e+04  1.541401700000e+01  6.349425793663e-02
 5.388620376273e+04  1.471210700000e+01  5.848049240998e-02
 5.388621285531e+04  1.476863800000e+01  5.888082681305e-02
 5.388622195079e+04  1.479460700000e+01  5.907493533416e-02
 5.388623104777e+04  1.482306000000e+01  5.931396446343e-02
 5.406649659103e+04  1.500719900000e+01  5.934094994623e-02
 5.406650717987e+04  1.500347900000e+01  5.928782559989e-02
 5.406651671484e+04  1.504117700000e+01  5.949931318551e-02
 5.419726183891e+04  1.461334900000e+01  5.710369761572e-02
 5.419726837280e+04  1.450995100000e+01  5.659234760536e-02
 5.419727486444e+04  1.447882200000e+01  5.643057607788e-02
 5.419728135539e+04  1.447328400000e+01  5.639551305804e-02
 5.443947298147e+04  1.522551800000e+01  6.106805019669e-02
 5.443947963563e+04  1.519854400000e+01  6.084087472012e-02
 5.443948619278e+04  1.524368800000e+01  6.110041250288e-02
 5.443949292957e+04  1.524787800000e+01  6.108568754472e-02
 5.426120119042e+04  1.532402300000e+01  6.248080749328e-02
 5.426120654566e+04  1.530659900000e+01  6.237306195094e-02
 5.426121188285e+04  1.531889000000e+01  6.247715150479e-02
 5.426121721344e+04  1.534375600000e+01  6.275263161184e-02
 5.422727723966e+04  1.471299800000e+01  5.784430934070e-02
 5.422728712546e+04  1.475433400000e+01  5.812716834142e-02
 5.422729696530e+04  1.480326600000e+01  5.846715678046e-02
 5.422730683697e+04  1.484075000000e+01  5.879994574828e-02
 5.424122615360e+04  1.525956200000e+01  6.203910300236e-02
 5.442252053677e+04  1.494919100000e+01  5.909130046108e-02
 5.442252218512e+04  1.493893100000e+01  5.902970786847e-02
 5.442252378485e+04  1.492086600000e+01  5.890326955188e-02
 5.442252541861e+04  1.494987300000e+01  5.904941636608e-02
 5.456723868796e+04  1.508781800000e+01  5.991753000582e-02
 5.456724479395e+04  1.512271300000e+01  6.013957119529e-02
 5.456725089853e+04  1.514991200000e+01  6.033186148836e-02
 5.456725703066e+04  1.513497300000e+01  6.020988679554e-02
 5.458028094641e+04  1.496328200000e+01  5.916471117336e-02
 5.458028742567e+04  1.498580100000e+01  5.930521935093e-02
 5.458029389081e+04  1.499182400000e+01  5.940425863912e-02
 5.458030033095e+04  1.503297900000e+01  5.969435129054e-02
 5.450546141875e+04  1.499868900000e+01  5.900807451122e-02
 5.450547015692e+04  1.501623000000e+01  5.913268557893e-02
 5.450547737198e+04  1.503207700000e+01  5.924117894161e-02
 5.450548459757e+04  1.502180500000e+01  5.919813590453e-02
 5.448042836593e+04  1.470577700000e+01  5.734969030458e-02
 5.448043603054e+04  1.472896900000e+01  5.745903094174e-02
 5.448044364781e+04  1.475604200000e+01  5.758630800222e-02
 5.448045138689e+04  1.480507500000e+01  5.785617329211e-02
 5.449549108663e+04  1.499232900000e+01  5.897077862690e-02
 5.449549774831e+04  1.500477200000e+01  5.906733570718e-02
 5.449550441623e+04  1.501660900000e+01  5.913918439568e-02
 5.449551106656e+04  1.505464900000e+01  5.937809636283e-02
 5.462416274773e+04  1.526748800000e+01  5.921201303227e-02
 5.462418000773e+04  1.529509500000e+01  5.947204401607e-02
 5.462418864543e+04  1.534613600000e+01  5.983027017743e-02
 5.453938348713e+04  1.538765500000e+01  6.172605538388e-02
 5.453939064825e+04  1.537492300000e+01  6.259660600973e-02
 5.453939778380e+04  1.535971600000e+01  6.250355588292e-02
 5.453940492536e+04  1.536312600000e+01  6.208724065258e-02
 5.459022311434e+04  1.489004600000e+01  5.878767774252e-02
 5.459022847097e+04  1.487814100000e+01  5.912053508240e-02
 5.459023380700e+04  1.492590300000e+01  5.923768586355e-02
 5.459023912891e+04  1.494107500000e+01  5.903342066066e-02
 5.459725951634e+04  1.529324800000e+01  6.220625731934e-02
 5.459726664471e+04  1.530062200000e+01  6.233509836055e-02
 5.459727375663e+04  1.529050800000e+01  6.240684986822e-02
 5.459728089437e+04  1.533843200000e+01  6.294494069865e-02
 5.480051492951e+04  1.524932200000e+01  6.069776746004e-02
 5.480051921561e+04  1.525482000000e+01  6.074680629694e-02
 5.480052346628e+04  1.525149100000e+01  6.069562293987e-02
 5.480052775735e+04  1.525467800000e+01  6.073496544574e-02
 5.492426828812e+04  1.517022000000e+01  6.052999947853e-02
 5.493821975404e+04  1.506924000000e+01  5.985481892067e-02
 5.493822451458e+04  1.506637100000e+01  5.983031987482e-02
 5.493822939667e+04  1.508753700000e+01  5.997609774007e-02
 5.493823419066e+04  1.510214200000e+01  6.005510119860e-02
 5.488143634891e+04  1.496253600000e+01  5.878804456107e-02
 5.488144450719e+04  1.499008600000e+01  5.895836796587e-02
 5.488145274013e+04  1.501842000000e+01  5.917454902670e-02
 5.488146091090e+04  1.504265100000e+01  5.933047453298e-02
 5.500619366734e+04  1.504602300000e+01  6.247257383633e-02
 5.500620361148e+04  1.504389600000e+01  6.258918574464e-02
 5.500620853524e+04  1.500618900000e+01  6.225300709996e-02
 5.490633271605e+04  1.483107500000e+01  5.788795803705e-02
 5.490633862110e+04  1.486535500000e+01  5.806670256080e-02
 5.490634449812e+04  1.484249600000e+01  5.805102593987e-02
 5.490635038395e+04  1.485178300000e+01  5.809856103530e-02
 5.496625224744e+04  1.500940500000e+01  5.976649927810e-02
 5.496626018094e+04  1.501099100000e+01  5.980060109249e-02
 5.496626812602e+04  1.500118800000e+01  5.976221547732e-02
 5.496627608257e+04  1.505468400000e+01  6.014907740468e-02
 5.497919639928e+04  1.447204100000e+01  5.659390209944e-02
 5.497920250007e+04  1.448896600000e+01  5.672034203905e-02
 5.497920857470e+04  1.452223300000e+01  5.688192996859e-02
 5.497921464618e+04  1.455410700000e+01  5.707663318254e-02
 5.516150360929e+04  1.520213800000e+01  6.120593869123e-02
 5.516150780881e+04  1.522088200000e+01  6.131170478304e-02
 5.516151200223e+04  1.519889900000e+01  6.107267899612e-02
 5.516151619666e+04  1.522669000000e+01  6.129786212130e-02
 5.553547428450e+04  1.481513000000e+01  5.631623201172e-02
 5.553548944292e+04  1.485612400000e+01  5.655131020019e-02
 5.553549698678e+04  1.487482200000e+01  5.650167482492e-02
 5.554547721556e+04  1.486062300000e+01  5.878532139023e-02
 5.554549347167e+04  1.490328000000e+01  5.896282372839e-02
 5.554550162255e+04  1.495183400000e+01  5.927269730275e-02
 5.524536942545e+04  1.539800000000e+01  6.265906281520e-02
 5.524537633507e+04  1.538811000000e+01  6.254963129052e-02
 5.524538330428e+04  1.528289100000e+01  6.165519116483e-02
 5.524539025833e+04  1.516637600000e+01  6.075478697487e-02
 5.526737156587e+04  1.488848400000e+01  5.874050198849e-02
 5.526737912699e+04  1.487373200000e+01  5.867346674514e-02
 5.526738683323e+04  1.489324900000e+01  5.879545222123e-02
 5.526739448685e+04  1.491849100000e+01  5.896609263047e-02
 5.533218608873e+04  1.473261100000e+01  5.782553418030e-02
 5.533219238142e+04  1.474919700000e+01  5.793637602318e-02
 5.533219874310e+04  1.476142700000e+01  5.803922025704e-02
 5.533220510951e+04  1.480521300000e+01  5.828652238938e-02
 5.566235947051e+04  1.536354300000e+01  6.045484544429e-02
 5.566236845314e+04  1.538032800000e+01  6.058964667334e-02
 5.566237740510e+04  1.538177000000e+01  6.063306078365e-02
 5.566238636506e+04  1.537819900000e+01  6.068114525708e-02
 5.567717853832e+04  1.521648700000e+01  6.210848581980e-02
 5.567718761620e+04  1.521907200000e+01  6.206222235713e-02
 5.567719678948e+04  1.525568400000e+01  6.235819854969e-02
 5.567720597064e+04  1.525345000000e+01  6.228086871024e-02
 5.558846712428e+04  1.480679700000e+01  5.840950737989e-02
 5.558847226825e+04  1.481027400000e+01  5.847518449821e-02
 5.558847749247e+04  1.479602100000e+01  5.839634287296e-02
 5.558848271236e+04  1.485392400000e+01  5.877768159278e-02
 5.568819889649e+04  1.466420300000e+01  5.809526070187e-02
 5.568820459260e+04  1.466170800000e+01  5.804882137639e-02
 5.568821030902e+04  1.470435800000e+01  5.830614710057e-02
 5.568821596300e+04  1.472535200000e+01  5.844888023631e-02
 5.346430011420e+04  1.530892000000e+01  6.148368251190e-02
 5.346430818683e+04  1.530209100000e+01  6.140132703183e-02
 5.346431638318e+04  1.532645700000e+01  6.161771843187e-02
 5.346432442630e+04  1.534922100000e+01  6.181968547512e-02
 5.390616396728e+04  1.473381500000e+01  5.905339416460e-02
 5.390617037767e+04  1.476726900000e+01  5.933362564457e-02
 5.390617677926e+04  1.481273300000e+01  5.965409519286e-02
 5.390618316812e+04  1.479117800000e+01  5.960077011546e-02
 5.424123522199e+04  1.529480500000e+01  6.244126248186e-02
 5.424124441388e+04  1.531475300000e+01  6.263895938219e-02
 5.424125363436e+04  1.530375800000e+01  6.259424573909e-02
 5.424126283726e+04  1.534406700000e+01  6.295979398336e-02
 5.492427203567e+04  1.511659400000e+01  6.016176539075e-02
 5.492427899563e+04  1.492248600000e+01  5.885171086469e-02
 5.492428575756e+04  1.478955500000e+01  5.806729619111e-02
 5.492429280550e+04  1.470215100000e+01  5.756977007175e-02
 5.588850196337e+04  1.513294700000e+01  6.065099183373e-02
 5.588850662066e+04  1.514918700000e+01  6.070348968686e-02
 5.588851125797e+04  1.517571600000e+01  6.085024095164e-02
 5.588851590682e+04  1.517298600000e+01  6.084283812330e-02
 5.592453404193e+04  1.469930200000e+01  5.758525364996e-02
 5.592453915064e+04  1.473341100000e+01  5.776602536539e-02
 5.592454425010e+04  1.474892900000e+01  5.784819393089e-02
 5.592454930510e+04  1.476396600000e+01  5.794462692343e-02
 5.595941828389e+04  1.461350100000e+01  5.700796238329e-02
 5.595942387653e+04  1.461504800000e+01  5.714373221265e-02
 5.595942960148e+04  1.465418800000e+01  5.734437342659e-02
 5.595943528175e+04  1.468315700000e+01  5.746520605632e-02
 5.600042106704e+04  1.542590100000e+01  6.295435075957e-02
 5.600042741081e+04  1.547134500000e+01  6.334753348693e-02
 5.600043387838e+04  1.547619000000e+01  6.346345483172e-02
 5.600044028648e+04  1.547217500000e+01  6.346754570441e-02
 5.600732276416e+04  1.542348100000e+01  6.030642459428e-02
 5.600733480289e+04  1.531010200000e+01  5.952175480112e-02
 5.600734687050e+04  1.511252600000e+01  5.824536704748e-02
 5.600735896809e+04  1.483882500000e+01  5.675569065578e-02
 5.601324939391e+04  1.523210700000e+01  6.176001045302e-02
 5.601325527258e+04  1.522784300000e+01  6.172064845393e-02
 5.601326114752e+04  1.524256700000e+01  6.178552899048e-02
 5.601326705082e+04  1.525083800000e+01  6.181414514836e-02
 5.604121680090e+04  1.500221100000e+01  5.997349522627e-02
 5.604122188378e+04  1.501190300000e+01  6.049355739059e-02
 5.604122692710e+04  1.501707100000e+01  6.029867026688e-02
 5.604123199809e+04  1.503503600000e+01  6.016894763880e-02
 5.604713372221e+04  1.536974600000e+01  6.294462156093e-02
 5.604714227289e+04  1.534137200000e+01  6.276690370953e-02
 5.604715085315e+04  1.536666200000e+01  6.292025553621e-02
 5.604715952378e+04  1.536458800000e+01  6.286080221445e-02
 5.606827448157e+04  1.536597200000e+01  6.243271207580e-02
 5.606828231027e+04  1.537393400000e+01  6.259583395094e-02
 5.606829024943e+04  1.539962300000e+01  6.293272182994e-02
 5.606829819881e+04  1.537285700000e+01  6.279271007525e-02
 5.607518493500e+04  1.537089000000e+01  6.405063665818e-02
 5.607519232161e+04  1.538938500000e+01  6.427447974571e-02
 5.607519978444e+04  1.537865800000e+01  6.420398021724e-02
 5.607520724928e+04  1.537697100000e+01  6.421068477987e-02
