# time mag mag_err
 5.346622757290e+04  1.508164100000e+01  5.943918099912e-02
 5.346623664338e+04  1.511344100000e+01  5.988287691488e-02
 5.346624581953e+04  1.514845200000e+01  6.011916957392e-02
 5.346625499220e+04  1.517314100000e+01  6.029407269229e-02
 5.372947387997e+04  1.514083400000e+01  6.043918936186e-02
 5.372948291248e+04  1.502633200000e+01  5.961408789934e-02
 5.372949201189e+04  1.491892200000e+01  5.889889832358e-02
 5.372950110458e+04  1.484019300000e+01  5.841530610206e-02
 5.352818914975e+04  1.484189900000e+01  5.885797721661e-02
 5.352819661146e+04  1.484011000000e+01  5.887401163997e-02
 5.352820412352e+04  1.483886500000e+01  5.892833518058e-02
 5.352821160294e+04  1.487409200000e+01  5.922423913107e-02
 5.349816305751e+04  1.559482300000e+01  6.435465459873e-02
 5.349816952832e+04  1.560394300000e+01  6.445264728976e-02
 5.349817606429e+04  1.560428100000e+01  6.447582560653e-02
 5.349818259020e+04  1.562024500000e+01  6.466767196751e-02
 5.352018258181e+04  1.544469000000e+01  6.707495538144e-02
 5.352018898618e+04  1.538688500000e+01  6.338634982571e-02
 5.352019856339e+04  1.538720500000e+01  6.597109419513e-02
 5.368649107736e+04  1.493249800000e+01  5.938630069814e-02
 5.368649759829e+04  1.494437900000e+01  5.943134841812e-02
 5.368650416863e+04  1.497384300000e+01  5.959102510445e-02
 5.368651065981e+04  1.497764300000e+01  5.959256965915e-02
 5.370446421872e+04  1.549349200000e+01  6.391608407692e-02
 5.370447067575e+04  1.551217900000e+01  6.403198549965e-02
 5.370447715108e+04  1.553259600000e+01  6.426878779371e-02
 5.370448360046e+04  1.554619800000e+01  6.459000384951e-02
 5.384323472832e+04  1.564373800000e+01  6.626473908941e-02
 5.384324284563e+04  1.562789300000e+01  6.612653144762e-02
 5.384325093909e+04  1.562376600000e+01  6.605887603594e-02
 5.384325900836e+04  1.561690200000e+01  6.601011194670e-02
 5.409251466712e+04  1.548921500000e+01  6.272164935980e-02
 5.409251949861e+04  1.554282800000e+01  6.316402785760e-02
 5.409252430962e+04  1.551329300000e+01  6.290201425061e-02
 5.409252913774e+04  1.554449100000e+01  6.315072245088e-02
 5.377237435381e+04  1.568658100000e+01  6.777384292398e-02
 5.377238136943e+04  1.564151400000e+01  6.526090453229e-02
 5.377238836040e+04  1.568376100000e+01  6.564726543323e-02
 5.377239540520e+04  1.560705700000e+01  6.474708333499e-02
 5.377438724824e+04  1.562278700000e+01  6.579727085366e-02
 5.377439464178e+04  1.555223200000e+01  6.427373905517e-02
 5.377440202803e+04  1.537377100000e+01  6.256122115271e-02
 5.377440941554e+04  1.524139400000e+01  6.149174654580e-02
 5.378738166569e+04  1.552413200000e+01  6.387969343840e-02
 5.378738762340e+04  1.551390400000e+01  6.380043105844e-02
 5.378739357243e+04  1.550068800000e+01  6.367508893178e-02
 5.378739954205e+04  1.550519100000e+01  6.373464376668e-02
 5.374340785042e+04  1.502435900000e+01  5.990201437373e-02
 5.374341330359e+04  1.495846100000e+01  5.945649973830e-02
 5.374341880351e+04  1.491353800000e+01  5.915386071952e-02
 5.374342426119e+04  1.485618400000e+01  5.877563883193e-02
 5.375834657999e+04  1.557522400000e+01  6.452030544102e-02
 5.375835307649e+04  1.559786700000e+01  6.472480177438e-02
 5.375835952356e+04  1.562348100000e+01  6.492966099293e-02
 5.375836597690e+04  1.561691100000e+01  6.488710523083e-02
 5.376540715763e+04  1.562910700000e+01  6.519329377410e-02
 5.376541420265e+04  1.560713700000e+01  6.498685445521e-02
 5.376542130509e+04  1.563954100000e+01  6.543695461592e-02
 5.376542834884e+04  1.563549700000e+01  6.534509795426e-02
 5.390519400019e+04  1.562152200000e+01  1.138185041149e-01
 5.390519505591e+04  1.547983300000e+01  1.081064152211e-01
 5.390519608501e+04  1.549536100000e+01  1.090154256955e-01
 5.390519712060e+04  1.551087800000e+01  1.097427330522e-01
 5.379732250729e+04  1.509768600000e+01  8.891010554302e-02
 5.379732273902e+04  1.509450600000e+01  8.876843414249e-02
 5.379732297062e+04  1.508565000000e+01  8.858065864930e-02
 5.379732321450e+04  1.510901700000e+01  8.932269067008e-02
 5.381724085684e+04  1.560240600000e+01  6.539523046046e-02
 5.381724888860e+04  1.560429500000e+01  6.571115305179e-02
 5.381725702095e+04  1.562503400000e+01  6.604875424549e-02
 5.381726510642e+04  1.563143800000e+01  6.641884028777e-02
 5.387420258361e+04  1.561782300000e+01  6.635277710503e-02
 5.387420954773e+04  1.556514100000e+01  6.579217906982e-02
 5.387421655907e+04  1.557001900000e+01  6.592249838019e-02
 5.387422357736e+04  1.562291800000e+01  6.660425200288e-02
 5.388017245587e+04  1.484910500000e+01  5.914991269963e-02
 5.388018113662e+04  1.484155900000e+01  5.912034599767e-02
 5.388018982837e+04  1.487598500000e+01  5.936426426066e-02
 5.388019857499e+04  1.490928800000e+01  5.961752358800e-02
 5.405151123208e+04  1.557605600000e+01  6.543593388313e-02
 5.405151507800e+04  1.565729500000e+01  6.629070538055e-02
 5.405153192513e+04  1.557595800000e+01  6.525057052284e-02
 5.405153577786e+04  1.562160400000e+01  6.563513292242e-02
 5.419722027538e+04  1.576064100000e+01  6.557618293222e-02
 5.419722674781e+04  1.577964600000e+01  6.612878782520e-02
 5.419723319987e+04  1.574725400000e+01  6.575678755558e-02
 5.419723966685e+04  1.576274700000e+01  6.593470654528e-02
 5.443747763016e+04  1.539390300000e+01  6.189681715442e-02
 5.443748357757e+04  1.540343700000e+01  6.195966811665e-02
 5.443748949869e+04  1.542985400000e+01  6.216109574704e-02
 5.443749543128e+04  1.541854400000e+01  6.206491002322e-02
 5.446551589115e+04  1.564181600000e+01  6.405662812403e-02
 5.446552316049e+04  1.563845900000e+01  6.404229197648e-02
 5.446553047891e+04  1.562572700000e+01  6.388119022926e-02
 5.446553772985e+04  1.564432200000e+01  6.411930491484e-02
 5.413934824304e+04  1.548182500000e+01  6.410027995453e-02
 5.413935362630e+04  1.549009800000e+01  6.495379485387e-02
 5.413935904417e+04  1.542982100000e+01  6.707898565535e-02
 5.413936447904e+04  1.543127300000e+01  6.688437749233e-02
 5.414640450778e+04  1.557907900000e+01  6.480622022660e-02
 5.414641114295e+04  1.560682900000e+01  6.527710071126e-02
 5.414641779293e+04  1.559146800000e+01  6.509182300408e-02
 5.414642440588e+04  1.561738900000e+01  6.551402110484e-02
 5.412443178675e+04  1.574387100000e+01  6.521597421495e-02
 5.412443883628e+04  1.578263300000e+01  6.561743024647e-02
 5.412444590829e+04  1.574810100000e+01  6.525354992398e-02
 5.412445299775e+04  1.573733500000e+01  6.519211333071e-02
 5.416838362652e+04  1.532649000000e+01  6.147033959556e-02
 5.416838751802e+04  1.533515300000e+01  6.161338798720e-02
 5.416839141521e+04  1.534835100000e+01  6.170686459157e-02
 5.416839535105e+04  1.536898800000e+01  6.188817862608e-02
 5.417430171073e+04  1.566204500000e+01  6.399196676722e-02
 5.417430885634e+04  1.565809200000e+01  6.433076503197e-02
 5.417431598771e+04  1.563805000000e+01  6.417560869663e-02
 5.417432313992e+04  1.565636700000e+01  6.432284057224e-02
 5.422921067126e+04  1.542638400000e+01  6.307236136948e-02
 5.422921931301e+04  1.546443700000e+01  6.342621409277e-02
 5.422922797815e+04  1.548203900000e+01  6.357837124832e-02
 5.422923666017e+04  1.546534000000e+01  6.351213245090e-02
 5.423918715394e+04  1.506816900000e+01  6.111044745659e-02
 5.423919712006e+04  1.512514600000e+01  6.161968775555e-02
 5.423920707322e+04  1.515500500000e+01  6.198317556029e-02
 5.423921702580e+04  1.514999200000e+01  6.204620261769e-02
 5.456226499786e+04  1.554843100000e+01  6.127219671133e-02
 5.456227032012e+04  1.555488300000e+01  6.130843460154e-02
 5.456227565730e+04  1.557511100000e+01  6.147291498358e-02
 5.456228096683e+04  1.557091200000e+01  6.144825960343e-02
 5.458022006492e+04  1.571179400000e+01  6.510048861652e-02
 5.458022649395e+04  1.573417600000e+01  6.529360287962e-02
 5.458023291625e+04  1.575213000000e+01  6.561058451150e-02
 5.458023932525e+04  1.577476400000e+01  6.571809996173e-02
 5.450240330950e+04  1.563439900000e+01  6.398304809166e-02
 5.450241175436e+04  1.552731900000e+01  6.297698022713e-02
 5.450242016035e+04  1.536061700000e+01  6.158182835620e-02
 5.450242857812e+04  1.516990800000e+01  6.013016404312e-02
 5.452330775949e+04  1.542626300000e+01  6.230659245791e-02
 5.452331475753e+04  1.526635200000e+01  6.097602611607e-02
 5.452332179041e+04  1.518463900000e+01  6.036754102055e-02
 5.452332881645e+04  1.508959800000e+01  5.970231226256e-02
 5.448341379319e+04  1.562624100000e+01  6.387921337345e-02
 5.448342035441e+04  1.556293300000e+01  6.329029327296e-02
 5.448342694559e+04  1.542632600000e+01  6.205720132212e-02
 5.448343349661e+04  1.527359900000e+01  6.084682969578e-02
 5.449544798600e+04  1.553751500000e+01  6.305665757692e-02
 5.449545566022e+04  1.538637500000e+01  6.173395604579e-02
 5.449546335354e+04  1.521338000000e+01  6.040870530861e-02
 5.449547098691e+04  1.514823400000e+01  5.991536429674e-02
 5.462517694400e+04  1.576318700000e+01  6.649295563803e-02
 5.462518412909e+04  1.578173600000e+01  6.671328508389e-02
 5.462519132307e+04  1.575210400000e+01  6.640068422448e-02
 5.462519846046e+04  1.580738600000e+01  6.710803240138e-02
 5.452828074394e+04  1.565470100000e+01  6.434969566178e-02
 5.452829123057e+04  1.571463600000e+01  6.491290672031e-02
 5.452830173712e+04  1.573569100000e+01  6.508555571492e-02
 5.452831227132e+04  1.575198100000e+01  6.526004351027e-02
 5.453429068505e+04  1.530118300000e+01  6.148507799986e-02
 5.453429754279e+04  1.532608600000e+01  6.222203676930e-02
 5.453430432947e+04  1.531912700000e+01  6.396600819474e-02
 5.453627962434e+04  1.547852700000e+01  6.022961640564e-02
 5.453628554477e+04  1.550294500000e+01  6.042316336535e-02
 5.453629144390e+04  1.550577900000e+01  6.019583385042e-02
 5.453629731735e+04  1.553215000000e+01  6.061915144098e-02
 5.453937808177e+04  1.536310800000e+01  6.213214280599e-02
 5.453938525991e+04  1.539729500000e+01  6.211851039712e-02
 5.453939241270e+04  1.541557100000e+01  6.338147758770e-02
 5.453939956074e+04  1.541069200000e+01  6.307460199664e-02
 5.454928662726e+04  1.507652600000e+01  6.155901897468e-02
 5.454929242002e+04  1.498960200000e+01  6.087412155565e-02
 5.454929821915e+04  1.491184000000e+01  6.028669358491e-02
 5.454930404410e+04  1.487710300000e+01  6.006471934823e-02
 5.459116391425e+04  1.506055500000e+01  5.972616158676e-02
 5.459117314642e+04  1.508303600000e+01  5.984920870503e-02
 5.459118236076e+04  1.510875900000e+01  6.007060412057e-02
 5.459119158403e+04  1.513487200000e+01  6.024696665608e-02
 5.480048542562e+04  1.564259500000e+01  6.353843966159e-02
 5.480049209147e+04  1.566245000000e+01  6.407463734560e-02
 5.480049897815e+04  1.566163700000e+01  6.403395852607e-02
 5.480050583068e+04  1.571105400000e+01  6.450735408397e-02
 5.494721667774e+04  1.563055300000e+01  6.918280408384e-02
 5.518049887594e+04  1.489183500000e+01  5.835285823687e-02
 5.518050518323e+04  1.489357500000e+01  5.835360248368e-02
 5.518051152719e+04  1.493142600000e+01  5.856508723024e-02
 5.518051797670e+04  1.495688400000e+01  5.872765222468e-02
 5.485638001346e+04  1.493006700000e+01  5.833581782246e-02
 5.485638789591e+04  1.495901000000e+01  5.851468860605e-02
 5.485639580441e+04  1.497170600000e+01  5.857773289834e-02
 5.485640367610e+04  1.500891100000e+01  5.882100903590e-02
 5.490529835710e+04  1.539161200000e+01  6.208833646183e-02
 5.490530418979e+04  1.537743800000e+01  6.197378320430e-02
 5.490530996335e+04  1.542015600000e+01  6.232830501820e-02
 5.490531567498e+04  1.540011700000e+01  6.217368212124e-02
 5.515150435576e+04  1.528934900000e+01  6.157422630463e-02
 5.515151070737e+04  1.531795000000e+01  6.177862107854e-02
 5.515151697481e+04  1.528870600000e+01  6.152332148269e-02
 5.515152310292e+04  1.530103400000e+01  6.158979833296e-02
 5.529029438032e+04  1.555929700000e+01  6.384096911747e-02
 5.529030134235e+04  1.554783900000e+01  6.375638882364e-02
 5.529030832456e+04  1.557919800000e+01  6.409098366533e-02
 5.529031525848e+04  1.557338000000e+01  6.402229855570e-02
 5.529919750147e+04  1.559776400000e+01  6.407402984045e-02
 5.553147982818e+04  1.556466000000e+01  6.437331018935e-02
 5.553149139675e+04  1.558163000000e+01  6.421113508900e-02
 5.553149723953e+04  1.556491000000e+01  6.407667787908e-02
 5.553846880124e+04  1.558127700000e+01  6.419284054706e-02
 5.553848040208e+04  1.559911300000e+01  6.433576527456e-02
 5.553848621418e+04  1.555470700000e+01  6.387008261597e-02
 5.555941877560e+04  1.563884400000e+01  6.500405278983e-02
 5.555942937130e+04  1.562008500000e+01  6.474990567781e-02
 5.536018629616e+04  1.576893200000e+01  6.694410147948e-02
 5.536019082748e+04  1.574237600000e+01  6.676020085095e-02
 5.536019542019e+04  1.575010900000e+01  6.677985934590e-02
 5.536020001023e+04  1.572013600000e+01  6.656120627230e-02
 5.537115831288e+04  1.521926300000e+01  6.618421939852e-02
 5.537116234433e+04  1.519538600000e+01  6.590571891370e-02
 5.537116641293e+04  1.526472200000e+01  6.677887090238e-02
 5.537117047560e+04  1.526577900000e+01  6.678323666178e-02
 5.525933463341e+04  1.561942900000e+01  6.401814387224e-02
 5.525934100503e+04  1.561476300000e+01  6.396405781940e-02
 5.525934751015e+04  1.563842800000e+01  6.417751503911e-02
 5.525935394612e+04  1.562608700000e+01  6.407083280036e-02
 5.526724812183e+04  1.498841500000e+01  5.932446540380e-02
 5.526725385013e+04  1.497790600000e+01  5.924404765170e-02
 5.526725963468e+04  1.500749200000e+01  5.942476794572e-02
 5.526726540699e+04  1.504565800000e+01  5.969164471002e-02
 5.527532261604e+04  1.580684700000e+01  6.622947519185e-02
 5.527532960269e+04  1.576517800000e+01  6.577842949559e-02
 5.527533655409e+04  1.577903000000e+01  6.601151770199e-02
 5.527534354193e+04  1.576933600000e+01  6.598707357819e-02
 5.534120488722e+04  1.569221300000e+01  6.528681021186e-02
 5.534121062942e+04  1.569887900000e+01  6.539205289163e-02
 5.534121640911e+04  1.561489100000e+01  6.454307690124e-02
 5.534122216949e+04  1.556644600000e+01  6.410005930218e-02
 5.550751457329e+04  1.562205300000e+01  6.483052405692e-02
 5.550751918856e+04  1.566606200000e+01  6.524005366561e-02
 5.550752152470e+04  1.565928000000e+01  6.509809496604e-02
 5.551650743480e+04  1.573506800000e+01  6.591344674927e-02
 5.551651443816e+04  1.575452800000e+01  6.604481370704e-02
 5.565528079366e+04  1.487615300000e+01  5.708571128556e-02
 5.565528702824e+04  1.489755400000e+01  5.723176586190e-02
 5.565529324535e+04  1.489782700000e+01  5.724937817907e-02
 5.565529947598e+04  1.494499900000e+01  5.753077405677e-02
 5.566314019457e+04  1.548907500000e+01  6.409646075061e-02
 5.566314536162e+04  1.553609400000e+01  6.460312365354e-02
 5.566315050448e+04  1.551900900000e+01  6.440945076248e-02
 5.566315565278e+04  1.552595100000e+01  6.445258894592e-02
 5.560136140714e+04  1.574735000000e+01  6.668713317579e-02
 5.560136771730e+04  1.577011200000e+01  6.686835436540e-02
 5.560137399735e+04  1.583547600000e+01  6.764566139632e-02
 5.560138038882e+04  1.578208500000e+01  6.698057604323e-02
 5.561540129574e+04  1.490016300000e+01  5.902380824001e-02
 5.561540881324e+04  1.490585500000e+01  5.905073463007e-02
 5.561541631594e+04  1.492372600000e+01  5.920371165249e-02
 5.561542383010e+04  1.497269800000e+01  5.952645550415e-02
 5.557247730501e+04  1.526161800000e+01  6.135944983978e-02
 5.557248326167e+04  1.526680500000e+01  6.140620341019e-02
 5.557248932111e+04  1.529105900000e+01  6.159817273905e-02
 5.557249536319e+04  1.531107100000e+01  6.175034393875e-02
 5.558749789310e+04  1.522487500000e+01  6.114005449621e-02
 5.558750488212e+04  1.510934400000e+01  6.028306277987e-02
 5.558751185357e+04  1.501297700000e+01  5.964283346454e-02
 5.558751892845e+04  1.494983600000e+01  5.920888764346e-02
 5.562434527494e+04  1.515737100000e+01  5.880029475632e-02
 5.562435566068e+04  1.518917300000e+01  5.903095898068e-02
 5.562436593402e+04  1.521693900000e+01  5.922462596514e-02
 5.562437633119e+04  1.522816000000e+01  5.934828686473e-02
 5.563337400307e+04  1.555061600000e+01  6.441183618066e-02
 5.563338208948e+04  1.553942600000e+01  6.429964265954e-02
 5.563339017508e+04  1.553568700000e+01  6.433369576716e-02
 5.563339825397e+04  1.554910900000e+01  6.447118295729e-02
 5.564521891257e+04  1.509306800000e+01  6.050038341394e-02
 5.564522517457e+04  1.513149300000e+01  6.080033190470e-02
 5.564523145765e+04  1.513127500000e+01  6.079163825612e-02
 5.564523776468e+04  1.516310100000e+01  6.099292724708e-02
 5.568917456677e+04  1.561443300000e+01  6.529360287962e-02
 5.568917968993e+04  1.561976900000e+01  6.534959688576e-02
 5.568918478127e+04  1.562604400000e+01  6.543368961022e-02
 5.568918994059e+04  1.564002900000e+01  6.558355108372e-02
 5.589247082095e+04  1.564772200000e+01  6.472247951469e-02
 5.589247609622e+04  1.562008000000e+01  6.440369377039e-02
 5.589248132606e+04  1.562238300000e+01  6.436764463342e-02
 5.589248660502e+04  1.560338100000e+01  6.415149630299e-02
 5.599924354524e+04  1.541359500000e+01  6.271358037255e-02
 5.599924861946e+04  1.544744100000e+01  6.297587858897e-02
 5.599925374277e+04  1.546922800000e+01  6.316625687163e-02
 5.599925886501e+04  1.546645000000e+01  6.315483836028e-02
 5.600723845609e+04  1.491300100000e+01  5.708410758003e-02
 5.600724866972e+04  1.490115100000e+01  5.701661612636e-02
 5.600725890461e+04  1.487017200000e+01  5.684961560786e-02
 5.600726908160e+04  1.489949900000e+01  5.701187063754e-02
 5.602818255019e+04  1.497160900000e+01  5.963935429418e-02
 5.602818766421e+04  1.499912200000e+01  5.982866471988e-02
 5.602819276531e+04  1.501849900000e+01  5.993491949275e-02
 5.602819793281e+04  1.502600400000e+01  5.998575402328e-02
 5.603519487302e+04  1.513593400000e+01  6.051263152218e-02
 5.603520054080e+04  1.514055000000e+01  6.052798670791e-02
 5.603520618726e+04  1.517697900000e+01  6.080392362014e-02
 5.603521182641e+04  1.519461200000e+01  6.095217873107e-02
 5.604616448858e+04  1.556705700000e+01  6.456134214156e-02
 5.604617293686e+04  1.553782500000e+01  6.426241825557e-02
 5.604618146564e+04  1.556272300000e+01  6.453393540809e-02
 5.604619001513e+04  1.554346800000e+01  6.441107920482e-02
 5.609615442602e+04  1.552514400000e+01  6.113673041254e-02
 5.609616117733e+04  1.553722500000e+01  6.130816470471e-02
 5.609616797639e+04  1.552420400000e+01  6.127855897993e-02
 5.609617473622e+04  1.553120400000e+01  6.137342760369e-02
