# time mag mag_err
 5.355229659962e+04  1.546949500000e+01  5.842636538326e-02
 5.355230734633e+04  1.542698700000e+01  5.826126579249e-02
 5.355231808494e+04  1.544428700000e+01  5.832386378246e-02
 5.355232892935e+04  1.546922300000e+01  5.870900363907e-02
 5.352630090735e+04  1.547863200000e+01  6.363394667807e-02
 5.352631217123e+04  1.550072400000e+01  6.385409804242e-02
 5.352632274200e+04  1.550416700000e+01  6.386789580037e-02
 5.352633308499e+04  1.555761200000e+01  6.444380920837e-02
 5.353427529233e+04  1.554720500000e+01  6.420809145351e-02
 5.353428512684e+04  1.556371800000e+01  6.434054019395e-02
 5.353429495997e+04  1.559715900000e+01  6.468526194638e-02
 5.353430478348e+04  1.556780200000e+01  6.440287987688e-02
 5.365612364957e+04  1.557992600000e+01  6.677483648111e-02
 5.365612798462e+04  1.554372800000e+01  6.641985885429e-02
 5.365613232234e+04  1.546190400000e+01  6.557875436590e-02
 5.365613665659e+04  1.548798600000e+01  6.596256683629e-02
 5.383429734691e+04  1.536536900000e+01  6.848566161931e-02
 5.383430510215e+04  1.539116200000e+01  6.876690311561e-02
 5.383431284479e+04  1.535812000000e+01  6.832622321910e-02
 5.383432057156e+04  1.534367200000e+01  6.802810325138e-02
 5.384821554487e+04  1.499873700000e+01  6.228610128229e-02
 5.384822150096e+04  1.487360200000e+01  6.189745869756e-02
 5.384822750484e+04  1.486222000000e+01  5.997773136711e-02
 5.384823346521e+04  1.482399300000e+01  6.123535315961e-02
 5.385446344272e+04  1.482976300000e+01  5.921370590978e-02
 5.385446943666e+04  1.479278600000e+01  5.895945665286e-02
 5.385447537630e+04  1.478492300000e+01  5.894539212307e-02
 5.385448135704e+04  1.481010400000e+01  5.912903064257e-02
 5.385530759593e+04  1.544085800000e+01  6.399142258926e-02
 5.385531535186e+04  1.544350600000e+01  6.400547711220e-02
 5.385532321800e+04  1.541636100000e+01  6.373286974578e-02
 5.385533148727e+04  1.546417100000e+01  6.419762011006e-02
 5.389131576949e+04  1.490994600000e+01  9.015514343916e-02
 5.389131692580e+04  1.491742800000e+01  9.031875798132e-02
 5.389131809866e+04  1.485385600000e+01  8.876785068084e-02
 5.389131924791e+04  1.491891400000e+01  9.086277287856e-02
 5.390143164701e+04  1.552127100000e+01  1.118159831122e-01
 5.390143268884e+04  1.552535900000e+01  1.119456437619e-01
 5.390143369943e+04  1.541533300000e+01  1.076763207519e-01
 5.390143469786e+04  1.557255600000e+01  1.137497507763e-01
 5.379643861605e+04  1.542850900000e+01  6.329523660108e-02
 5.379644608089e+04  1.546418500000e+01  6.359043410056e-02
 5.379645355279e+04  1.545387400000e+01  6.349400726812e-02
 5.379646107285e+04  1.549937500000e+01  6.361570580818e-02
 5.386238539372e+04  1.494933300000e+01  5.991576706044e-02
 5.386239271225e+04  1.488287500000e+01  5.945248663326e-02
 5.386239982024e+04  1.488554900000e+01  5.944874880416e-02
 5.386240663400e+04  1.484655800000e+01  5.920272814139e-02
 5.388340881529e+04  1.499536400000e+01  6.025601882523e-02
 5.388341621497e+04  1.504207600000e+01  6.061865297295e-02
 5.388342363339e+04  1.507376100000e+01  6.087538805251e-02
 5.388343100078e+04  1.507143500000e+01  6.091020870496e-02
 5.399414966175e+04  1.544887300000e+01  6.246938457917e-02
 5.399415445979e+04  1.544963100000e+01  6.247992487785e-02
 5.399415929580e+04  1.544750700000e+01  6.247303545086e-02
 5.399416409510e+04  1.545174000000e+01  6.255738377204e-02
 5.400315165557e+04  1.539154200000e+01  6.232327776773e-02
 5.400315806353e+04  1.539671700000e+01  6.241054320196e-02
 5.400316449615e+04  1.539814300000e+01  6.244598161443e-02
 5.400317095005e+04  1.540989400000e+01  6.260769146217e-02
 5.415744565892e+04  1.556275300000e+01  6.377358959919e-02
 5.415745489248e+04  1.556041400000e+01  6.371911400746e-02
 5.415746414398e+04  1.557073400000e+01  6.378294373631e-02
 5.415747341007e+04  1.559033200000e+01  6.395637027780e-02
 5.429528822446e+04  1.506368600000e+01  6.085205437726e-02
 5.429529371650e+04  1.507909900000e+01  6.103947349732e-02
 5.429529916979e+04  1.509433600000e+01  6.138049900109e-02
 5.429530464679e+04  1.510321800000e+01  6.133008556535e-02
 5.426132997436e+04  1.511382700000e+01  6.052706709283e-02
 5.426133818080e+04  1.512070900000e+01  6.058935545620e-02
 5.426134637194e+04  1.513903500000e+01  6.076124148420e-02
 5.426135448786e+04  1.520431100000e+01  6.091958453799e-02
 5.427330186095e+04  1.528801300000e+01  6.243450480654e-02
 5.427330846995e+04  1.529722600000e+01  6.255163264367e-02
 5.427331508534e+04  1.531194100000e+01  6.271029440958e-02
 5.427332169932e+04  1.529720200000e+01  6.263895938219e-02
 5.427931459763e+04  1.526515500000e+01  6.216490424804e-02
 5.427932108476e+04  1.520085800000e+01  6.164852472547e-02
 5.427932757814e+04  1.509060800000e+01  6.083799158139e-02
 5.427933407719e+04  1.510116900000e+01  6.092466867308e-02
 5.417746548727e+04  1.504592000000e+01  5.963762729207e-02
 5.417747484722e+04  1.507567100000e+01  5.983390340367e-02
 5.417748415394e+04  1.509062800000e+01  5.993181001801e-02
 5.417749447319e+04  1.513910400000e+01  6.027395826906e-02
 5.423143023674e+04  1.532007300000e+01  6.217109887275e-02
 5.423143676750e+04  1.538140100000e+01  6.273795609445e-02
 5.423144328530e+04  1.537211300000e+01  6.267235984568e-02
 5.423144979002e+04  1.537036900000e+01  6.267984756448e-02
 5.423936236659e+04  1.531804200000e+01  6.329795185083e-02
 5.423937228896e+04  1.538408600000e+01  6.370258680965e-02
 5.423938204674e+04  1.538788900000e+01  6.371250827456e-02
 5.423939172672e+04  1.540030000000e+01  6.393762316539e-02
 5.438508787747e+04  1.545347600000e+01  6.470600659019e-02
 5.438509273512e+04  1.545985300000e+01  6.483847871571e-02
 5.438509757517e+04  1.546981500000e+01  6.491731132888e-02
 5.438510244475e+04  1.546732500000e+01  6.494039045153e-02
 5.436312835656e+04  1.557717300000e+01  6.425406934244e-02
 5.436313541721e+04  1.554287200000e+01  6.394113040799e-02
 5.436314248204e+04  1.551050800000e+01  6.369288805048e-02
 5.436314950762e+04  1.546061300000e+01  6.325272931114e-02
 5.456846004291e+04  1.527191600000e+01  6.119824957018e-02
 5.456846564076e+04  1.526286800000e+01  6.114403255383e-02
 5.456847113293e+04  1.529359100000e+01  6.139378085005e-02
 5.456847662429e+04  1.529780100000e+01  6.138895042828e-02
 5.458543478630e+04  1.524556000000e+01  6.123090337146e-02
 5.458544133083e+04  1.524460400000e+01  6.123020652289e-02
 5.458544765176e+04  1.526189700000e+01  6.154300915462e-02
 5.458545337113e+04  1.492604400000e+01  7.901552195055e-02
 5.462736430388e+04  1.523929000000e+01  6.164406104091e-02
 5.462737308626e+04  1.525932400000e+01  6.171386166522e-02
 5.462738176725e+04  1.522368200000e+01  6.142237770037e-02
 5.462739051119e+04  1.527383700000e+01  6.215986659508e-02
 5.453148612000e+04  1.487202900000e+01  5.854514798940e-02
 5.453149384909e+04  1.490111700000e+01  5.871535571912e-02
 5.453150166024e+04  1.492956100000e+01  5.886846961838e-02
 5.453150954964e+04  1.495010500000e+01  5.898578225876e-02
 5.459627109899e+04  1.535150800000e+01  6.296029720396e-02
 5.459627876593e+04  1.539296400000e+01  6.330095931210e-02
 5.459628647372e+04  1.541646400000e+01  6.351670995079e-02
 5.459629415604e+04  1.537100000000e+01  6.305716932149e-02
 5.474808965569e+04  1.533800000000e+01  6.571469623422e-02
 5.474809698904e+04  1.534417800000e+01  6.579935108341e-02
 5.474810418569e+04  1.536206700000e+01  6.608469420456e-02
 5.474811165701e+04  1.538766900000e+01  6.647713901697e-02
 5.492341715935e+04  1.547129600000e+01  6.302597851885e-02
 5.492342215579e+04  1.544264600000e+01  6.273285196398e-02
 5.492342715059e+04  1.543147400000e+01  6.262349737395e-02
 5.492343231024e+04  1.537326400000e+01  6.212993355456e-02
 5.494343808541e+04  1.513620600000e+01  6.035949006973e-02
 5.494344345245e+04  1.515160500000e+01  6.046209745775e-02
 5.494344892229e+04  1.518346400000e+01  6.070865192113e-02
 5.494345433287e+04  1.519411600000e+01  6.077856626573e-02
 5.487550181021e+04  1.525038400000e+01  6.286737249926e-02
 5.487550714427e+04  1.525959000000e+01  6.297225515778e-02
 5.487551252058e+04  1.526844000000e+01  6.304104251709e-02
 5.487551789098e+04  1.524744800000e+01  6.285051153345e-02
 5.501728736337e+04  1.549222100000e+01  6.843775064156e-02
 5.501729486998e+04  1.543212100000e+01  6.781484248995e-02
 5.501730958522e+04  1.547253900000e+01  6.852279142204e-02
 5.499828527909e+04  1.484974300000e+01  5.857824632963e-02
 5.499829221325e+04  1.486784000000e+01  5.864976431905e-02
 5.499829919508e+04  1.490657100000e+01  5.887539350582e-02
 5.499830619231e+04  1.490959700000e+01  5.892833518058e-02
 5.489145753889e+04  1.539959400000e+01  6.210891848210e-02
 5.489146548060e+04  1.541916700000e+01  6.183936760377e-02
 5.489147319221e+04  1.542215400000e+01  6.225478152772e-02
 5.489148113682e+04  1.540416200000e+01  6.209597204462e-02
 5.491341668819e+04  1.515182000000e+01  6.227252360019e-02
 5.491342331979e+04  1.519510900000e+01  6.210479578991e-02
 5.491342944627e+04  1.517596000000e+01  6.209099743962e-02
 5.491343552111e+04  1.516468400000e+01  6.407375411293e-02
 5.495443008966e+04  1.546533100000e+01  6.409640454005e-02
 5.495443740113e+04  1.545399400000e+01  6.399256520561e-02
 5.495444474318e+04  1.546920500000e+01  6.463450294828e-02
 5.495445202042e+04  1.546613700000e+01  7.163358760931e-02
 5.495541822321e+04  1.528860500000e+01  6.164427749282e-02
 5.495542536211e+04  1.532101300000e+01  6.193824236738e-02
 5.495543267534e+04  1.534016400000e+01  6.209518840997e-02
 5.495543996067e+04  1.534727700000e+01  6.213980051692e-02
 5.496734754094e+04  1.535447000000e+01  6.245798433020e-02
 5.496735740047e+04  1.536921200000e+01  6.256019742650e-02
 5.496736716069e+04  1.538348400000e+01  6.269354352501e-02
 5.496737587608e+04  1.540725100000e+01  6.292666701792e-02
 5.497932837937e+04  1.546228400000e+01  6.323825948848e-02
 5.497933565973e+04  1.546431100000e+01  6.328593546044e-02
 5.497934294713e+04  1.547327900000e+01  6.337837889655e-02
 5.497935017726e+04  1.545974200000e+01  6.328884031001e-02
 5.510411490678e+04  1.558482600000e+01  7.029749957174e-02
 5.510411986918e+04  1.559980500000e+01  7.044574931568e-02
 5.510412483135e+04  1.558675100000e+01  7.036738478010e-02
 5.510412981483e+04  1.557621400000e+01  7.026613709215e-02
 5.530044247799e+04  1.533659600000e+01  6.188780172442e-02
 5.530045044388e+04  1.535185200000e+01  6.201477017720e-02
 5.530045833119e+04  1.535578300000e+01  6.206311758952e-02
 5.530046643022e+04  1.536999500000e+01  6.218052420157e-02
 5.535714910773e+04  1.547197600000e+01  6.364000448591e-02
 5.535715251357e+04  1.544834600000e+01  6.358488327191e-02
 5.535715611155e+04  1.555865700000e+01  6.873723140801e-02
 5.535716007438e+04  1.545239800000e+01  7.613273536103e-02
 5.536430218074e+04  1.497636700000e+01  5.934070672109e-02
 5.536430788784e+04  1.499630000000e+01  5.950187976054e-02
 5.536431361037e+04  1.502072300000e+01  5.966129430668e-02
 5.536431929479e+04  1.502496800000e+01  5.969497414224e-02
 5.536826017192e+04  1.497314000000e+01  5.944024328334e-02
 5.536826715747e+04  1.496001200000e+01  5.933989003434e-02
 5.536827406870e+04  1.501321300000e+01  5.972676490648e-02
 5.536828092438e+04  1.501678500000e+01  5.974243194405e-02
 5.532743249738e+04  1.490745400000e+01  5.906913587161e-02
 5.532743827297e+04  1.493284500000e+01  5.930754043519e-02
 5.532744407373e+04  1.495032200000e+01  5.946226554218e-02
 5.532744992270e+04  1.493690000000e+01  5.941224405068e-02
 5.534137360874e+04  1.546429600000e+01  6.313900426252e-02
 5.534137931944e+04  1.547447900000e+01  6.324969756959e-02
 5.534138509902e+04  1.547214500000e+01  6.323202141384e-02
 5.534139076493e+04  1.545150700000e+01  6.306350215692e-02
 5.545713372240e+04  1.509517100000e+01  6.021706358665e-02
 5.545714847468e+04  1.497320500000e+01  5.942702030672e-02
 5.545715592100e+04  1.496163400000e+01  5.937731685363e-02
 5.565237634664e+04  1.542151400000e+01  6.341393431698e-02
 5.565238323807e+04  1.540736800000e+01  6.331266550581e-02
 5.565239023231e+04  1.541720700000e+01  6.334621342593e-02
 5.565239717065e+04  1.541820400000e+01  6.336909350655e-02
 5.567737669902e+04  1.546484900000e+01  6.404629885116e-02
 5.567738402924e+04  1.547588400000e+01  6.414663965352e-02
 5.567739157652e+04  1.550117800000e+01  6.436775976876e-02
 5.567740052699e+04  1.550663100000e+01  6.449360336288e-02
 5.571432282233e+04  1.513226000000e+01  6.128187736362e-02
 5.571432735938e+04  1.510208800000e+01  6.129520553891e-02
 5.571433185196e+04  1.506775400000e+01  6.408037495707e-02
 5.571433638414e+04  1.501552300000e+01  6.164802044484e-02
 5.568839891115e+04  1.512244500000e+01  6.119442583022e-02
 5.568840473609e+04  1.513475500000e+01  6.129806380251e-02
 5.568841047065e+04  1.511484500000e+01  6.115670622412e-02
 5.568841631237e+04  1.514986500000e+01  6.141043158244e-02
 5.585809059609e+04  1.546267100000e+01  6.815233510625e-02
 5.585809611294e+04  1.539321000000e+01  6.740406658995e-02
 5.585810161380e+04  1.549812600000e+01  6.883495101882e-02
 5.585810659554e+04  1.542386000000e+01  6.800831509719e-02
 5.585208398750e+04  1.509122800000e+01  6.015141080661e-02
 5.585208909007e+04  1.506784200000e+01  5.978930271098e-02
 5.585209431273e+04  1.509689800000e+01  6.004405203215e-02
 5.585209947595e+04  1.512148800000e+01  6.024593768866e-02
 5.601936995586e+04  1.533069500000e+01  5.902159765107e-02
 5.601938191712e+04  1.536887900000e+01  5.923766481937e-02
 5.601939377190e+04  1.538753800000e+01  5.934830889701e-02
 5.601940569103e+04  1.538347900000e+01  5.931460131469e-02
 5.603945918370e+04  1.559653900000e+01  6.507484554275e-02
 5.603946599341e+04  1.554399300000e+01  6.452812383951e-02
 5.603947273892e+04  1.551764900000e+01  6.427316969507e-02
 5.603947956131e+04  1.543850200000e+01  6.352683435585e-02
 5.604741523245e+04  1.537922400000e+01  6.293222013149e-02
 5.604742327207e+04  1.519428700000e+01  6.134398274590e-02
 5.604743139784e+04  1.509115000000e+01  6.057522323391e-02
 5.604743937554e+04  1.502568100000e+01  6.009492694805e-02
 5.606439593198e+04  1.546257000000e+01  6.292166439913e-02
 5.606440265852e+04  1.541300100000e+01  6.252716108615e-02
 5.606440940712e+04  1.535719000000e+01  6.203522714630e-02
 5.606441616451e+04  1.527146700000e+01  6.135563845463e-02
 5.607236223174e+04  1.517917600000e+01  6.058242950140e-02
 5.607236727388e+04  1.516679300000e+01  6.049509889798e-02
 5.607237236094e+04  1.511636100000e+01  6.013528817925e-02
 5.607237748840e+04  1.507323500000e+01  5.983076428065e-02
 5.610020438022e+04  1.496449600000e+01  5.959739425626e-02
 5.610021352966e+04  1.499360200000e+01  5.986695748252e-02
 5.610022280791e+04  1.501886700000e+01  6.005502309376e-02
 5.610023222706e+04  1.507750500000e+01  6.044229381332e-02
 5.618916733600e+04  1.504414200000e+01  6.056573857014e-02
 5.618917223091e+04  1.506900400000e+01  6.077063670632e-02
 5.618917718372e+04  1.506695100000e+01  6.078041412207e-02
 5.618918214240e+04  1.509888500000e+01  6.101849907982e-02
 5.619517465862e+04  1.555260300000e+01  6.246502291575e-02
 5.619518017041e+04  1.549441000000e+01  6.203472318758e-02
 5.619518566361e+04  1.554639900000e+01  6.247631131267e-02
 5.619519113413e+04  1.555087000000e+01  6.263826761639e-02
 5.622207854314e+04  1.514601600000e+01  6.127882730240e-02
 5.622208361157e+04  1.521301300000e+01  6.183093434795e-02
 5.622208868370e+04  1.518609300000e+01  6.164006883285e-02
 5.622209374264e+04  1.520716700000e+01  6.181299249245e-02
