# time mag mag_err
 5.347016638485e+04  1.533409800000e+01  6.389049753281e-02
 5.347017369795e+04  1.533142700000e+01  6.392167718969e-02
 5.347018101683e+04  1.534180200000e+01  6.396237885366e-02
 5.347018829278e+04  1.532834700000e+01  6.383762443447e-02
 5.348123750668e+04  1.534943900000e+01  6.286885900368e-02
 5.348124567064e+04  1.529800400000e+01  6.245819367314e-02
 5.348125378990e+04  1.538561900000e+01  6.336031377322e-02
 5.348126196358e+04  1.538504200000e+01  6.345682458573e-02
 5.372641872267e+04  1.509943000000e+01  6.055262986008e-02
 5.372642910988e+04  1.511198500000e+01  6.064645112073e-02
 5.372643953506e+04  1.512984000000e+01  6.081871312536e-02
 5.372644984610e+04  1.514759400000e+01  6.116849383062e-02
 5.373227468117e+04  1.513681300000e+01  6.174711401145e-02
 5.373228114851e+04  1.513887500000e+01  6.177884244692e-02
 5.373228762347e+04  1.516296600000e+01  6.532793262768e-02
 5.370041034363e+04  1.504755700000e+01  6.043941474051e-02
 5.370042106141e+04  1.503438700000e+01  6.031391770040e-02
 5.370043179586e+04  1.503612300000e+01  6.031509867691e-02
 5.370044252949e+04  1.500510800000e+01  6.006901507825e-02
 5.365745459098e+04  1.537664200000e+01  6.554388999536e-02
 5.363648617265e+04  1.525158000000e+01  6.358890589239e-02
 5.363649113782e+04  1.522920400000e+01  6.329198885011e-02
 5.363649607163e+04  1.521366700000e+01  6.304350229202e-02
 5.363650106344e+04  1.519901800000e+01  6.281841191441e-02
 5.408145613466e+04  1.507077300000e+01  5.996972242489e-02
 5.408146269552e+04  1.509278700000e+01  6.012665427583e-02
 5.408146931425e+04  1.507194900000e+01  6.000338328501e-02
 5.408147587882e+04  1.508607900000e+01  6.006484946240e-02
 5.409243022866e+04  1.504352200000e+01  5.959231227165e-02
 5.409243505795e+04  1.504890200000e+01  5.962817734680e-02
 5.409243990044e+04  1.504114600000e+01  5.957006257605e-02
 5.409244478772e+04  1.504368900000e+01  5.959650413846e-02
 5.376832516345e+04  1.530800100000e+01  6.238974384511e-02
 5.376833258233e+04  1.527365400000e+01  6.210459954979e-02
 5.376834002865e+04  1.524237700000e+01  6.186730098933e-02
 5.376834743770e+04  1.522175500000e+01  6.167372203317e-02
 5.379424257639e+04  1.528393100000e+01  6.347973654936e-02
 5.379424904095e+04  1.526697300000e+01  6.221233902794e-02
 5.379425553281e+04  1.522156600000e+01  6.219243819593e-02
 5.379426199170e+04  1.517487100000e+01  6.155438432165e-02
 5.373937716006e+04  1.508052200000e+01  6.027586501147e-02
 5.373938363225e+04  1.513366300000e+01  6.064362290655e-02
 5.373939011301e+04  1.512910700000e+01  6.063191523853e-02
 5.373939659493e+04  1.512757500000e+01  6.063309063102e-02
 5.374634043618e+04  1.512120900000e+01  6.178578819564e-02
 5.374634635950e+04  1.512740300000e+01  6.184175841674e-02
 5.374635226744e+04  1.506035100000e+01  6.127561098779e-02
 5.374635822769e+04  1.509044500000e+01  6.152406027850e-02
 5.375546441896e+04  1.505246600000e+01  6.039736654875e-02
 5.375546986749e+04  1.505222600000e+01  6.043149328682e-02
 5.375547534091e+04  1.505221000000e+01  6.093982860708e-02
 5.375548075600e+04  1.504442200000e+01  6.280588011291e-02
 5.376132346972e+04  1.504771500000e+01  6.033089648113e-02
 5.376132974909e+04  1.503517400000e+01  6.022102005012e-02
 5.376133600807e+04  1.505583300000e+01  6.016546110181e-02
 5.376134228975e+04  1.505774500000e+01  6.040010795700e-02
 5.386622774081e+04  1.491612800000e+01  9.099868542320e-02
 5.386622857834e+04  1.498999500000e+01  9.316354907427e-02
 5.386622931612e+04  1.505329900000e+01  9.486856992449e-02
 5.386623023017e+04  1.507602000000e+01  9.584669412601e-02
 5.387516886014e+04  1.535592400000e+01  6.425372900996e-02
 5.387517370436e+04  1.536991500000e+01  6.444304841163e-02
 5.387517858296e+04  1.534618000000e+01  6.419851998168e-02
 5.387518341722e+04  1.538260800000e+01  6.463498552818e-02
 5.405445283831e+04  1.529174300000e+01  6.120858158142e-02
 5.405445938887e+04  1.528747700000e+01  6.116823132586e-02
 5.405446598341e+04  1.528396500000e+01  6.112651299061e-02
 5.405447252645e+04  1.527677200000e+01  6.109582220772e-02
 5.402945317943e+04  1.523181700000e+01  6.104932231951e-02
 5.402946316580e+04  1.520448300000e+01  6.079458486076e-02
 5.402947316352e+04  1.514786200000e+01  6.035605170981e-02
 5.402948390584e+04  1.511745700000e+01  6.008956006373e-02
 5.403645616672e+04  1.535855600000e+01  6.389783507117e-02
 5.403646274922e+04  1.533659400000e+01  6.367436542376e-02
 5.403646928867e+04  1.532165400000e+01  6.241502763741e-02
 5.403647580832e+04  1.535511600000e+01  6.387280498469e-02
 5.420515840169e+04  1.505511600000e+01  6.008001997749e-02
 5.420516485906e+04  1.504056800000e+01  5.997492410620e-02
 5.420517132559e+04  1.505364700000e+01  6.007347119066e-02
 5.420517776226e+04  1.506668400000e+01  6.018887693063e-02
 5.443841545909e+04  1.504543100000e+01  5.959352939625e-02
 5.443842198811e+04  1.503929000000e+01  5.953605679725e-02
 5.443842850140e+04  1.505608600000e+01  5.965844183385e-02
 5.443843495196e+04  1.506701100000e+01  5.970749945053e-02
 5.446445031721e+04  1.518263400000e+01  6.070396674910e-02
 5.446445644969e+04  1.518590400000e+01  6.072345240335e-02
 5.446446256608e+04  1.519612100000e+01  6.082097374615e-02
 5.446446868282e+04  1.519575400000e+01  6.082427438354e-02
 5.414022760749e+04  1.520597700000e+01  6.095001355030e-02
 5.414023408964e+04  1.518371200000e+01  6.091674775425e-02
 5.414024119231e+04  1.517333400000e+01  6.083927928831e-02
 5.414024768049e+04  1.514822700000e+01  6.048343662224e-02
 5.415613445031e+04  1.524166800000e+01  6.297730206374e-02
 5.415614494759e+04  1.524022700000e+01  6.295567691921e-02
 5.415615389353e+04  1.525499700000e+01  6.303635706290e-02
 5.415616286561e+04  1.525807100000e+01  6.303658893568e-02
 5.410946784240e+04  1.524165300000e+01  6.150230882947e-02
 5.410947492851e+04  1.523967800000e+01  6.189402402733e-02
 5.410948204611e+04  1.514313300000e+01  6.309054198986e-02
 5.410948917101e+04  1.523887500000e+01  6.168560421219e-02
 5.411631121388e+04  1.507238100000e+01  5.973157036574e-02
 5.411631773064e+04  1.504204700000e+01  5.950263650625e-02
 5.411632427043e+04  1.503612300000e+01  5.945606866628e-02
 5.411633083742e+04  1.502748800000e+01  5.938786313830e-02
 5.417017069326e+04  1.502645700000e+01  5.968719365187e-02
 5.417017550763e+04  1.503383200000e+01  5.972401481389e-02
 5.417018034838e+04  1.505480200000e+01  5.987326370935e-02
 5.417018517686e+04  1.504226200000e+01  5.979400468750e-02
 5.418512132280e+04  1.508469000000e+01  6.034934906312e-02
 5.418513103301e+04  1.510435700000e+01  6.049084689365e-02
 5.418514075225e+04  1.510580200000e+01  6.050152678782e-02
 5.418515047310e+04  1.511759400000e+01  6.057821496990e-02
 5.423018450811e+04  1.532422600000e+01  6.253466928130e-02
 5.423019093807e+04  1.534673200000e+01  6.289477038928e-02
 5.423019738457e+04  1.535947600000e+01  6.305479640753e-02
 5.423020381000e+04  1.537617100000e+01  6.327384734503e-02
 5.423616214787e+04  1.513230200000e+01  6.145075488050e-02
 5.441044906579e+04  1.513477800000e+01  6.070823386460e-02
 5.441045392101e+04  1.510224800000e+01  6.123302822085e-02
 5.441045877889e+04  1.509100500000e+01  6.317845697965e-02
 5.441046365124e+04  1.512660700000e+01  6.660192125979e-02
 5.438445347277e+04  1.535078700000e+01  6.238019950525e-02
 5.438446083841e+04  1.535573800000e+01  6.235343112083e-02
 5.438446813171e+04  1.529314500000e+01  6.175273127527e-02
 5.438447540407e+04  1.530918100000e+01  6.148745147178e-02
 5.439344990865e+04  1.532186300000e+01  6.205066921743e-02
 5.439345641939e+04  1.533331200000e+01  6.203848282849e-02
 5.439346296844e+04  1.533759000000e+01  6.206152118283e-02
 5.439346950476e+04  1.532968600000e+01  6.202384816692e-02
 5.456320721729e+04  1.533565900000e+01  5.994727638255e-02
 5.456321376866e+04  1.537483600000e+01  6.020006686035e-02
 5.456322036250e+04  1.535166500000e+01  6.008885387985e-02
 5.456322693053e+04  1.533194900000e+01  5.992267177646e-02
 5.457321492381e+04  1.507474700000e+01  6.030628747420e-02
 5.457322033970e+04  1.506861800000e+01  6.025544873859e-02
 5.457322567376e+04  1.504097200000e+01  6.006596829252e-02
 5.457323103653e+04  1.508648500000e+01  6.041375355653e-02
 5.458117332853e+04  1.527109600000e+01  6.246888066239e-02
 5.458117870785e+04  1.527577600000e+01  6.252321965019e-02
 5.458118409665e+04  1.528752500000e+01  6.267066318607e-02
 5.458118950479e+04  1.524804000000e+01  6.234058712446e-02
 5.483038673345e+04  1.506369300000e+01  5.930143288307e-02
 5.483039276627e+04  1.505362100000e+01  5.950059628263e-02
 5.483039881565e+04  1.505950200000e+01  5.951195531811e-02
 5.483040491896e+04  1.505358900000e+01  5.951708255596e-02
 5.449919429653e+04  1.512689500000e+01  5.603800677007e-02
 5.449920061756e+04  1.512417700000e+01  5.600730755068e-02
 5.449920695168e+04  1.508854800000e+01  5.584755660256e-02
 5.449921326252e+04  1.509427600000e+01  5.584099508012e-02
 5.450628245634e+04  1.526953000000e+01  6.131771197593e-02
 5.450628917299e+04  1.521506900000e+01  6.089380645729e-02
 5.450629587517e+04  1.518833000000e+01  6.066967144158e-02
 5.450630255861e+04  1.519103900000e+01  6.068304553094e-02
 5.452318451633e+04  1.506661500000e+01  5.984036092018e-02
 5.452319171669e+04  1.505100900000e+01  5.973432563827e-02
 5.452319892492e+04  1.501981200000e+01  5.950437931545e-02
 5.452320609657e+04  1.501089600000e+01  5.943712558253e-02
 5.449522191039e+04  1.534886900000e+01  6.217646545784e-02
 5.449522850193e+04  1.538365300000e+01  6.246636422238e-02
 5.449523500295e+04  1.532715300000e+01  6.196631944090e-02
 5.449524154517e+04  1.535837600000e+01  6.219626876957e-02
 5.452813635771e+04  1.530397100000e+01  6.159824448665e-02
 5.452814280317e+04  1.530545400000e+01  6.189277942516e-02
 5.452814926553e+04  1.528402300000e+01  6.174337178979e-02
 5.452815570589e+04  1.531596400000e+01  6.197715443627e-02
 5.453612410260e+04  1.512431700000e+01  6.060864311034e-02
 5.453613075767e+04  1.510923300000e+01  6.034436968875e-02
 5.453613745303e+04  1.508576200000e+01  6.011474730689e-02
 5.453614409029e+04  1.506330500000e+01  5.998606121909e-02
 5.454823273156e+04  1.531165400000e+01  6.434353281924e-02
 5.454823756769e+04  1.533331600000e+01  6.457870277026e-02
 5.454824238494e+04  1.530820500000e+01  6.439051407228e-02
 5.454824719304e+04  1.531732800000e+01  6.445897558499e-02
 5.479240904856e+04  1.527386800000e+01  6.402169722997e-02
 5.479241622728e+04  1.523028100000e+01  6.729028265799e-02
 5.479242353898e+04  1.529735600000e+01  6.229767903924e-02
 5.479243080521e+04  1.527658200000e+01  6.617785403677e-02
 5.480035764821e+04  1.534236300000e+01  6.183821015904e-02
 5.480036379411e+04  1.538726700000e+01  6.218311194315e-02
 5.480036998748e+04  1.532709100000e+01  6.170810304164e-02
 5.480037603697e+04  1.536129400000e+01  6.192991619491e-02
 5.476645013992e+04  1.527127000000e+01  6.133662293750e-02
 5.476645842042e+04  1.525480000000e+01  6.115817815832e-02
 5.476646671146e+04  1.525573600000e+01  6.116603579041e-02
 5.476647597940e+04  1.526089800000e+01  6.116439776674e-02
 5.492311789199e+04  1.512273200000e+01  6.423904577634e-02
 5.492312384137e+04  1.511665200000e+01  6.425213955652e-02
 5.492312960984e+04  1.513166600000e+01  6.443422365776e-02
 5.492313530109e+04  1.513767900000e+01  6.447171189944e-02
 5.493915631582e+04  1.507248400000e+01  6.012660172699e-02
 5.493916118332e+04  1.508163100000e+01  6.019516445939e-02
 5.493916598681e+04  1.504752400000e+01  5.998253297063e-02
 5.493917082178e+04  1.506271200000e+01  6.007787966953e-02
 5.486622315148e+04  1.526298000000e+01  6.122135360165e-02
 5.486623293623e+04  1.524138600000e+01  6.103666358299e-02
 5.486624263336e+04  1.527032000000e+01  6.120997004262e-02
 5.486625240919e+04  1.526601700000e+01  6.119472189077e-02
 5.484834558869e+04  1.535424100000e+01  6.251809631456e-02
 5.484835284843e+04  1.534948700000e+01  6.351721320824e-02
 5.484836016049e+04  1.529308600000e+01  6.174839857468e-02
 5.484836742369e+04  1.524823700000e+01  6.114683871405e-02
 5.485634166005e+04  1.506980700000e+01  5.955525397797e-02
 5.485634955269e+04  1.508998700000e+01  5.970999930237e-02
 5.485635737287e+04  1.511798000000e+01  5.991083458667e-02
 5.485636527720e+04  1.510435600000e+01  5.981411848714e-02
 5.498317297810e+04  1.512443300000e+01  6.113226995500e-02
 5.498317778461e+04  1.510362000000e+01  6.107589589087e-02
 5.498318265140e+04  1.506676000000e+01  6.083109765619e-02
 5.498318745360e+04  1.509952200000e+01  6.118021040059e-02
 5.490617100385e+04  1.501901500000e+01  5.986967331895e-02
 5.490617573985e+04  1.502374900000e+01  5.994545125712e-02
 5.490618048360e+04  1.501403300000e+01  5.976306705875e-02
 5.490618530757e+04  1.501955600000e+01  5.974895205082e-02
 5.491420000478e+04  1.529070700000e+01  6.149324933882e-02
 5.491421222647e+04  1.530529700000e+01  6.166818819024e-02
 5.491422433287e+04  1.530390700000e+01  6.165674216617e-02
 5.491423655421e+04  1.532233100000e+01  6.188723642212e-02
 5.496418956757e+04  1.532381600000e+01  6.006661907883e-02
 5.496419753185e+04  1.533939900000e+01  6.021735940277e-02
 5.496420548667e+04  1.534097200000e+01  6.031032081296e-02
 5.496421345272e+04  1.532406400000e+01  6.027572878961e-02
 5.497717655998e+04  1.532233700000e+01  6.288789756069e-02
 5.497718322292e+04  1.535232100000e+01  6.327123938583e-02
 5.497718979953e+04  1.531249200000e+01  6.297803634907e-02
 5.497719648885e+04  1.537376300000e+01  6.364426996273e-02
 5.514650788353e+04  1.504079600000e+01  6.446319909397e-02
 5.514651280784e+04  1.504175600000e+01  6.373793232464e-02
 5.514651780426e+04  1.502231400000e+01  6.351308814059e-02
 5.514652272929e+04  1.503704300000e+01  6.370175661527e-02
 5.516040955150e+04  1.529111600000e+01  6.183171726982e-02
 5.516041699575e+04  1.526814100000e+01  6.166081909033e-02
 5.516042439230e+04  1.529067600000e+01  6.180883254119e-02
 5.516043184223e+04  1.527035000000e+01  6.162094135027e-02
 5.516237780340e+04  1.529937100000e+01  6.226180689328e-02
 5.516238640275e+04  1.530166400000e+01  6.228618292002e-02
 5.516239479866e+04  1.528693100000e+01  6.210546275317e-02
 5.516240325672e+04  1.529552700000e+01  6.214715384909e-02
 5.509450489054e+04  1.540790400000e+01  1.039259703299e-01
 5.509450609245e+04  1.538512000000e+01  1.023492337627e-01
 5.509450738419e+04  1.537740800000e+01  1.024459047030e-01
 5.509450868749e+04  1.537211000000e+01  1.014761701181e-01
 5.510148551455e+04  1.530257600000e+01  6.284490227045e-02
 5.510148860602e+04  1.531169900000e+01  6.287895635952e-02
 5.510149166912e+04  1.531500500000e+01  6.287079555832e-02
 5.510149473999e+04  1.529945400000e+01  6.266779353837e-02
 5.553137476421e+04  1.506191000000e+01  6.061449442118e-02
 5.553138639668e+04  1.506147800000e+01  6.041201432230e-02
 5.553139225947e+04  1.503332000000e+01  6.012272611348e-02
 5.553838933747e+04  1.524428300000e+01  6.163722915594e-02
 5.553839976277e+04  1.520807900000e+01  6.132517979839e-02
 5.553840495910e+04  1.518093100000e+01  6.109792270082e-02
 5.554448866918e+04  1.516795900000e+01  6.103918650724e-02
 5.554450260615e+04  1.516920400000e+01  6.158022875043e-02
 5.554450954735e+04  1.517002800000e+01  6.108275444377e-02
 5.523222608051e+04  1.520543100000e+01  6.168002238266e-02
 5.523223182148e+04  1.519830500000e+01  6.165930352562e-02
 5.523223761458e+04  1.520059100000e+01  6.153039244635e-02
 5.523224337530e+04  1.523399300000e+01  6.170617329230e-02
 5.524220132506e+04  1.535991500000e+01  6.258438628944e-02
 5.524220584669e+04  1.535542100000e+01  6.250085474186e-02
 5.524221038940e+04  1.533373500000e+01  6.235918562460e-02
 5.524221494888e+04  1.536844500000e+01  6.264224706649e-02
 5.520239964517e+04  1.517055900000e+01  6.052844714362e-02
 5.520240790017e+04  1.517416800000e+01  6.056652078506e-02
 5.520241604016e+04  1.516773600000e+01  6.050850746275e-02
 5.520242423486e+04  1.519126500000e+01  6.067805898486e-02
 5.526021585589e+04  1.531372500000e+01  6.227252360019e-02
 5.526022044463e+04  1.531123700000e+01  6.225688054105e-02
 5.526022497663e+04  1.529757700000e+01  6.213332637484e-02
 5.526022952704e+04  1.530897300000e+01  6.222552689187e-02
 5.527216495586e+04  1.508981900000e+01  6.010725535371e-02
 5.527217238500e+04  1.509078500000e+01  6.010111312327e-02
 5.527217981825e+04  1.505604700000e+01  5.987790533834e-02
 5.527218722846e+04  1.505703300000e+01  6.017955498241e-02
 5.532220128925e+04  1.511569700000e+01  6.069586136651e-02
 5.532220880203e+04  1.513654700000e+01  6.112488785928e-02
 5.532221450855e+04  1.512478400000e+01  6.081688105669e-02
 5.532222197661e+04  1.521119000000e+01  6.338945172974e-02
 5.533817095001e+04  1.531881800000e+01  6.247190239057e-02
 5.533817910440e+04  1.531593900000e+01  6.255252670790e-02
 5.533818721023e+04  1.527593700000e+01  6.231992802772e-02
 5.533819526411e+04  1.527355100000e+01  6.233063698414e-02
 5.550149323861e+04  1.510087900000e+01  6.053480516014e-02
 5.550150369054e+04  1.509152300000e+01  6.045195869754e-02
 5.550150887459e+04  1.504846300000e+01  6.012420212673e-02
 5.550748742784e+04  1.510755300000e+01  6.057946463497e-02
 5.550750128934e+04  1.510981500000e+01  6.057551358942e-02
 5.550750829189e+04  1.511727200000e+01  6.062589587554e-02
 5.551545659174e+04  1.526975500000e+01  6.194799144885e-02
 5.551546821097e+04  1.528622800000e+01  6.203476177756e-02
 5.551547397241e+04  1.528338100000e+01  6.200162487859e-02
 5.548748140170e+04  1.517857600000e+01  6.579533411874e-02
 5.548749152376e+04  1.517945400000e+01  6.575657305275e-02
 5.548749652529e+04  1.513968300000e+01  6.531996986388e-02
 5.565914513771e+04  1.516275800000e+01  6.347663695118e-02
 5.565915089612e+04  1.522883600000e+01  6.708327539993e-02
 5.565915665222e+04  1.510919500000e+01  6.593580418605e-02
 5.565916234904e+04  1.518556900000e+01  6.169268140104e-02
 5.559726095517e+04  1.535630600000e+01  5.584020119226e-02
 5.559727011870e+04  1.535644000000e+01  5.583272765463e-02
 5.559727929174e+04  1.536765800000e+01  5.588695310725e-02
 5.559728851253e+04  1.536709200000e+01  5.588648387086e-02
 5.561617065687e+04  1.511013800000e+01  6.093795061436e-02
 5.561617573329e+04  1.512140300000e+01  6.105146704566e-02
 5.561618127826e+04  1.510643000000e+01  6.091815011370e-02
 5.561618668605e+04  1.508459000000e+01  6.097403944847e-02
 5.556431703259e+04  1.516117600000e+01  6.172174394453e-02
 5.556432507506e+04  1.512559600000e+01  6.078896614178e-02
 5.556433309189e+04  1.511340000000e+01  6.065908131463e-02
 5.556434115903e+04  1.507190900000e+01  6.033514411423e-02
 5.557242675646e+04  1.525656400000e+01  6.181711940917e-02
 5.557243201067e+04  1.524756500000e+01  6.174219873076e-02
 5.557243727852e+04  1.524776800000e+01  6.173219899582e-02
 5.557244255581e+04  1.525751800000e+01  6.184209483672e-02
 5.558546522323e+04  1.528755500000e+01  6.240672509793e-02
 5.558547169773e+04  1.528922800000e+01  6.240693250931e-02
 5.558547817225e+04  1.531429100000e+01  6.267745204372e-02
 5.558548473348e+04  1.527289900000e+01  6.238788322975e-02
 5.562215266356e+04  1.506065100000e+01  5.844941240166e-02
 5.562216095785e+04  1.509309300000e+01  5.866941309614e-02
 5.562216921830e+04  1.507991300000e+01  5.855758437210e-02
 5.562217745954e+04  1.510607900000e+01  5.922759175466e-02
 5.565022492858e+04  1.528383400000e+01  6.264826553036e-02
 5.565023290828e+04  1.529362100000e+01  6.276089033975e-02
 5.565024089910e+04  1.529770900000e+01  6.285383499519e-02
 5.565024900332e+04  1.527668600000e+01  6.264670638544e-02
 5.568222219047e+04  1.527293800000e+01  6.287552840663e-02
 5.568223093549e+04  1.523390800000e+01  6.257882123560e-02
 5.568223961728e+04  1.522885100000e+01  6.263143900183e-02
 5.568224829817e+04  1.518675100000e+01  6.233112762972e-02
 5.570616053534e+04  1.540230300000e+01  6.442284526631e-02
 5.570616844697e+04  1.534201600000e+01  6.386682924310e-02
 5.570617641102e+04  1.532876900000e+01  6.380333280651e-02
 5.570618437984e+04  1.533742000000e+01  6.395436801731e-02
 5.373230517331e+04  1.514494100000e+01  6.108381819358e-02
 5.373231163810e+04  1.516298200000e+01  6.118655638418e-02
 5.373231808043e+04  1.516613300000e+01  6.142427378498e-02
 5.373232457311e+04  1.520154800000e+01  6.188655858047e-02
 5.423616744674e+04  1.511724500000e+01  6.144022909787e-02
 5.423617396940e+04  1.510347800000e+01  6.143386866691e-02
 5.423618046532e+04  1.509378900000e+01  6.143528508771e-02
 5.423618695963e+04  1.507579300000e+01  6.135145546731e-02
 5.570616053534e+04  1.539182600000e+01  6.437822889180e-02
 5.570616844697e+04  1.533824800000e+01  6.389472804654e-02
 5.570617641102e+04  1.532018100000e+01  6.379041746048e-02
 5.570618437984e+04  1.534075000000e+01  6.405277986576e-02
 5.585746784096e+04  1.521801400000e+01  6.152532595314e-02
 5.585747660623e+04  1.521723700000e+01  6.122738640514e-02
 5.585748497461e+04  1.521628100000e+01  6.119834811547e-02
 5.585749354369e+04  1.524993200000e+01  6.142358421835e-02
 5.583748267166e+04  1.530810100000e+01  5.988680283706e-02
 5.583748951898e+04  1.535232900000e+01  6.013164245424e-02
 5.583749635338e+04  1.529744000000e+01  5.969028035628e-02
 5.583750320942e+04  1.532626800000e+01  5.981178072986e-02
 5.588841239516e+04  1.505585000000e+01  6.008741527879e-02
 5.588842153508e+04  1.506678000000e+01  6.013528817925e-02
 5.588843073884e+04  1.507771600000e+01  6.019414696207e-02
 5.588843996902e+04  1.507977100000e+01  6.019497725641e-02
 5.591934551407e+04  1.524171700000e+01  6.194319091926e-02
 5.591935400141e+04  1.519783800000e+01  6.154950608472e-02
 5.591936242056e+04  1.518215000000e+01  6.140390214527e-02
 5.591937084678e+04  1.518650500000e+01  6.138699854680e-02
 5.592636448874e+04  1.534824700000e+01  6.679866194293e-02
 5.592636946517e+04  1.532036600000e+01  6.646545722209e-02
 5.592637439458e+04  1.533067000000e+01  6.658289753222e-02
 5.592637933818e+04  1.533063400000e+01  6.656056629362e-02
 5.594037246040e+04  1.521684000000e+01  6.107953311087e-02
 5.594037867692e+04  1.522803900000e+01  6.119073619444e-02
 5.594038496797e+04  1.521724900000e+01  6.108365704294e-02
 5.596823720851e+04  1.516933200000e+01  6.091724681179e-02
 5.596824558566e+04  1.522278600000e+01  6.133669045892e-02
 5.596825403904e+04  1.521760200000e+01  6.126998866402e-02
 5.596826253878e+04  1.518832200000e+01  6.102425976537e-02
 5.597921528257e+04  1.516019800000e+01  5.881489605263e-02
 5.597922409368e+04  1.517948500000e+01  5.893860937889e-02
 5.597923288698e+04  1.519591400000e+01  5.902737165777e-02
 5.597924169358e+04  1.520445000000e+01  5.909694295323e-02
 5.598618529648e+04  1.504032700000e+01  6.039585667179e-02
 5.598619032458e+04  1.505566400000e+01  6.052563020021e-02
 5.598619543433e+04  1.506738100000e+01  6.060055051468e-02
 5.598620053975e+04  1.504932000000e+01  6.047785819485e-02
 5.600018785169e+04  1.532081700000e+01  6.250824333698e-02
 5.600019313053e+04  1.532072100000e+01  6.229971275230e-02
 5.600019821480e+04  1.529913700000e+01  6.218765358073e-02
 5.600020333138e+04  1.533202000000e+01  6.242014023023e-02
 5.601420509699e+04  1.517984300000e+01  5.914381779069e-02
 5.601421268662e+04  1.518183100000e+01  5.916458377589e-02
 5.601422023657e+04  1.520030100000e+01  5.925946365237e-02
 5.601422777618e+04  1.518173500000e+01  5.915933489355e-02
 5.602814671015e+04  1.538584000000e+01  6.341665537710e-02
 5.602815344810e+04  1.536101300000e+01  6.318658877591e-02
 5.602815998274e+04  1.535762300000e+01  6.311159787884e-02
 5.602816666977e+04  1.533585600000e+01  6.292184641381e-02
 5.604117574935e+04  1.515017200000e+01  6.149027966515e-02
 5.604118022669e+04  1.514830000000e+01  6.150409446194e-02
 5.604118466453e+04  1.514703300000e+01  6.148999998160e-02
 5.604118919083e+04  1.512042000000e+01  6.129013202565e-02
 5.621443863080e+04  1.520933100000e+01  6.206752061967e-02
 5.621444541319e+04  1.520466100000e+01  6.196915076448e-02
 5.621445231751e+04  1.517070400000e+01  6.164676030788e-02
 5.621445923792e+04  1.521286700000e+01  6.188569171705e-02
 5.622541594039e+04  1.517025500000e+01  6.388557415217e-02
 5.622542002617e+04  1.515133100000e+01  6.380755599920e-02
 5.622542406156e+04  1.519465600000e+01  6.407502299174e-02
 5.622542815182e+04  1.518627200000e+01  6.391119467307e-02
