# time mag mag_err
 5.348123372652e+04  1.584454600000e+01  6.811424016179e-02
 5.348124188144e+04  1.584779900000e+01  6.827434656165e-02
 5.348125002339e+04  1.588150100000e+01  6.881692118476e-02
 5.348125814220e+04  1.590848700000e+01  6.929280332783e-02
 5.370939607389e+04  1.625525000000e+01  7.305298768895e-02
 5.370940260222e+04  1.629882200000e+01  7.321045087165e-02
 5.370940913079e+04  1.629429800000e+01  7.368583838645e-02
 5.370941569397e+04  1.630094100000e+01  7.377104055532e-02
 5.372641281150e+04  1.636885600000e+01  7.506563174517e-02
 5.372642314164e+04  1.629396200000e+01  7.387296485597e-02
 5.372643353915e+04  1.634236700000e+01  7.467749439241e-02
 5.372644393284e+04  1.630578200000e+01  7.466161047172e-02
 5.349514254620e+04  1.632944300000e+01  7.624209845177e-02
 5.349514904201e+04  1.626801500000e+01  7.537645131969e-02
 5.349515554338e+04  1.631886500000e+01  7.589057807285e-02
 5.349516208722e+04  1.635737900000e+01  7.627490742620e-02
 5.367544248562e+04  1.596460400000e+01  6.942847469572e-02
 5.367544947683e+04  1.599382600000e+01  6.978720683917e-02
 5.367545667198e+04  1.601873700000e+01  7.028639469582e-02
 5.367546370520e+04  1.599944400000e+01  6.981905466112e-02
 5.370247554355e+04  1.637490200000e+01  7.539429431370e-02
 5.370248431830e+04  1.643492700000e+01  7.651014293266e-02
 5.370249311168e+04  1.622106400000e+01  7.555315872853e-02
 5.370250197751e+04  1.642970000000e+01  7.638096719755e-02
 5.364745977071e+04  1.597027700000e+01  1.395803498595e-01
 5.364746418007e+04  1.568334200000e+01  8.918042617487e-02
 5.364746857531e+04  1.563466000000e+01  9.487516917690e-02
 5.364747297252e+04  1.584553900000e+01  1.110583249765e-01
 5.385422227980e+04  1.626724300000e+01  7.645696919057e-02
 5.385422933084e+04  1.625776500000e+01  7.642008438332e-02
 5.385423636950e+04  1.623908100000e+01  7.628213381042e-02
 5.385424340295e+04  1.623252100000e+01  7.639438408463e-02
 5.408049466671e+04  1.573878500000e+01  1.090217716457e-01
 5.408049566920e+04  1.582178500000e+01  1.122411239064e-01
 5.408049668534e+04  1.580038000000e+01  1.115445697571e-01
 5.408049769962e+04  1.585561200000e+01  1.135672754742e-01
 5.408240148271e+04  1.638570600000e+01  7.465377647861e-02
 5.408240690706e+04  1.637940400000e+01  7.447717626836e-02
 5.408241233152e+04  1.631902500000e+01  7.347573731618e-02
 5.408241777137e+04  1.626994500000e+01  7.271715571456e-02
 5.409423938668e+04  1.590837900000e+01  6.811070620419e-02
 5.409425086758e+04  1.588180000000e+01  6.741509107918e-02
 5.409426052384e+04  1.529299000000e+01  6.116777229634e-02
 5.409427019551e+04  1.591928800000e+01  6.767604496288e-02
 5.376829647637e+04  1.594000100000e+01  6.899136565955e-02
 5.376830302508e+04  1.598980200000e+01  6.969368132155e-02
 5.376830958837e+04  1.596922100000e+01  6.938461308992e-02
 5.376831612284e+04  1.600563100000e+01  6.989017135964e-02
 5.379213651020e+04  1.624219400000e+01  7.792576099521e-02
 5.379214139400e+04  1.605557200000e+01  7.643591153094e-02
 5.379214630397e+04  1.611467000000e+01  7.978776466600e-02
 5.379215116810e+04  1.597166600000e+01  7.496715993707e-02
 5.379423933086e+04  1.585820400000e+01  7.275705357114e-02
 5.379424585468e+04  1.587780600000e+01  6.897604838421e-02
 5.379425231518e+04  1.584446500000e+01  6.853375648106e-02
 5.379425879316e+04  1.590024800000e+01  6.931509182757e-02
 5.373730338853e+04  1.620911900000e+01  8.392396712416e-02
 5.373731072361e+04  1.622140400000e+01  7.279126245198e-02
 5.373731803266e+04  1.629945200000e+01  7.829650220375e-02
 5.373732531728e+04  1.621648700000e+01  7.357327830467e-02
 5.374033344348e+04  1.585568000000e+01  6.769956337384e-02
 5.374034043862e+04  1.583455900000e+01  6.743035486888e-02
 5.374034747172e+04  1.587656000000e+01  6.795646222963e-02
 5.374035452127e+04  1.588606800000e+01  6.803237835258e-02
 5.375426230212e+04  1.627777600000e+01  7.366519694861e-02
 5.375426903370e+04  1.636076800000e+01  7.502459555654e-02
 5.375427574804e+04  1.628106500000e+01  7.373827146495e-02
 5.375428249051e+04  1.630589600000e+01  7.424637711804e-02
 5.376023602823e+04  1.643308800000e+01  7.676131355770e-02
 5.376024186312e+04  1.641726500000e+01  7.641678034843e-02
 5.376024768228e+04  1.641986500000e+01  7.644986663679e-02
 5.376025353569e+04  1.650839200000e+01  7.798126588310e-02
 5.381816818814e+04  1.564216300000e+01  6.600390211994e-02
 5.381817887848e+04  1.564537000000e+01  6.621689626254e-02
 5.381818941963e+04  1.557306800000e+01  6.583287150432e-02
 5.381819992027e+04  1.565783300000e+01  6.626128916286e-02
 5.386219716225e+04  1.638466400000e+01  7.822821100395e-02
 5.386220403933e+04  1.640303700000e+01  7.874816779441e-02
 5.386221056824e+04  1.655726700000e+01  8.202971238009e-02
 5.386221727934e+04  1.645764300000e+01  8.016431080171e-02
 5.405440372927e+04  1.646154400000e+01  7.494216826103e-02
 5.405441025135e+04  1.638560600000e+01  7.370487400705e-02
 5.405441678166e+04  1.644226600000e+01  7.456142290219e-02
 5.405442332110e+04  1.647943000000e+01  7.515217350363e-02
 5.406041603705e+04  1.562805400000e+01  6.432318466317e-02
 5.406042264409e+04  1.564979100000e+01  6.454509735148e-02
 5.406042927741e+04  1.566709900000e+01  6.469176369237e-02
 5.406043592044e+04  1.566857700000e+01  6.471051745778e-02
 5.403545426238e+04  1.634576000000e+01  7.313729265272e-02
 5.403546080843e+04  1.634712000000e+01  7.314838023225e-02
 5.403546729764e+04  1.635955800000e+01  7.328186854528e-02
 5.403547386266e+04  1.631314700000e+01  7.249459402762e-02
 5.400247747390e+04  1.649988500000e+01  7.696501994263e-02
 5.400248177723e+04  1.649890400000e+01  7.678444653004e-02
 5.400248605731e+04  1.647612100000e+01  7.629986835103e-02
 5.400249033854e+04  1.645998400000e+01  7.596761433711e-02
 5.420912072567e+04  1.562350900000e+01  7.523199607550e-02
 5.420912434438e+04  1.560150000000e+01  7.495372695238e-02
 5.420912798947e+04  1.561726100000e+01  7.527574871721e-02
 5.420913162413e+04  1.561974100000e+01  7.705600788032e-02
 5.444938527852e+04  1.559642100000e+01  6.393735346034e-02
 5.444939252264e+04  1.561698700000e+01  6.416244990127e-02
 5.444939974939e+04  1.563332600000e+01  6.427516268105e-02
 5.444940699523e+04  1.565123500000e+01  6.445247111653e-02
 5.446532597464e+04  1.632809400000e+01  7.307446972561e-02
 5.446533263157e+04  1.631065300000e+01  7.276672135307e-02
 5.446535190185e+04  1.634709600000e+01  7.331195228503e-02
 5.446535853008e+04  1.629303400000e+01  7.249589094111e-02
 5.414016811287e+04  1.645331900000e+01  7.950104482244e-02
 5.414017459444e+04  1.642612000000e+01  8.022308852081e-02
 5.414018106258e+04  1.653244200000e+01  8.813731433274e-02
 5.414018754670e+04  1.641270400000e+01  8.259034618968e-02
 5.415617762469e+04  1.623626700000e+01  7.521716937054e-02
 5.415618486845e+04  1.625724400000e+01  7.556429997264e-02
 5.415620209106e+04  1.627398200000e+01  7.579910724702e-02
 5.415620935277e+04  1.631021500000e+01  7.645696919057e-02
 5.410838466804e+04  1.627154000000e+01  7.303617865937e-02
 5.410839124429e+04  1.626756300000e+01  7.292100194325e-02
 5.410839780887e+04  1.610383400000e+01  7.058042909564e-02
 5.410840429530e+04  1.600483800000e+01  6.921131990969e-02
 5.411727529758e+04  1.633775600000e+01  7.342375368381e-02
 5.411728224259e+04  1.626067100000e+01  7.223449292675e-02
 5.411728918993e+04  1.631755600000e+01  7.306105980374e-02
 5.411729614109e+04  1.629917600000e+01  7.276405280641e-02
 5.412518752456e+04  1.644767900000e+01  7.568626794098e-02
 5.412519858646e+04  1.641419300000e+01  7.499780855572e-02
 5.412520967439e+04  1.651983200000e+01  7.669001898506e-02
 5.412522080330e+04  1.650568000000e+01  7.640380866784e-02
 5.417520557882e+04  1.642084100000e+01  7.504853135635e-02
 5.417521093372e+04  1.646031700000e+01  7.572079563748e-02
 5.417521631640e+04  1.645790600000e+01  7.573277401906e-02
 5.417522166065e+04  1.648493000000e+01  7.621981631884e-02
 5.423714045252e+04  1.585263500000e+01  6.827695203506e-02
 5.423714695273e+04  1.581866100000e+01  6.867462754205e-02
 5.423715346972e+04  1.589135700000e+01  6.989248757152e-02
 5.423715997572e+04  1.594798100000e+01  7.112092213917e-02
 5.440847531637e+04  1.560320100000e+01  6.426497640133e-02
 5.440848194344e+04  1.558603000000e+01  6.409363786585e-02
 5.440848854793e+04  1.559943000000e+01  6.418093608917e-02
 5.440849515230e+04  1.562339800000e+01  6.443194611974e-02
 5.438042800832e+04  1.650266300000e+01  7.706449660910e-02
 5.438043533588e+04  1.649525900000e+01  7.677397049061e-02
 5.438044258288e+04  1.647297000000e+01  7.628446582215e-02
 5.438044981034e+04  1.652663100000e+01  7.706399781666e-02
 5.456321112488e+04  1.602750900000e+01  6.611638667923e-02
 5.456321766954e+04  1.604437400000e+01  6.632913692095e-02
 5.456322426096e+04  1.608493300000e+01  6.678595622044e-02
 5.456323083860e+04  1.611401200000e+01  6.713926806751e-02
 5.457214922093e+04  1.560957900000e+01  6.429707037840e-02
 5.457215796766e+04  1.570086700000e+01  6.529740082417e-02
 5.457216671450e+04  1.570690300000e+01  6.532652682471e-02
 5.457217547734e+04  1.571422000000e+01  6.547065730828e-02
 5.482149154076e+04  1.559315300000e+01  6.394323592513e-02
 5.482149695550e+04  1.559072800000e+01  6.393045366811e-02
 5.482150233564e+04  1.560946400000e+01  6.409922868224e-02
 5.482150783058e+04  1.559522500000e+01  6.397745302384e-02
 5.483036383971e+04  1.629153900000e+01  7.228243029433e-02
 5.483036933756e+04  1.629709100000e+01  7.235742763801e-02
 5.483037482128e+04  1.629515200000e+01  7.235247257674e-02
 5.483038023012e+04  1.633053200000e+01  7.287082127836e-02
 5.449943156655e+04  1.573314800000e+01  6.276287940834e-02
 5.449943616748e+04  1.573562900000e+01  6.281988482893e-02
 5.449944074038e+04  1.575189600000e+01  6.304104251709e-02
 5.449944530010e+04  1.575209900000e+01  6.303603191318e-02
 5.452417749834e+04  1.591807200000e+01  6.769574753714e-02
 5.452418471988e+04  1.591408900000e+01  6.764076327525e-02
 5.452419194571e+04  1.585960500000e+01  6.702054970906e-02
 5.452419917199e+04  1.593311900000e+01  6.785492015414e-02
 5.447629082264e+04  1.624867900000e+01  7.201592164742e-02
 5.447629957990e+04  1.623871400000e+01  7.179911518377e-02
 5.447630845743e+04  1.620078200000e+01  7.127658468458e-02
 5.447631731377e+04  1.622896000000e+01  7.167291077008e-02
 5.449534506363e+04  1.645235300000e+01  7.527638676719e-02
 5.449535258565e+04  1.641424900000e+01  7.463532075792e-02
 5.449536011194e+04  1.647562400000e+01  7.571880195177e-02
 5.449536769253e+04  1.646635700000e+01  7.554181372545e-02
 5.453012305986e+04  1.609772400000e+01  7.042045669535e-02
 5.453012913748e+04  1.612101900000e+01  7.200436145021e-02
 5.453013518454e+04  1.612883300000e+01  7.192872249886e-02
 5.453014123194e+04  1.592348500000e+01  7.552220301448e-02
 5.453818964883e+04  1.628554600000e+01  7.901464025492e-02
 5.453819674421e+04  1.640390400000e+01  7.747246427179e-02
 5.453820383565e+04  1.649607700000e+01  8.071834227059e-02
 5.453821091494e+04  1.638652700000e+01  7.653682440624e-02
 5.455519622124e+04  1.588024300000e+01  6.755559169309e-02
 5.455520416006e+04  1.583279100000e+01  6.710200745887e-02
 5.455521208429e+04  1.578937000000e+01  6.666099497015e-02
 5.455522002590e+04  1.565780500000e+01  6.525991015877e-02
 5.477840653367e+04  1.636085700000e+01  7.358177977678e-02
 5.477841864689e+04  1.631370700000e+01  7.284456690743e-02
 5.477843081392e+04  1.628627200000e+01  7.239025321012e-02
 5.477844306894e+04  1.638203200000e+01  7.379152819973e-02
 5.479138919079e+04  1.630865300000e+01  7.307034256520e-02
 5.479139585339e+04  1.630217900000e+01  7.291202874248e-02
 5.479140242177e+04  1.634175900000e+01  7.356243393738e-02
 5.479140896492e+04  1.632791700000e+01  7.344015936331e-02
 5.480031817170e+04  1.620338300000e+01  7.147706309290e-02
 5.480032622766e+04  1.618885200000e+01  7.116359817579e-02
 5.480033422609e+04  1.619774600000e+01  7.116359817579e-02
 5.480034224153e+04  1.616135900000e+01  7.063559561633e-02
 5.474150234556e+04  1.652185800000e+01  8.054594417464e-02
 5.474150452830e+04  1.644709700000e+01  7.901552195055e-02
 5.474150679404e+04  1.650568300000e+01  8.014016699707e-02
 5.474150897204e+04  1.640958100000e+01  7.818445517297e-02
 5.476742278690e+04  1.636235300000e+01  7.307498721309e-02
 5.476743182809e+04  1.637765200000e+01  7.395486600659e-02
 5.476744080932e+04  1.639979100000e+01  7.426164510033e-02
 5.476744988847e+04  1.640196300000e+01  7.423479673271e-02
 5.494215041706e+04  1.647778800000e+01  7.622793521062e-02
 5.494215575575e+04  1.648854100000e+01  7.645105008557e-02
 5.494216121009e+04  1.647070300000e+01  7.616706940912e-02
 5.494216669116e+04  1.640303800000e+01  7.503686979445e-02
 5.518132719110e+04  1.582294900000e+01  6.717324035943e-02
 5.518133172072e+04  1.585798100000e+01  6.729178283122e-02
 5.518133626854e+04  1.584327800000e+01  6.681056180557e-02
 5.518134086622e+04  1.586200900000e+01  6.724822835131e-02
 5.486617904339e+04  1.644466000000e+01  7.528383833770e-02
 5.486618833112e+04  1.645450800000e+01  7.534684918387e-02
 5.486619759280e+04  1.643612000000e+01  7.495021609159e-02
 5.486620691225e+04  1.646083000000e+01  7.538999201297e-02
 5.488414996568e+04  1.630046700000e+01  7.571680646256e-02
 5.488415530970e+04  1.626083000000e+01  7.969767655869e-02
 5.488416074110e+04  1.625640300000e+01  7.956143327374e-02
 5.488416622888e+04  1.629366900000e+01  7.316763778431e-02
 5.485135287723e+04  1.557921400000e+01  6.109688875392e-02
 5.485135935997e+04  1.560247400000e+01  6.126784819095e-02
 5.485136585311e+04  1.560010300000e+01  6.123173323336e-02
 5.485137243040e+04  1.561369900000e+01  6.137609140351e-02
 5.486027852961e+04  1.637193700000e+01  7.342232874737e-02
 5.486028331630e+04  1.636773800000e+01  7.332570477873e-02
 5.486028817128e+04  1.643697800000e+01  7.444150235360e-02
 5.486029304294e+04  1.642124700000e+01  7.419648182660e-02
 5.489310529420e+04  1.606402300000e+01  7.512443724991e-02
 5.490823880378e+04  1.628465800000e+01  7.396782887368e-02
 5.490824362358e+04  1.630404600000e+01  7.391514208184e-02
 5.490824848030e+04  1.625268600000e+01  7.403099436505e-02
 5.490825333865e+04  1.629834900000e+01  7.432974955039e-02
 5.491415594892e+04  1.637311700000e+01  7.391159054912e-02
 5.491416397029e+04  1.638732700000e+01  7.410845082623e-02
 5.491417207001e+04  1.634357400000e+01  7.347126089757e-02
 5.491813549613e+04  1.647558900000e+01  7.617584480797e-02
 5.491814096818e+04  1.648296700000e+01  7.632980271804e-02
 5.491814640376e+04  1.650457500000e+01  7.670671121366e-02
 5.491815189698e+04  1.645497100000e+01  7.583936884147e-02
 5.496514275488e+04  1.594244400000e+01  6.925405313202e-02
 5.496514876110e+04  1.592691400000e+01  6.910760554976e-02
 5.496515481638e+04  1.596386600000e+01  6.967821273896e-02
 5.496516092811e+04  1.601976400000e+01  7.049616135633e-02
 5.515137707524e+04  1.562416400000e+01  6.515122841720e-02
 5.515138939336e+04  1.563405400000e+01  6.519027579269e-02
 5.515140169955e+04  1.564015100000e+01  6.517042837891e-02
 5.515141395943e+04  1.569475000000e+01  6.573578125754e-02
 5.509250566647e+04  1.609447800000e+01  7.882930043195e-02
 5.509250764631e+04  1.609369000000e+01  7.890893141020e-02
 5.509250961238e+04  1.606723700000e+01  7.805685368145e-02
 5.509251161267e+04  1.623697900000e+01  8.094701303435e-02
 5.529324677899e+04  1.622601500000e+01  7.258304030486e-02
 5.529325189094e+04  1.619188900000e+01  7.209241823770e-02
 5.529325702616e+04  1.623555700000e+01  7.279176526618e-02
 5.529326217961e+04  1.622203700000e+01  7.266536654988e-02
 5.530014544615e+04  1.574555600000e+01  6.613382982508e-02
 5.530015235094e+04  1.576639300000e+01  6.632983368159e-02
 5.530015917958e+04  1.578958900000e+01  6.667259146027e-02
 5.530016607750e+04  1.581480700000e+01  6.697245538598e-02
 5.553333137985e+04  1.591061400000e+01  7.058016507556e-02
 5.553334347181e+04  1.594495100000e+01  6.679263666606e-02
 5.553334947409e+04  1.593352400000e+01  6.635370896471e-02
 5.554337733734e+04  1.631237300000e+01  6.953697387493e-02
 5.554339259505e+04  1.636920900000e+01  7.025659751928e-02
 5.554340023313e+04  1.633967600000e+01  6.983405353327e-02
 5.555927346069e+04  1.583218200000e+01  6.776153786629e-02
 5.555928922319e+04  1.584810500000e+01  6.787356057935e-02
 5.522917990597e+04  1.624474900000e+01  1.286744888526e-01
 5.522918997606e+04  1.727346700000e+01  2.567431684565e-01
 5.522919500572e+04  1.672936100000e+01  1.560982967312e-01
 5.523217758116e+04  1.620000700000e+01  7.613871827660e-02
 5.523218208521e+04  1.625579500000e+01  7.747117091187e-02
 5.523218664631e+04  1.620929800000e+01  7.748178093522e-02
 5.523219141072e+04  1.619381000000e+01  7.651871234893e-02
 5.524122048854e+04  1.611985400000e+01  7.131927967207e-02
 5.524122775094e+04  1.616470800000e+01  7.190034101635e-02
 5.524123507756e+04  1.615166700000e+01  7.175775783833e-02
 5.524124229902e+04  1.615212600000e+01  7.176751674942e-02
 5.524625972131e+04  1.579069200000e+01  6.664990206313e-02
 5.524626802957e+04  1.580587300000e+01  6.685286485620e-02
 5.524627526054e+04  1.581251700000e+01  6.688730210877e-02
 5.524628226302e+04  1.585516300000e+01  6.738894466034e-02
 5.520237534360e+04  1.628669800000e+01  7.255053170296e-02
 5.520238055068e+04  1.628327000000e+01  7.249783743242e-02
 5.520238571094e+04  1.631102200000e+01  7.296241888662e-02
 5.520239091837e+04  1.630368500000e+01  7.280196749662e-02
 5.520833994029e+04  1.630711000000e+01  7.341662927691e-02
 5.520834870285e+04  1.627143600000e+01  7.286761913382e-02
 5.520835747118e+04  1.637893800000e+01  7.453995059350e-02
 5.520836613675e+04  1.638816700000e+01  7.473439408221e-02
 5.521223433587e+04  1.637704600000e+01  7.776052105872e-02
 5.521224182652e+04  1.634454400000e+01  7.924078195232e-02
 5.521224938985e+04  1.637045700000e+01  8.090396136531e-02
 5.521225694087e+04  1.638181800000e+01  7.780434273430e-02
 5.535815227263e+04  1.616162000000e+01  7.781472406089e-02
 5.535815541700e+04  1.621360500000e+01  7.916970609306e-02
 5.535815855145e+04  1.615648200000e+01  7.839254020198e-02
 5.535816172637e+04  1.614831900000e+01  7.839449590675e-02
 5.526911927703e+04  1.610454000000e+01  7.063639136029e-02
 5.526912604624e+04  1.608710300000e+01  7.049733766129e-02
 5.526913286545e+04  1.614614800000e+01  7.128613359876e-02
 5.526913967957e+04  1.611683200000e+01  7.084057000306e-02
 5.527621697907e+04  1.599279400000e+01  6.928032023954e-02
 5.527622505729e+04  1.601607400000e+01  6.964203111352e-02
 5.527623321367e+04  1.606224500000e+01  7.027097419915e-02
 5.527624134750e+04  1.603454000000e+01  6.995537124875e-02
 5.532814435038e+04  1.596137200000e+01  6.942882074273e-02
 5.532815127637e+04  1.591507100000e+01  6.888733421324e-02
 5.532815816882e+04  1.594831100000e+01  6.931919285306e-02
 5.532816509000e+04  1.598593100000e+01  6.985114216868e-02
 5.550745873210e+04  1.615883300000e+01  7.172689723182e-02
 5.550747264426e+04  1.613703700000e+01  7.137598987454e-02
 5.550747954075e+04  1.614669000000e+01  7.150725175083e-02
 5.551543263090e+04  1.630262900000e+01  7.404954579265e-02
 5.551544413578e+04  1.629856000000e+01  7.393573416024e-02
 5.551544989603e+04  1.632030700000e+01  7.427809695137e-02
 5.548343295051e+04  1.614616000000e+01  7.251601936152e-02
 5.548344697866e+04  1.612232100000e+01  7.199204611716e-02
 5.548345397833e+04  1.612695600000e+01  7.200436145021e-02
 5.550047338306e+04  1.631714900000e+01  7.452149570132e-02
 5.550048714499e+04  1.633085700000e+01  7.469904820254e-02
 5.550049397868e+04  1.611858700000e+01  7.547506348825e-02
 5.568118582002e+04  1.648321900000e+01  7.864928715574e-02
 5.568119317515e+04  1.630492100000e+01  7.547289608687e-02
 5.568120061247e+04  1.647293200000e+01  7.862561809799e-02
 5.568120805057e+04  1.643736400000e+01  7.805468013545e-02
 5.559722097471e+04  1.629648200000e+01  6.434215099880e-02
 5.559722923010e+04  1.628523400000e+01  6.423536623835e-02
 5.559723754337e+04  1.631812900000e+01  6.453304561068e-02
 5.559724581764e+04  1.634585500000e+01  6.479787150190e-02
 5.560418026902e+04  1.606460800000e+01  6.407182436334e-02
 5.560418827796e+04  1.609281400000e+01  6.432129183396e-02
 5.560419637084e+04  1.608675500000e+01  6.429192896677e-02
 5.560420438816e+04  1.607477100000e+01  6.416911004362e-02
 5.561613589720e+04  1.637992800000e+01  7.604747015898e-02
 5.561614099259e+04  1.634250400000e+01  7.541281491678e-02
 5.561614611443e+04  1.633213300000e+01  7.516501420435e-02
 5.561615117892e+04  1.636177400000e+01  7.571702720292e-02
 5.556625756586e+04  1.650869400000e+01  7.932371878131e-02
 5.556626509427e+04  1.645089800000e+01  7.126035766250e-02
 5.556627263588e+04  1.630153100000e+01  7.080330769719e-02
 5.556628013255e+04  1.627312500000e+01  6.864812459438e-02
 5.557235705370e+04  1.604296400000e+01  7.010661526756e-02
 5.557236286707e+04  1.605215500000e+01  7.018922720721e-02
 5.557236866527e+04  1.607324100000e+01  7.049537808898e-02
 5.557237447192e+04  1.604343600000e+01  7.009188199911e-02
 5.558738434046e+04  1.613429800000e+01  7.156322159755e-02
 5.558739221642e+04  1.620030500000e+01  7.259958045637e-02
 5.558740012543e+04  1.618023200000e+01  7.227434537178e-02
 5.558740805131e+04  1.617135100000e+01  7.216734252059e-02
 5.562219872927e+04  1.559211500000e+01  6.217960852345e-02
 5.562220705920e+04  1.558832800000e+01  6.215158580438e-02
 5.562221533536e+04  1.562647500000e+01  6.245279499142e-02
 5.562222364124e+04  1.568014100000e+01  6.289911631271e-02
 5.565022212184e+04  1.588553200000e+01  6.916981264361e-02
 5.565023004378e+04  1.584386300000e+01  6.864560566215e-02
 5.565023804383e+04  1.593255300000e+01  6.977926395958e-02
 5.565024612563e+04  1.594282700000e+01  6.995598522490e-02
 5.569316609977e+04  1.600318100000e+01  7.423344803701e-02
 5.569317436388e+04  1.604259400000e+01  7.492155739749e-02
 5.569318261093e+04  1.606711200000e+01  7.542186904626e-02
 5.569319094885e+04  1.609958500000e+01  7.616291635178e-02
 5.489316706302e+04  1.612465100000e+01  7.409797536785e-02
 5.489317033112e+04  1.615305600000e+01  7.410330662925e-02
 5.489317359402e+04  1.622106600000e+01  7.520468962567e-02
 5.489317683677e+04  1.620742100000e+01  7.496530018889e-02
 5.586144708572e+04  1.618771300000e+01  7.193789577736e-02
 5.586145397731e+04  1.623787900000e+01  7.264574960322e-02
 5.586146085071e+04  1.622954300000e+01  7.254466312933e-02
 5.586146783925e+04  1.617999700000e+01  7.187067868849e-02
 5.583348151803e+04  1.620355100000e+01  6.847013915271e-02
 5.583348565759e+04  1.619630000000e+01  6.835036714957e-02
 5.583348973383e+04  1.622801000000e+01  6.859903086708e-02
 5.583349378359e+04  1.620083500000e+01  6.825113186939e-02
 5.588346815020e+04  1.618240700000e+01  7.132242930921e-02
 5.588347323566e+04  1.616318200000e+01  7.105714050865e-02
 5.588347838095e+04  1.615520400000e+01  7.090748612063e-02
 5.588348352441e+04  1.617649100000e+01  7.119037302066e-02
 5.588837843047e+04  1.639788900000e+01  7.528703344075e-02
 5.588838772662e+04  1.617133900000e+01  7.164173538494e-02
 5.588839700448e+04  1.601086700000e+01  6.939230980409e-02
 5.588840616350e+04  1.593316800000e+01  6.834783824241e-02
 5.591931020372e+04  1.628441900000e+01  7.404575699710e-02
 5.591931934600e+04  1.623538700000e+01  7.327449287789e-02
 5.591932849500e+04  1.633514400000e+01  7.501981521542e-02
 5.591933760903e+04  1.631232200000e+01  7.464414397400e-02
 5.594032511924e+04  1.628458500000e+01  7.329593186080e-02
 5.594033178322e+04  1.624915700000e+01  7.268568519376e-02
 5.594033842606e+04  1.610649300000e+01  7.069003690699e-02
 5.594034508006e+04  1.598935300000e+01  6.885302077211e-02
 5.596719701605e+04  1.604256400000e+01  7.008776666639e-02
 5.596720529087e+04  1.601448700000e+01  6.970225971330e-02
 5.596721317897e+04  1.607208200000e+01  7.040415279065e-02
 5.596722109269e+04  1.600458800000e+01  6.951443917131e-02
 5.597518522703e+04  1.634012200000e+01  7.516901797860e-02
 5.597519300810e+04  1.631593800000e+01  7.484850341666e-02
 5.597520085851e+04  1.627698800000e+01  7.412886121360e-02
 5.597520876111e+04  1.634921900000e+01  7.531732768179e-02
 5.598214809685e+04  1.608107200000e+01  7.042434314846e-02
 5.598215376681e+04  1.604087400000e+01  7.010411650860e-02
 5.598215937775e+04  1.613533400000e+01  7.138016777905e-02
 5.598216501854e+04  1.604966000000e+01  7.019881923272e-02
 5.598810149169e+04  1.617152400000e+01  7.196316835749e-02
 5.598810775697e+04  1.617982200000e+01  7.215309336004e-02
 5.598811400277e+04  1.614416500000e+01  7.155690474849e-02
 5.598812027572e+04  1.617426800000e+01  7.196853791277e-02
 5.601417093852e+04  1.630658000000e+01  7.004572550245e-02
 5.601417984620e+04  1.633495000000e+01  7.041294799612e-02
 5.601418875252e+04  1.629738900000e+01  6.985830183852e-02
 5.601419755262e+04  1.634555500000e+01  7.051028096964e-02
 5.606115412045e+04  1.590216100000e+01  6.987921055767e-02
 5.606116288527e+04  1.577977900000e+01  6.817931917512e-02
 5.606117139398e+04  1.571483400000e+01  6.819865029965e-02
 5.606118000600e+04  1.566220600000e+01  6.745511150719e-02
 5.606416825231e+04  1.634972700000e+01  7.032026307015e-02
 5.606417422170e+04  1.629474600000e+01  6.969332310592e-02
 5.606418033174e+04  1.629475400000e+01  6.982002134716e-02
 5.606418647926e+04  1.633729000000e+01  7.054896428795e-02
 5.621050051678e+04  1.595915200000e+01  6.956250124088e-02
 5.621050450008e+04  1.588432000000e+01  6.862317395075e-02
 5.621050847134e+04  1.589195000000e+01  6.871825082794e-02
 5.621051247249e+04  1.583559900000e+01  6.795992726325e-02
 5.622538945916e+04  1.643992800000e+01  8.254094334810e-02
 5.622539546431e+04  1.638299900000e+01  8.133389989618e-02
 5.622540154581e+04  1.637711100000e+01  8.108843578527e-02
 5.622540758650e+04  1.636511500000e+01  8.068911570634e-02
