# time mag mag_err
 5.347033592523e+04  1.527277100000e+01  6.211379063024e-02
 5.347035220949e+04  1.528915400000e+01  6.230610400240e-02
 5.347920696693e+04  1.536862300000e+01  6.205459572954e-02
 5.347921521515e+04  1.534627700000e+01  6.191167509804e-02
 5.347922329970e+04  1.537412900000e+01  6.211186519163e-02
 5.347923141525e+04  1.537059300000e+01  6.201461564033e-02
 5.349029163328e+04  1.545609100000e+01  6.222107412772e-02
 5.349031012853e+04  1.539653200000e+01  6.181797438360e-02
 5.355821834294e+04  1.548426500000e+01  6.340484096677e-02
 5.355822367909e+04  1.546734200000e+01  6.332619846735e-02
 5.355822904521e+04  1.548877200000e+01  6.359563252043e-02
 5.355823440416e+04  1.551899200000e+01  6.392452979964e-02
 5.352729343171e+04  1.549288900000e+01  6.305977601369e-02
 5.352730224210e+04  1.546274000000e+01  6.283132793742e-02
 5.352731112345e+04  1.547861300000e+01  6.300108161308e-02
 5.352731999947e+04  1.546641400000e+01  6.294790828395e-02
 5.355120384597e+04  1.528831100000e+01  6.146223986526e-02
 5.355121995049e+04  1.528042000000e+01  6.149793456289e-02
 5.355122802530e+04  1.531455100000e+01  6.178722958019e-02
 5.350625884528e+04  1.544792000000e+01  6.472981429867e-02
 5.350626651915e+04  1.548734800000e+01  6.469480435919e-02
 5.350627418968e+04  1.545930700000e+01  6.436227173201e-02
 5.350628190742e+04  1.546413800000e+01  6.440753080536e-02
 5.383422799890e+04  1.544008000000e+01  6.819994053166e-02
 5.383423526558e+04  1.541285800000e+01  6.778861559606e-02
 5.383424253446e+04  1.547048700000e+01  6.852361828071e-02
 5.383424987615e+04  1.543230800000e+01  6.798171811857e-02
 5.385131335644e+04  1.540389800000e+01  6.243950994092e-02
 5.390233603469e+04  1.545006000000e+01  1.001929295556e-01
 5.390233703162e+04  1.547153500000e+01  1.062926283342e-01
 5.390233802171e+04  1.533913300000e+01  1.015770803310e-01
 5.390233905046e+04  1.543971700000e+01  1.055084605728e-01
 5.379740922248e+04  1.543438400000e+01  6.507910157658e-02
 5.379741580580e+04  1.541963200000e+01  6.496133155831e-02
 5.386031729064e+04  1.534723100000e+01  6.245396664263e-02
 5.387436263059e+04  1.527316100000e+01  9.709249116220e-02
 5.387436336280e+04  1.527659600000e+01  9.712953973365e-02
 5.387436409015e+04  1.527894200000e+01  9.732050870091e-02
 5.387436482873e+04  1.526224900000e+01  9.673032392220e-02
 5.421326607741e+04  1.534145400000e+01  6.182862267409e-02
 5.421327572453e+04  1.531766500000e+01  6.165558767590e-02
 5.421328550013e+04  1.530883500000e+01  6.157770607073e-02
 5.421329540769e+04  1.535314800000e+01  6.197251907289e-02
 5.414145987977e+04  1.535331600000e+01  7.064661663501e-02
 5.414146531071e+04  1.547951800000e+01  7.440516450795e-02
 5.414147070287e+04  1.566594600000e+01  8.752083390190e-02
 5.414147610279e+04  1.581060300000e+01  1.181249785926e-01
 5.411643407264e+04  1.546867800000e+01  6.210958595514e-02
 5.411644062286e+04  1.543987500000e+01  6.186820225382e-02
 5.411644729378e+04  1.545375100000e+01  6.188761328363e-02
 5.411645415073e+04  1.544700100000e+01  6.184332758735e-02
 5.412846515119e+04  1.534642500000e+01  5.638071129833e-02
 5.412846959852e+04  1.534869600000e+01  5.638691233836e-02
 5.412847404065e+04  1.533970800000e+01  5.656966853413e-02
 5.412847847883e+04  1.532487800000e+01  5.640011658602e-02
 5.425625089359e+04  1.523681600000e+01  6.110720816695e-02
 5.425625839234e+04  1.526568200000e+01  6.135339310851e-02
 5.425626591632e+04  1.524604500000e+01  6.120224123610e-02
 5.425627347388e+04  1.526530700000e+01  6.144521237090e-02
 5.426822569509e+04  1.537399800000e+01  6.396741712495e-02
 5.426823427538e+04  1.539394300000e+01  6.404805549009e-02
 5.426824283750e+04  1.535001300000e+01  6.330770847620e-02
 5.426825140494e+04  1.530164000000e+01  6.321889593594e-02
 5.427822320863e+04  1.548168800000e+01  6.353278497849e-02
 5.427822963639e+04  1.550687000000e+01  6.378336492339e-02
 5.427823605894e+04  1.548228200000e+01  6.362461368169e-02
 5.427824251203e+04  1.547425600000e+01  6.358177939246e-02
 5.417444091557e+04  1.546548300000e+01  6.206798807307e-02
 5.417444686529e+04  1.544720500000e+01  6.193261392501e-02
 5.417445280354e+04  1.543742900000e+01  6.184452411938e-02
 5.417445875940e+04  1.544517100000e+01  6.190887415029e-02
 5.418528765816e+04  1.545513100000e+01  6.252389732543e-02
 5.418529807928e+04  1.545447800000e+01  6.247362338893e-02
 5.418530848247e+04  1.547033100000e+01  6.256399423565e-02
 5.418531891527e+04  1.544697700000e+01  6.236268237044e-02
 5.423519936258e+04  1.544740200000e+01  6.642009381032e-02
 5.423520370157e+04  1.542760900000e+01  6.517690676139e-02
 5.423520803189e+04  1.544653000000e+01  6.541785869878e-02
 5.423521236913e+04  1.540526000000e+01  6.375262005162e-02
 5.424524685933e+04  1.547558000000e+01  6.269935499826e-02
 5.424525610087e+04  1.544921500000e+01  6.275629587962e-02
 5.424526544196e+04  1.546672400000e+01  6.298658120256e-02
 5.424527463767e+04  1.546319200000e+01  6.289644524758e-02
 5.455923688282e+04  1.527436500000e+01  6.101083912772e-02
 5.455924343477e+04  1.526786700000e+01  6.094687747483e-02
 5.455924998741e+04  1.527998700000e+01  6.102754126039e-02
 5.455925645718e+04  1.525985100000e+01  6.084047566352e-02
 5.456438294234e+04  1.537817900000e+01  6.160648952275e-02
 5.456438984373e+04  1.543605900000e+01  6.207692240390e-02
 5.456439676618e+04  1.543336900000e+01  6.204208901631e-02
 5.456440369418e+04  1.543090400000e+01  6.204104198034e-02
 5.457123287837e+04  1.541332100000e+01  6.197761482508e-02
 5.457123884209e+04  1.541751400000e+01  6.202063984005e-02
 5.457124479215e+04  1.546420000000e+01  6.238490787417e-02
 5.457125072799e+04  1.542590600000e+01  6.202612988921e-02
 5.458333231936e+04  1.544445400000e+01  6.256518871875e-02
 5.458333908150e+04  1.542189700000e+01  6.247219588188e-02
 5.458334582582e+04  1.544564900000e+01  6.263061827036e-02
 5.458335258681e+04  1.549084600000e+01  6.307852472451e-02
 5.450342263578e+04  1.525516800000e+01  6.043276096879e-02
 5.451436698490e+04  1.532218300000e+01  6.136425236568e-02
 5.451437301321e+04  1.536314000000e+01  6.176630474993e-02
 5.451437908851e+04  1.537876300000e+01  6.178371779921e-02
 5.451438517156e+04  1.534452900000e+01  6.153831860059e-02
 5.448251224756e+04  1.524054300000e+01  6.060259419470e-02
 5.448251709988e+04  1.523981900000e+01  6.144832929502e-02
 5.448252193740e+04  1.525207400000e+01  6.149359882494e-02
 5.448252676378e+04  1.522014600000e+01  6.163331441748e-02
 5.464026950037e+04  1.534158300000e+01  6.223910901715e-02
 5.464027604178e+04  1.534994500000e+01  6.255516732135e-02
 5.464028256907e+04  1.538284200000e+01  6.297776109298e-02
 5.464028909370e+04  1.536967300000e+01  6.289943292691e-02
 5.452739291831e+04  1.544677500000e+01  6.185080761599e-02
 5.452740099522e+04  1.540122100000e+01  6.146571475365e-02
 5.452740909330e+04  1.546249900000e+01  6.196142551788e-02
 5.452741721743e+04  1.540962900000e+01  6.151664690890e-02
 5.453334939182e+04  1.542141900000e+01  6.180797832195e-02
 5.453335596715e+04  1.539684400000e+01  6.161374569218e-02
 5.453336256794e+04  1.541698400000e+01  6.175927475339e-02
 5.453336913887e+04  1.539479200000e+01  6.156468542921e-02
 5.458921306214e+04  1.540048600000e+01  6.173033322226e-02
 5.458922167345e+04  1.542799000000e+01  6.195917122414e-02
 5.458923027446e+04  1.540928700000e+01  6.179737157922e-02
 5.458923900834e+04  1.537502200000e+01  6.150272868125e-02
 5.459914387648e+04  1.531386000000e+01  6.603152065698e-02
 5.459914891111e+04  1.530349500000e+01  6.603255969628e-02
 5.459915397097e+04  1.529763400000e+01  6.591789767136e-02
 5.459915903245e+04  1.529755100000e+01  6.596587346011e-02
 5.492323713179e+04  1.540543900000e+01  6.183220237544e-02
 5.492324262479e+04  1.541475200000e+01  6.187060613080e-02
 5.492324804045e+04  1.542926200000e+01  6.196696941385e-02
 5.492325352465e+04  1.538408800000e+01  6.159902889857e-02
 5.488838012984e+04  1.538854500000e+01  6.193934528242e-02
 5.488838807190e+04  1.537877800000e+01  6.117617080266e-02
 5.488839588468e+04  1.544546700000e+01  6.192934639542e-02
 5.488840380961e+04  1.542030500000e+01  6.200231751580e-02
 5.500122543130e+04  1.528820400000e+01  6.137110641834e-02
 5.500123032148e+04  1.531949300000e+01  6.166804345974e-02
 5.500123514869e+04  1.528353200000e+01  6.142844818547e-02
 5.500123998310e+04  1.529424400000e+01  6.154459728928e-02
 5.490935872367e+04  1.540399600000e+01  6.141122282311e-02
 5.490937251903e+04  1.539420100000e+01  6.132244153063e-02
 5.490938625165e+04  1.537210700000e+01  6.113673041254e-02
 5.490940002606e+04  1.532064000000e+01  6.077003195600e-02
 5.491539065385e+04  1.546512200000e+01  6.835026538500e-02
 5.491539464178e+04  1.564093700000e+01  1.118018124237e-01
 5.491539861317e+04  1.542072900000e+01  6.795915722706e-02
 5.491540256071e+04  1.610715500000e+01  1.440650220172e-01
 5.491641726789e+04  1.536318500000e+01  6.164316159617e-02
 5.491642410238e+04  1.536550900000e+01  6.170111437085e-02
 5.491643099684e+04  1.534539300000e+01  6.160434665895e-02
 5.491643791722e+04  1.534534200000e+01  6.161016975073e-02
 5.496829006618e+04  1.534247200000e+01  6.245480345469e-02
 5.496829915369e+04  1.533774100000e+01  6.251154003574e-02
 5.496830830903e+04  1.535739800000e+01  6.279386552218e-02
 5.496831731964e+04  1.535490500000e+01  6.273170889199e-02
 5.498118664446e+04  1.534788100000e+01  6.380665770703e-02
 5.498119746885e+04  1.540300400000e+01  6.205098037909e-02
 5.529633058714e+04  1.539550000000e+01  6.177039450938e-02
 5.529633636117e+04  1.537737500000e+01  6.162069018732e-02
 5.529634210255e+04  1.535639200000e+01  6.144064390378e-02
 5.529634784640e+04  1.538527600000e+01  6.172777324131e-02
 5.527445216299e+04  1.530096700000e+01  6.119831526660e-02
 5.527445963563e+04  1.533290900000e+01  6.151991313168e-02
 5.527446718196e+04  1.532579500000e+01  6.156833608049e-02
 5.527447478988e+04  1.530935600000e+01  6.144912574042e-02
 5.528031868563e+04  1.543101300000e+01  6.250064378337e-02
 5.528032551953e+04  1.546138900000e+01  6.275753191905e-02
 5.528033233850e+04  1.548783300000e+01  6.298759238563e-02
 5.528033923659e+04  1.547404500000e+01  6.282457558014e-02
 5.532831143760e+04  1.535939600000e+01  6.171550285819e-02
 5.532831889471e+04  1.536111300000e+01  6.173124780428e-02
 5.532832641190e+04  1.532733600000e+01  6.143013885687e-02
 5.532833395743e+04  1.533282400000e+01  6.151583993173e-02
 5.533914797575e+04  1.525505400000e+01  6.478749764978e-02
 5.533915334419e+04  1.526363900000e+01  6.480485944580e-02
 5.533915877527e+04  1.527866200000e+01  6.493508639674e-02
 5.533916414440e+04  1.525314400000e+01  6.463546696720e-02
 5.565733656941e+04  1.538118200000e+01  6.262259189479e-02
 5.565734161654e+04  1.537378400000e+01  6.265789053207e-02
 5.565734678348e+04  1.538126300000e+01  6.253564604046e-02
 5.565735193385e+04  1.534011500000e+01  6.669673620032e-02
 5.567629083008e+04  1.547295900000e+01  6.570747063112e-02
 5.567629592375e+04  1.545079300000e+01  6.867441665533e-02
 5.567630104125e+04  1.548544700000e+01  7.242930878593e-02
 5.567630622325e+04  1.548567400000e+01  6.852186067684e-02
 5.561750868691e+04  1.533739700000e+01  6.161038479617e-02
 5.561751741237e+04  1.534489700000e+01  6.166573113673e-02
 5.561752619791e+04  1.531257200000e+01  6.146404624184e-02
 5.561753489652e+04  1.533838700000e+01  6.164992951424e-02
 5.562936681882e+04  1.530932600000e+01  6.178275723253e-02
 5.562937480163e+04  1.527458500000e+01  6.132629613076e-02
 5.562938229322e+04  1.527787700000e+01  6.134666500123e-02
 5.562938982266e+04  1.523843900000e+01  6.102467403209e-02
 5.563628239670e+04  1.531777500000e+01  6.656792243453e-02
 5.563628836841e+04  1.527815700000e+01  6.609269695208e-02
 5.563629442140e+04  1.532871900000e+01  6.676250100891e-02
 5.563630049427e+04  1.532715300000e+01  6.668607621912e-02
 5.564727689503e+04  1.539275700000e+01  6.284319779783e-02
 5.564728262138e+04  1.540033900000e+01  6.284642761901e-02
 5.564728839771e+04  1.537406400000e+01  6.261845382066e-02
 5.564729415950e+04  1.536479000000e+01  6.247169252929e-02
 5.569335853909e+04  1.530622200000e+01  6.387734356718e-02
 5.569336685943e+04  1.529382100000e+01  6.378541683037e-02
 5.569337573987e+04  1.530225200000e+01  6.375507981503e-02
 5.569338416078e+04  1.527854600000e+01  6.359400143250e-02
 5.570830193794e+04  1.521121700000e+01  6.110740233870e-02
 5.570831106029e+04  1.523423300000e+01  6.131568637318e-02
 5.570832041610e+04  1.521771000000e+01  6.125145799343e-02
 5.570832975663e+04  1.522304200000e+01  6.129006512146e-02
 5.450343152950e+04  1.528661700000e+01  6.064624506217e-02
 5.450343859860e+04  1.525957700000e+01  6.044246309549e-02
 5.450344564490e+04  1.527108600000e+01  6.050867913391e-02
 5.450345267847e+04  1.529176400000e+01  6.069008836205e-02
 5.598136783983e+04  1.537376700000e+01  6.177998693359e-02
 5.598137520426e+04  1.541267700000e+01  6.206327352861e-02
 5.598138257384e+04  1.543302600000e+01  6.221121861352e-02
 5.598139008411e+04  1.543349600000e+01  6.220150032397e-02
 5.598738131060e+04  1.542146300000e+01  6.342012034993e-02
 5.598738757968e+04  1.538401800000e+01  6.294530621410e-02
 5.598739379469e+04  1.544171400000e+01  6.336046025057e-02
 5.598740002753e+04  1.540335600000e+01  6.293130935810e-02
 5.600941034514e+04  1.526341700000e+01  5.867585217929e-02
 5.600941850564e+04  1.526366300000e+01  5.868077871675e-02
 5.600942669586e+04  1.527664000000e+01  5.877924334008e-02
 5.600943487710e+04  1.526761400000e+01  5.876002725385e-02
 5.601537507122e+04  1.524243800000e+01  6.078014130731e-02
 5.601538300650e+04  1.523415800000e+01  6.073298423910e-02
 5.601539097311e+04  1.524270000000e+01  6.079589200235e-02
 5.601539896663e+04  1.524762800000e+01  6.087368900684e-02
 5.603630454778e+04  1.521684400000e+01  6.088528513297e-02
 5.603630903133e+04  1.524835300000e+01  6.113243268470e-02
 5.603631355912e+04  1.525679700000e+01  6.127775475193e-02
 5.603631807324e+04  1.524685600000e+01  6.180794134251e-02
 5.603937878241e+04  1.545794700000e+01  6.303547585038e-02
 5.603938546838e+04  1.544328500000e+01  6.290101802947e-02
 5.603939224664e+04  1.543118800000e+01  6.285931780625e-02
 5.603939901632e+04  1.543660000000e+01  6.294202008869e-02
 5.606331771868e+04  1.528507500000e+01  6.094509105101e-02
 5.606332445782e+04  1.530942000000e+01  6.110542745439e-02
 5.606333121963e+04  1.531641500000e+01  6.121403693440e-02
 5.606333799326e+04  1.531595200000e+01  6.124123646411e-02
 5.607120142868e+04  1.529207100000e+01  5.871269989174e-02
 5.607120896406e+04  1.533671000000e+01  5.898959764952e-02
 5.607121657207e+04  1.527490300000e+01  5.856300436409e-02
 5.607122410984e+04  1.528635800000e+01  5.864327336804e-02
 5.608820039958e+04  1.527284900000e+01  6.081105367961e-02
 5.608820543328e+04  1.524215100000e+01  6.062079257470e-02
 5.608821054338e+04  1.526511500000e+01  6.077953537044e-02
 5.608821562627e+04  1.527913100000e+01  6.083452784030e-02
 5.609625077550e+04  1.526521000000e+01  6.106698981461e-02
 5.609625927904e+04  1.526442300000e+01  6.107505879543e-02
 5.609626709190e+04  1.524628600000e+01  6.095751699946e-02
 5.609627490125e+04  1.525761000000e+01  6.105361332482e-02
