# time mag mag_err
 5.371114330522e+04  1.488483400000e+01  5.964162612085e-02
 5.371115132264e+04  1.491863500000e+01  5.987970323235e-02
 5.371115932164e+04  1.498106200000e+01  6.036498564235e-02
 5.371116731949e+04  1.497906800000e+01  6.035677231599e-02
 5.367720219708e+04  1.517372800000e+01  6.220389820991e-02
 5.367720815178e+04  1.521460600000e+01  6.253530606248e-02
 5.367721410057e+04  1.520571900000e+01  6.248396142493e-02
 5.367722005098e+04  1.518275600000e+01  6.227215913360e-02
 5.370419156558e+04  1.558333500000e+01  6.617043464918e-02
 5.370420053975e+04  1.551951400000e+01  6.551822087771e-02
 5.370420910881e+04  1.548270700000e+01  6.517396137647e-02
 5.370421777324e+04  1.538546200000e+01  6.424425698741e-02
 5.364828429295e+04  1.482744600000e+01  6.036345850708e-02
 5.364828966128e+04  1.485835200000e+01  6.057438175640e-02
 5.364829504569e+04  1.486521700000e+01  6.060376240447e-02
 5.364830040186e+04  1.488146700000e+01  6.072243423423e-02
 5.365430733830e+04  1.540643200000e+01  6.488197008407e-02
 5.365431449572e+04  1.540636300000e+01  6.496538860458e-02
 5.365432161771e+04  1.541022900000e+01  6.502135984521e-02
 5.365432873936e+04  1.541772500000e+01  6.509130544749e-02
 5.366720256604e+04  1.505111000000e+01  6.100674366653e-02
 5.366721240565e+04  1.507578400000e+01  6.121552578566e-02
 5.366722203992e+04  1.511586700000e+01  6.152771736656e-02
 5.366723165221e+04  1.514196900000e+01  6.171937067111e-02
 5.361629118481e+04  1.472475000000e+01  5.970389652422e-02
 5.361629761753e+04  1.470477200000e+01  5.946919914923e-02
 5.361630405131e+04  1.472122200000e+01  5.960018385737e-02
 5.361631046413e+04  1.472212900000e+01  5.960609721923e-02
 5.362625713848e+04  1.474010900000e+01  5.891515497016e-02
 5.362626523171e+04  1.484852100000e+01  5.961284114801e-02
 5.362627334831e+04  1.481411700000e+01  6.003605495437e-02
 5.362628138240e+04  1.484374800000e+01  6.023199095646e-02
 5.363731976722e+04  1.485913400000e+01  6.017608748065e-02
 5.363732725590e+04  1.489819900000e+01  6.052899298656e-02
 5.363733475824e+04  1.493745900000e+01  6.089433347455e-02
 5.363734226615e+04  1.498265600000e+01  6.128036879699e-02
 5.409107943869e+04  1.547403600000e+01  6.328792009691e-02
 5.409109890957e+04  1.545954900000e+01  6.512707648280e-02
 5.409110866851e+04  1.546672000000e+01  6.367777585372e-02
 5.409111517705e+04  1.554157900000e+01  6.442150408719e-02
 5.405617041285e+04  1.472617500000e+01  5.794209679950e-02
 5.405617629161e+04  1.474038000000e+01  5.804476758505e-02
 5.405618220625e+04  1.477180800000e+01  5.820674977556e-02
 5.405618810806e+04  1.479529200000e+01  5.836419093586e-02
 5.406219765747e+04  1.541081500000e+01  6.295654601039e-02
 5.406220418117e+04  1.540668900000e+01  6.291108198969e-02
 5.406221071054e+04  1.543510900000e+01  6.317503674439e-02
 5.406221723552e+04  1.540878700000e+01  6.297991866240e-02
 5.401228550682e+04  1.519419500000e+01  6.106111538545e-02
 5.401229081750e+04  1.521923600000e+01  6.123671527797e-02
 5.401229614103e+04  1.514882100000e+01  6.067399682014e-02
 5.401230148875e+04  1.522905000000e+01  6.130890662573e-02
 5.402918689107e+04  1.537740300000e+01  6.268368285927e-02
 5.402919722677e+04  1.535857000000e+01  6.250271168690e-02
 5.402920755321e+04  1.539260900000e+01  6.276840826530e-02
 5.402921784735e+04  1.541436500000e+01  6.295188322009e-02
 5.399732088368e+04  1.544408300000e+01  6.320856821539e-02
 5.399733411038e+04  1.545056000000e+01  6.326491812173e-02
 5.399734732528e+04  1.544554600000e+01  6.316986195404e-02
 5.399736054896e+04  1.546118000000e+01  6.332580822554e-02
 5.400334084021e+04  1.509916700000e+01  6.036262573421e-02
 5.400334733764e+04  1.509734300000e+01  6.037004240997e-02
 5.400335383206e+04  1.511342100000e+01  6.047095085274e-02
 5.400336033065e+04  1.511892300000e+01  6.053074774573e-02
 5.444006054251e+04  1.508916100000e+01  6.052140847809e-02
 5.444006707825e+04  1.510413800000e+01  6.061303092206e-02
 5.444007360740e+04  1.510958800000e+01  6.062038209531e-02
 5.444008013192e+04  1.515725200000e+01  6.063029954468e-02
 5.440618031937e+04  1.536534000000e+01  6.281823316770e-02
 5.440618682687e+04  1.537371100000e+01  6.287940758227e-02
 5.440619332951e+04  1.533171100000e+01  6.244698451987e-02
 5.440619983620e+04  1.539075900000e+01  6.299219254515e-02
 5.441517260091e+04  1.544631600000e+01  6.355447137546e-02
 5.441517972291e+04  1.545706900000e+01  6.364447578579e-02
 5.441518682998e+04  1.543934800000e+01  6.351625784130e-02
 5.441519394468e+04  1.548859300000e+01  6.398527628630e-02
 5.437726161679e+04  1.517905100000e+01  6.141259871845e-02
 5.437726811781e+04  1.519900800000e+01  6.158446003216e-02
 5.437727461652e+04  1.519273300000e+01  6.150675662071e-02
 5.437728113304e+04  1.522427600000e+01  6.176232814910e-02
 5.438418012747e+04  1.540200700000e+01  6.321851275653e-02
 5.438418674816e+04  1.541047000000e+01  6.330629958819e-02
 5.438419337604e+04  1.541145000000e+01  6.325166999697e-02
 5.438420000252e+04  1.539143600000e+01  6.302935816244e-02
 5.438825764968e+04  1.524151600000e+01  6.174142900815e-02
 5.438826624513e+04  1.525166500000e+01  6.181336410217e-02
 5.438827483698e+04  1.527169500000e+01  6.198359749533e-02
 5.438828343903e+04  1.528498300000e+01  6.210098954528e-02
 5.434834324836e+04  1.491583800000e+01  6.222055253909e-02
 5.434835141936e+04  1.491192300000e+01  6.238379192458e-02
 5.434835966560e+04  1.490837000000e+01  6.224889394020e-02
 5.434836795572e+04  1.496587500000e+01  6.220573714938e-02
 5.435731572060e+04  1.510984300000e+01  6.214533388792e-02
 5.435732344286e+04  1.511613100000e+01  6.117649913503e-02
 5.435733118780e+04  1.514768400000e+01  6.135631889721e-02
 5.435733891609e+04  1.514200500000e+01  6.127400425142e-02
 5.480210564704e+04  1.545255500000e+01  6.231176766802e-02
 5.480211213023e+04  1.548082100000e+01  6.359343991526e-02
 5.480211857743e+04  1.545937700000e+01  6.353919731185e-02
 5.480212501363e+04  1.544346400000e+01  6.204791129044e-02
 5.477616140304e+04  1.490886900000e+01  5.901327838884e-02
 5.477616865583e+04  1.493893000000e+01  5.924400465716e-02
 5.477617599255e+04  1.495523000000e+01  5.932187057958e-02
 5.477618315714e+04  1.499298400000e+01  5.955615928120e-02
 5.479111812153e+04  1.545037200000e+01  6.372072843712e-02
 5.479112476051e+04  1.544336100000e+01  6.364766342280e-02
 5.479113140494e+04  1.544333100000e+01  6.382267767493e-02
 5.479113797078e+04  1.543282600000e+01  6.462577097398e-02
 5.474128241622e+04  1.543748700000e+01  6.348508993373e-02
 5.474129054034e+04  1.542647300000e+01  6.338674312448e-02
 5.474129859190e+04  1.540475900000e+01  6.318516129291e-02
 5.474130662633e+04  1.541942800000e+01  6.335732374724e-02
 5.474818285743e+04  1.543890300000e+01  6.340261898134e-02
 5.474819019958e+04  1.544303800000e+01  6.336173466169e-02
 5.474819751777e+04  1.543165500000e+01  6.321535575163e-02
 5.474820477889e+04  1.543635100000e+01  6.322282076450e-02
 5.476622703472e+04  1.505863900000e+01  6.018366612488e-02
 5.476623488477e+04  1.505796800000e+01  6.016633924382e-02
 5.476624277405e+04  1.509566800000e+01  6.045085542467e-02
 5.476625062653e+04  1.512439900000e+01  6.066890109383e-02
 5.471531488002e+04  1.499564700000e+01  5.999030865177e-02
 5.471532131970e+04  1.484288700000e+01  5.894069506026e-02
 5.471532778853e+04  1.468908700000e+01  5.797881952191e-02
 5.471533422161e+04  1.457889800000e+01  5.736404085884e-02
 5.472934938472e+04  1.544073500000e+01  6.371822970982e-02
 5.472935593678e+04  1.545264900000e+01  6.386272514903e-02
 5.472936249302e+04  1.543663700000e+01  6.373234813366e-02
 5.472936905584e+04  1.545863200000e+01  6.400302332592e-02
 5.518107790038e+04  1.535063300000e+01  6.761594984957e-02
 5.518108195939e+04  1.543087600000e+01  6.944545904815e-02
 5.518108601505e+04  1.539913700000e+01  6.784409824802e-02
 5.518109007978e+04  1.537839300000e+01  6.852703060182e-02
 5.514618109203e+04  1.550084100000e+01  6.476772099025e-02
 5.514618827991e+04  1.546602100000e+01  6.447376842086e-02
 5.514619559936e+04  1.543017600000e+01  6.423915858488e-02
 5.514620285697e+04  1.536654900000e+01  6.360895569323e-02
 5.515311508392e+04  1.467175700000e+01  5.809309491753e-02
 5.515312241773e+04  1.471819100000e+01  5.837540065129e-02
 5.515312965666e+04  1.475392200000e+01  5.857964016339e-02
 5.515313682039e+04  1.480170000000e+01  5.886716861223e-02
 5.511326804412e+04  1.464074600000e+01  5.803965022362e-02
 5.511327531498e+04  1.464140200000e+01  5.805655899678e-02
 5.511328255309e+04  1.465452700000e+01  5.813542907998e-02
 5.511328971942e+04  1.469518400000e+01  5.836754188444e-02
 5.512023174675e+04  1.511787300000e+01  5.896748627184e-02
 5.512023982737e+04  1.512198700000e+01  5.897613789587e-02
 5.512024795579e+04  1.516063800000e+01  5.921336276050e-02
 5.512025603757e+04  1.518030700000e+01  5.933845539071e-02
 5.512729744712e+04  1.541514500000e+01  6.446795289030e-02
 5.512730409479e+04  1.549917900000e+01  6.545501299509e-02
 5.512731072383e+04  1.548226200000e+01  6.534737983534e-02
 5.512731736473e+04  1.548084500000e+01  6.536917401116e-02
 5.509031919700e+04  1.486511700000e+01  5.935441798094e-02
 5.509032951252e+04  1.490156500000e+01  5.958144181164e-02
 5.509035028415e+04  1.500335700000e+01  6.033307503135e-02
 5.509329794742e+04  1.552802000000e+01  6.544969349273e-02
 5.509330652160e+04  1.559073900000e+01  6.605545104742e-02
 5.509331506058e+04  1.558271600000e+01  6.608162948140e-02
 5.509332356902e+04  1.564262400000e+01  7.301289928808e-02
 5.553616991992e+04  1.544863400000e+01  6.450971762640e-02
 5.553618138566e+04  1.547367700000e+01  6.478792911077e-02
 5.553618714891e+04  1.546346100000e+01  6.473930070946e-02
 5.550818930748e+04  1.490896000000e+01  5.972333933354e-02
 5.550820307719e+04  1.497429300000e+01  6.020197010295e-02
 5.550821003057e+04  1.498828700000e+01  6.028098953529e-02
 5.547625103444e+04  1.492203000000e+01  6.002902642356e-02
 5.547626369078e+04  1.498411500000e+01  6.045221342079e-02
 5.547626999803e+04  1.498718800000e+01  6.046777094305e-02
 5.548126243385e+04  1.544669300000e+01  6.418076734754e-02
 5.548127634521e+04  1.546815100000e+01  6.444837247291e-02
 5.548128332846e+04  1.548410400000e+01  6.458216910429e-02
 5.549722187972e+04  1.508941200000e+01  6.126390405004e-02
 5.549723572719e+04  1.513473300000e+01  6.164193916246e-02
 5.549724266225e+04  1.515373000000e+01  6.183078505958e-02
 5.545631085796e+04  1.490242900000e+01  6.191640953351e-02
 5.545632396216e+04  1.496933800000e+01  6.224655720781e-02
 5.545633033528e+04  1.496092500000e+01  6.217181442103e-02
 5.557508690906e+04  1.516093100000e+01  6.177242221753e-02
 5.557509319641e+04  1.507966100000e+01  6.113845741262e-02
 5.557510012409e+04  1.493446700000e+01  6.040705167516e-02
 5.557510643899e+04  1.481961500000e+01  5.958499200301e-02
 5.362629582872e+04  1.492061400000e+01  6.075967257175e-02
 5.362630501655e+04  1.493920100000e+01  6.089327889080e-02
 5.362631426007e+04  1.499640600000e+01  6.132389466889e-02
 5.362632350278e+04  1.502589700000e+01  6.153113156855e-02
 5.585730097574e+04  1.526234900000e+01  5.977695873848e-02
 5.585731129781e+04  1.507256800000e+01  5.856459335095e-02
 5.585732172887e+04  1.487231200000e+01  5.742815685937e-02
 5.585733205249e+04  1.472348000000e+01  5.670897770831e-02
 5.585730097574e+04  1.525874100000e+01  6.004146231046e-02
 5.585731129781e+04  1.504963500000e+01  5.868202012429e-02
 5.585732172887e+04  1.485886300000e+01  5.758961367523e-02
 5.585733205249e+04  1.470637500000e+01  5.681704958933e-02
 5.582435686681e+04  1.452788400000e+01  5.729246683428e-02
 5.582436374203e+04  1.452710800000e+01  5.733205185514e-02
 5.582437051513e+04  1.453557500000e+01  5.735164876805e-02
 5.582437738397e+04  1.458753900000e+01  5.767006079109e-02
 5.583423332191e+04  1.537761500000e+01  6.353717712428e-02
 5.583423836510e+04  1.531771200000e+01  6.304108874704e-02
 5.583424342303e+04  1.526277400000e+01  6.243996880839e-02
 5.583424855720e+04  1.514579600000e+01  6.151054252613e-02
 5.584929566979e+04  1.546037200000e+01  6.407143891596e-02
 5.584930415366e+04  1.545767400000e+01  6.404251165517e-02
 5.584931257815e+04  1.544351100000e+01  6.394836725222e-02
 5.584932106902e+04  1.545592100000e+01  6.407706365206e-02
 5.584937715344e+04  1.550308000000e+01  6.096125735714e-02
 5.584937865664e+04  1.549903300000e+01  6.099321156638e-02
 5.584938017083e+04  1.550400400000e+01  6.103893072595e-02
 5.584938164464e+04  1.553599500000e+01  6.128040218475e-02
 5.588216801917e+04  1.530585700000e+01  6.260128674757e-02
 5.588217303366e+04  1.531462100000e+01  6.267375187881e-02
 5.588217805870e+04  1.534490900000e+01  6.294886719207e-02
 5.588218311069e+04  1.532861900000e+01  6.278489376803e-02
 5.592910330334e+04  1.479410500000e+01  5.875281910430e-02
 5.592910842956e+04  1.485061700000e+01  5.908522811494e-02
 5.592911350122e+04  1.484141000000e+01  5.909798493069e-02
 5.592911862198e+04  1.483523000000e+01  5.905541471684e-02
 5.615234288400e+04  1.529420200000e+01  6.496076102405e-02
 5.615235310525e+04  1.482996300000e+01  8.080134191898e-02
 5.616731538363e+04  1.451600000000e+01  5.567501341142e-02
 5.616732313368e+04  1.452020900000e+01  5.566924143129e-02
 5.616733102688e+04  1.451955200000e+01  5.562559510238e-02
 5.616733897590e+04  1.457097800000e+01  5.580946353816e-02
 5.618535299789e+04  1.535633100000e+01  6.100163730984e-02
 5.618536312605e+04  1.533492100000e+01  6.082390773480e-02
 5.618537326097e+04  1.535952400000e+01  6.102770059954e-02
 5.618538335078e+04  1.537235200000e+01  6.109175313024e-02
 5.620827450406e+04  1.499145600000e+01  6.059760343019e-02
 5.620827953765e+04  1.503331900000e+01  6.091126693833e-02
 5.620828459678e+04  1.504885700000e+01  6.100820350618e-02
 5.620828964507e+04  1.505537900000e+01  6.105816417826e-02
