# time mag mag_err
 5.371437637942e+04  1.520643600000e+01  5.992559799748e-02
 5.371438342178e+04  1.521697000000e+01  5.995804062204e-02
 5.371439048856e+04  1.521953800000e+01  5.997140453477e-02
 5.371439760166e+04  1.520626600000e+01  5.985772643436e-02
 5.353118252314e+04  1.507003300000e+01  6.101131554993e-02
 5.353118981053e+04  1.509827000000e+01  6.131217711222e-02
 5.353119712560e+04  1.509622700000e+01  6.131561847143e-02
 5.353120440304e+04  1.513047500000e+01  6.164938922019e-02
 5.385427420796e+04  1.434287800000e+01  5.578305519328e-02
 5.385428243638e+04  1.439110400000e+01  5.604327960331e-02
 5.385429067024e+04  1.443617300000e+01  5.625864373426e-02
 5.385429892331e+04  1.449141000000e+01  5.658410710818e-02
 5.409629589080e+04  1.469536500000e+01  5.662688733526e-02
 5.409630796790e+04  1.473403500000e+01  5.676169340995e-02
 5.409631863314e+04  1.477531800000e+01  5.693026388766e-02
 5.409632925437e+04  1.481535400000e+01  5.713185762479e-02
 5.376930774888e+04  1.492491800000e+01  6.093410333743e-02
 5.376931818273e+04  1.463158100000e+01  5.944508182620e-02
 5.376932882412e+04  1.435983300000e+01  5.654303367237e-02
 5.376933962431e+04  1.425642500000e+01  5.736979806476e-02
 5.379321858009e+04  1.522687900000e+01  6.034644378325e-02
 5.379322420653e+04  1.522435900000e+01  6.074587368504e-02
 5.379322978713e+04  1.501740900000e+01  7.423884952943e-02
 5.379323541265e+04  1.523481700000e+01  8.189528627371e-02
 5.374526786605e+04  1.485317000000e+01  5.798776294589e-02
 5.374527752835e+04  1.461838500000e+01  5.670929188467e-02
 5.374528720904e+04  1.438123700000e+01  5.558937352952e-02
 5.374529690002e+04  1.428626200000e+01  5.518843412140e-02
 5.390116363461e+04  1.513024000000e+01  9.139386717306e-02
 5.390116462933e+04  1.518881800000e+01  9.289107746219e-02
 5.390116562267e+04  1.519117000000e+01  9.314926115813e-02
 5.390116662388e+04  1.516665600000e+01  9.248884820711e-02
 5.382316439446e+04  1.477383200000e+01  5.742673283913e-02
 5.382317309373e+04  1.482408600000e+01  5.770485007268e-02
 5.382318204116e+04  1.484959300000e+01  5.784233114354e-02
 5.382319176687e+04  1.487016400000e+01  5.795812901534e-02
 5.386029739926e+04  1.521573800000e+01  6.106647601878e-02
 5.386320471744e+04  1.517281700000e+01  6.032789234347e-02
 5.386321122540e+04  1.517262200000e+01  6.030340888495e-02
 5.386321781034e+04  1.518921800000e+01  6.045603426065e-02
 5.386322442317e+04  1.517551500000e+01  6.035713293131e-02
 5.388415988863e+04  1.511654900000e+01  6.002678091933e-02
 5.388416634613e+04  1.513248200000e+01  6.012860673521e-02
 5.388417282852e+04  1.514102800000e+01  6.018406674688e-02
 5.388417933880e+04  1.514497200000e+01  6.025238492885e-02
 5.405144043250e+04  1.516830900000e+01  6.034439722918e-02
 5.405144627515e+04  1.515722300000e+01  6.023528446172e-02
 5.405145212949e+04  1.514112700000e+01  6.008762419517e-02
 5.405145796392e+04  1.519003500000e+01  6.045997165751e-02
 5.420211809718e+04  1.430241900000e+01  5.829150878020e-02
 5.420212247078e+04  1.434722300000e+01  6.003455517399e-02
 5.420212681706e+04  1.443800300000e+01  6.683915187445e-02
 5.420821895491e+04  1.467648000000e+01  5.649276151593e-02
 5.420822718321e+04  1.448690000000e+01  5.563693842232e-02
 5.420823537134e+04  1.432571100000e+01  5.498537744631e-02
 5.420824361272e+04  1.426688700000e+01  5.478144913748e-02
 5.413828213610e+04  1.478875600000e+01  5.870005187885e-02
 5.413828647868e+04  1.484141000000e+01  5.866350827013e-02
 5.413829083051e+04  1.485244300000e+01  5.796085718255e-02
 5.413829518258e+04  1.484932800000e+01  5.826439261251e-02
 5.415717607133e+04  1.470619900000e+01  5.761065953126e-02
 5.415718532329e+04  1.474571200000e+01  5.781302052195e-02
 5.415719532147e+04  1.479267800000e+01  5.807484671505e-02
 5.415720549652e+04  1.480834400000e+01  5.812927293506e-02
 5.426115757552e+04  1.512164700000e+01  5.951471351882e-02
 5.426116245782e+04  1.511218100000e+01  5.948896968786e-02
 5.426116737010e+04  1.514398600000e+01  5.974262589838e-02
 5.426117226062e+04  1.514129100000e+01  5.972440064733e-02
 5.426216211921e+04  1.507938700000e+01  5.548955223972e-02
 5.426217013940e+04  1.506884300000e+01  5.542894599339e-02
 5.426217817383e+04  1.510469200000e+01  5.562008336897e-02
 5.426218620061e+04  1.512408900000e+01  5.571218303526e-02
 5.427415783441e+04  1.535473900000e+01  6.150521498688e-02
 5.427416383853e+04  1.532728600000e+01  6.142617057264e-02
 5.427416983466e+04  1.533683000000e+01  6.157280649400e-02
 5.427417581448e+04  1.532963000000e+01  6.159143637517e-02
 5.417219504509e+04  1.519860100000e+01  5.912338549149e-02
 5.417219954593e+04  1.519110200000e+01  5.933369108456e-02
 5.417220410990e+04  1.519009400000e+01  5.933761672749e-02
 5.417220862898e+04  1.519715500000e+01  5.937259803077e-02
 5.417834190642e+04  1.520618900000e+01  5.942880059543e-02
 5.417834847794e+04  1.521500700000e+01  5.948440092752e-02
 5.417835502398e+04  1.521054700000e+01  5.948136564306e-02
 5.417836175372e+04  1.523108200000e+01  5.961973718708e-02
 5.424615623372e+04  1.457395000000e+01  5.634055735317e-02
 5.424616435264e+04  1.460448300000e+01  5.654660857704e-02
 5.424617252689e+04  1.464924500000e+01  5.678666145303e-02
 5.424618063538e+04  1.469363200000e+01  5.702621152899e-02
 5.438949012196e+04  1.494300700000e+01  6.076275076033e-02
 5.438949319850e+04  1.496401200000e+01  6.092997714131e-02
 5.438949632725e+04  1.493618100000e+01  6.070775638018e-02
 5.438949941628e+04  1.497279900000e+01  6.098328493034e-02
 5.480537970835e+04  1.494478400000e+01  5.776373441045e-02
 5.480538736671e+04  1.496093600000e+01  5.784527670585e-02
 5.480539519037e+04  1.498140300000e+01  5.794295028721e-02
 5.480540314840e+04  1.500468000000e+01  5.807706670260e-02
 5.447833856648e+04  1.426599800000e+01  5.465851346335e-02
 5.447834520593e+04  1.430237200000e+01  5.507132996879e-02
 5.447835182953e+04  1.434218700000e+01  5.563355303845e-02
 5.447835843784e+04  1.435649100000e+01  5.599722625535e-02
 5.463219109067e+04  1.526063400000e+01  6.297707256285e-02
 5.463219586036e+04  1.519006300000e+01  6.248842187520e-02
 5.463220062159e+04  1.521482800000e+01  6.274354842721e-02
 5.463220541303e+04  1.518826300000e+01  6.256501865788e-02
 5.478949313991e+04  1.487269100000e+01  5.731987813241e-02
 5.478949916023e+04  1.488821400000e+01  5.739555765445e-02
 5.478950525544e+04  1.490467600000e+01  5.749153488135e-02
 5.478951130713e+04  1.491812100000e+01  5.753999002257e-02
 5.494524724154e+04  1.518034000000e+01  5.946176602157e-02
 5.494525384662e+04  1.517272300000e+01  5.941628733025e-02
 5.494526057601e+04  1.517618600000e+01  5.946371962747e-02
 5.494526731293e+04  1.519592700000e+01  5.958927048834e-02
 5.518333776291e+04  1.475843700000e+01  5.688653636752e-02
 5.518334236209e+04  1.481030600000e+01  5.715789604235e-02
 5.518334704175e+04  1.480679800000e+01  5.714535269322e-02
 5.518335169615e+04  1.481664500000e+01  5.717440227803e-02
 5.487537564988e+04  1.469333600000e+01  5.753419420305e-02
 5.487538056355e+04  1.471574100000e+01  5.766163487701e-02
 5.487538541727e+04  1.472523000000e+01  5.771377119001e-02
 5.487539029946e+04  1.473776200000e+01  5.778014316781e-02
 5.488424953696e+04  1.515141300000e+01  5.900065711759e-02
 5.488425511767e+04  1.516632400000e+01  5.905471369587e-02
 5.488426069631e+04  1.518209800000e+01  5.913804822173e-02
 5.488426621279e+04  1.517976600000e+01  5.908813809502e-02
 5.485050049088e+04  1.519919200000e+01  6.105025075342e-02
 5.485050537978e+04  1.519960800000e+01  6.128378859865e-02
 5.485051017723e+04  1.522223600000e+01  6.123701448732e-02
 5.485051503708e+04  1.522251500000e+01  6.124017251983e-02
 5.486127110130e+04  1.522427600000e+01  5.904655352615e-02
 5.486127672542e+04  1.521472100000e+01  5.922855925682e-02
 5.486128232396e+04  1.521079800000e+01  5.918743324152e-02
 5.486128791764e+04  1.520008600000e+01  5.909775616156e-02
 5.489216523252e+04  1.426443700000e+01  5.459045914884e-02
 5.489217632093e+04  1.427671700000e+01  5.461938173634e-02
 5.489218738850e+04  1.433517700000e+01  5.481816308355e-02
 5.489219838545e+04  1.439605700000e+01  5.503787910945e-02
 5.491129681834e+04  1.501926500000e+01  5.819001589075e-02
 5.491130170227e+04  1.504041700000e+01  5.832542647117e-02
 5.491130659036e+04  1.502100600000e+01  5.834307675687e-02
 5.491131150507e+04  1.503375000000e+01  5.828546824202e-02
 5.492021024826e+04  1.523758300000e+01  5.972732022191e-02
 5.492021766263e+04  1.526645100000e+01  5.993087532423e-02
 5.492022512876e+04  1.530055700000e+01  6.017726090851e-02
 5.492023248123e+04  1.529472000000e+01  6.011540508127e-02
 5.514347950679e+04  1.489615000000e+01  5.946478754088e-02
 5.514348389637e+04  1.490956500000e+01  5.953141510386e-02
 5.514348826937e+04  1.491034200000e+01  5.954693013395e-02
 5.514349261811e+04  1.493151500000e+01  5.967155464878e-02
 5.515546094681e+04  1.522324000000e+01  5.965822788018e-02
 5.515546663447e+04  1.521943600000e+01  5.962796486544e-02
 5.515547222100e+04  1.520226200000e+01  5.951423079674e-02
 5.515547793609e+04  1.520278900000e+01  5.949347491352e-02
 5.529825257476e+04  1.526147800000e+01  6.014542071011e-02
 5.529825828001e+04  1.528657700000e+01  6.033801486891e-02
 5.529826397322e+04  1.531724800000e+01  6.058083044751e-02
 5.529826963912e+04  1.530293000000e+01  6.049264443055e-02
 5.524425266543e+04  1.489245600000e+01  5.762134984222e-02
 5.524425956900e+04  1.490082900000e+01  5.769015528070e-02
 5.524426649171e+04  1.492505800000e+01  5.782291957918e-02
 5.524427343065e+04  1.494320400000e+01  5.792737077943e-02
 5.527230350861e+04  1.459700300000e+01  5.619541391310e-02
 5.527230826649e+04  1.461031200000e+01  5.611734401083e-02
 5.527231299853e+04  1.464915400000e+01  5.626693324843e-02
 5.527231769703e+04  1.465790100000e+01  5.631154462720e-02
 5.532720837642e+04  1.511216400000e+01  5.923520844186e-02
 5.532721481044e+04  1.510828000000e+01  5.924163136719e-02
 5.532722121380e+04  1.512715100000e+01  5.934421887808e-02
 5.532722751458e+04  1.514498300000e+01  5.949752634492e-02
 5.549746629157e+04  1.489780000000e+01  5.965829935152e-02
 5.549747758084e+04  1.494719600000e+01  5.995257918025e-02
 5.549748330920e+04  1.495304800000e+01  5.996073557514e-02
 5.560138825909e+04  1.511040800000e+01  5.951475932415e-02
 5.560139400961e+04  1.510479900000e+01  5.947954077463e-02
 5.560139983873e+04  1.512852100000e+01  5.962905088788e-02
 5.560140559747e+04  1.513393400000e+01  5.965630369494e-02
 5.560229574310e+04  1.477301500000e+01  5.569621492103e-02
 5.560230195544e+04  1.480876900000e+01  5.586990243760e-02
 5.560230820642e+04  1.483332100000e+01  5.596292767344e-02
 5.560231444598e+04  1.484196300000e+01  5.600132839487e-02
 5.557527065021e+04  1.501731100000e+01  6.135499198581e-02
 5.557527702229e+04  1.503334900000e+01  6.147068752716e-02
 5.557528340994e+04  1.505035000000e+01  6.157014539826e-02
 5.557528979233e+04  1.505310000000e+01  6.156599640383e-02
 5.562823234091e+04  1.513649900000e+01  5.964176806236e-02
 5.562823973191e+04  1.492655700000e+01  5.830296929161e-02
 5.562824721921e+04  1.467586800000e+01  5.692432160197e-02
 5.562825474472e+04  1.450018100000e+01  5.609354027966e-02
 5.569423414676e+04  1.488902800000e+01  5.967327084077e-02
 5.569424033470e+04  1.471973800000e+01  5.857470952037e-02
 5.569424655168e+04  1.455073000000e+01  5.761013586796e-02
 5.569425277006e+04  1.442060200000e+01  5.692267878256e-02
 5.586746439284e+04  1.520090200000e+01  5.768960510706e-02
 5.586747118440e+04  1.522978900000e+01  5.783085839810e-02
 5.586747802815e+04  1.523202200000e+01  5.782664632250e-02
 5.586748484715e+04  1.521813000000e+01  5.773263336285e-02
 5.592337771896e+04  1.526732400000e+01  5.800011522692e-02
 5.592338592056e+04  1.520115400000e+01  5.760430890503e-02
 5.592339421541e+04  1.505053400000e+01  5.680878634522e-02
 5.592340250516e+04  1.474824200000e+01  5.541099373099e-02
 5.595839612350e+04  1.497265300000e+01  5.809089757924e-02
 5.595840113903e+04  1.500942600000e+01  5.830607899126e-02
 5.595840624333e+04  1.501082800000e+01  5.830418176785e-02
 5.595841137016e+04  1.502168500000e+01  5.838371215093e-02
 5.598139750995e+04  1.494558000000e+01  5.800019403595e-02
 5.598140367369e+04  1.497987700000e+01  5.820521800801e-02
 5.598140994683e+04  1.495772000000e+01  5.810176683945e-02
 5.598141619054e+04  1.499003100000e+01  5.828932955107e-02
 5.598917590678e+04  1.520854800000e+01  5.995065030394e-02
 5.598918041605e+04  1.520000200000e+01  5.988490196454e-02
 5.598918497241e+04  1.522122600000e+01  6.003688231787e-02
 5.598918954317e+04  1.522617400000e+01  6.006289813998e-02
 5.601814553196e+04  1.467483500000e+01  5.666167247382e-02
 5.601815412464e+04  1.473529100000e+01  5.694439210926e-02
 5.601816276080e+04  1.474591500000e+01  5.700263664781e-02
 5.601817139661e+04  1.478708200000e+01  5.721999518864e-02
 5.604523899378e+04  1.458278400000e+01  5.627892579946e-02
 5.604524760051e+04  1.463057200000e+01  5.652186180686e-02
 5.604525616628e+04  1.465003300000e+01  5.664416851887e-02
 5.604526476759e+04  1.471455400000e+01  5.697901717171e-02
 5.606721776122e+04  1.448367300000e+01  5.564337484141e-02
 5.606722446469e+04  1.452302600000e+01  5.583863843366e-02
 5.606723119757e+04  1.456754100000e+01  5.604969461979e-02
 5.606723797372e+04  1.458074600000e+01  5.613450822372e-02
 5.608718013354e+04  1.453161900000e+01  5.587077027336e-02
 5.608718519247e+04  1.458451000000e+01  5.612830731090e-02
 5.608719030205e+04  1.459847600000e+01  5.621027658708e-02
 5.608719542719e+04  1.461918500000e+01  5.631895996422e-02
 5.609916343843e+04  1.522065000000e+01  6.045399631527e-02
 5.609916856846e+04  1.522319400000e+01  6.062762704370e-02
 5.609917375008e+04  1.523719700000e+01  6.078599272752e-02
 5.609917886547e+04  1.522924400000e+01  6.070566743136e-02
