# time mag mag_err
 5.346419797788e+04  1.603929800000e+01  6.987823717781e-02
 5.346420627389e+04  1.604064000000e+01  6.990334256011e-02
 5.346421488705e+04  1.602871600000e+01  6.977024637428e-02
 5.346422326085e+04  1.601353600000e+01  6.952038883862e-02
 5.371044062352e+04  1.566057000000e+01  6.555586136462e-02
 5.371044763127e+04  1.567434000000e+01  6.566356813011e-02
 5.371045470756e+04  1.570666900000e+01  6.601906780644e-02
 5.371046185929e+04  1.570386700000e+01  6.594825620811e-02
 5.373246336635e+04  1.587392700000e+01  6.825163146547e-02
 5.373247040884e+04  1.594790200000e+01  6.916757490676e-02
 5.373247755028e+04  1.592577200000e+01  6.895759576515e-02
 5.373248437551e+04  1.593352700000e+01  6.920457490122e-02
 5.349417310668e+04  1.579093100000e+01  6.818129967761e-02
 5.349418119400e+04  1.581263400000e+01  6.860508587604e-02
 5.349419017616e+04  1.582590000000e+01  6.892515967168e-02
 5.349419822182e+04  1.579251700000e+01  6.854639585613e-02
 5.370342609765e+04  1.605557200000e+01  7.565889855768e-02
 5.370343650419e+04  1.604061100000e+01  7.102853644051e-02
 5.370344301875e+04  1.599686700000e+01  7.585080216957e-02
 5.370344967694e+04  1.597718000000e+01  7.018859649032e-02
 5.384516301252e+04  1.586199900000e+01  6.956989229262e-02
 5.384517251763e+04  1.550905600000e+01  6.544056297084e-02
 5.384518204553e+04  1.517656800000e+01  6.231417387025e-02
 5.384519155075e+04  1.508314600000e+01  6.152901967959e-02
 5.407045765988e+04  1.543162300000e+01  6.247358156676e-02
 5.407046517912e+04  1.544911000000e+01  6.260429468276e-02
 5.407047314630e+04  1.544721600000e+01  6.257912125277e-02
 5.407048084182e+04  1.543175300000e+01  6.243567177751e-02
 5.408245712922e+04  1.580425900000e+01  6.682123928928e-02
 5.408246258309e+04  1.582293400000e+01  6.700703112035e-02
 5.408246803671e+04  1.581341900000e+01  6.690789049633e-02
 5.408247351674e+04  1.581084700000e+01  6.688061897809e-02
 5.409041845434e+04  1.594125600000e+01  6.797583010793e-02
 5.409042577356e+04  1.600993500000e+01  6.881327667259e-02
 5.409043320484e+04  1.598883900000e+01  6.853717412341e-02
 5.409044088045e+04  1.603308100000e+01  6.908697364553e-02
 5.378826489052e+04  1.596304700000e+01  6.971371296784e-02
 5.378827132105e+04  1.593827900000e+01  6.936420017212e-02
 5.378827770944e+04  1.587585200000e+01  6.854961122452e-02
 5.378828419530e+04  1.580968600000e+01  6.774672354356e-02
 5.373935360534e+04  1.548685000000e+01  6.383645744037e-02
 5.373935999647e+04  1.547468000000e+01  6.365126484878e-02
 5.373936644992e+04  1.547990900000e+01  6.371568019959e-02
 5.373937284306e+04  1.551926900000e+01  6.407116330356e-02
 5.374538365214e+04  1.523379500000e+01  6.206818298416e-02
 5.374539204179e+04  1.514240900000e+01  6.130439160824e-02
 5.374540051663e+04  1.510084800000e+01  6.096295566662e-02
 5.374540896174e+04  1.512250600000e+01  6.110167334905e-02
 5.375826530140e+04  1.517568900000e+01  6.157738622607e-02
 5.375827179119e+04  1.522849900000e+01  6.198098847634e-02
 5.375827825691e+04  1.525997900000e+01  6.219171992336e-02
 5.375828473131e+04  1.530980400000e+01  6.260807871635e-02
 5.376527948206e+04  1.587942000000e+01  6.998600096615e-02
 5.376528694632e+04  1.588068200000e+01  6.991286758707e-02
 5.376529442332e+04  1.589311200000e+01  7.005938524486e-02
 5.376530188098e+04  1.586207200000e+01  6.966740074313e-02
 5.379824495443e+04  1.596319100000e+01  6.974900229547e-02
 5.379825369722e+04  1.596106100000e+01  6.975104060723e-02
 5.379826227022e+04  1.595901200000e+01  6.968951393703e-02
 5.379827101140e+04  1.594985000000e+01  6.951817160434e-02
 5.385615439590e+04  1.603311200000e+01  7.142479524472e-02
 5.385615981619e+04  1.603422800000e+01  7.135685624654e-02
 5.385616525304e+04  1.607144500000e+01  7.192169479322e-02
 5.385617065250e+04  1.606641100000e+01  7.199266060166e-02
 5.386620224255e+04  1.587028600000e+01  1.266301798487e-01
 5.386620302789e+04  1.581044900000e+01  1.240355569167e-01
 5.386620391497e+04  1.591530000000e+01  1.292030728111e-01
 5.386620478318e+04  1.585579200000e+01  1.264645597403e-01
 5.405642971150e+04  1.602750800000e+01  6.910405201494e-02
 5.405643697564e+04  1.600708700000e+01  6.876775636766e-02
 5.405644432184e+04  1.605407400000e+01  6.932637309865e-02
 5.405645160391e+04  1.598079300000e+01  6.837976129393e-02
 5.403848534321e+04  1.596869200000e+01  6.836505066802e-02
 5.403849176875e+04  1.597651300000e+01  6.838250271971e-02
 5.403849814488e+04  1.593809800000e+01  6.788614003474e-02
 5.403850455110e+04  1.593425600000e+01  6.780256696141e-02
 5.420612418999e+04  1.568271800000e+01  6.671916389479e-02
 5.420612910887e+04  1.568737100000e+01  6.677887090238e-02
 5.420613405841e+04  1.570690400000e+01  6.703673598328e-02
 5.420613896155e+04  1.573457500000e+01  6.736966190882e-02
 5.443937190145e+04  1.607889700000e+01  7.022424061050e-02
 5.443937846381e+04  1.605754000000e+01  6.994445050213e-02
 5.443938505603e+04  1.606210800000e+01  6.996016190167e-02
 5.443939161191e+04  1.603127500000e+01  6.949184862771e-02
 5.445444832867e+04  1.586932400000e+01  6.721138227067e-02
 5.445445488549e+04  1.589673800000e+01  6.752795722137e-02
 5.445446147979e+04  1.595243300000e+01  6.824483985284e-02
 5.445446800650e+04  1.594833700000e+01  6.817100610155e-02
 5.414127018712e+04  1.497037300000e+01  5.942328212221e-02
 5.414127659484e+04  1.498936000000e+01  5.967680124364e-02
 5.414128302745e+04  1.505564900000e+01  6.096912425604e-02
 5.414128947118e+04  1.511290800000e+01  6.037683079285e-02
 5.414633702896e+04  1.527861200000e+01  6.160359700484e-02
 5.414634331550e+04  1.532511200000e+01  6.196750514107e-02
 5.414634963479e+04  1.535026900000e+01  6.222737315742e-02
 5.414635589228e+04  1.540883000000e+01  6.268830553424e-02
 5.410942644381e+04  1.582685200000e+01  6.943852260803e-02
 5.410943236076e+04  1.570083600000e+01  6.664601971483e-02
 5.410943830204e+04  1.556900500000e+01  6.458228818355e-02
 5.410944422108e+04  1.551522000000e+01  6.403395852607e-02
 5.412829848829e+04  1.587671500000e+01  6.740048478825e-02
 5.412830385128e+04  1.585405000000e+01  6.712259877714e-02
 5.412830921255e+04  1.585353300000e+01  6.711820044659e-02
 5.412831459591e+04  1.588786300000e+01  6.777553496909e-02
 5.417019241866e+04  1.581310100000e+01  6.699506416050e-02
 5.417019889074e+04  1.575359700000e+01  6.630349261655e-02
 5.417020538076e+04  1.567861000000e+01  6.549587348113e-02
 5.417021196789e+04  1.559486900000e+01  6.462908170709e-02
 5.441843438036e+04  1.552933600000e+01  6.382998809061e-02
 5.441843976060e+04  1.553496500000e+01  6.384697257296e-02
 5.441844510867e+04  1.554111000000e+01  6.387440645321e-02
 5.441845047213e+04  1.554152100000e+01  6.382077236419e-02
 5.442540748368e+04  1.585067600000e+01  6.727961429800e-02
 5.442541287968e+04  1.586714500000e+01  6.743215263063e-02
 5.442541828646e+04  1.586131500000e+01  6.736672037984e-02
 5.442542366597e+04  1.591717600000e+01  6.796985050398e-02
 5.456317982912e+04  1.582605900000e+01  6.419149146524e-02
 5.456318649960e+04  1.585927300000e+01  6.454700001321e-02
 5.456319318823e+04  1.586328500000e+01  6.458061427451e-02
 5.456319985188e+04  1.589104600000e+01  6.485872165630e-02
 5.457413870192e+04  1.578071100000e+01  6.722448939994e-02
 5.457414726322e+04  1.574395300000e+01  6.676504911603e-02
 5.457415581515e+04  1.580578100000e+01  6.753925382046e-02
 5.457416438259e+04  1.583384100000e+01  6.791021186482e-02
 5.480143787565e+04  1.533928000000e+01  6.178235097520e-02
 5.480144568112e+04  1.537123500000e+01  6.202419629162e-02
 5.480145357596e+04  1.539229900000e+01  6.221410103974e-02
 5.480146147149e+04  1.539377900000e+01  6.218860954393e-02
 5.449927023446e+04  1.531509100000e+01  5.950626042015e-02
 5.449927629066e+04  1.535434900000e+01  5.975917545005e-02
 5.449928231110e+04  1.533730300000e+01  5.969356056864e-02
 5.449928833906e+04  1.537897000000e+01  5.991891566229e-02
 5.450530325104e+04  1.557316500000e+01  6.127095893574e-02
 5.450531182624e+04  1.552552800000e+01  6.090172131947e-02
 5.450532041799e+04  1.547313200000e+01  6.052238420033e-02
 5.450532902536e+04  1.536055900000e+01  5.971329469867e-02
 5.452421989085e+04  1.596171200000e+01  6.842579189474e-02
 5.452422709074e+04  1.596771400000e+01  6.848473517002e-02
 5.452423432883e+04  1.599051400000e+01  6.879989325903e-02
 5.452424150801e+04  1.587689300000e+01  6.739565169314e-02
 5.446640828494e+04  1.556575100000e+01  6.385601481859e-02
 5.446641488237e+04  1.556955700000e+01  6.390255355884e-02
 5.446642148062e+04  1.559377500000e+01  6.413059222515e-02
 5.446642805039e+04  1.558338700000e+01  6.404179799604e-02
 5.447732035647e+04  1.587607500000e+01  6.729319452422e-02
 5.447732682948e+04  1.587635500000e+01  6.727072164847e-02
 5.447733333536e+04  1.586578300000e+01  6.711707895826e-02
 5.447733980744e+04  1.589502300000e+01  6.743943757396e-02
 5.452923560925e+04  1.604409800000e+01  6.947430584794e-02
 5.452924168119e+04  1.599298100000e+01  6.885722173018e-02
 5.452924778705e+04  1.603551200000e+01  6.939242540403e-02
 5.452925387913e+04  1.597998400000e+01  6.868759478325e-02
 5.453725372544e+04  1.556249300000e+01  6.420251657787e-02
 5.453726036999e+04  1.557702100000e+01  6.430353210344e-02
 5.453726700897e+04  1.560103100000e+01  6.459419440453e-02
 5.453727365271e+04  1.564456200000e+01  6.504962258201e-02
 5.455522961573e+04  1.579471500000e+01  6.689532955581e-02
 5.455523674686e+04  1.578589600000e+01  6.669331678970e-02
 5.455524382268e+04  1.581710600000e+01  6.719237419186e-02
 5.455525094294e+04  1.582225300000e+01  6.727811741011e-02
 5.458815661701e+04  1.596531200000e+01  6.918616708000e-02
 5.458816205757e+04  1.595400900000e+01  6.913630981704e-02
 5.458816747034e+04  1.596072700000e+01  6.923249063787e-02
 5.458817286030e+04  1.599496800000e+01  6.973068170629e-02
 5.477649746490e+04  1.570534000000e+01  6.471728906790e-02
 5.477650471225e+04  1.569902800000e+01  6.514510075274e-02
 5.477651196341e+04  1.576536400000e+01  6.581249502126e-02
 5.477651913843e+04  1.575936400000e+01  6.574453120004e-02
 5.486429527517e+04  1.596103000000e+01  6.805320180284e-02
 5.486430176346e+04  1.590010800000e+01  6.733088736257e-02
 5.486430817756e+04  1.592223700000e+01  6.753460574846e-02
 5.486431456699e+04  1.593286400000e+01  6.766371041125e-02
 5.488122269454e+04  1.547345600000e+01  6.306690472065e-02
 5.488122879878e+04  1.547896500000e+01  6.312716885159e-02
 5.488123477384e+04  1.545037600000e+01  6.288545758338e-02
 5.488124087426e+04  1.550554100000e+01  6.335923493052e-02
 5.484933462641e+04  1.539520600000e+01  6.226605062079e-02
 5.484934189264e+04  1.532328800000e+01  6.171736335639e-02
 5.484934922436e+04  1.527861100000e+01  6.137062924633e-02
 5.484935654024e+04  1.526182500000e+01  6.123864325008e-02
 5.490818007088e+04  1.573511600000e+01  6.616960188676e-02
 5.490818745840e+04  1.574810100000e+01  6.662018926967e-02
 5.490819474221e+04  1.573444000000e+01  6.703187622518e-02
 5.490820223611e+04  1.576362500000e+01  6.816517324043e-02
 5.529816990093e+04  1.547673600000e+01  6.387136339571e-02
 5.529817679468e+04  1.543579000000e+01  6.352214776867e-02
 5.529818359225e+04  1.544927900000e+01  6.363158677465e-02
 5.529819042991e+04  1.546812100000e+01  6.384277492943e-02
 5.553347438521e+04  1.507287700000e+01  5.776333560486e-02
 5.553349558186e+04  1.516669600000e+01  6.000682495032e-02
 5.553350622183e+04  1.519297800000e+01  6.086119600624e-02
 5.523632920638e+04  1.522961800000e+01  6.289612791483e-02
 5.524321931412e+04  1.574313900000e+01  6.646608803918e-02
 5.524322671021e+04  1.577293800000e+01  6.675510970430e-02
 5.524323417095e+04  1.574087100000e+01  6.638358825973e-02
 5.524324161323e+04  1.576263400000e+01  6.658818990145e-02
 5.520436752052e+04  1.591030300000e+01  6.780020851362e-02
 5.520437501013e+04  1.584584800000e+01  6.696273884456e-02
 5.520438264545e+04  1.588707100000e+01  6.754609489222e-02
 5.520439025988e+04  1.588835600000e+01  6.752313299751e-02
 5.527020852000e+04  1.600962800000e+01  6.955605380950e-02
 5.527021480040e+04  1.603976800000e+01  6.993109312474e-02
 5.527022108559e+04  1.601752700000e+01  6.970202221429e-02
 5.527022731009e+04  1.595776200000e+01  6.892505040408e-02
 5.551249078058e+04  1.576172800000e+01  6.671532574493e-02
 5.551250579536e+04  1.583285000000e+01  6.750949807211e-02
 5.551251331392e+04  1.580598100000e+01  6.717532564992e-02
 5.556542524941e+04  1.573177300000e+01  6.645135416142e-02
 5.556543333641e+04  1.573745300000e+01  6.652477346881e-02
 5.556544156576e+04  1.567052700000e+01  6.578573061511e-02
 5.556544974323e+04  1.577003800000e+01  6.685943986456e-02
 5.557433014855e+04  1.562244400000e+01  6.633625963633e-02
 5.557433797407e+04  1.566208400000e+01  6.640013697818e-02
 5.557434885229e+04  1.565107300000e+01  6.636342149261e-02
 5.557435677109e+04  1.571763500000e+01  6.636769919109e-02
 5.558634747845e+04  1.596835900000e+01  7.152479743498e-02
 5.558635443745e+04  1.594795200000e+01  6.964960987056e-02
 5.558636131894e+04  1.580522900000e+01  6.776257086550e-02
 5.558636823591e+04  1.576925500000e+01  6.881927915696e-02
 5.558834934486e+04  1.576313200000e+01  6.683077081162e-02
 5.558835667176e+04  1.576452700000e+01  6.680436129663e-02
 5.558836398359e+04  1.578582700000e+01  6.710811901188e-02
 5.558837133594e+04  1.576667700000e+01  6.688947510656e-02
 5.562616781706e+04  1.558571000000e+01  6.690487424448e-02
 5.562617351931e+04  1.560268500000e+01  6.711940716035e-02
 5.562617930918e+04  1.562300900000e+01  6.708713828551e-02
 5.562618508215e+04  1.565601800000e+01  6.712950387871e-02
 5.563323186785e+04  1.553083300000e+01  6.532083861674e-02
 5.563323695815e+04  1.548842700000e+01  6.481377495346e-02
 5.563324216502e+04  1.540692600000e+01  6.630010136257e-02
 5.563324733333e+04  1.533025800000e+01  6.527291470642e-02
 5.592237414050e+04  1.591666300000e+01  6.849616450008e-02
 5.592238154200e+04  1.590816600000e+01  6.837072839932e-02
 5.592238879775e+04  1.596082200000e+01  6.899629513403e-02
 5.592239611731e+04  1.593116300000e+01  6.863228591042e-02
 5.592930212501e+04  1.546841400000e+01  6.372239415014e-02
 5.592931064148e+04  1.533046200000e+01  6.239806210697e-02
 5.592931915152e+04  1.528088900000e+01  6.192372734488e-02
 5.592932764806e+04  1.522581800000e+01  6.143936446337e-02
 5.595828003640e+04  1.546300600000e+01  6.341067088402e-02
 5.595828515381e+04  1.523418300000e+01  6.139336982851e-02
 5.595829032931e+04  1.509296900000e+01  6.032825073591e-02
 5.595829541858e+04  1.503312100000e+01  5.987174208030e-02
 5.596826631883e+04  1.605866000000e+01  7.030376060269e-02
 5.596827474514e+04  1.607067600000e+01  7.044951749293e-02
 5.596828312204e+04  1.606441800000e+01  7.035361999195e-02
 5.596829159074e+04  1.603234200000e+01  6.986145986980e-02
 5.598227285225e+04  1.546535300000e+01  6.096260920092e-02
 5.598227960015e+04  1.542711500000e+01  6.065403135818e-02
 5.598228638211e+04  1.536942200000e+01  6.024851000644e-02
 5.598229328617e+04  1.539497400000e+01  6.043129634278e-02
 5.598816965075e+04  1.578874100000e+01  6.710966892064e-02
 5.598817476455e+04  1.578383800000e+01  6.704159809070e-02
 5.598817992766e+04  1.575448700000e+01  6.663898779950e-02
 5.598818495209e+04  1.578070300000e+01  6.696501913826e-02
 5.600118030463e+04  1.600877800000e+01  6.962842876186e-02
 5.600118591167e+04  1.595985400000e+01  6.908830342869e-02
 5.600119158587e+04  1.591934500000e+01  6.855241141326e-02
 5.600119722631e+04  1.585221700000e+01  6.772539585983e-02
 5.601519208078e+04  1.489437100000e+01  5.938217413718e-02
 5.601519996905e+04  1.495296400000e+01  5.978805462918e-02
 5.601520794120e+04  1.504334800000e+01  6.044799982589e-02
 5.601521584689e+04  1.507849700000e+01  6.070450386439e-02
 5.603316735103e+04  1.560651600000e+01  6.556313716664e-02
 5.603317244388e+04  1.562373000000e+01  6.573734506568e-02
 5.603317756451e+04  1.563640200000e+01  6.586561246644e-02
 5.603318272067e+04  1.568149200000e+01  6.639763712423e-02
 5.606616478040e+04  1.575956200000e+01  6.720518655293e-02
 5.606616985160e+04  1.581498400000e+01  6.789301023273e-02
 5.606617504907e+04  1.584727800000e+01  6.835016460914e-02
 5.606618021624e+04  1.582604400000e+01  6.808366167776e-02
