# time mag mag_err
 5.372933515895e+04  1.551802500000e+01  6.435886554273e-02
 5.372934285898e+04  1.556624600000e+01  6.505714044035e-02
 5.372935051064e+04  1.558956300000e+01  6.535752914817e-02
 5.372935818382e+04  1.555149300000e+01  6.500564750270e-02
 5.350017390300e+04  1.549196900000e+01  6.346480125439e-02
 5.350018156785e+04  1.549325900000e+01  6.348944713637e-02
 5.350018923721e+04  1.549816900000e+01  6.352557426532e-02
 5.350019691595e+04  1.551406600000e+01  6.370170390864e-02
 5.368648782384e+04  1.516261600000e+01  6.075367213601e-02
 5.368649433979e+04  1.517709500000e+01  6.084793611198e-02
 5.368650087993e+04  1.520217600000e+01  6.103066486871e-02
 5.368650744854e+04  1.521479800000e+01  6.109007499727e-02
 5.368747197023e+04  1.567215300000e+01  6.543879312096e-02
 5.368748267991e+04  1.567100000000e+01  6.535988358055e-02
 5.368749338611e+04  1.567544700000e+01  6.537456609873e-02
 5.368750403803e+04  1.571957900000e+01  6.580315512872e-02
 5.370440428426e+04  1.547052100000e+01  6.373464376668e-02
 5.370441194413e+04  1.548917300000e+01  6.393810887523e-02
 5.370441947448e+04  1.551942700000e+01  6.407402984045e-02
 5.370442702624e+04  1.554752500000e+01  6.425213955652e-02
 5.367448373841e+04  1.574673200000e+01  6.647082209285e-02
 5.367448812509e+04  1.576834600000e+01  6.671369317041e-02
 5.367449250146e+04  1.575790000000e+01  6.658017219532e-02
 5.367449690966e+04  1.575161800000e+01  6.644553142794e-02
 5.382719795479e+04  1.555451400000e+01  6.451965337637e-02
 5.382720351144e+04  1.557134300000e+01  6.468392514053e-02
 5.382720888959e+04  1.557015500000e+01  6.464421211685e-02
 5.382721433477e+04  1.558836800000e+01  6.483829287901e-02
 5.384316730067e+04  1.562425300000e+01  6.563926827155e-02
 5.384317534354e+04  1.567061500000e+01  6.620548021820e-02
 5.384318341594e+04  1.563573700000e+01  6.582919466442e-02
 5.384319153637e+04  1.568491400000e+01  6.651484025852e-02
 5.408541012631e+04  1.562590700000e+01  6.527411081146e-02
 5.408542014093e+04  1.555802600000e+01  6.520137151322e-02
 5.408543021168e+04  1.547252400000e+01  6.317522598360e-02
 5.408544469318e+04  1.536726800000e+01  6.294991816044e-02
 5.409633766914e+04  1.544588300000e+01  6.264969477378e-02
 5.409634728155e+04  1.544872600000e+01  6.251149792711e-02
 5.409635687659e+04  1.545391100000e+01  6.254337826122e-02
 5.409636644905e+04  1.547877400000e+01  6.271625419590e-02
 5.377335654027e+04  1.548792800000e+01  6.357267976347e-02
 5.377336407096e+04  1.547369300000e+01  6.346649786933e-02
 5.377337164066e+04  1.547736100000e+01  6.348193771542e-02
 5.377337921326e+04  1.544654600000e+01  6.319854555306e-02
 5.378623658006e+04  1.556095600000e+01  6.432375856378e-02
 5.378624429352e+04  1.556358100000e+01  6.427339765554e-02
 5.378625201311e+04  1.558337900000e+01  6.427561875482e-02
 5.378625970701e+04  1.560197700000e+01  6.486639972860e-02
 5.375540671725e+04  1.555353000000e+01  6.387611473104e-02
 5.375541339037e+04  1.556310100000e+01  6.397278586581e-02
 5.375542014383e+04  1.557445800000e+01  6.409374915755e-02
 5.375542692543e+04  1.555535600000e+01  6.395279941901e-02
 5.390317317076e+04  1.509461400000e+01  9.589276062906e-02
 5.390317418609e+04  1.506227600000e+01  9.528380033573e-02
 5.390317518325e+04  1.511257400000e+01  9.660264212922e-02
 5.390317617149e+04  1.515590200000e+01  9.816462197504e-02
 5.381719945385e+04  1.548881000000e+01  6.360124413482e-02
 5.381720811829e+04  1.546110000000e+01  6.333658839108e-02
 5.381721673249e+04  1.540835900000e+01  6.295238574823e-02
 5.381722533662e+04  1.536868500000e+01  6.298671948874e-02
 5.387417650095e+04  1.518684000000e+01  6.214818228994e-02
 5.387418345627e+04  1.519077700000e+01  6.226184713661e-02
 5.387419039238e+04  1.520010700000e+01  6.238598207795e-02
 5.387419735141e+04  1.522963000000e+01  6.271169584433e-02
 5.388515899470e+04  1.566923100000e+01  9.359584957290e-02
 5.388515987681e+04  1.567118500000e+01  9.366684163116e-02
 5.388516078148e+04  1.568014600000e+01  9.391122776641e-02
 5.388516165640e+04  1.564344300000e+01  9.296011175910e-02
 5.388615850528e+04  1.548913600000e+01  6.469626462571e-02
 5.388616786998e+04  1.549476600000e+01  6.486733663736e-02
 5.388617721153e+04  1.550646200000e+01  6.506969007653e-02
 5.388618656951e+04  1.557162700000e+01  6.589945480337e-02
 5.405448296227e+04  1.556231600000e+01  6.307338859595e-02
 5.405448895122e+04  1.562426300000e+01  6.357257757645e-02
 5.405449503671e+04  1.559080000000e+01  6.323566823149e-02
 5.405450114500e+04  1.562143900000e+01  6.353737832357e-02
 5.402849449437e+04  1.553720200000e+01  6.321487753776e-02
 5.402850258400e+04  1.553739200000e+01  6.311159787884e-02
 5.402851077262e+04  1.554882200000e+01  6.315876846704e-02
 5.402851894478e+04  1.558334900000e+01  6.301474054258e-02
 5.419719277679e+04  1.556316700000e+01  6.399234729476e-02
 5.419719922538e+04  1.560214500000e+01  6.432203701859e-02
 5.419720568438e+04  1.559303700000e+01  6.429227137365e-02
 5.419721211282e+04  1.560241100000e+01  6.436689291998e-02
 5.443742833396e+04  1.540298000000e+01  6.188995086446e-02
 5.443743903762e+04  1.542556300000e+01  6.204061549635e-02
 5.443744976697e+04  1.540526800000e+01  6.186081040353e-02
 5.443746052411e+04  1.543640100000e+01  6.208927503102e-02
 5.444842735670e+04  1.546948800000e+01  6.252707580501e-02
 5.444843277329e+04  1.545037400000e+01  6.379515869139e-02
 5.444843815932e+04  1.542412900000e+01  6.190010237753e-02
 5.444844356271e+04  1.540712500000e+01  6.173520091921e-02
 5.445447188541e+04  1.522255700000e+01  6.043064835512e-02
 5.445447783824e+04  1.523769400000e+01  6.052554377608e-02
 5.445448380069e+04  1.525997500000e+01  6.072024890805e-02
 5.445448979313e+04  1.526255400000e+01  6.073877891684e-02
 5.446451148403e+04  1.520666200000e+01  6.045892294996e-02
 5.446451806884e+04  1.521965200000e+01  6.057568826478e-02
 5.446452461789e+04  1.522224600000e+01  6.058405806627e-02
 5.446453119252e+04  1.523916200000e+01  6.072228453880e-02
 5.414038261857e+04  1.571334400000e+01  1.281511947284e-01
 5.414038363829e+04  1.567625000000e+01  1.218777925343e-01
 5.414038464251e+04  1.554147200000e+01  1.151755043381e-01
 5.414038566409e+04  1.573832100000e+01  1.143476575414e-01
 5.411040096771e+04  1.506140200000e+01  5.997910971633e-02
 5.411040809828e+04  1.508418400000e+01  6.002056594934e-02
 5.411041530558e+04  1.511572300000e+01  6.019998624520e-02
 5.411042255316e+04  1.513428300000e+01  5.991108611749e-02
 5.412440115652e+04  1.568171600000e+01  6.449065652241e-02
 5.412440958229e+04  1.565677100000e+01  6.426918561768e-02
 5.412441792738e+04  1.566802800000e+01  6.436042465285e-02
 5.412442634169e+04  1.567234500000e+01  6.440747287509e-02
 5.416819774632e+04  1.559782200000e+01  6.390260698440e-02
 5.416820585899e+04  1.563083600000e+01  6.417566453163e-02
 5.416821398093e+04  1.556091700000e+01  6.350092997932e-02
 5.416822209116e+04  1.559974900000e+01  6.387969343840e-02
 5.422719926576e+04  1.538120700000e+01  6.231450051372e-02
 5.422720844481e+04  1.541321800000e+01  6.266262269624e-02
 5.422721762953e+04  1.542857400000e+01  6.283392410508e-02
 5.422722680336e+04  1.544706500000e+01  6.305088971784e-02
 5.424115281905e+04  1.561018500000e+01  6.508626580260e-02
 5.424116148545e+04  1.561930200000e+01  6.528015817316e-02
 5.424117015671e+04  1.559477700000e+01  6.506988383713e-02
 5.424117883863e+04  1.553208100000e+01  6.448017750268e-02
 5.440947065742e+04  1.518596400000e+01  6.047279744719e-02
 5.440947731781e+04  1.521865000000e+01  6.065630447870e-02
 5.440948401016e+04  1.520461600000e+01  6.053149556930e-02
 5.440949066362e+04  1.524110400000e+01  6.073493495964e-02
 5.438551832839e+04  1.567996200000e+01  7.433987758630e-02
 5.438551868338e+04  1.565952400000e+01  7.403610076145e-02
 5.438551904938e+04  1.562519900000e+01  7.342571482600e-02
 5.438551940205e+04  1.572904100000e+01  7.500569371854e-02
 5.439348409021e+04  1.520372200000e+01  6.079431184182e-02
 5.439348787893e+04  1.523694900000e+01  6.097700373232e-02
 5.439349168711e+04  1.521034100000e+01  6.075409414362e-02
 5.439349549703e+04  1.523331800000e+01  6.089368228315e-02
 5.456814874120e+04  1.516714100000e+01  6.025317121040e-02
 5.456815366355e+04  1.518053400000e+01  6.035516504599e-02
 5.456815864436e+04  1.519351400000e+01  6.045920627171e-02
 5.456816359681e+04  1.520137000000e+01  6.049021964370e-02
 5.458019648354e+04  1.557206900000e+01  6.367927527599e-02
 5.458020294971e+04  1.558998800000e+01  6.380148607966e-02
 5.458020939760e+04  1.558872600000e+01  6.385064021770e-02
 5.458021583612e+04  1.558252500000e+01  6.384564395844e-02
 5.449937930933e+04  1.530378400000e+01  6.106252677140e-02
 5.449938537294e+04  1.529769400000e+01  6.105374159278e-02
 5.449939144685e+04  1.524228000000e+01  6.059398745948e-02
 5.449939757238e+04  1.520692600000e+01  6.034575231610e-02
 5.447537335456e+04  1.549412500000e+01  6.261272533645e-02
 5.447538080354e+04  1.550071000000e+01  6.268708369591e-02
 5.447538826444e+04  1.551689500000e+01  6.281992931036e-02
 5.447539575232e+04  1.552906600000e+01  6.291757459288e-02
 5.463015873997e+04  1.572039900000e+01  7.180740859057e-02
 5.463016337294e+04  1.569334400000e+01  7.156527984213e-02
 5.463016802363e+04  1.571752700000e+01  7.191574227306e-02
 5.463017264852e+04  1.564437700000e+01  7.106117516757e-02
 5.454922200692e+04  1.524773500000e+01  6.098802469961e-02
 5.454922863850e+04  1.528201300000e+01  6.126871746487e-02
 5.454923529034e+04  1.525976600000e+01  6.107985515030e-02
 5.454924191670e+04  1.529084200000e+01  6.131994094167e-02
 5.459116065182e+04  1.501408300000e+01  5.938668035701e-02
 5.459116991177e+04  1.503364600000e+01  5.950738508201e-02
 5.459117914347e+04  1.506060300000e+01  5.974393365685e-02
 5.459118835736e+04  1.511637000000e+01  6.012515120658e-02
 5.459418437983e+04  1.522941600000e+01  6.094621927546e-02
 5.459419081453e+04  1.524016500000e+01  6.104561094570e-02
 5.459419723811e+04  1.527379700000e+01  6.135890527648e-02
 5.459420366065e+04  1.526216600000e+01  6.127069103067e-02
 5.476449083774e+04  1.565695300000e+01  6.439701317558e-02
 5.476449584412e+04  1.569329100000e+01  6.469346676501e-02
 5.476450092701e+04  1.568122700000e+01  6.452219958167e-02
 5.476450593780e+04  1.566227800000e+01  6.445340809189e-02
 5.476949592575e+04  1.525312900000e+01  6.533175135611e-02
 5.476950046661e+04  1.523101000000e+01  6.501445776999e-02
 5.476950494299e+04  1.531104300000e+01  6.526806890480e-02
 5.476950933915e+04  1.527013600000e+01  6.537139825149e-02
 5.495023136963e+04  1.549185800000e+01  6.345856856882e-02
 5.495023798928e+04  1.550401000000e+01  6.360681010721e-02
 5.495024452678e+04  1.547139400000e+01  6.340563101411e-02
 5.495025107944e+04  1.552381400000e+01  6.393460335522e-02
 5.486728822887e+04  1.547373500000e+01  6.478225491108e-02
 5.486729420521e+04  1.546136100000e+01  6.464451388571e-02
 5.486730013606e+04  1.552989900000e+01  6.528115555812e-02
 5.486730600939e+04  1.551057800000e+01  6.510787089965e-02
 5.487834373383e+04  1.522579900000e+01  6.034224091874e-02
 5.487835047005e+04  1.523327000000e+01  6.041521273016e-02
 5.487835715347e+04  1.523370700000e+01  6.080501973462e-02
 5.487836372638e+04  1.524583700000e+01  6.049392864439e-02
 5.485926449909e+04  1.570141800000e+01  6.434635474050e-02
 5.485927145719e+04  1.570721800000e+01  6.466852027428e-02
 5.485927814606e+04  1.569919000000e+01  6.429941374623e-02
 5.485928495392e+04  1.565764600000e+01  6.382495490373e-02
 5.490521206196e+04  1.552773200000e+01  6.313537123041e-02
 5.490521755262e+04  1.556697700000e+01  6.348859500635e-02
 5.490522296584e+04  1.553848600000e+01  6.323115876565e-02
 5.490522840802e+04  1.557732100000e+01  6.355842316765e-02
 5.496714980868e+04  1.529714000000e+01  6.190944176079e-02
 5.496716086596e+04  1.526600000000e+01  6.172477628159e-02
 5.496717193262e+04  1.527037200000e+01  6.180382232270e-02
 5.496718282611e+04  1.525060200000e+01  6.174425211472e-02
 5.515046404703e+04  1.566979900000e+01  6.506260786600e-02
 5.515047020510e+04  1.566782400000e+01  6.502423815607e-02
 5.515047625344e+04  1.569973300000e+01  6.528534671709e-02
 5.515048228204e+04  1.565355800000e+01  6.479120095502e-02
 5.512251614969e+04  1.550768400000e+01  8.065191996958e-02
 5.512251760902e+04  1.551358200000e+01  8.071195397941e-02
 5.512251910296e+04  1.551454100000e+01  8.063185849316e-02
 5.512252059262e+04  1.551789600000e+01  8.049162707271e-02
 5.512850847855e+04  1.564363600000e+01  6.989931605082e-02
 5.512851094640e+04  1.559185800000e+01  6.936889834298e-02
 5.512851331632e+04  1.564428400000e+01  7.000401046719e-02
 5.512851585140e+04  1.563213400000e+01  6.985490318343e-02
 5.529620136531e+04  1.565731200000e+01  6.467021603980e-02
 5.529620704234e+04  1.568952900000e+01  6.499041757758e-02
 5.529621266381e+04  1.568625100000e+01  6.492745416433e-02
 5.529621835900e+04  1.568582100000e+01  6.497598562658e-02
 5.553949826646e+04  1.560477000000e+01  6.461158447256e-02
 5.553950838713e+04  1.561929000000e+01  6.517841319576e-02
 5.553951344551e+04  1.560624400000e+01  6.524104509112e-02
 5.555934697654e+04  1.531987500000e+01  6.205560667125e-02
 5.555936789694e+04  1.533188400000e+01  6.205078609061e-02
 5.525930982648e+04  1.555005500000e+01  6.328540324952e-02
 5.525931550302e+04  1.557107200000e+01  6.355355948925e-02
 5.525932131894e+04  1.552721000000e+01  6.314722335094e-02
 5.525932710740e+04  1.557531900000e+01  6.353742961043e-02
 5.526720378187e+04  1.561753200000e+01  6.425486426317e-02
 5.526720833280e+04  1.558221900000e+01  6.391055059882e-02
 5.526721293575e+04  1.560194600000e+01  6.404827537333e-02
 5.526721757279e+04  1.557028700000e+01  6.375984575800e-02
 5.527521668204e+04  1.550914700000e+01  7.494196074624e-02
 5.527522356475e+04  1.550787000000e+01  6.343256217956e-02
 5.527523044119e+04  1.549104200000e+01  6.326207308834e-02
 5.527523728840e+04  1.551102000000e+01  6.345358711536e-02
 5.532921087132e+04  1.556835800000e+01  6.431635902806e-02
 5.532921778253e+04  1.559311400000e+01  6.418727814416e-02
 5.532922471036e+04  1.559871900000e+01  6.431676099028e-02
 5.532923159816e+04  1.562172100000e+01  6.486296554610e-02
 5.534118028316e+04  1.562026900000e+01  6.979274700831e-02
 5.534118731117e+04  1.568396500000e+01  7.078763526944e-02
 5.534119333073e+04  1.574862100000e+01  7.179173209471e-02
 5.534119810089e+04  1.568995300000e+01  7.102243785523e-02
 5.550350250694e+04  1.563647200000e+01  7.010773921137e-02
 5.550350905218e+04  1.554858400000e+01  6.888733421324e-02
 5.550351228531e+04  1.557490200000e+01  6.919278428954e-02
 5.551049227749e+04  1.566050400000e+01  6.500756166787e-02
 5.551050281692e+04  1.564654800000e+01  6.480139593660e-02
 5.551050809380e+04  1.560710100000e+01  6.438651297199e-02
 5.553044403765e+04  1.553433400000e+01  6.352018348658e-02
 5.553045557735e+04  1.555254600000e+01  6.369449550032e-02
 5.553046135878e+04  1.556150700000e+01  6.374697025359e-02
 5.559635282297e+04  1.566988600000e+01  6.203394842488e-02
 5.559636497094e+04  1.565526900000e+01  6.193904128921e-02
 5.559637717727e+04  1.562756500000e+01  6.168868796203e-02
 5.559638937684e+04  1.565063400000e+01  6.189674194401e-02
 5.557441941600e+04  1.563581500000e+01  6.462872068879e-02
 5.557442462227e+04  1.563752600000e+01  6.461741120268e-02
 5.557442981074e+04  1.561814400000e+01  6.439399514852e-02
 5.557443502905e+04  1.563815700000e+01  6.460414272144e-02
 5.562430545747e+04  1.556632900000e+01  6.170668251216e-02
 5.562431506655e+04  1.537533900000e+01  6.023288185916e-02
 5.562432476404e+04  1.526773800000e+01  5.950786704154e-02
 5.562433445581e+04  1.519144700000e+01  5.902560956596e-02
 5.563120844074e+04  1.559405200000e+01  6.497179559234e-02
 5.563121353013e+04  1.559928700000e+01  6.500016355927e-02
 5.563121864913e+04  1.560001000000e+01  6.499309211841e-02
 5.563122381666e+04  1.553698100000e+01  6.430799529987e-02
 5.564416996559e+04  1.555398600000e+01  6.427288503436e-02
 5.564417508413e+04  1.554649700000e+01  6.419104256760e-02
 5.564418022201e+04  1.554383200000e+01  6.413454446873e-02
 5.564418542771e+04  1.554583500000e+01  6.418913209436e-02
 5.558646944465e+04  1.500210700000e+01  6.146189250581e-02
 5.558647706853e+04  1.502288000000e+01  6.092903993579e-02
 5.558648466581e+04  1.504252400000e+01  6.177899027162e-02
 5.558649229039e+04  1.515431800000e+01  6.194768621724e-02
 5.585052608784e+04  1.500243600000e+01  8.365241151241e-02
 5.585052721093e+04  1.489558200000e+01  8.018656302246e-02
 5.585052841064e+04  1.497946300000e+01  8.101461062444e-02
 5.585052952563e+04  1.498053900000e+01  8.290158267615e-02
 5.585052608784e+04  1.498011100000e+01  8.358251915768e-02
 5.585052721093e+04  1.475602700000e+01  7.984262977499e-02
 5.585052841064e+04  1.480141100000e+01  8.126780932534e-02
 5.585052952563e+04  1.483751000000e+01  8.344787132679e-02
 5.588746552980e+04  1.552411300000e+01  6.329664189667e-02
 5.588747298819e+04  1.553280800000e+01  6.336654178640e-02
 5.588748044542e+04  1.552924800000e+01  6.333244013514e-02
 5.588748789012e+04  1.554485500000e+01  6.342017063761e-02
 5.594548886258e+04  1.550914000000e+01  6.326945362493e-02
 5.594549503057e+04  1.550609600000e+01  6.331179093550e-02
 5.594550124784e+04  1.552962800000e+01  6.354455391174e-02
 5.594550752095e+04  1.551500100000e+01  6.340563101411e-02
 5.596930753561e+04  1.556731600000e+01  6.441259324685e-02
 5.596931258459e+04  1.560085700000e+01  6.441777464164e-02
 5.596931768094e+04  1.559758400000e+01  6.442733538043e-02
 5.596932278743e+04  1.557937100000e+01  6.417034163123e-02
 5.597630469609e+04  1.553647400000e+01  6.110704625771e-02
 5.597631293413e+04  1.555220700000e+01  6.121413643580e-02
 5.597632109821e+04  1.554202500000e+01  6.115592124163e-02
 5.597632986961e+04  1.557005200000e+01  6.110973425257e-02
 5.597830992405e+04  1.565927800000e+01  6.664771773996e-02
 5.597831333825e+04  1.566099900000e+01  6.739377347362e-02
 5.597831673067e+04  1.561320200000e+01  6.609696427669e-02
 5.597832012344e+04  1.558972200000e+01  6.731422973893e-02
 5.598424593315e+04  1.557641000000e+01  6.411114485239e-02
 5.598425162650e+04  1.554201100000e+01  6.377647857735e-02
 5.598425728581e+04  1.550290800000e+01  6.344115170167e-02
 5.598426292361e+04  1.547780500000e+01  6.318325852494e-02
 5.600023202177e+04  1.559725100000e+01  6.427784063841e-02
 5.600023760515e+04  1.554962300000e+01  6.383539635347e-02
 5.600024328091e+04  1.551084600000e+01  6.347828615848e-02
 5.600024902310e+04  1.543528100000e+01  6.277806299435e-02
 5.601115958580e+04  1.544441100000e+01  6.304712540693e-02
 5.601116524279e+04  1.543231900000e+01  6.292143711108e-02
 5.601117087297e+04  1.545961500000e+01  6.312387237821e-02
 5.601117651978e+04  1.543520800000e+01  6.288871141202e-02
 5.603014019031e+04  1.552476800000e+01  6.404135976897e-02
 5.603014583874e+04  1.551588000000e+01  6.393686781071e-02
 5.603015143609e+04  1.553368400000e+01  6.411797164057e-02
 5.603015709319e+04  1.556269800000e+01  6.437782413038e-02
 5.604017923266e+04  1.548450900000e+01  6.409795484821e-02
 5.604018435734e+04  1.546873600000e+01  6.406631409864e-02
 5.604018947041e+04  1.547714800000e+01  6.416222594297e-02
 5.604019454821e+04  1.546582000000e+01  6.412764299647e-02
 5.622748378422e+04  1.563616900000e+01  6.811541882013e-02
 5.622749091355e+04  1.562019300000e+01  6.785995617826e-02
 5.622749800719e+04  1.563044600000e+01  6.789415601141e-02
 5.622750514006e+04  1.563497600000e+01  6.788909777129e-02
