# time mag mag_err
 5.346419518654e+04  1.573912400000e+01  6.616975335773e-02
 5.346420361115e+04  1.579656500000e+01  6.682256434873e-02
 5.346421223472e+04  1.580860200000e+01  6.695396236679e-02
 5.346422038235e+04  1.585409000000e+01  6.755531777073e-02
 5.370643121954e+04  1.612277300000e+01  7.161731341701e-02
 5.370643968200e+04  1.618865600000e+01  7.267659423712e-02
 5.370644802536e+04  1.619705200000e+01  7.285330946686e-02
 5.370645619787e+04  1.618384600000e+01  7.241032390658e-02
 5.371238226729e+04  1.598494200000e+01  7.022943452122e-02
 5.371239029860e+04  1.600382800000e+01  7.051486169139e-02
 5.371239837214e+04  1.588240700000e+01  6.877415235784e-02
 5.371240642856e+04  1.597076900000e+01  6.963575857122e-02
 5.373246389243e+04  1.578992400000e+01  6.721269195278e-02
 5.373247095933e+04  1.584271700000e+01  6.785425505348e-02
 5.373247808469e+04  1.580907300000e+01  6.752249686942e-02
 5.373248492600e+04  1.581354200000e+01  6.766686122410e-02
 5.349416940499e+04  1.565061300000e+01  6.703861179918e-02
 5.349417746128e+04  1.571579200000e+01  6.739797871018e-02
 5.349418644831e+04  1.571790600000e+01  6.757269697435e-02
 5.349419449999e+04  1.571510600000e+01  6.777647525617e-02
 5.384616967659e+04  1.533673900000e+01  6.343087521664e-02
 5.384617773891e+04  1.524725500000e+01  6.262116869269e-02
 5.384618580134e+04  1.524570600000e+01  6.262543854033e-02
 5.384619386182e+04  1.522348500000e+01  6.248661244173e-02
 5.385212779498e+04  1.607075800000e+01  7.205006736004e-02
 5.385213537660e+04  1.600899000000e+01  7.124998238576e-02
 5.385214298774e+04  1.595410800000e+01  7.040027523227e-02
 5.385215059449e+04  1.598639500000e+01  7.090830638784e-02
 5.407046365369e+04  1.555239300000e+01  6.353737832357e-02
 5.407047150582e+04  1.556791900000e+01  6.367824129125e-02
 5.407047928179e+04  1.564399000000e+01  6.438019766999e-02
 5.407048674177e+04  1.562593000000e+01  6.420634519548e-02
 5.409041898538e+04  1.606479800000e+01  6.948929032404e-02
 5.409042630485e+04  1.608453600000e+01  6.975067997367e-02
 5.409043375742e+04  1.611442200000e+01  7.015108822230e-02
 5.409044141231e+04  1.613419700000e+01  7.039898309216e-02
 5.379025105406e+04  1.603978100000e+01  7.069457817533e-02
 5.379025906869e+04  1.605160800000e+01  7.086082334424e-02
 5.379026707071e+04  1.604322600000e+01  7.072602603693e-02
 5.379027505039e+04  1.604714900000e+01  7.074790372281e-02
 5.373935519113e+04  1.596811400000e+01  6.917193949027e-02
 5.373936159539e+04  1.599172500000e+01  6.945309529127e-02
 5.373936803436e+04  1.602754800000e+01  6.992913469996e-02
 5.373937443017e+04  1.606084900000e+01  7.032167250970e-02
 5.374538311728e+04  1.595515700000e+01  6.976135787004e-02
 5.374539150369e+04  1.595973400000e+01  6.981953740068e-02
 5.374539997170e+04  1.592103300000e+01  6.930769349445e-02
 5.374540843091e+04  1.602017100000e+01  7.057831972724e-02
 5.375827552436e+04  1.595249800000e+01  6.960977487250e-02
 5.376527895461e+04  1.601847100000e+01  7.246609796647e-02
 5.376528640995e+04  1.597690300000e+01  7.121184985891e-02
 5.376529388648e+04  1.575684800000e+01  6.827444637958e-02
 5.376530134866e+04  1.560005500000e+01  6.638452338329e-02
 5.379824866758e+04  1.605286200000e+01  7.095796708365e-02
 5.379825746374e+04  1.602597900000e+01  7.062697401227e-02
 5.379826619565e+04  1.608537900000e+01  7.146469537962e-02
 5.379827472501e+04  1.608683900000e+01  7.150798215782e-02
 5.385816652409e+04  1.598566500000e+01  7.181676661344e-02
 5.385817298089e+04  1.607244200000e+01  7.314422051596e-02
 5.385817943850e+04  1.600316200000e+01  7.222581707455e-02
 5.385818590352e+04  1.597275400000e+01  7.186688257709e-02
 5.405742931803e+04  1.609654700000e+01  7.009138376827e-02
 5.405743577113e+04  1.599354800000e+01  6.867094141048e-02
 5.405744229831e+04  1.590455400000e+01  6.749190022270e-02
 5.405744879088e+04  1.573315100000e+01  6.553753310698e-02
 5.421215462688e+04  1.598106300000e+01  6.918112309631e-02
 5.421216496247e+04  1.595385100000e+01  6.892211875965e-02
 5.421217527084e+04  1.596108400000e+01  6.906915531356e-02
 5.421218556649e+04  1.600801200000e+01  6.974480778656e-02
 5.421314546550e+04  1.549898200000e+01  6.431303570495e-02
 5.421315583616e+04  1.552707800000e+01  6.468890724547e-02
 5.421316612405e+04  1.556267100000e+01  6.509078793134e-02
 5.421317642028e+04  1.557415100000e+01  6.528029192849e-02
 5.414131776147e+04  1.614377500000e+01  7.296888624900e-02
 5.414132416642e+04  1.614109000000e+01  7.140512694798e-02
 5.414133061141e+04  1.612074600000e+01  7.080641799501e-02
 5.414133707019e+04  1.604524400000e+01  6.978287365872e-02
 5.412829795655e+04  1.605624100000e+01  6.964676747806e-02
 5.412830331920e+04  1.601661700000e+01  6.910871627444e-02
 5.412830868069e+04  1.611841300000e+01  7.044614001577e-02
 5.412831405828e+04  1.609388000000e+01  7.049576971398e-02
 5.417019402325e+04  1.525237800000e+01  6.151247146394e-02
 5.417020049568e+04  1.528339400000e+01  6.180048482044e-02
 5.417020704624e+04  1.531822000000e+01  6.212051816262e-02
 5.417021358325e+04  1.534998200000e+01  6.245944989690e-02
 5.423915019759e+04  1.592104700000e+01  7.180273381291e-02
 5.423915780051e+04  1.600787800000e+01  7.341467164652e-02
 5.423916540263e+04  1.611466900000e+01  7.556233241881e-02
 5.423917304236e+04  1.609428600000e+01  7.557479460315e-02
 5.456318451141e+04  1.601871900000e+01  6.620449184270e-02
 5.457413601752e+04  1.591626100000e+01  6.882915088208e-02
 5.457414458936e+04  1.595093800000e+01  6.933344583938e-02
 5.457415314743e+04  1.600053400000e+01  7.004857960767e-02
 5.457416171197e+04  1.603821200000e+01  7.054173932291e-02
 5.458313769291e+04  1.571561000000e+01  6.599046529193e-02
 5.458314381080e+04  1.566102000000e+01  6.594019647845e-02
 5.458314990635e+04  1.571550700000e+01  6.663971443342e-02
 5.458315600806e+04  1.568728400000e+01  6.641077416280e-02
 5.480146507087e+04  1.601059800000e+01  6.858901781397e-02
 5.480147302091e+04  1.596652900000e+01  6.804716374136e-02
 5.480148089155e+04  1.602856100000e+01  6.873627562380e-02
 5.480148872042e+04  1.601050200000e+01  6.857776886674e-02
 5.482938461255e+04  1.581815000000e+01  6.647634909794e-02
 5.482939919163e+04  1.578400800000e+01  6.608432043972e-02
 5.449828419885e+04  1.601360100000e+01  6.888463137856e-02
 5.449829616738e+04  1.601389100000e+01  6.886347246780e-02
 5.450525627972e+04  1.537832700000e+01  5.984809244778e-02
 5.450526549674e+04  1.542775100000e+01  6.018201079872e-02
 5.450527471769e+04  1.546258100000e+01  6.043453651759e-02
 5.450528390309e+04  1.550217400000e+01  6.071824451628e-02
 5.451025231718e+04  1.566824900000e+01  6.512623257644e-02
 5.451025874318e+04  1.563808500000e+01  6.480665414111e-02
 5.451026533993e+04  1.570423400000e+01  6.549367628895e-02
 5.451027176455e+04  1.572345200000e+01  6.567018508079e-02
 5.452427458188e+04  1.548333200000e+01  6.326207308834e-02
 5.452428169948e+04  1.554445700000e+01  6.383810228198e-02
 5.452428887102e+04  1.551171300000e+01  6.351665982363e-02
 5.452429601685e+04  1.555246800000e+01  6.389515596682e-02
 5.446640442722e+04  1.604167300000e+01  6.909894722801e-02
 5.446641100522e+04  1.599739600000e+01  6.860445865184e-02
 5.446641760716e+04  1.606720900000e+01  6.945228478439e-02
 5.446642418596e+04  1.600081400000e+01  6.859256287182e-02
 5.453122479878e+04  1.598157100000e+01  6.908752760536e-02
 5.453917974344e+04  1.590503400000e+01  6.814089659219e-02
 5.455523068904e+04  1.602548700000e+01  6.967999614120e-02
 5.455523781706e+04  1.602965400000e+01  6.971813132031e-02
 5.455524489449e+04  1.603510500000e+01  6.989382806893e-02
 5.455525201730e+04  1.602150800000e+01  6.972912591155e-02
 5.458913457873e+04  1.526414000000e+01  6.167162336999e-02
 5.458914351134e+04  1.530998300000e+01  6.206117063036e-02
 5.458915262384e+04  1.532769400000e+01  6.224784626151e-02
 5.458916164396e+04  1.537683000000e+01  6.270928675540e-02
 5.494116215053e+04  1.609694300000e+01  7.064276375723e-02
 5.494116932833e+04  1.613801300000e+01  7.123479532645e-02
 5.494117652082e+04  1.617416100000e+01  7.179233511886e-02
 5.494118379712e+04  1.622401500000e+01  7.257682465003e-02
 5.518144011914e+04  1.544107400000e+01  6.290586628488e-02
 5.518144459659e+04  1.544767000000e+01  6.289146895236e-02
 5.518144926319e+04  1.546841800000e+01  6.312914818521e-02
 5.518145389190e+04  1.551736000000e+01  6.374995183346e-02
 5.486329923699e+04  1.598899600000e+01  6.846397946406e-02
 5.486330530477e+04  1.602781200000e+01  6.895432455598e-02
 5.486331738778e+04  1.602295500000e+01  6.884742320438e-02
 5.484933761788e+04  1.620005000000e+01  7.134378807928e-02
 5.484934493585e+04  1.611246700000e+01  7.012425145524e-02
 5.484935225553e+04  1.605274400000e+01  6.932933782005e-02
 5.484935957650e+04  1.593913400000e+01  6.785292595008e-02
 5.490913229123e+04  1.600148200000e+01  6.917417840436e-02
 5.490913916216e+04  1.594574900000e+01  6.840518833330e-02
 5.490914601506e+04  1.599924400000e+01  6.907955394822e-02
 5.490915278843e+04  1.599965800000e+01  6.904057316929e-02
 5.492117199801e+04  1.556586700000e+01  6.450865346192e-02
 5.492117933137e+04  1.559958500000e+01  6.485448174156e-02
 5.492118670581e+04  1.560633800000e+01  6.492562596603e-02
 5.492119390965e+04  1.559620900000e+01  6.485473135820e-02
 5.512249997072e+04  1.618204600000e+01  7.609781669716e-02
 5.512250374626e+04  1.627214100000e+01  7.766284078963e-02
 5.512250761104e+04  1.622044000000e+01  7.669799881546e-02
 5.512251139979e+04  1.624462900000e+01  7.705226472897e-02
 5.529320676502e+04  1.597972400000e+01  6.918078715925e-02
 5.529321248058e+04  1.603313300000e+01  6.990017028971e-02
 5.529321818318e+04  1.603661600000e+01  6.995647691625e-02
 5.529322390980e+04  1.602068800000e+01  6.979383193759e-02
 5.530117901205e+04  1.601589400000e+01  6.994261116760e-02
 5.530118592767e+04  1.599228900000e+01  6.968796564006e-02
 5.530119282414e+04  1.603703600000e+01  7.030785052817e-02
 5.530119979772e+04  1.599576200000e+01  6.979009763121e-02
 5.553639662245e+04  1.601496700000e+01  7.047541547505e-02
 5.553641398157e+04  1.607521000000e+01  7.212824585063e-02
 5.524029330150e+04  1.559441800000e+01  6.550707156542e-02
 5.524030081485e+04  1.564043300000e+01  6.601906780644e-02
 5.524030835352e+04  1.562941500000e+01  6.586155619492e-02
 5.524031581671e+04  1.566384000000e+01  6.630249050465e-02
 5.520438029892e+04  1.600246800000e+01  6.895923185853e-02
 5.533316949040e+04  1.611467300000e+01  7.224065028569e-02
 5.533317461473e+04  1.614340200000e+01  7.273060399746e-02
 5.533317974267e+04  1.616585600000e+01  7.325274916385e-02
 5.533318492395e+04  1.619881200000e+01  7.392580772509e-02
 5.559835242306e+04  1.614429700000e+01  6.774822300221e-02
 5.559836211366e+04  1.618067100000e+01  6.822589356566e-02
 5.559837179986e+04  1.621723600000e+01  6.869118335790e-02
 5.559838149041e+04  1.621408400000e+01  6.864245733169e-02
 5.561727843118e+04  1.602061700000e+01  7.018468632496e-02
 5.561728587301e+04  1.604242200000e+01  7.046017986816e-02
 5.561729338266e+04  1.607511100000e+01  7.093927860159e-02
 5.561730093628e+04  1.601016900000e+01  7.003518498505e-02
 5.556542928992e+04  1.535418900000e+01  6.267357764359e-02
 5.556543745225e+04  1.534361900000e+01  6.258271602465e-02
 5.556544564711e+04  1.538948400000e+01  6.300864568156e-02
 5.556545378429e+04  1.545160500000e+01  6.359971317477e-02
 5.558836070924e+04  1.594774400000e+01  6.908785978303e-02
 5.562623425529e+04  1.574671300000e+01  6.833015835492e-02
 5.562624281199e+04  1.581299900000e+01  6.961520194325e-02
 5.562624949738e+04  1.582499200000e+01  6.859517022776e-02
 5.562625623560e+04  1.580636700000e+01  6.833217692634e-02
 5.563323464194e+04  1.606065000000e+01  7.198850872543e-02
 5.563323983817e+04  1.617796400000e+01  7.783258086613e-02
 5.563324506043e+04  1.605949300000e+01  7.315739610362e-02
 5.563325019994e+04  1.613020500000e+01  8.471088746447e-02
 5.564616606729e+04  1.611712400000e+01  7.228417605966e-02
 5.564617347359e+04  1.616279100000e+01  7.298660346771e-02
 5.564618092645e+04  1.602343700000e+01  7.098096937479e-02
 5.564618839282e+04  1.588010200000e+01  6.900758906575e-02
 5.568416221753e+04  1.595657200000e+01  7.043030646634e-02
 5.568417087933e+04  1.566137300000e+01  6.677607117347e-02
 5.568417956265e+04  1.555955500000e+01  6.572335009718e-02
 5.568418823205e+04  1.539579700000e+01  6.405508917828e-02
 5.453123705380e+04  1.597054600000e+01  6.894016435987e-02
 5.453124254979e+04  1.594944000000e+01  6.869487871581e-02
 5.453124803964e+04  1.598529200000e+01  6.917216357278e-02
 5.453125355253e+04  1.598207700000e+01  6.911116061037e-02
 5.453919930448e+04  1.596741200000e+01  6.864056810158e-02
 5.453920629372e+04  1.599726500000e+01  6.903253509041e-02
 5.453921324545e+04  1.598593100000e+01  6.888657711762e-02
 5.453922024927e+04  1.603004600000e+01  6.948371198850e-02
 5.518148756440e+04  1.556570200000e+01  6.443194611974e-02
 5.518149106043e+04  1.557851000000e+01  6.465974208715e-02
 5.518149458178e+04  1.566459700000e+01  6.617800568546e-02
 5.518149811830e+04  1.561195800000e+01  6.480028249620e-02
 5.586750732271e+04  1.572155800000e+01  6.604548228820e-02
 5.586751185190e+04  1.568123000000e+01  6.552414638915e-02
 5.586751639600e+04  1.569112500000e+01  6.563751581586e-02
 5.586752084876e+04  1.571354900000e+01  6.588004398472e-02
 5.592237470846e+04  1.610248600000e+01  7.089176851142e-02
 5.592238209885e+04  1.617535400000e+01  7.195519606351e-02
 5.592238938319e+04  1.616973900000e+01  7.183899112551e-02
 5.592239669223e+04  1.611690600000e+01  7.105255241552e-02
 5.595828686119e+04  1.597806500000e+01  6.901922793986e-02
 5.596826575434e+04  1.611539800000e+01  7.104949452356e-02
 5.596827416351e+04  1.614291200000e+01  7.139372032646e-02
 5.596828257432e+04  1.622783600000e+01  7.265744900505e-02
 5.596829104546e+04  1.617188200000e+01  7.183233287158e-02
 5.598227620728e+04  1.606121500000e+01  6.650983925901e-02
 5.598228299524e+04  1.606430200000e+01  6.652779572369e-02
 5.598228984779e+04  1.600095500000e+01  6.585084871109e-02
 5.598229673380e+04  1.606672200000e+01  6.659123958779e-02
 5.598817018933e+04  1.575106600000e+01  6.667835579794e-02
 5.598817534097e+04  1.569699500000e+01  6.603805235105e-02
 5.598818051565e+04  1.574244600000e+01  6.649873799371e-02
 5.598818553882e+04  1.575470800000e+01  6.663624129162e-02
 5.603712080039e+04  1.560936000000e+01  6.649002756010e-02
 5.603712817347e+04  1.564173600000e+01  6.657480592476e-02
 5.603713552431e+04  1.562970500000e+01  6.644419435699e-02
 5.603714292404e+04  1.570635600000e+01  6.745213661959e-02
 5.606616363833e+04  1.607246000000e+01  7.137483811843e-02
 5.606616871832e+04  1.602017800000e+01  7.067443007528e-02
 5.606617390272e+04  1.597720800000e+01  7.008427643473e-02
 5.606617908156e+04  1.600726100000e+01  7.056501187470e-02
