# time mag mag_err
 5.371010372159e+04  1.372737600000e+01  5.361929740345e-02
 5.371011009354e+04  1.373382200000e+01  5.363465323545e-02
 5.371011645462e+04  1.375624200000e+01  5.369066915307e-02
 5.371012279973e+04  1.376475200000e+01  5.372000623039e-02
 5.372913451355e+04  1.406133400000e+01  5.474267262933e-02
 5.372914069755e+04  1.405313200000e+01  5.470340448648e-02
 5.372914688847e+04  1.405915300000e+01  5.472970219237e-02
 5.372915307154e+04  1.406803500000e+01  5.476593640683e-02
 5.356343400148e+04  1.380473200000e+01  5.454175657455e-02
 5.356343996799e+04  1.384949400000e+01  5.455857656393e-02
 5.356344594225e+04  1.386336200000e+01  5.458972912580e-02
 5.356345193339e+04  1.394622800000e+01  5.515610615818e-02
 5.367524438712e+04  1.327814500000e+01  5.247204252230e-02
 5.367525026819e+04  1.329174300000e+01  5.250061452891e-02
 5.367525610830e+04  1.332312000000e+01  5.257823082779e-02
 5.367526200199e+04  1.335422200000e+01  5.265569942443e-02
 5.370309124303e+04  1.383184300000e+01  5.404701278028e-02
 5.370309784244e+04  1.384609300000e+01  5.409017176787e-02
 5.370310436800e+04  1.387474800000e+01  5.416493253284e-02
 5.370311082387e+04  1.387395200000e+01  5.417601184636e-02
 5.364635409972e+04  1.356424600000e+01  5.353051982632e-02
 5.364636068814e+04  1.349217000000e+01  5.333991786965e-02
 5.364636727503e+04  1.345951900000e+01  5.324238946911e-02
 5.364637383589e+04  1.343940400000e+01  5.320606821964e-02
 5.365131073373e+04  1.450938300000e+01  6.987458709585e-02
 5.365131725870e+04  1.413436200000e+01  6.204585382075e-02
 5.365132386344e+04  1.395310100000e+01  5.503323962782e-02
 5.365133047418e+04  1.396458900000e+01  5.501741193249e-02
 5.367026919596e+04  1.407409200000e+01  5.481323365189e-02
 5.362728491667e+04  1.402681200000e+01  5.590913978688e-02
 5.362729300909e+04  1.404891000000e+01  5.599163523157e-02
 5.362730108727e+04  1.407109100000e+01  5.608080360109e-02
 5.362730917390e+04  1.405439000000e+01  5.598228945992e-02
 5.363734896231e+04  1.407518700000e+01  5.522781323931e-02
 5.363735546020e+04  1.407768700000e+01  5.521391572890e-02
 5.363736194953e+04  1.407069200000e+01  5.515512768333e-02
 5.363736846929e+04  1.409505000000e+01  5.525070112273e-02
 5.375708680438e+04  1.348061500000e+01  5.298961029732e-02
 5.375709485640e+04  1.348113700000e+01  5.299312366226e-02
 5.375710285911e+04  1.350798300000e+01  5.307120829786e-02
 5.375711086588e+04  1.353629300000e+01  5.316140598365e-02
 5.402423228104e+04  1.400403000000e+01  5.419697136254e-02
 5.402424031928e+04  1.400448800000e+01  5.419284373517e-02
 5.402424834804e+04  1.400960400000e+01  5.420955740285e-02
 5.402425639358e+04  1.401878000000e+01  5.421642803284e-02
 5.403027950721e+04  1.411665700000e+01  5.456182576192e-02
 5.403028598242e+04  1.411882500000e+01  5.456386699890e-02
 5.403029247243e+04  1.411492200000e+01  5.455018772362e-02
 5.403029893363e+04  1.408742200000e+01  5.447462442551e-02
 5.399045029622e+04  1.381302500000e+01  5.369909453507e-02
 5.399045671528e+04  1.382341700000e+01  5.374592751735e-02
 5.399046315322e+04  1.382543900000e+01  5.377548871833e-02
 5.399046955319e+04  1.383923000000e+01  5.382393674218e-02
 5.399627487241e+04  1.370678100000e+01  5.329845216162e-02
 5.399628202404e+04  1.372831200000e+01  5.334978721661e-02
 5.399628917867e+04  1.373048800000e+01  5.335501346652e-02
 5.399629633354e+04  1.376128500000e+01  5.342006086364e-02
 5.400828326544e+04  1.397476500000e+01  5.413599037001e-02
 5.400829604085e+04  1.399640900000e+01  5.420935239752e-02
 5.400830543321e+04  1.398973500000e+01  5.418680983498e-02
 5.400831488148e+04  1.401326900000e+01  5.426541142952e-02
 5.444008644670e+04  1.400131400000e+01  5.422712351044e-02
 5.444009295281e+04  1.400994600000e+01  5.412648914853e-02
 5.444009946355e+04  1.401227000000e+01  5.424810348085e-02
 5.444010594037e+04  1.402397900000e+01  5.428722225080e-02
 5.412708745527e+04  1.362285300000e+01  5.376754835753e-02
 5.412709566481e+04  1.364877500000e+01  5.385462713549e-02
 5.412710387067e+04  1.366198500000e+01  5.391516733554e-02
 5.412711208311e+04  1.369267900000e+01  5.404066595927e-02
 5.441120102263e+04  1.401612400000e+01  5.444530993671e-02
 5.441120961889e+04  1.403653500000e+01  5.449387964236e-02
 5.441121819582e+04  1.403355600000e+01  5.449008371646e-02
 5.441122679741e+04  1.404101100000e+01  5.453619217918e-02
 5.442125558150e+04  1.403112600000e+01  5.445767204422e-02
 5.442126479123e+04  1.402997600000e+01  5.448271517570e-02
 5.442127405441e+04  1.403596300000e+01  5.451936702594e-02
 5.442128324885e+04  1.403366600000e+01  5.450835937767e-02
 5.437735860345e+04  1.357668900000e+01  5.305831128487e-02
 5.437736509220e+04  1.359827100000e+01  5.312935114691e-02
 5.437737446049e+04  1.346780000000e+01  5.401345593035e-02
 5.438423348833e+04  1.406311200000e+01  5.444634938633e-02
 5.438424140319e+04  1.407374600000e+01  5.448333108177e-02
 5.438424902233e+04  1.407914800000e+01  5.448294723122e-02
 5.438425613738e+04  1.411084300000e+01  5.459508709293e-02
 5.439224574274e+04  1.394424000000e+01  5.406465263914e-02
 5.439225232537e+04  1.395685000000e+01  5.410801282645e-02
 5.439225890139e+04  1.396473300000e+01  5.412533026223e-02
 5.439226547694e+04  1.398010300000e+01  5.417684025486e-02
 5.440424040124e+04  1.406195400000e+01  5.456389154312e-02
 5.440424687771e+04  1.404636800000e+01  5.454492379184e-02
 5.440425550315e+04  1.407952500000e+01  5.459668496905e-02
 5.440426195045e+04  1.407632600000e+01  5.459130350184e-02
 5.434547699983e+04  1.387536100000e+01  5.409545287157e-02
 5.434548021145e+04  1.381775300000e+01  5.392280104003e-02
 5.434548340779e+04  1.373757400000e+01  5.368289443095e-02
 5.434548662485e+04  1.366955000000e+01  5.348006188020e-02
 5.435141433017e+04  1.330116000000e+01  5.255165086501e-02
 5.435535230838e+04  1.404619800000e+01  5.449417012621e-02
 5.435535989661e+04  1.404436400000e+01  5.446657210316e-02
 5.435536740855e+04  1.403948200000e+01  5.447056872253e-02
 5.435537496299e+04  1.405125000000e+01  5.449601804312e-02
 5.446614155860e+04  1.411985200000e+01  5.465468136418e-02
 5.446614801622e+04  1.412082900000e+01  5.466015560617e-02
 5.446615451909e+04  1.411968200000e+01  5.467761936088e-02
 5.446616099498e+04  1.413325100000e+01  5.473296711035e-02
 5.447709215647e+04  1.390379800000e+01  5.395319917147e-02
 5.447709749447e+04  1.390793400000e+01  5.397377606047e-02
 5.447710281833e+04  1.392895800000e+01  5.403888922362e-02
 5.447710819118e+04  1.392347000000e+01  5.401861482785e-02
 5.477823567494e+04  1.408625600000e+01  5.445907793098e-02
 5.477824904389e+04  1.408507100000e+01  5.444982948715e-02
 5.477826241539e+04  1.405809100000e+01  5.436867202767e-02
 5.477827593227e+04  1.406995000000e+01  5.441521444409e-02
 5.474728423421e+04  1.348758800000e+01  5.265584146422e-02
 5.474729145737e+04  1.352359000000e+01  5.273739098464e-02
 5.474729875090e+04  1.354704600000e+01  5.278820179267e-02
 5.474730610359e+04  1.357420300000e+01  5.286038419782e-02
 5.476834814170e+04  1.419567700000e+01  5.497449113274e-02
 5.476835369036e+04  1.417536500000e+01  5.491506561858e-02
 5.476835916726e+04  1.416072700000e+01  5.486723173437e-02
 5.476836477425e+04  1.411641400000e+01  5.472666261786e-02
 5.471537482270e+04  1.396524400000e+01  5.412760461788e-02
 5.471538311443e+04  1.381356900000e+01  5.365512995929e-02
 5.471539142503e+04  1.363849800000e+01  5.315997338079e-02
 5.471539976446e+04  1.354426600000e+01  5.291353468132e-02
 5.473044355510e+04  1.404859100000e+01  5.445190794262e-02
 5.473044995126e+04  1.405737100000e+01  5.451332344717e-02
 5.473045638365e+04  1.406292500000e+01  5.454811977560e-02
 5.473046277204e+04  1.407214900000e+01  5.459622676446e-02
 5.473832013360e+04  1.420777600000e+01  5.484637460517e-02
 5.473832674412e+04  1.418565100000e+01  5.476086813241e-02
 5.473833329734e+04  1.415695300000e+01  5.464644572441e-02
 5.473833987810e+04  1.410215200000e+01  5.446960303048e-02
 5.506039087927e+04  1.407905600000e+01  5.467407996975e-02
 5.506039698028e+04  1.406827000000e+01  5.464981091779e-02
 5.506040309020e+04  1.407966500000e+01  5.468910297486e-02
 5.506040904888e+04  1.408167400000e+01  5.469338640449e-02
 5.507332523653e+04  1.405783300000e+01  5.720300049374e-02
 5.507332918869e+04  1.404846000000e+01  5.720281172201e-02
 5.507333297915e+04  1.407484400000e+01  5.753793675216e-02
 5.507333692613e+04  1.406322500000e+01  5.818132083786e-02
 5.518114168619e+04  1.415393400000e+01  5.510701097927e-02
 5.518114889918e+04  1.409341900000e+01  5.506346339092e-02
 5.518115499763e+04  1.410278600000e+01  5.486217878415e-02
 5.518116109112e+04  1.412172600000e+01  5.639214822037e-02
 5.483315642117e+04  1.368099500000e+01  5.328886199775e-02
 5.483316441162e+04  1.364341900000e+01  5.319127471068e-02
 5.483317216559e+04  1.362159900000e+01  5.314407671346e-02
 5.483318011054e+04  1.361904000000e+01  5.314978544962e-02
 5.504340971638e+04  1.378561300000e+01  5.539099790566e-02
 5.504341601796e+04  1.374046100000e+01  5.517376912189e-02
 5.504342246380e+04  1.367632200000e+01  5.493103219797e-02
 5.504342893025e+04  1.364026800000e+01  5.476306929499e-02
 5.515314614611e+04  1.362191200000e+01  5.324804886872e-02
 5.515315341337e+04  1.365856700000e+01  5.333814391609e-02
 5.515316072488e+04  1.367799900000e+01  5.338052172289e-02
 5.515316786464e+04  1.369718800000e+01  5.345339122699e-02
 5.515813870465e+04  1.410352500000e+01  5.473840999485e-02
 5.515814465865e+04  1.411100000000e+01  5.475777792481e-02
 5.515815075655e+04  1.412072300000e+01  5.477933310301e-02
 5.515815687703e+04  1.411241900000e+01  5.476143440414e-02
 5.515816298740e+04  1.410908400000e+01  5.474939696752e-02
 5.511329516311e+04  1.401148800000e+01  5.456561528012e-02
 5.511330234427e+04  1.401135500000e+01  5.456199282597e-02
 5.511330955655e+04  1.402877200000e+01  5.463607057720e-02
 5.511331684501e+04  1.400519100000e+01  5.455579661544e-02
 5.512026522637e+04  1.389397100000e+01  5.252858791970e-02
 5.512027315368e+04  1.390569400000e+01  5.256118517500e-02
 5.512028106079e+04  1.391364900000e+01  5.258316150796e-02
 5.512028909193e+04  1.393174200000e+01  5.262738288417e-02
 5.508440984123e+04  1.397836400000e+01  5.617051935973e-02
 5.508441580286e+04  1.399683500000e+01  5.628143161390e-02
 5.508442156476e+04  1.397409900000e+01  5.617051013727e-02
 5.508442750676e+04  1.401340900000e+01  5.632353493839e-02
 5.521209772052e+04  1.382501200000e+01  5.385774795779e-02
 5.521210454544e+04  1.384293500000e+01  5.390082294168e-02
 5.521211192139e+04  1.386660700000e+01  5.390623712973e-02
 5.521211880772e+04  1.389142700000e+01  5.396839598466e-02
 5.550628380144e+04  1.406978500000e+01  5.330519096259e-02
 5.550630198557e+04  1.409349700000e+01  5.337900960350e-02
 5.550631107750e+04  1.409250600000e+01  5.339698906862e-02
 5.551421884650e+04  1.378522300000e+01  5.384035227095e-02
 5.551423378017e+04  1.382574800000e+01  5.396548038074e-02
 5.551424129606e+04  1.383323100000e+01  5.398377408596e-02
 5.553015117588e+04  1.381887200000e+01  5.383119297981e-02
 5.553016530762e+04  1.383213900000e+01  5.386437998103e-02
 5.553017248068e+04  1.385039400000e+01  5.392743295354e-02
 5.549823040845e+04  1.375765700000e+01  5.369291017644e-02
 5.549824537983e+04  1.377896500000e+01  5.375443814527e-02
 5.549825293682e+04  1.378608900000e+01  5.378330802622e-02
 5.557714572546e+04  1.322658500000e+01  5.341618586693e-02
 5.557715345145e+04  1.326673200000e+01  5.374376490166e-02
 5.557716126998e+04  1.331859900000e+01  5.379319577364e-02
 5.557716909475e+04  1.336518800000e+01  5.394511136777e-02
 5.558808804340e+04  1.413360500000e+01  5.703524846697e-02
 5.558809445049e+04  1.414149300000e+01  5.726109778523e-02
 5.558810084433e+04  1.411842900000e+01  5.716110147789e-02
 5.558810721579e+04  1.412208400000e+01  5.718182322007e-02
 5.582535588920e+04  1.406905600000e+01  5.448745723488e-02
 5.582536336076e+04  1.407207200000e+01  5.451554782625e-02
 5.582537082623e+04  1.409477200000e+01  5.459320675721e-02
 5.582537826956e+04  1.409959900000e+01  5.462168099847e-02
 5.586417419979e+04  1.397314700000e+01  5.430137569164e-02
 5.586417921087e+04  1.398557700000e+01  5.433545624466e-02
 5.586418427247e+04  1.398604700000e+01  5.433174744293e-02
 5.586418938742e+04  1.397902300000e+01  5.430002255550e-02
 5.588117296359e+04  1.385471300000e+01  5.389657521807e-02
 5.588117799218e+04  1.384684600000e+01  5.386368553229e-02
 5.588118312160e+04  1.386329800000e+01  5.390110439129e-02
 5.588118818216e+04  1.387060200000e+01  5.393133902849e-02
 5.585026926714e+04  1.406676000000e+01  5.824005395293e-02
 5.585027756289e+04  1.410085400000e+01  5.845267766407e-02
 5.585028632105e+04  1.415704000000e+01  5.880395926958e-02
 5.585029459881e+04  1.417951200000e+01  5.895772339141e-02
 5.585026926714e+04  1.409077000000e+01  5.848654065671e-02
 5.585027756289e+04  1.412436400000e+01  5.868733041566e-02
 5.585028632105e+04  1.414177400000e+01  5.878020749800e-02
 5.585029459881e+04  1.417381500000e+01  5.897990399155e-02
 5.589316128949e+04  1.406625600000e+01  5.460736020966e-02
 5.589316642863e+04  1.404637500000e+01  5.453680796591e-02
 5.589317163523e+04  1.405066100000e+01  5.455359149808e-02
 5.589317678815e+04  1.404957800000e+01  5.456832876727e-02
 5.596909108223e+04  1.402150000000e+01  5.486314829596e-02
 5.596909448903e+04  1.403435200000e+01  5.492789366722e-02
 5.596909787866e+04  1.403353400000e+01  5.494784788029e-02
 5.596910130557e+04  1.404968300000e+01  5.502353324789e-02
 5.616443519991e+04  1.364679600000e+01  5.354601139595e-02
 5.616444027219e+04  1.366455000000e+01  5.361090251205e-02
 5.616444530994e+04  1.366926100000e+01  5.362842066125e-02
 5.616445038839e+04  1.368535500000e+01  5.367573053850e-02
 5.618435019206e+04  1.391569700000e+01  5.431573116424e-02
 5.618435693666e+04  1.378531300000e+01  5.387873457882e-02
 5.618436363978e+04  1.369564200000e+01  5.359919913829e-02
 5.618437038025e+04  1.365224800000e+01  5.348043946957e-02
 5.619134996549e+04  1.419972100000e+01  5.545843206047e-02
 5.619135497807e+04  1.419398900000e+01  5.548764959919e-02
 5.619136003884e+04  1.421611700000e+01  5.557563413635e-02
 5.619136510471e+04  1.421461100000e+01  5.557376511305e-02
 5.620531357538e+04  1.407149500000e+01  5.480021603679e-02
 5.620532088199e+04  1.408443100000e+01  5.484728285404e-02
 5.620532817574e+04  1.410252700000e+01  5.492320457001e-02
 5.620533549758e+04  1.408958500000e+01  5.486501614765e-02
 5.622223695622e+04  1.374593500000e+01  5.375830548241e-02
 5.622224198230e+04  1.376064300000e+01  5.380615743534e-02
 5.622224709124e+04  1.377332900000e+01  5.383037054119e-02
 5.622225222670e+04  1.378010300000e+01  5.386257651848e-02
