# time mag mag_err
 5.346918731603e+04  1.585067700000e+01  6.730662228167e-02
 5.346919543924e+04  1.588063400000e+01  6.767400308291e-02
 5.346920358362e+04  1.589795000000e+01  6.792045551815e-02
 5.346921172303e+04  1.589270300000e+01  6.793599019825e-02
 5.348120203397e+04  1.551463400000e+01  6.406609465014e-02
 5.348121069933e+04  1.548881200000e+01  6.387082979163e-02
 5.348121935682e+04  1.551100500000e+01  6.415590817538e-02
 5.348122802497e+04  1.552690900000e+01  6.443474953453e-02
 5.372634647811e+04  1.563479200000e+01  6.510508624271e-02
 5.372635339870e+04  1.557714100000e+01  6.451462407719e-02
 5.372636031329e+04  1.568842400000e+01  6.564586179508e-02
 5.372636722729e+04  1.568292300000e+01  6.560304958229e-02
 5.368839985214e+04  1.595613600000e+01  6.927975326981e-02
 5.368840787615e+04  1.587898400000e+01  6.823147263251e-02
 5.368841596671e+04  1.595419800000e+01  7.281955477263e-02
 5.368842407707e+04  1.569814600000e+01  6.606774513492e-02
 5.369944580816e+04  1.581714700000e+01  6.744213760750e-02
 5.369945565218e+04  1.583735300000e+01  6.765481889651e-02
 5.369946556933e+04  1.584270900000e+01  6.774944089717e-02
 5.369947544610e+04  1.581818600000e+01  6.739600991748e-02
 5.364846601067e+04  1.546410500000e+01  6.784058998028e-02
 5.365545608767e+04  1.558362000000e+01  6.626819069190e-02
 5.365546058708e+04  1.551962300000e+01  6.554852441114e-02
 5.365546509656e+04  1.552815400000e+01  6.561694025811e-02
 5.365546946044e+04  1.547491300000e+01  6.498354783532e-02
 5.367046731275e+04  1.579541500000e+01  6.716100333985e-02
 5.367047218059e+04  1.580782000000e+01  6.728111234563e-02
 5.367047706417e+04  1.579850200000e+01  6.710923831145e-02
 5.382717212515e+04  1.577060900000e+01  6.738090406022e-02
 5.382717747206e+04  1.579175800000e+01  6.755422128429e-02
 5.382718283517e+04  1.580914100000e+01  6.777675718124e-02
 5.382718820373e+04  1.580319200000e+01  6.772502184773e-02
 5.384314314993e+04  1.586550300000e+01  6.846890663474e-02
 5.384314848619e+04  1.586799600000e+01  6.854836644530e-02
 5.384315380775e+04  1.583566900000e+01  6.817150065925e-02
 5.384315910454e+04  1.586449400000e+01  6.860602527358e-02
 5.408047450414e+04  1.579307000000e+01  1.102424373982e-01
 5.408047551322e+04  1.574990700000e+01  1.085147173968e-01
 5.408047652102e+04  1.577256500000e+01  1.095362199571e-01
 5.408047755580e+04  1.586498100000e+01  1.055605682504e-01
 5.408142883759e+04  1.540346000000e+01  6.238106634289e-02
 5.408143548167e+04  1.542890200000e+01  6.263429014090e-02
 5.408144210446e+04  1.546883600000e+01  6.299702666990e-02
 5.408144866184e+04  1.546893300000e+01  6.302185996399e-02
 5.409654601574e+04  1.582871600000e+01  7.534792033026e-02
 5.409654819837e+04  1.589721600000e+01  7.515553946702e-02
 5.409655035774e+04  1.591425300000e+01  7.718122586622e-02
 5.409655252509e+04  1.583875900000e+01  7.720066979887e-02
 5.378619621994e+04  1.591270600000e+01  6.854142089818e-02
 5.378620375794e+04  1.577922900000e+01  6.811188337388e-02
 5.378621129407e+04  1.563013300000e+01  6.587010577694e-02
 5.378621882060e+04  1.552529500000e+01  6.469675185048e-02
 5.374542419929e+04  1.583014300000e+01  6.781162971819e-02
 5.374543126667e+04  1.585931100000e+01  6.821355265293e-02
 5.374543830833e+04  1.584067300000e+01  6.797997962313e-02
 5.374544529988e+04  1.580762600000e+01  6.761760751816e-02
 5.379923349757e+04  1.525733000000e+01  6.184665504011e-02
 5.379923924936e+04  1.527705900000e+01  6.201762727105e-02
 5.379924482730e+04  1.529452900000e+01  6.216680989070e-02
 5.379925032074e+04  1.530964100000e+01  6.229645917393e-02
 5.386618426943e+04  1.594591800000e+01  1.277649371243e-01
 5.386618498995e+04  1.597147800000e+01  1.292641149212e-01
 5.386618572830e+04  1.589248700000e+01  1.252236990236e-01
 5.386618645507e+04  1.598885600000e+01  1.301538978030e-01
 5.388113546406e+04  1.537702400000e+01  7.622399055907e-02
 5.388113784601e+04  1.540396400000e+01  7.746832577189e-02
 5.388114021510e+04  1.526582200000e+01  7.539063682783e-02
 5.388114258281e+04  1.534700700000e+01  7.695462529627e-02
 5.405347170492e+04  1.582318900000e+01  6.688872240244e-02
 5.405347827365e+04  1.581927600000e+01  6.603233651397e-02
 5.405348493914e+04  1.584372000000e+01  6.754545595378e-02
 5.405349159734e+04  1.585561600000e+01  6.705056417819e-02
 5.406631162789e+04  1.573527800000e+01  6.410510056091e-02
 5.406632273134e+04  1.576674500000e+01  6.429615626616e-02
 5.406633379301e+04  1.581177000000e+01  6.409286428181e-02
 5.406634486288e+04  1.576100200000e+01  6.403154796678e-02
 5.400946928726e+04  1.565226800000e+01  6.561945745077e-02
 5.400947794221e+04  1.558391700000e+01  6.460666180114e-02
 5.400948654634e+04  1.556225000000e+01  6.423202799708e-02
 5.400949522466e+04  1.550363100000e+01  6.414150912553e-02
 5.402448342675e+04  1.573811500000e+01  6.524812230368e-02
 5.402448830164e+04  1.573205700000e+01  6.520682676261e-02
 5.402449332839e+04  1.575962300000e+01  6.543940606656e-02
 5.402449835480e+04  1.576179500000e+01  6.547654143791e-02
 5.402845621052e+04  1.540390800000e+01  6.218060349473e-02
 5.402846545832e+04  1.549114400000e+01  6.284252525822e-02
 5.402847467868e+04  1.546425400000e+01  6.256617083686e-02
 5.402848391873e+04  1.551186700000e+01  6.297092516828e-02
 5.400348859015e+04  1.589635600000e+01  6.738340448955e-02
 5.400349254637e+04  1.592991100000e+01  6.772819878906e-02
 5.400349646126e+04  1.589144200000e+01  6.725735775840e-02
 5.400350039039e+04  1.592169000000e+01  6.754144265185e-02
 5.420516214123e+04  1.541490300000e+01  6.279044413826e-02
 5.420516861712e+04  1.541347200000e+01  6.282426309254e-02
 5.420517505390e+04  1.545697200000e+01  6.321540338818e-02
 5.420518151013e+04  1.544759000000e+01  6.313140992199e-02
 5.443734500250e+04  1.561920600000e+01  6.429558487377e-02
 5.443735252406e+04  1.564729500000e+01  6.451823386205e-02
 5.443736003369e+04  1.565772400000e+01  6.463353907375e-02
 5.443736753568e+04  1.566431900000e+01  6.465151866015e-02
 5.445433607448e+04  1.539058900000e+01  6.222833691386e-02
 5.445434311233e+04  1.541771400000e+01  6.239669601975e-02
 5.445435016546e+04  1.544009500000e+01  6.261862635454e-02
 5.445435718329e+04  1.547430500000e+01  6.290446130174e-02
 5.446435982671e+04  1.544791200000e+01  6.278937787244e-02
 5.446436641870e+04  1.547076000000e+01  6.297753157379e-02
 5.446437303640e+04  1.547635200000e+01  6.306312998066e-02
 5.446437960212e+04  1.547621500000e+01  6.303612519943e-02
 5.413821169926e+04  1.580010200000e+01  6.777215125032e-02
 5.413821824692e+04  1.581212600000e+01  6.830114682400e-02
 5.413822477583e+04  1.580586700000e+01  7.001908898500e-02
 5.413823131969e+04  1.581780200000e+01  6.805057218275e-02
 5.410841686131e+04  1.579596700000e+01  6.648820700042e-02
 5.410842168991e+04  1.579455100000e+01  6.652381913159e-02
 5.410842651527e+04  1.570820200000e+01  6.556216633978e-02
 5.410843137014e+04  1.560684600000e+01  6.455449426863e-02
 5.412432895918e+04  1.570238800000e+01  6.515833966504e-02
 5.412433484918e+04  1.559721900000e+01  6.411552822757e-02
 5.412434076012e+04  1.554846800000e+01  6.362497295316e-02
 5.412434667800e+04  1.550323100000e+01  6.316962469690e-02
 5.416916463583e+04  1.535775900000e+01  6.210978237669e-02
 5.416917116150e+04  1.536372100000e+01  6.218020548433e-02
 5.416917767884e+04  1.530708800000e+01  6.171776461509e-02
 5.416918420544e+04  1.535717800000e+01  6.210346134476e-02
 5.423116302946e+04  1.560241400000e+01  6.531615782422e-02
 5.423116944193e+04  1.558176700000e+01  6.519532831921e-02
 5.423117586865e+04  1.559763700000e+01  6.544662598836e-02
 5.423118230831e+04  1.563581500000e+01  6.593039126329e-02
 5.424415731811e+04  1.569408800000e+01  6.642518974640e-02
 5.424416436962e+04  1.566635900000e+01  6.617164517418e-02
 5.424417142623e+04  1.569385400000e+01  6.661004324750e-02
 5.424417846661e+04  1.567457000000e+01  6.657592656761e-02
 5.440749352970e+04  1.582161100000e+01  6.654675424941e-02
 5.440749951704e+04  1.581996200000e+01  6.648456880810e-02
 5.440750554558e+04  1.581556800000e+01  6.645836260530e-02
 5.440751155769e+04  1.584041000000e+01  6.674912018178e-02
 5.441140452962e+04  1.555026400000e+01  6.409181318373e-02
 5.441141292054e+04  1.558221600000e+01  6.432117642218e-02
 5.441142126101e+04  1.561505500000e+01  6.457118015563e-02
 5.441142961316e+04  1.562275200000e+01  6.458031549149e-02
 5.442138189578e+04  1.551199100000e+01  6.366254627584e-02
 5.442139004317e+04  1.551308900000e+01  6.361094927990e-02
 5.442139818339e+04  1.555556600000e+01  6.397810520213e-02
 5.442140633669e+04  1.555033300000e+01  6.392259147842e-02
 5.435850579297e+04  1.578013000000e+01  6.752695533060e-02
 5.435850740579e+04  1.578777700000e+01  6.732654267524e-02
 5.435850903341e+04  1.586744000000e+01  6.862432503485e-02
 5.456715899847e+04  1.588321600000e+01  6.745583273438e-02
 5.456716604361e+04  1.586059500000e+01  6.721784593130e-02
 5.456717455353e+04  1.583106500000e+01  6.690210947615e-02
 5.456718142319e+04  1.582227300000e+01  6.679106889147e-02
 5.457317515134e+04  1.587500600000e+01  6.738358331085e-02
 5.457318490958e+04  1.593105400000e+01  6.823625796217e-02
 5.457319467720e+04  1.582368300000e+01  6.694427009336e-02
 5.457320442873e+04  1.575482000000e+01  6.626435568150e-02
 5.458015965971e+04  1.584972900000e+01  6.698116871243e-02
 5.458016607392e+04  1.585532300000e+01  6.714566969122e-02
 5.458017250573e+04  1.585685600000e+01  6.728172937622e-02
 5.458017892259e+04  1.583786400000e+01  6.710544968655e-02
 5.450421407791e+04  1.592143200000e+01  6.765694881152e-02
 5.450422074607e+04  1.591717800000e+01  6.755787625446e-02
 5.450422743678e+04  1.591161500000e+01  6.745078470326e-02
 5.450423411756e+04  1.596214400000e+01  6.805895312825e-02
 5.447543399669e+04  1.551128900000e+01  6.318078622505e-02
 5.447544109404e+04  1.547643100000e+01  6.288902745075e-02
 5.447544814022e+04  1.544414100000e+01  6.261965998754e-02
 5.447545519579e+04  1.538607300000e+01  6.213419418181e-02
 5.449531086633e+04  1.582487700000e+01  6.652167252822e-02
 5.449531829378e+04  1.583240300000e+01  6.650396900587e-02
 5.449532572749e+04  1.585775300000e+01  6.672292186282e-02
 5.449533315620e+04  1.587472000000e+01  6.690998606988e-02
 5.459014353619e+04  1.581343200000e+01  6.688454392864e-02
 5.459014993442e+04  1.581310400000e+01  6.718802129562e-02
 5.459015645407e+04  1.588031600000e+01  7.302436161393e-02
 5.459016288137e+04  1.585052100000e+01  6.925394053359e-02
 5.459415471563e+04  1.576899200000e+01  6.659766285986e-02
 5.459416071535e+04  1.577030500000e+01  6.664739389951e-02
 5.459416665846e+04  1.573726000000e+01  6.636116670557e-02
 5.459417261976e+04  1.573125100000e+01  6.631862122815e-02
 5.460015989936e+04  1.581150900000e+01  6.771102315717e-02
 5.460016579666e+04  1.584121700000e+01  6.815569017517e-02
 5.460017173965e+04  1.590762300000e+01  6.913374706506e-02
 5.460017768613e+04  1.585824500000e+01  6.859016505321e-02
 5.477742565966e+04  1.579722300000e+01  6.593251178221e-02
 5.477743805090e+04  1.579253400000e+01  6.583683845617e-02
 5.477745052525e+04  1.581107400000e+01  6.596712318085e-02
 5.477746287170e+04  1.580798100000e+01  6.593046410348e-02
 5.479144563932e+04  1.570232900000e+01  6.498450164089e-02
 5.479145396624e+04  1.574949900000e+01  6.548064985690e-02
 5.479146224164e+04  1.571330600000e+01  6.506717799120e-02
 5.479147052806e+04  1.575773300000e+01  6.551340137781e-02
 5.476347452123e+04  1.573142100000e+01  6.486946103927e-02
 5.476348301656e+04  1.561470900000e+01  6.374221440269e-02
 5.476349157104e+04  1.557469900000e+01  6.332415236391e-02
 5.476350017251e+04  1.554300500000e+01  6.304289926477e-02
 5.493714452640e+04  1.586185400000e+01  6.823745498990e-02
 5.493714979416e+04  1.586804100000e+01  6.834743329635e-02
 5.493715658524e+04  1.588865800000e+01  6.976111754709e-02
 5.493814491488e+04  1.578405000000e+01  6.643288031590e-02
 5.493815035116e+04  1.571840400000e+01  6.573386100925e-02
 5.493815583662e+04  1.575533000000e+01  6.613443193077e-02
 5.493816124999e+04  1.577056100000e+01  6.630048670233e-02
 5.517636818194e+04  1.594987000000e+01  6.784713453387e-02
 5.517637490335e+04  1.599866100000e+01  6.842926558417e-02
 5.517638146050e+04  1.594617700000e+01  6.773324699758e-02
 5.517638816316e+04  1.590965300000e+01  6.730909822488e-02
 5.484835041579e+04  1.529591000000e+01  6.363271500375e-02
 5.484835771001e+04  1.525444400000e+01  6.124196862458e-02
 5.484836503561e+04  1.528332500000e+01  6.123359249082e-02
 5.484837228736e+04  1.542809700000e+01  6.566814281032e-02
 5.485917623104e+04  1.571162100000e+01  6.562792086255e-02
 5.485918255902e+04  1.572252900000e+01  6.513078205758e-02
 5.485918905240e+04  1.571749600000e+01  6.508161819432e-02
 5.485919543234e+04  1.575690500000e+01  6.547708961799e-02
 5.490518330485e+04  1.577976400000e+01  6.604644861264e-02
 5.490518879205e+04  1.580565500000e+01  6.629609491484e-02
 5.490519428560e+04  1.584270800000e+01  6.673429052711e-02
 5.490519978345e+04  1.579726700000e+01  6.621385018463e-02
 5.492113433323e+04  1.582644200000e+01  6.693198374807e-02
 5.492114092836e+04  1.584043400000e+01  6.713719365949e-02
 5.492114768021e+04  1.582372800000e+01  6.692433545888e-02
 5.492115426677e+04  1.586378000000e+01  6.737340772654e-02
 5.514649188466e+04  1.543344100000e+01  6.399082426112e-02
 5.514649551297e+04  1.539038600000e+01  6.446167409159e-02
 5.514649918155e+04  1.542094700000e+01  6.485148951550e-02
 5.514650284670e+04  1.542268000000e+01  6.526150148657e-02
 5.516141490360e+04  1.579030800000e+01  6.639576204291e-02
 5.516142160979e+04  1.579333200000e+01  6.642417042310e-02
 5.516142833142e+04  1.582537400000e+01  6.677878806899e-02
 5.516143497237e+04  1.584419100000e+01  6.695236065152e-02
 5.516235283902e+04  1.529926600000e+01  6.217503400427e-02
 5.516235950627e+04  1.527783800000e+01  6.197788284172e-02
 5.516236605454e+04  1.533383500000e+01  6.238457701926e-02
 5.516237275810e+04  1.532913500000e+01  6.234112029078e-02
 5.511845961128e+04  1.579977300000e+01  6.717185105466e-02
 5.511846456083e+04  1.577802300000e+01  6.687018872383e-02
 5.511846947094e+04  1.581138200000e+01  6.720265690167e-02
 5.511847446227e+04  1.582101700000e+01  6.850647461077e-02
 5.510348171104e+04  1.539020600000e+01  6.804920824755e-02
 5.510348468295e+04  1.538921000000e+01  6.805963591381e-02
 5.510348764803e+04  1.541634500000e+01  6.821574088984e-02
 5.510349059565e+04  1.542296000000e+01  6.832259327162e-02
 5.529615261429e+04  1.550704000000e+01  6.364303617669e-02
 5.529615765184e+04  1.551371400000e+01  6.366868531319e-02
 5.529616275498e+04  1.553480300000e+01  6.387376518987e-02
 5.529616781757e+04  1.551583000000e+01  6.371385992282e-02
 5.554533443078e+04  1.553668300000e+01  6.794482531344e-02
 5.554534918455e+04  1.558113400000e+01  6.845618338575e-02
 5.554535657765e+04  1.557132500000e+01  6.831120800135e-02
 5.524128355664e+04  1.531468100000e+01  6.217567007306e-02
 5.524128879625e+04  1.534230500000e+01  6.245811026243e-02
 5.524129400957e+04  1.535939000000e+01  6.256604243479e-02
 5.524129923297e+04  1.537238400000e+01  6.273575576945e-02
 5.520239619037e+04  1.530865500000e+01  6.144500410258e-02
 5.520240441392e+04  1.534511700000e+01  6.175331895057e-02
 5.520241260064e+04  1.534631000000e+01  6.175129859986e-02
 5.520242076108e+04  1.537994200000e+01  6.202705841462e-02
 5.526717841802e+04  1.527741300000e+01  6.559273575325e-02
 5.526718300134e+04  1.528297800000e+01  6.568075683968e-02
 5.526718758005e+04  1.529881600000e+01  6.584817424382e-02
 5.526719215719e+04  1.528210400000e+01  6.568979151786e-02
 5.527515552041e+04  1.580783100000e+01  6.701918776682e-02
 5.527516234226e+04  1.582606500000e+01  6.724270243353e-02
 5.527516916737e+04  1.585600600000e+01  6.759544084251e-02
 5.527517600301e+04  1.584219700000e+01  6.736556114428e-02
 5.532914254640e+04  1.550351600000e+01  6.356734852423e-02
 5.532914880795e+04  1.552906100000e+01  6.387766385653e-02
 5.532915505225e+04  1.554120300000e+01  6.406499322340e-02
 5.532916137249e+04  1.558814000000e+01  6.456056720114e-02
 5.551046543670e+04  1.523614800000e+01  6.139930205401e-02
 5.551047944221e+04  1.522139600000e+01  6.125829473541e-02
 5.551048646166e+04  1.524227100000e+01  6.143200342200e-02
 5.553040009208e+04  1.591513900000e+01  6.809139339718e-02
 5.553041171931e+04  1.591403600000e+01  6.806197612044e-02
 5.553041749961e+04  1.589942500000e+01  6.785606032702e-02
 5.548646727560e+04  1.558808800000e+01  6.515951540992e-02
 5.548647903993e+04  1.557949700000e+01  6.498577359678e-02
 5.548648489800e+04  1.557482700000e+01  6.490699759784e-02
 5.565522478708e+04  1.585351000000e+01  6.475309606951e-02
 5.565523859149e+04  1.591641200000e+01  6.544008688733e-02
 5.565524552242e+04  1.591354900000e+01  6.542736606909e-02
 5.559618498015e+04  1.577031300000e+01  6.347928625543e-02
 5.559619319586e+04  1.579225700000e+01  6.367886125656e-02
 5.559620145576e+04  1.577028700000e+01  6.342413311836e-02
 5.559620969578e+04  1.579311500000e+01  6.360829197665e-02
 5.556629174228e+04  1.588557400000e+01  6.354824522273e-02
 5.556630005188e+04  1.589119000000e+01  6.419897051517e-02
 5.556630835069e+04  1.593790700000e+01  6.547619918198e-02
 5.556631659204e+04  1.594533700000e+01  6.531502207517e-02
 5.558543883943e+04  1.558317800000e+01  6.506749996782e-02
 5.558544590819e+04  1.559810300000e+01  6.520012291552e-02
 5.558545297789e+04  1.562939600000e+01  6.560437362396e-02
 5.558546005955e+04  1.563731700000e+01  6.569827181661e-02
 5.562214921513e+04  1.581367800000e+01  6.410654151673e-02
 5.562215748593e+04  1.584364800000e+01  6.440787953572e-02
 5.562216578182e+04  1.580687200000e+01  6.403757559200e-02
 5.562217402061e+04  1.581214600000e+01  6.405464893625e-02
 5.367049053150e+04  1.578739000000e+01  6.697008860886e-02
 5.367049333060e+04  1.582451100000e+01  6.742406605677e-02
 5.367049610273e+04  1.584308900000e+01  6.763743736829e-02
 5.367049882255e+04  1.576956900000e+01  6.675527403439e-02
 5.586445176133e+04  1.565170200000e+01  6.498704579863e-02
 5.586445640439e+04  1.558905500000e+01  6.435696198837e-02
 5.586446104770e+04  1.553711200000e+01  6.381971400036e-02
 5.586446565648e+04  1.550458500000e+01  6.348614202125e-02
 5.588737654714e+04  1.598532300000e+01  6.889696397870e-02
 5.588738672198e+04  1.597245200000e+01  6.869329478463e-02
 5.588739694602e+04  1.593103700000e+01  6.810364209101e-02
 5.588740728476e+04  1.585353000000e+01  6.710149159824e-02
 5.585646182130e+04  1.572791500000e+01  6.614158762230e-02
 5.585646971859e+04  1.569569700000e+01  6.571420063305e-02
 5.585647769619e+04  1.574487600000e+01  6.625079620855e-02
 5.585648568133e+04  1.573005100000e+01  6.598899030625e-02
 5.591941971480e+04  1.559865200000e+01  6.476932037744e-02
 5.591942820727e+04  1.563062100000e+01  6.507781150384e-02
 5.591943669277e+04  1.563894100000e+01  6.516245440627e-02
 5.591944516676e+04  1.565125600000e+01  6.526720566414e-02
 5.594034820185e+04  1.591152100000e+01  6.763263642574e-02
 5.594035938431e+04  1.592462500000e+01  6.781748881544e-02
 5.594036501953e+04  1.594191500000e+01  6.804833142139e-02
 5.596834437907e+04  1.562084300000e+01  6.481414644580e-02
 5.596835346946e+04  1.560602400000e+01  6.463908420898e-02
 5.596836264191e+04  1.568060400000e+01  6.544887455664e-02
 5.596837168735e+04  1.568433800000e+01  6.548496691203e-02
 5.598616547637e+04  1.583191700000e+01  6.776013020354e-02
 5.598617057179e+04  1.585101000000e+01  6.791231708403e-02
 5.598617565572e+04  1.584393600000e+01  6.778042589535e-02
 5.598618072808e+04  1.585644600000e+01  6.800889602587e-02
 5.600018419534e+04  1.565002300000e+01  6.522131012585e-02
 5.600019035204e+04  1.563373400000e+01  6.508801044347e-02
 5.600019540854e+04  1.568609100000e+01  6.560639695992e-02
 5.600020051226e+04  1.566557400000e+01  6.538738962126e-02
 5.600715401906e+04  1.547339800000e+01  6.071755631963e-02
 5.600716429454e+04  1.550652100000e+01  6.097892811363e-02
 5.600717459264e+04  1.552184400000e+01  6.117206846144e-02
 5.600718490573e+04  1.554378600000e+01  6.132210355903e-02
 5.601313463039e+04  1.564606500000e+01  6.574844774708e-02
 5.601313966108e+04  1.563780400000e+01  6.561708083620e-02
 5.601314470137e+04  1.566090200000e+01  6.591921225725e-02
 5.601314978953e+04  1.567498300000e+01  6.610625650001e-02
 5.602817332854e+04  1.594592100000e+01  6.939081612732e-02
 5.602911929640e+04  1.577980500000e+01  6.717271955215e-02
 5.602912439758e+04  1.575166700000e+01  6.711070265220e-02
 5.602912945225e+04  1.575719700000e+01  6.734136230650e-02
 5.602913457531e+04  1.577263800000e+01  6.779304269249e-02
 5.603517283242e+04  1.584127600000e+01  6.772147328900e-02
 5.603517795456e+04  1.585476400000e+01  6.790189280610e-02
 5.603518304301e+04  1.584519800000e+01  6.776125649715e-02
 5.603518824919e+04  1.589067300000e+01  6.837935472225e-02
 5.604115601513e+04  1.581421300000e+01  6.808356424298e-02
 5.604116047323e+04  1.577696800000e+01  6.800463372868e-02
 5.604116509719e+04  1.574312400000e+01  6.716447289625e-02
 5.604116974662e+04  1.563567100000e+01  6.594290658242e-02
 5.606016423922e+04  1.549014200000e+01  6.331480547422e-02
 5.606716452913e+04  1.539276600000e+01  6.290686423582e-02
 5.606717010297e+04  1.534753100000e+01  6.257539933858e-02
 5.606717575279e+04  1.541078700000e+01  6.318839779433e-02
 5.621346366451e+04  1.571484200000e+01  6.634494034365e-02
 5.621346872287e+04  1.574296300000e+01  6.663341541340e-02
 5.621347380780e+04  1.575830300000e+01  6.675166282492e-02
 5.621347893630e+04  1.574309500000e+01  6.652262658139e-02
 5.622048416807e+04  1.567288200000e+01  6.306671806468e-02
 5.622048826307e+04  1.565208400000e+01  6.285396923736e-02
 5.622049238331e+04  1.567332600000e+01  6.301719004116e-02
 5.622049652032e+04  1.567588400000e+01  6.300813821699e-02
