# time mag mag_err
 5.347022630450e+04  1.489668600000e+01  5.971423279824e-02
 5.347023430791e+04  1.494322700000e+01  6.003602869146e-02
 5.347024235519e+04  1.496794500000e+01  6.021206280458e-02
 5.347025041172e+04  1.501309800000e+01  6.058138290100e-02
 5.349022876881e+04  1.567291800000e+01  6.494190562648e-02
 5.349023693345e+04  1.571594500000e+01  6.543464223864e-02
 5.349024506279e+04  1.574161900000e+01  6.573379020800e-02
 5.349025324410e+04  1.577574700000e+01  6.614724198416e-02
 5.371048430405e+04  1.566907800000e+01  6.483997167490e-02
 5.371049187919e+04  1.567320400000e+01  6.486927309718e-02
 5.371049950978e+04  1.566711900000e+01  6.483133085498e-02
 5.371050713238e+04  1.569520900000e+01  6.509440886893e-02
 5.372843961257e+04  1.563084400000e+01  6.615078784285e-02
 5.372844771042e+04  1.564271400000e+01  6.567349663938e-02
 5.372845587773e+04  1.565606700000e+01  6.712898611194e-02
 5.372846410545e+04  1.566719600000e+01  6.688437749233e-02
 5.350022924833e+04  1.520475100000e+01  6.093185208893e-02
 5.350023574171e+04  1.521206000000e+01  6.102203103271e-02
 5.350024223845e+04  1.525704400000e+01  6.138843680844e-02
 5.350024871759e+04  1.527067500000e+01  6.154872914006e-02
 5.367348650641e+04  1.569145500000e+01  6.624765933744e-02
 5.367349138432e+04  1.566575300000e+01  6.592271736703e-02
 5.367349625424e+04  1.565687300000e+01  6.578143568531e-02
 5.367350111293e+04  1.568137600000e+01  6.596829988818e-02
 5.383113514630e+04  1.544407500000e+01  6.391119467307e-02
 5.383114137543e+04  1.547851700000e+01  6.432507918230e-02
 5.383114761799e+04  1.546814000000e+01  6.411280939067e-02
 5.383115394388e+04  1.551005200000e+01  6.450209810946e-02
 5.385112997198e+04  1.507217400000e+01  6.052985568090e-02
 5.385113750557e+04  1.510398700000e+01  6.071570253257e-02
 5.385114504517e+04  1.513659100000e+01  6.098792961270e-02
 5.385115260609e+04  1.516741400000e+01  6.118774080306e-02
 5.409438832441e+04  1.525230200000e+01  6.130610935451e-02
 5.409439703295e+04  1.526966700000e+01  6.119841445757e-02
 5.409440574090e+04  1.528874800000e+01  6.112566734862e-02
 5.409441447144e+04  1.532634900000e+01  6.129621415358e-02
 5.379232960591e+04  1.490964700000e+01  6.011680008120e-02
 5.379233440499e+04  1.490093300000e+01  6.085940925658e-02
 5.379233920720e+04  1.493225900000e+01  6.215665600535e-02
 5.379234402272e+04  1.494580600000e+01  6.302297042834e-02
 5.379433389910e+04  1.566338600000e+01  6.548818842722e-02
 5.379433876948e+04  1.573549200000e+01  7.561468053581e-02
 5.379434364530e+04  1.560960300000e+01  7.190536975173e-02
 5.379434850122e+04  1.570267200000e+01  9.019828258586e-02
 5.373736455708e+04  1.485733700000e+01  5.860571279550e-02
 5.373737257113e+04  1.488640700000e+01  5.887689465754e-02
 5.373738062837e+04  1.490183900000e+01  5.890903879122e-02
 5.373738873536e+04  1.501439300000e+01  6.419565161235e-02
 5.373945035987e+04  1.578232100000e+01  6.600146402661e-02
 5.373945859732e+04  1.579905600000e+01  6.622695776912e-02
 5.373946692204e+04  1.579509200000e+01  6.614045729353e-02
 5.373947520324e+04  1.576538500000e+01  6.586546743266e-02
 5.375746405427e+04  1.516693900000e+01  6.076737230487e-02
 5.375747048839e+04  1.505067500000e+01  5.989190952795e-02
 5.375747695421e+04  1.493610200000e+01  5.913113097806e-02
 5.375748344331e+04  1.484925100000e+01  5.858312618621e-02
 5.376243928713e+04  1.504999600000e+01  6.070900995061e-02
 5.376244578108e+04  1.509516800000e+01  6.108865514128e-02
 5.376245375787e+04  1.510989800000e+01  6.117364297882e-02
 5.376246024106e+04  1.512612200000e+01  6.075325016520e-02
 5.390221879414e+04  1.479892900000e+01  8.740581542550e-02
 5.390221977475e+04  1.480402700000e+01  8.756729341423e-02
 5.390222075014e+04  1.480264400000e+01  8.768185740492e-02
 5.390222174822e+04  1.472205700000e+01  8.578777753398e-02
 5.380322213384e+04  1.494728500000e+01  6.259617679558e-02
 5.380322833670e+04  1.498393200000e+01  6.293167400575e-02
 5.380323458586e+04  1.504089200000e+01  6.343211544165e-02
 5.380324085734e+04  1.503484400000e+01  6.337651143669e-02
 5.381828793367e+04  1.564477300000e+01  6.566497539907e-02
 5.381829501933e+04  1.566052600000e+01  6.592279012702e-02
 5.381830207465e+04  1.567700700000e+01  6.590994630195e-02
 5.381830912222e+04  1.569448100000e+01  6.587576246385e-02
 5.385918667921e+04  1.568913500000e+01  6.646088448701e-02
 5.385919258216e+04  1.559762700000e+01  6.550102405113e-02
 5.385919846255e+04  1.539598700000e+01  6.352920365126e-02
 5.385920433750e+04  1.526221400000e+01  6.231898944649e-02
 5.406245205299e+04  1.562435800000e+01  6.385675923893e-02
 5.406245965105e+04  1.560949500000e+01  6.364982462329e-02
 5.406246724240e+04  1.562599600000e+01  6.376896967671e-02
 5.406247482137e+04  1.563917600000e+01  6.387579452324e-02
 5.420121027738e+04  1.563843700000e+01  6.460972351927e-02
 5.420122007231e+04  1.563723500000e+01  6.457308941730e-02
 5.420122984861e+04  1.565824900000e+01  6.481061630788e-02
 5.420123966495e+04  1.565013600000e+01  6.475242118659e-02
 5.445037767127e+04  1.560407100000e+01  6.405063665818e-02
 5.445038434962e+04  1.557666800000e+01  6.370918172183e-02
 5.445039099311e+04  1.561283900000e+01  6.402082258103e-02
 5.445039771694e+04  1.562024100000e+01  6.406449743044e-02
 5.414137653303e+04  1.561528300000e+01  6.518181863352e-02
 5.414138250867e+04  1.566072800000e+01  6.543749960127e-02
 5.414138845168e+04  1.565272700000e+01  6.575728623140e-02
 5.414139441597e+04  1.562935300000e+01  6.463299658970e-02
 5.411050124932e+04  1.572623800000e+01  6.518555484897e-02
 5.411050783066e+04  1.571935400000e+01  6.494671010492e-02
 5.411051443076e+04  1.575507900000e+01  6.593280466337e-02
 5.411052100782e+04  1.577432300000e+01  6.757590272264e-02
 5.411736226243e+04  1.554270000000e+01  6.313131601101e-02
 5.411736877167e+04  1.555829000000e+01  6.325629121228e-02
 5.411737532824e+04  1.556386900000e+01  6.329189232571e-02
 5.411738185716e+04  1.557745200000e+01  6.342626346408e-02
 5.412938245157e+04  1.560812700000e+01  7.538010402562e-02
 5.412938717715e+04  1.562468700000e+01  7.438811908751e-02
 5.412939183896e+04  1.554554400000e+01  7.565757686429e-02
 5.412939546714e+04  1.553562400000e+01  8.644366097754e-02
 5.427515688977e+04  1.547842800000e+01  6.389360241364e-02
 5.427516233216e+04  1.554378100000e+01  6.461200434571e-02
 5.427516776843e+04  1.555907500000e+01  6.482592903252e-02
 5.427517319706e+04  1.556562100000e+01  6.496545176465e-02
 5.417129427519e+04  1.565495800000e+01  6.429267180173e-02
 5.417129968089e+04  1.563961200000e+01  6.414742104092e-02
 5.417130505153e+04  1.562505500000e+01  6.401208076201e-02
 5.417131039844e+04  1.563451100000e+01  6.372645764360e-02
 5.418520951758e+04  1.509788000000e+01  6.000022633539e-02
 5.418521929434e+04  1.511692700000e+01  6.017251591475e-02
 5.418522906728e+04  1.514802200000e+01  6.035924032568e-02
 5.418523883316e+04  1.518771300000e+01  6.063176833475e-02
 5.423024247280e+04  1.577608600000e+01  6.641014818900e-02
 5.423024890947e+04  1.577142500000e+01  6.638350983056e-02
 5.423025532854e+04  1.573326800000e+01  6.602077122917e-02
 5.423026175061e+04  1.570434300000e+01  6.577986045195e-02
 5.423622673024e+04  1.578775700000e+01  6.711233891625e-02
 5.423623427517e+04  1.576037200000e+01  6.691401107845e-02
 5.423624179361e+04  1.572994900000e+01  6.662857360959e-02
 5.423624931019e+04  1.568015800000e+01  6.614814725053e-02
 5.441247676072e+04  1.566589700000e+01  6.502270389969e-02
 5.441248270523e+04  1.571973500000e+01  6.547223107698e-02
 5.441248869348e+04  1.575132500000e+01  6.618444744765e-02
 5.441249466994e+04  1.574926200000e+01  6.587888280195e-02
 5.442245464056e+04  1.513791400000e+01  6.048939253648e-02
 5.442246172238e+04  1.519896100000e+01  6.032538597991e-02
 5.442246885341e+04  1.518409600000e+01  6.044376186368e-02
 5.442247601778e+04  1.522022900000e+01  6.067533080549e-02
 5.455732661294e+04  1.487259900000e+01  5.847552422836e-02
 5.455733526672e+04  1.489948100000e+01  5.857833799525e-02
 5.455734387664e+04  1.494114700000e+01  5.898355158191e-02
 5.455735249802e+04  1.500276300000e+01  5.934735815291e-02
 5.456424175894e+04  1.565328000000e+01  6.447776515826e-02
 5.456424828877e+04  1.564287300000e+01  6.439515593241e-02
 5.456425473376e+04  1.566414300000e+01  6.458629379810e-02
 5.456426119068e+04  1.566944200000e+01  6.467797751776e-02
 5.458219681047e+04  1.563568600000e+01  6.461146367595e-02
 5.458220325743e+04  1.565400500000e+01  6.478348811608e-02
 5.458220969745e+04  1.561268700000e+01  6.435950018863e-02
 5.458221611594e+04  1.563772100000e+01  6.465883468068e-02
 5.480451020331e+04  1.536947000000e+01  6.241614992425e-02
 5.480451337510e+04  1.537074000000e+01  6.264748548063e-02
 5.480451657029e+04  1.539977400000e+01  6.265680577344e-02
 5.480451977230e+04  1.540350800000e+01  6.332454154464e-02
 5.449929588318e+04  1.545379800000e+01  6.246561000441e-02
 5.449930312810e+04  1.547880700000e+01  6.267196813261e-02
 5.449931034560e+04  1.550302500000e+01  6.283728252169e-02
 5.449931752500e+04  1.551476300000e+01  6.294672124427e-02
 5.451031354719e+04  1.566487400000e+01  6.435130992921e-02
 5.451032016672e+04  1.564640600000e+01  6.372583176537e-02
 5.451032683708e+04  1.563779400000e+01  6.406758145636e-02
 5.451033347282e+04  1.565795400000e+01  6.388824907098e-02
 5.452338900579e+04  1.565961800000e+01  6.412213839234e-02
 5.452339731441e+04  1.570042300000e+01  6.451959441597e-02
 5.452340556251e+04  1.567606700000e+01  6.429312803063e-02
 5.452341385701e+04  1.565951700000e+01  6.416362444701e-02
 5.447639659803e+04  1.537678700000e+01  6.160559655531e-02
 5.447640312208e+04  1.536470900000e+01  6.151871875164e-02
 5.447641148222e+04  1.541723300000e+01  6.193158810685e-02
 5.447641800766e+04  1.541349600000e+01  6.190773911111e-02
 5.463017643424e+04  1.571249800000e+01  6.568887289475e-02
 5.463018293375e+04  1.563523700000e+01  6.495423744116e-02
 5.463018945931e+04  1.553945400000e+01  6.388750081173e-02
 5.463019611913e+04  1.530907200000e+01  6.200821269423e-02
 5.464115734981e+04  1.505438100000e+01  6.041125669090e-02
 5.464116384100e+04  1.506087600000e+01  6.047021252807e-02
 5.464117035914e+04  1.508670300000e+01  6.075138263651e-02
 5.464117688863e+04  1.512187400000e+01  6.106663661352e-02
 5.452824240963e+04  1.567462300000e+01  6.454878361919e-02
 5.452824890243e+04  1.563629600000e+01  6.411863878439e-02
 5.452825537439e+04  1.565476700000e+01  6.427932195998e-02
 5.452826185781e+04  1.562948100000e+01  6.404020702644e-02
 5.453618247727e+04  1.520683900000e+01  5.848854762158e-02
 5.453618989522e+04  1.522553900000e+01  5.859938566264e-02
 5.453619735196e+04  1.524207700000e+01  5.868241563293e-02
 5.453620475082e+04  1.526854500000e+01  5.883482478696e-02
 5.459321328443e+04  1.497977000000e+01  5.948344227989e-02
 5.459321970027e+04  1.489903500000e+01  5.895343431870e-02
 5.459322611539e+04  1.485616100000e+01  5.865159352064e-02
 5.459323254488e+04  1.483649600000e+01  5.853450963370e-02
 5.492418838912e+04  1.536120900000e+01  6.181042967878e-02
 5.492419388047e+04  1.537014700000e+01  6.181366169905e-02
 5.492419935484e+04  1.534710800000e+01  6.163899034526e-02
 5.492420478208e+04  1.540055700000e+01  6.207259016347e-02
 5.494020471532e+04  1.570209100000e+01  6.476095769670e-02
 5.494021195159e+04  1.568428800000e+01  6.461927438368e-02
 5.494021911736e+04  1.568521500000e+01  6.461272570108e-02
 5.494022645314e+04  1.564415000000e+01  6.422564045990e-02
 5.518448091969e+04  1.554347800000e+01  6.307021544575e-02
 5.518448907484e+04  1.565860000000e+01  6.416351299208e-02
 5.518449728615e+04  1.565317100000e+01  6.405195554984e-02
 5.518450558426e+04  1.565128100000e+01  6.402793442160e-02
 5.486632964961e+04  1.540608700000e+01  6.180241260766e-02
 5.486633690483e+04  1.523067400000e+01  6.042023998544e-02
 5.486634416942e+04  1.513431700000e+01  5.973065263769e-02
 5.486635142163e+04  1.499933400000e+01  5.884167235638e-02
 5.487739879481e+04  1.537131700000e+01  6.489525536806e-02
 5.487740406163e+04  1.537765300000e+01  6.415127273811e-02
 5.487740931710e+04  1.536164400000e+01  6.386091343525e-02
 5.487741466643e+04  1.534896200000e+01  6.881059823121e-02
 5.488330249889e+04  1.512534000000e+01  6.028058043059e-02
 5.488330861331e+04  1.513651900000e+01  6.131568637318e-02
 5.488331472126e+04  1.514938500000e+01  6.014507671884e-02
 5.488332150169e+04  1.520496100000e+01  6.130641270165e-02
 5.483339685060e+04  1.550644700000e+01  6.267736529360e-02
 5.483340463595e+04  1.553243100000e+01  6.286579669941e-02
 5.483341258565e+04  1.555377900000e+01  6.306340933798e-02
 5.483342053407e+04  1.556151500000e+01  6.310624446566e-02
 5.485936506878e+04  1.511945700000e+01  5.946644719369e-02
 5.485937019473e+04  1.513879200000e+01  5.958139529781e-02
 5.485937501488e+04  1.515615800000e+01  5.971223605159e-02
 5.485937989117e+04  1.516687500000e+01  5.976674280560e-02
 5.500416411387e+04  1.532335400000e+01  6.186223505673e-02
 5.500417015863e+04  1.533516800000e+01  6.200879097286e-02
 5.500417623093e+04  1.536471300000e+01  6.230867007307e-02
 5.500418225613e+04  1.537975600000e+01  6.251703832756e-02
 5.489324606139e+04  1.550601000000e+01  6.262979765934e-02
 5.489325274460e+04  1.555547500000e+01  6.302528420500e-02
 5.489325944019e+04  1.557253100000e+01  6.316976649390e-02
 5.489326608738e+04  1.556973300000e+01  6.328622569206e-02
 5.490734709023e+04  1.543875000000e+01  6.221674473627e-02
 5.490735181847e+04  1.544715300000e+01  6.229609310878e-02
 5.490735662900e+04  1.544681900000e+01  6.232630218799e-02
 5.490736141559e+04  1.549827600000e+01  6.241108237436e-02
 5.491816682458e+04  1.527399400000e+01  6.115853790237e-02
 5.491817232464e+04  1.527116500000e+01  6.113428792376e-02
 5.491817770247e+04  1.530248200000e+01  6.134686863179e-02
 5.491818318214e+04  1.531260800000e+01  6.140723428363e-02
 5.495225067693e+04  1.579588900000e+01  6.605664196887e-02
 5.495225847465e+04  1.580810200000e+01  6.668631999598e-02
 5.495226623362e+04  1.581267300000e+01  6.676521286668e-02
 5.495227417801e+04  1.577820300000e+01  6.640005913101e-02
 5.497516705125e+04  1.518136800000e+01  6.071615102062e-02
 5.497517374638e+04  1.507362900000e+01  5.998539640361e-02
 5.497518036325e+04  1.494390000000e+01  5.912699367123e-02
 5.497518703130e+04  1.487027000000e+01  5.865546182810e-02
 5.515445162174e+04  1.560587700000e+01  6.486508852627e-02
 5.515445895523e+04  1.561385600000e+01  6.490498612741e-02
 5.515446624193e+04  1.563085500000e+01  6.496640294852e-02
 5.515447360597e+04  1.561638200000e+01  6.476599827535e-02
 5.513048649238e+04  1.558608300000e+01  6.453571537448e-02
 5.513049297794e+04  1.556501200000e+01  6.427100726390e-02
 5.513049934457e+04  1.554572500000e+01  6.396785119519e-02
 5.513050564488e+04  1.559559600000e+01  6.441760057098e-02
 5.529625292370e+04  1.499077700000e+01  5.916858872597e-02
 5.529625855535e+04  1.500096700000e+01  5.924858223420e-02
 5.529626427412e+04  1.505537500000e+01  5.961286457291e-02
 5.529627000242e+04  1.506430700000e+01  5.967868687026e-02
 5.530323683045e+04  1.566265000000e+01  6.528188680876e-02
 5.530324373071e+04  1.557002400000e+01  6.436556353134e-02
 5.530325053025e+04  1.535627000000e+01  6.243617268153e-02
 5.530325743661e+04  1.523813400000e+01  6.137015145306e-02
 5.554146875701e+04  1.566098600000e+01  6.218593980801e-02
 5.554148395341e+04  1.568721600000e+01  6.343355462065e-02
 5.554149159238e+04  1.567399100000e+01  6.243133739162e-02
 5.524431723961e+04  1.564278700000e+01  6.446848156419e-02
 5.524432533652e+04  1.563185900000e+01  6.436510203477e-02
 5.524433338459e+04  1.565543900000e+01  6.458635454357e-02
 5.524434129162e+04  1.565597100000e+01  6.461332630580e-02
 5.535017588697e+04  1.518544800000e+01  6.085199311804e-02
 5.535018220304e+04  1.518456300000e+01  6.147301968516e-02
 5.535018850895e+04  1.523887600000e+01  6.164931746651e-02
 5.535019480150e+04  1.525961200000e+01  6.165638149257e-02
 5.525942217742e+04  1.552440300000e+01  6.324561011294e-02
 5.525942747619e+04  1.553481700000e+01  6.330979823536e-02
 5.525943287206e+04  1.554556400000e+01  6.346624836551e-02
 5.525943825718e+04  1.553101800000e+01  6.335281859481e-02
 5.527432059615e+04  1.564450800000e+01  6.449932481095e-02
 5.527432820833e+04  1.568385000000e+01  6.492461790447e-02
 5.527433575169e+04  1.571368500000e+01  6.522183790104e-02
 5.527434323795e+04  1.573456100000e+01  6.542451298479e-02
 5.528021855060e+04  1.568905700000e+01  6.533858835821e-02
 5.528022527659e+04  1.569536900000e+01  6.538820113916e-02
 5.528023200398e+04  1.566756900000e+01  6.512090638664e-02
 5.528023877955e+04  1.569188800000e+01  6.539820732112e-02
 5.532825840167e+04  1.575907400000e+01  6.625715116268e-02
 5.532826479584e+04  1.573107000000e+01  6.596859355741e-02
 5.532827133058e+04  1.565368100000e+01  6.526846686204e-02
 5.532827784491e+04  1.550097300000e+01  6.373767129520e-02
 5.534123404948e+04  1.561250500000e+01  6.452687952141e-02
 5.534123977630e+04  1.565731400000e+01  6.504930147510e-02
 5.534124554370e+04  1.563978500000e+01  6.488892270350e-02
 5.534125149324e+04  1.567932400000e+01  6.537726376130e-02
 5.553049759223e+04  1.566603500000e+01  6.474475427042e-02
 5.553050918345e+04  1.563091700000e+01  6.436718185638e-02
 5.553051506061e+04  1.565310000000e+01  6.455776842466e-02
 5.565923172150e+04  1.523579100000e+01  6.175695768531e-02
 5.565923683912e+04  1.521499800000e+01  6.139189604666e-02
 5.565924200769e+04  1.525314600000e+01  6.182798941552e-02
 5.565924712414e+04  1.525765600000e+01  6.188452410376e-02
 5.568027324951e+04  1.575659100000e+01  6.662228424908e-02
 5.568028078044e+04  1.581655600000e+01  6.734118448157e-02
 5.568028837507e+04  1.575267700000e+01  6.659396831173e-02
 5.568029591366e+04  1.579225200000e+01  6.717993180587e-02
 5.559742744689e+04  1.566024100000e+01  6.012953043687e-02
 5.559743785403e+04  1.563748500000e+01  6.004293857462e-02
 5.559744830560e+04  1.566161400000e+01  6.027809940735e-02
 5.559745877810e+04  1.566267700000e+01  6.055572320822e-02
 5.560235420919e+04  1.565197200000e+01  6.207208268944e-02
 5.560236185144e+04  1.566335000000e+01  6.213695729386e-02
 5.560236950770e+04  1.566604600000e+01  6.217340417656e-02
 5.560237710041e+04  1.567348100000e+01  6.221261975416e-02
 5.561820006433e+04  1.564411900000e+01  6.854131768687e-02
 5.561820617748e+04  1.568360000000e+01  6.702114475375e-02
 5.561821198036e+04  1.570365400000e+01  6.660811284224e-02
 5.561821766733e+04  1.573344800000e+01  6.852279142204e-02
 5.557143536745e+04  1.576144800000e+01  6.625255654242e-02
 5.557144165076e+04  1.574983900000e+01  6.647232216861e-02
 5.557144795200e+04  1.578147000000e+01  6.704783117724e-02
 5.557145430685e+04  1.576756500000e+01  6.634943963298e-02
 5.558945340286e+04  1.534766200000e+01  6.194498084530e-02
 5.558946093630e+04  1.522024600000e+01  6.094286658055e-02
 5.558946849870e+04  1.511030000000e+01  6.011637855531e-02
 5.558947614834e+04  1.496361200000e+01  5.910741610516e-02
 5.562522760441e+04  1.567620900000e+01  6.045317552546e-02
 5.562523563144e+04  1.568217600000e+01  6.047268367895e-02
 5.562524367410e+04  1.567970900000e+01  6.042015601662e-02
 5.562525173586e+04  1.565344100000e+01  6.022209713955e-02
 5.563425031069e+04  1.529693000000e+01  6.221534253295e-02
 5.563425772113e+04  1.535486600000e+01  6.269494080386e-02
 5.563426517927e+04  1.535656500000e+01  6.266527244527e-02
 5.563427262551e+04  1.538292000000e+01  6.323710809380e-02
 5.564717803699e+04  1.489453700000e+01  5.941831040000e-02
 5.564718540310e+04  1.491683600000e+01  5.954885333181e-02
 5.564719287914e+04  1.496439400000e+01  5.986753058577e-02
 5.564720024586e+04  1.498901500000e+01  6.002647095147e-02
 5.570724209485e+04  1.556057500000e+01  6.490875676015e-02
 5.570725127809e+04  1.555299800000e+01  6.489914667133e-02
 5.570726052843e+04  1.557630900000e+01  6.518837343640e-02
 5.570726978644e+04  1.559144900000e+01  6.547866487987e-02
 5.586249617253e+04  1.567799700000e+01  7.043328900547e-02
 5.586250074362e+04  1.565806200000e+01  7.008552287167e-02
 5.586250530553e+04  1.563161600000e+01  6.967880716484e-02
 5.586250990970e+04  1.563648400000e+01  6.974217205914e-02
 5.588047270571e+04  1.567942500000e+01  6.514712061528e-02
 5.588047786348e+04  1.573171000000e+01  6.569424154128e-02
 5.588048302036e+04  1.568608600000e+01  6.521057702527e-02
 5.588048813925e+04  1.576495500000e+01  6.602373494177e-02
 5.592348163235e+04  1.577030400000e+01  6.567998129959e-02
 5.592348953297e+04  1.578932800000e+01  6.588033466557e-02
 5.592349742031e+04  1.578186100000e+01  6.584571808784e-02
 5.592350533333e+04  1.575404800000e+01  6.547065730828e-02
 5.597541128152e+04  1.536671200000e+01  6.226144314107e-02
 5.597541801358e+04  1.537540500000e+01  6.233120994111e-02
 5.597542476924e+04  1.538940400000e+01  6.247211225980e-02
 5.597543156427e+04  1.543743500000e+01  6.290736283351e-02
 5.598041743125e+04  1.560332400000e+01  6.415272441895e-02
 5.598042415959e+04  1.561039000000e+01  6.424646780353e-02
 5.598043088641e+04  1.561125700000e+01  6.424970073940e-02
 5.598043767656e+04  1.564895600000e+01  6.465829006223e-02
 5.598632374385e+04  1.546483100000e+01  6.136070940757e-02
 5.598632920189e+04  1.543435200000e+01  6.110015355105e-02
 5.598633465027e+04  1.545641600000e+01  6.125025848051e-02
 5.598634009579e+04  1.549252600000e+01  6.157064147816e-02
 5.601123081771e+04  1.507145800000e+01  5.993714503803e-02
 5.601123644623e+04  1.510048900000e+01  6.013085033368e-02
 5.601124207728e+04  1.510852300000e+01  6.019444183529e-02
 5.601124768334e+04  1.514728700000e+01  6.044978112792e-02
 5.601831106300e+04  1.510668100000e+01  6.009655114115e-02
 5.601831961243e+04  1.512975300000e+01  6.031457710002e-02
 5.601832825034e+04  1.517392000000e+01  6.067198149045e-02
 5.601833691421e+04  1.519832400000e+01  6.086560310673e-02
 5.603619068656e+04  1.496987200000e+01  6.212236824296e-02
 5.603619885028e+04  1.484158700000e+01  5.882488738147e-02
 5.603620336149e+04  1.484948600000e+01  5.862393855618e-02
 5.603620676016e+04  1.486976400000e+01  5.918113484608e-02
 5.606520917909e+04  1.539903400000e+01  5.975628318569e-02
 5.606521661742e+04  1.544046100000e+01  6.015833772595e-02
 5.606522406191e+04  1.542672000000e+01  6.020666480723e-02
 5.606523149987e+04  1.544305300000e+01  6.034934906312e-02
 5.609715698461e+04  1.485975700000e+01  5.716001987826e-02
 5.609716304868e+04  1.487531300000e+01  5.727054623773e-02
 5.609716914706e+04  1.491064100000e+01  5.747487714010e-02
 5.609717522433e+04  1.494233200000e+01  5.762373631901e-02
