# time mag mag_err
 5.355724559144e+04  1.473585100000e+01  5.760029742231e-02
 5.355725198574e+04  1.474982200000e+01  5.767801572351e-02
 5.355725841696e+04  1.475584000000e+01  5.772262779255e-02
 5.355726493545e+04  1.473692300000e+01  5.762620993607e-02
 5.352533727390e+04  1.478576200000e+01  5.788283975376e-02
 5.352534369969e+04  1.479828300000e+01  5.797388636226e-02
 5.352535012951e+04  1.479518700000e+01  5.797960316855e-02
 5.352535659153e+04  1.482803400000e+01  5.816227788799e-02
 5.349733054112e+04  1.466633900000e+01  5.687906386774e-02
 5.349733711193e+04  1.468311100000e+01  5.693153945073e-02
 5.349734367036e+04  1.474426600000e+01  5.761172147230e-02
 5.349735021640e+04  1.473391500000e+01  5.719459121637e-02
 5.350731859057e+04  1.489997800000e+01  5.934895047763e-02
 5.350732664803e+04  1.495232500000e+01  6.057113121639e-02
 5.350733467690e+04  1.488038000000e+01  6.589334265433e-02
 5.350734268425e+04  1.493807400000e+01  6.336835720986e-02
 5.363612270365e+04  1.449664600000e+01  5.703372875660e-02
 5.363612754336e+04  1.452969200000e+01  5.721459868098e-02
 5.363613239858e+04  1.454637500000e+01  5.729136874193e-02
 5.363613724881e+04  1.454319300000e+01  5.731394380627e-02
 5.382744411252e+04  1.450070400000e+01  5.644321532146e-02
 5.382745165282e+04  1.452878900000e+01  5.657303602267e-02
 5.382745936802e+04  1.456765000000e+01  5.706505475613e-02
 5.384342841413e+04  1.500069600000e+01  5.948163926145e-02
 5.384343680539e+04  1.501937900000e+01  5.939691418564e-02
 5.384344500557e+04  1.495110400000e+01  5.915935637490e-02
 5.384345319197e+04  1.490174600000e+01  5.885247618238e-02
 5.385030989068e+04  1.499162200000e+01  5.934903905366e-02
 5.385031612097e+04  1.495245000000e+01  5.908847111879e-02
 5.385032216375e+04  1.489318800000e+01  5.870991257702e-02
 5.385032822794e+04  1.486431000000e+01  6.090026117631e-02
 5.391728618575e+04  1.474532200000e+01  5.916638424673e-02
 5.391729101944e+04  1.495292200000e+01  7.195488928389e-02
 5.391730068093e+04  1.477610500000e+01  5.932417930286e-02
 5.392532311567e+04  1.488222600000e+01  8.567533741514e-02
 5.392532457373e+04  1.488976400000e+01  8.602058276482e-02
 5.392532605008e+04  1.485980700000e+01  8.526450922223e-02
 5.392532753256e+04  1.490513800000e+01  8.643762184107e-02
 5.394021352029e+04  1.420631800000e+01  5.591322551761e-02
 5.394021994943e+04  1.425286200000e+01  5.639516058093e-02
 5.394022637788e+04  1.419189900000e+01  5.689822539731e-02
 5.394023282530e+04  1.427961400000e+01  5.662704554206e-02
 5.390530554949e+04  1.396833200000e+01  6.867557608774e-02
 5.390530660764e+04  1.395050800000e+01  6.845710653815e-02
 5.390530766279e+04  1.395304400000e+01  6.846285010018e-02
 5.390530875554e+04  1.394844300000e+01  6.843192224841e-02
 5.381945678323e+04  1.357560200000e+01  5.311659632741e-02
 5.381946591273e+04  1.378412900000e+01  5.383535339292e-02
 5.381947521574e+04  1.386496900000e+01  5.391308528235e-02
 5.385934242237e+04  1.452137000000e+01  5.676279408440e-02
 5.385935161657e+04  1.455312700000e+01  5.693177142478e-02
 5.385936077745e+04  1.456610700000e+01  5.700745232694e-02
 5.385937000580e+04  1.439129300000e+01  5.611758508951e-02
 5.386636370752e+04  1.484973100000e+01  8.326083720152e-02
 5.386636447608e+04  1.481537800000e+01  8.255597821647e-02
 5.386636535263e+04  1.483808800000e+01  8.304625855079e-02
 5.386636620985e+04  1.483960800000e+01  8.300437110722e-02
 5.387645795826e+04  1.427478500000e+01  5.615426442196e-02
 5.387646184330e+04  1.428816500000e+01  5.627794634443e-02
 5.387646568272e+04  1.428983200000e+01  5.631806316781e-02
 5.387646949877e+04  1.434954700000e+01  5.659971035824e-02
 5.388328731064e+04  1.419760200000e+01  5.526074469798e-02
 5.388329116303e+04  1.422430700000e+01  5.536662294751e-02
 5.388329504390e+04  1.423544100000e+01  5.540317048741e-02
 5.399214261437e+04  1.395442100000e+01  5.555048360375e-02
 5.399214637289e+04  1.394233700000e+01  5.552904975552e-02
 5.399215009565e+04  1.393299100000e+01  5.550636466641e-02
 5.399215382465e+04  1.394786800000e+01  5.556586268361e-02
 5.420137665788e+04  1.477060500000e+01  5.760924410414e-02
 5.420138591042e+04  1.478571600000e+01  5.766616157309e-02
 5.420139520694e+04  1.478867800000e+01  5.769541418283e-02
 5.420140448287e+04  1.479954600000e+01  5.775905367496e-02
 5.421241977142e+04  1.388396900000e+01  5.376238932656e-02
 5.421242969727e+04  1.396842400000e+01  5.402516688840e-02
 5.421243966154e+04  1.404057700000e+01  5.426571645423e-02
 5.421244957777e+04  1.411909800000e+01  5.455270210687e-02
 5.411753010075e+04  1.482181000000e+01  5.753233848383e-02
 5.411753677597e+04  1.481687000000e+01  5.750421780342e-02
 5.411754353499e+04  1.481895900000e+01  5.751007449624e-02
 5.411755028150e+04  1.482215500000e+01  5.749098746577e-02
 5.425726327356e+04  1.471894900000e+01  5.763066289656e-02
 5.425727290841e+04  1.474447000000e+01  5.818575644174e-02
 5.425728257093e+04  1.477200900000e+01  5.821967895423e-02
 5.425729221227e+04  1.482073300000e+01  5.818471367188e-02
 5.426433662022e+04  1.531693200000e+01  6.132873177669e-02
 5.427230847278e+04  1.416526500000e+01  5.505333772612e-02
 5.427231574976e+04  1.420004900000e+01  5.515663940684e-02
 5.427232304259e+04  1.422388100000e+01  5.527441853846e-02
 5.427233034065e+04  1.424059400000e+01  5.536822277345e-02
 5.418542034103e+04  1.388639300000e+01  5.379139388288e-02
 5.418542971256e+04  1.391698300000e+01  5.388482405979e-02
 5.418544849729e+04  1.404893400000e+01  5.417231513253e-02
 5.424139763123e+04  1.406176000000e+01  5.455442738245e-02
 5.424140626696e+04  1.411718900000e+01  5.478093236574e-02
 5.424141491611e+04  1.419842100000e+01  5.495621252767e-02
 5.424142357140e+04  1.423028300000e+01  5.529301687091e-02
 5.438209373641e+04  1.497843700000e+01  6.515879744135e-02
 5.439110541764e+04  1.447966800000e+01  5.628467582791e-02
 5.439110990328e+04  1.450022200000e+01  5.641472719780e-02
 5.435512210376e+04  1.486578000000e+01  5.804068583159e-02
 5.435512744569e+04  1.473626500000e+01  5.733758544375e-02
 5.435513278196e+04  1.461783700000e+01  5.673498659150e-02
 5.435513810549e+04  1.423675500000e+01  5.506710003500e-02
 5.456642470860e+04  1.490347400000e+01  5.820978196210e-02
 5.456643170686e+04  1.488843200000e+01  5.812394141968e-02
 5.456643871149e+04  1.490948900000e+01  5.825390649666e-02
 5.456644574807e+04  1.492422700000e+01  5.830823369847e-02
 5.457141205649e+04  1.490799300000e+01  5.789152226023e-02
 5.457141968454e+04  1.490667100000e+01  5.789662216823e-02
 5.457142730215e+04  1.491312900000e+01  5.792438920404e-02
 5.457143495508e+04  1.490380200000e+01  5.786277245219e-02
 5.458044668105e+04  1.443337500000e+01  5.580042553703e-02
 5.458045320904e+04  1.446564400000e+01  5.594416614244e-02
 5.458046636096e+04  1.448780300000e+01  5.607793362940e-02
 5.452347441836e+04  1.405903500000e+01  5.412316290661e-02
 5.452348355181e+04  1.409346100000e+01  5.425663342047e-02
 5.452349274346e+04  1.413619200000e+01  5.438804675056e-02
 5.452350189936e+04  1.417923400000e+01  5.454581967855e-02
 5.464828678101e+04  1.475787500000e+01  5.819039675592e-02
 5.464829527981e+04  1.475359200000e+01  5.823464799228e-02
 5.464830373752e+04  1.474851300000e+01  5.825753360251e-02
 5.464831222765e+04  1.476159800000e+01  5.835911004896e-02
 5.464133079686e+04  1.458762500000e+01  5.707382266007e-02
 5.464133734591e+04  1.461877900000e+01  5.727828343599e-02
 5.464134394068e+04  1.463149900000e+01  5.745075560646e-02
 5.464135047029e+04  1.467627100000e+01  5.768283748561e-02
 5.452844316938e+04  1.438192600000e+01  5.540556610325e-02
 5.452844968914e+04  1.441602700000e+01  5.552482828628e-02
 5.452845619826e+04  1.442979500000e+01  5.557956722797e-02
 5.452846276051e+04  1.445274900000e+01  5.567352540016e-02
 5.453749039404e+04  1.486372000000e+01  5.776539012628e-02
 5.458734861978e+04  1.457840100000e+01  5.629071090149e-02
 5.458735407144e+04  1.460103500000e+01  5.638636568839e-02
 5.458736497186e+04  1.463389600000e+01  5.656426750608e-02
 5.459335378332e+04  1.487320500000e+01  5.909132078227e-02
 5.459336028723e+04  1.479555600000e+01  5.766808873181e-02
 5.459336673998e+04  1.479545100000e+01  5.767294100870e-02
 5.459337319400e+04  1.480249300000e+01  5.772103552832e-02
 5.460132701296e+04  1.492059600000e+01  5.855282709078e-02
 5.460133362185e+04  1.490962300000e+01  5.846491239412e-02
 5.460134020794e+04  1.491565000000e+01  5.848734667783e-02
 5.460134681881e+04  1.491221800000e+01  5.844760278230e-02
 5.471517528350e+04  1.485709000000e+01  5.804679392961e-02
 5.471518171692e+04  1.481565000000e+01  5.787997101257e-02
 5.473708746214e+04  1.481630700000e+01  6.020663807145e-02
 5.473709239676e+04  1.479314200000e+01  6.026799783618e-02
 5.473709712223e+04  1.476776500000e+01  6.022233909859e-02
 5.473710206831e+04  1.477409700000e+01  6.030217574855e-02
 5.494442656623e+04  1.435553100000e+01  5.544572300568e-02
 5.494443504375e+04  1.438226700000e+01  5.556518812252e-02
 5.494444359905e+04  1.440546600000e+01  5.565526196441e-02
 5.494445211384e+04  1.443358200000e+01  5.580763753329e-02
 5.486453091734e+04  1.462199100000e+01  5.625064749683e-02
 5.504222504133e+04  1.481543100000e+01  6.108904204795e-02
 5.504223048241e+04  1.478821800000e+01  6.098432691884e-02
 5.504223579946e+04  1.479819000000e+01  6.102907075426e-02
 5.504224115513e+04  1.482250200000e+01  6.126256784034e-02
 5.499630365167e+04  1.417494000000e+01  5.472490510397e-02
 5.499631021229e+04  1.395317600000e+01  5.396572986108e-02
 5.499631682375e+04  1.383669900000e+01  5.360353681463e-02
 5.499632337206e+04  1.381930800000e+01  5.356305835985e-02
 5.500431442035e+04  1.449765700000e+01  5.611038739672e-02
 5.500432112508e+04  1.452605000000e+01  5.625447473279e-02
 5.500432775562e+04  1.453858100000e+01  5.632588686600e-02
 5.500433441870e+04  1.457543300000e+01  5.653586456011e-02
 5.489149142888e+04  1.451966000000e+01  5.586296229302e-02
 5.489149935983e+04  1.455670100000e+01  5.602525916516e-02
 5.489151508758e+04  1.463107000000e+01  5.634889283171e-02
 5.491844174499e+04  1.438116700000e+01  5.549614021917e-02
 5.491844712743e+04  1.439259100000e+01  5.554718962520e-02
 5.491845253895e+04  1.441241900000e+01  5.562489063292e-02
 5.491845802312e+04  1.445469800000e+01  5.580230272484e-02
 5.495433099927e+04  1.463069600000e+01  6.257300542378e-02
 5.495435274182e+04  1.473471200000e+01  5.836226550823e-02
 5.495525996067e+04  1.454445200000e+01  5.877590898279e-02
 5.495526585844e+04  1.454366100000e+01  5.878483867025e-02
 5.495527162922e+04  1.454024900000e+01  5.887713152915e-02
 5.495527759016e+04  1.459755700000e+01  5.908445955144e-02
 5.496539789006e+04  1.429225000000e+01  5.533981679866e-02
 5.496540413366e+04  1.415634900000e+01  5.480565734707e-02
 5.496541041268e+04  1.405657400000e+01  5.430991104123e-02
 5.496541650153e+04  1.398714600000e+01  5.423093703949e-02
 5.498036090198e+04  1.475827300000e+01  5.758504281721e-02
 5.498036851546e+04  1.478710000000e+01  5.775779958859e-02
 5.498037618207e+04  1.479027400000e+01  5.779565762903e-02
 5.498038395433e+04  1.480894900000e+01  5.794834006666e-02
 5.509712361677e+04  1.477603100000e+01  5.781918200041e-02
 5.509712851889e+04  1.478553400000e+01  5.790645913363e-02
 5.509713343279e+04  1.481918900000e+01  5.814923162214e-02
 5.509713833306e+04  1.482728900000e+01  5.820899878931e-02
 5.529344183672e+04  1.479362400000e+01  5.743314684665e-02
 5.529344822167e+04  1.478584100000e+01  5.741071578961e-02
 5.529345455473e+04  1.481272200000e+01  5.751297854400e-02
 5.529346094014e+04  1.480577500000e+01  5.749078220701e-02
 5.538222136510e+04  1.477192000000e+01  5.757269591391e-02
 5.538222986161e+04  1.478948900000e+01  5.768963394246e-02
 5.538223840509e+04  1.479361500000e+01  5.773725067246e-02
 5.538224702233e+04  1.483605500000e+01  5.796355627561e-02
 5.534934468733e+04  1.486407700000e+01  5.804098897554e-02
 5.534935099250e+04  1.486353100000e+01  5.806213219853e-02
 5.534935734804e+04  1.485775800000e+01  5.804089311220e-02
 5.534936364164e+04  1.486987300000e+01  5.812824502237e-02
 5.535529406839e+04  1.486972200000e+01  6.072761679087e-02
 5.535529855021e+04  1.483504700000e+01  6.125085787574e-02
 5.535530311042e+04  1.480217300000e+01  6.118859635484e-02
 5.535530763043e+04  1.486394700000e+01  6.127320074774e-02
 5.536428259892e+04  1.405023100000e+01  5.429593345565e-02
 5.536428720078e+04  1.408673800000e+01  5.443700435968e-02
 5.536429175157e+04  1.409764900000e+01  5.447148290391e-02
 5.536429637664e+04  1.412416900000e+01  5.457025234499e-02
 5.536825475152e+04  1.430960500000e+01  5.534598104268e-02
 5.527249626410e+04  1.413834200000e+01  5.445291721144e-02
 5.527250322986e+04  1.394601400000e+01  5.382249912895e-02
 5.527251713709e+04  1.388587300000e+01  5.364876702675e-02
 5.532334456552e+04  1.482178400000e+01  5.764890462308e-02
 5.532335209229e+04  1.482266400000e+01  5.765292827844e-02
 5.532335961049e+04  1.482279300000e+01  5.764438580702e-02
 5.532336705500e+04  1.484052500000e+01  5.774096358621e-02
 5.533233843979e+04  1.426768500000e+01  5.508109637900e-02
 5.533234541007e+04  1.409641100000e+01  5.444236277315e-02
 5.533235236875e+04  1.390266600000e+01  5.380510411868e-02
 5.533235933929e+04  1.385536600000e+01  5.366007576198e-02
 5.534024279657e+04  1.405801300000e+01  5.439045956218e-02
 5.534024963373e+04  1.409073400000e+01  5.450032477266e-02
 5.534025650850e+04  1.413467800000e+01  5.464223742858e-02
 5.534026342505e+04  1.416990200000e+01  5.478242996502e-02
 5.571328238237e+04  1.477237000000e+01  5.894444835736e-02
 5.565041131500e+04  1.459709400000e+01  5.697949985713e-02
 5.565041925384e+04  1.461501800000e+01  5.717722389230e-02
 5.565042723086e+04  1.464057600000e+01  5.718508868782e-02
 5.565043531740e+04  1.465363700000e+01  5.721581092431e-02
 5.568744477043e+04  1.461061200000e+01  5.728398849331e-02
 5.570637712549e+04  1.466880300000e+01  5.739543803782e-02
 5.570638649171e+04  1.468228500000e+01  5.747910232703e-02
 5.570639574646e+04  1.471504000000e+01  5.768162438380e-02
 5.570640508259e+04  1.473000100000e+01  5.779188809535e-02
 5.495436492347e+04  1.478183300000e+01  5.834898452699e-02
 5.495438686118e+04  1.483444100000e+01  5.947819533916e-02
 5.598844457942e+04  1.465332700000e+01  5.695432771411e-02
 5.598845169669e+04  1.466786600000e+01  5.700522152580e-02
 5.598845885243e+04  1.387467500000e+01  5.379874127291e-02
 5.598846605314e+04  1.468998700000e+01  5.711626967466e-02
 5.601245411701e+04  1.457362400000e+01  5.693604232459e-02
 5.601245919069e+04  1.458951700000e+01  5.700319365422e-02
 5.601246419514e+04  1.460933200000e+01  5.707651198629e-02
 5.601246931949e+04  1.461259100000e+01  5.707955553699e-02
 5.603540340343e+04  1.421662800000e+01  5.505425954214e-02
 5.604630283271e+04  1.461949500000e+01  5.560388192313e-02
 5.604631305674e+04  1.465883700000e+01  5.576219836492e-02
 5.604632332938e+04  1.466825200000e+01  5.581239695349e-02
 5.604633363853e+04  1.469974500000e+01  5.593793917725e-02
 5.608740885464e+04  1.422136700000e+01  5.493850002241e-02
 5.609325545063e+04  1.386677100000e+01  5.374212094077e-02
 5.609326385404e+04  1.391310100000e+01  5.390809819155e-02
 5.609327228346e+04  1.397405200000e+01  5.411606882471e-02
 5.609328075742e+04  1.402499900000e+01  5.428025783297e-02
 5.609921345689e+04  1.431757200000e+01  5.575767280593e-02
 5.609922193936e+04  1.434621000000e+01  5.567926069224e-02
 5.609923041272e+04  1.436779700000e+01  5.572376555455e-02
 5.609923890318e+04  1.440256000000e+01  5.585766025511e-02
