# time mag mag_err
 5.372839931878e+04  1.494953900000e+01  6.038580395122e-02
 5.372840842838e+04  1.497631000000e+01  6.047794319767e-02
 5.372841753832e+04  1.500969000000e+01  6.054177700546e-02
 5.372842663437e+04  1.501694600000e+01  6.044548473177e-02
 5.352715885626e+04  1.501191200000e+01  5.997566363448e-02
 5.352716536712e+04  1.500211800000e+01  5.993674035664e-02
 5.352717190332e+04  1.501835000000e+01  6.008997861339e-02
 5.352717840110e+04  1.501957100000e+01  6.017251591475e-02
 5.370443534726e+04  1.515344200000e+01  6.076157336688e-02
 5.370444242157e+04  1.513513900000e+01  6.060639192114e-02
 5.370444953407e+04  1.518163700000e+01  6.094076787253e-02
 5.370445665110e+04  1.515438700000e+01  6.069752893873e-02
 5.367246221242e+04  1.542715800000e+01  6.358859950187e-02
 5.367246603692e+04  1.543649700000e+01  6.365543469814e-02
 5.367246991604e+04  1.542318800000e+01  6.348068706430e-02
 5.367247376184e+04  1.543522500000e+01  6.357166392391e-02
 5.382719848028e+04  1.516174700000e+01  6.097057301134e-02
 5.382720404028e+04  1.511435100000e+01  6.058184796522e-02
 5.382720941601e+04  1.508420600000e+01  6.038103655667e-02
 5.382721486374e+04  1.508043100000e+01  6.033688306850e-02
 5.384319737531e+04  1.512258100000e+01  6.112986204784e-02
 5.384320544644e+04  1.514059600000e+01  6.127581243791e-02
 5.384321348329e+04  1.517558900000e+01  6.157788369377e-02
 5.384322152409e+04  1.519899100000e+01  6.182944311152e-02
 5.378623710554e+04  1.524800100000e+01  6.165923163528e-02
 5.378624482421e+04  1.524462500000e+01  6.132244153063e-02
 5.378625253987e+04  1.522128800000e+01  6.114223866039e-02
 5.378626023354e+04  1.525634300000e+01  6.175791354967e-02
 5.374440168109e+04  1.526069800000e+01  6.192183045729e-02
 5.374440767641e+04  1.524786600000e+01  6.177640646396e-02
 5.374441365494e+04  1.524111500000e+01  6.174612284743e-02
 5.374441964784e+04  1.527588800000e+01  6.201079585444e-02
 5.375540512897e+04  1.532925700000e+01  6.177688578547e-02
 5.375541180975e+04  1.531454900000e+01  6.166240773379e-02
 5.375541854330e+04  1.533596700000e+01  6.187740994080e-02
 5.375542532778e+04  1.534577100000e+01  6.196322232218e-02
 5.390517263061e+04  1.539254600000e+01  1.059984524715e-01
 5.390517359652e+04  1.523268000000e+01  1.006524656396e-01
 5.390517457480e+04  1.533751000000e+01  1.043830617309e-01
 5.390517553330e+04  1.539940200000e+01  1.064989037966e-01
 5.379729524321e+04  1.526745700000e+01  9.290812482859e-02
 5.379729547678e+04  1.527202200000e+01  9.310047632505e-02
 5.379729571499e+04  1.525123500000e+01  9.258036953771e-02
 5.379729594637e+04  1.529493800000e+01  9.378785129008e-02
 5.381719997911e+04  1.528539200000e+01  6.173758137408e-02
 5.381720864632e+04  1.528464200000e+01  6.173963295142e-02
 5.381721726098e+04  1.529067000000e+01  6.182951737184e-02
 5.381722586303e+04  1.530741900000e+01  6.240025793762e-02
 5.387519067418e+04  1.548886300000e+01  6.472168493485e-02
 5.387519711640e+04  1.552234000000e+01  6.509162860014e-02
 5.387520355284e+04  1.550233100000e+01  6.504217591717e-02
 5.387520999830e+04  1.547225700000e+01  6.479935517763e-02
 5.388118624088e+04  1.538540900000e+01  6.345528053643e-02
 5.388119602065e+04  1.537285800000e+01  6.342378571503e-02
 5.388120582137e+04  1.535933400000e+01  6.337980509197e-02
 5.388121562557e+04  1.538516200000e+01  6.377569053811e-02
 5.405448349667e+04  1.547893100000e+01  6.232597484122e-02
 5.405448951190e+04  1.547547400000e+01  6.226120091564e-02
 5.405449557528e+04  1.548735400000e+01  6.235223970853e-02
 5.405450170116e+04  1.547487400000e+01  6.227495294595e-02
 5.402849501951e+04  1.499304700000e+01  5.904721295390e-02
 5.402850311703e+04  1.497025200000e+01  5.880745266520e-02
 5.402851129972e+04  1.493854000000e+01  5.856654924786e-02
 5.402851949758e+04  1.491264200000e+01  5.835035008201e-02
 5.420521220610e+04  1.515421800000e+01  6.038842685969e-02
 5.420521981191e+04  1.517501200000e+01  6.051251735166e-02
 5.420522742502e+04  1.518177900000e+01  6.055878918154e-02
 5.420523498108e+04  1.520760200000e+01  6.083192417295e-02
 5.413830642990e+04  1.545086500000e+01  6.325634012330e-02
 5.413831213574e+04  1.543432700000e+01  6.485890929430e-02
 5.413831789042e+04  1.540766600000e+01  6.678702774098e-02
 5.413832372775e+04  1.541206700000e+01  6.942708952494e-02
 5.414038236404e+04  1.547969600000e+01  1.279683076206e-01
 5.414038339696e+04  1.529928200000e+01  1.098769892693e-01
 5.414038439956e+04  1.534346900000e+01  1.107352681505e-01
 5.414038541905e+04  1.510310400000e+01  9.986587399933e-02
 5.411039877848e+04  1.515628300000e+01  6.009419333375e-02
 5.411040591749e+04  1.511778600000e+01  6.011624696489e-02
 5.411041311519e+04  1.514680500000e+01  6.084652253575e-02
 5.411042034112e+04  1.514267500000e+01  6.004148860478e-02
 5.425616226985e+04  1.533653200000e+01  6.473587199692e-02
 5.425617510012e+04  1.548744000000e+01  6.741105580425e-02
 5.425618150634e+04  1.531027400000e+01  6.858880914932e-02
 5.440949736649e+04  1.538161400000e+01  6.185114461244e-02
 5.440950176718e+04  1.541379600000e+01  6.213324699976e-02
 5.440950621855e+04  1.537784600000e+01  6.178135386503e-02
 5.440951072712e+04  1.538569500000e+01  6.181239811624e-02
 5.439348517347e+04  1.522376600000e+01  6.099153493793e-02
 5.439348898154e+04  1.525918000000e+01  6.119429389609e-02
 5.439349279098e+04  1.524944900000e+01  6.109624248816e-02
 5.439349657439e+04  1.526441200000e+01  6.120808593365e-02
 5.493919797942e+04  1.550170700000e+01  6.308380512529e-02
 5.493920468534e+04  1.548653600000e+01  6.298005678862e-02
 5.493921123683e+04  1.550898800000e+01  6.315252037765e-02
 5.493921779514e+04  1.545626900000e+01  6.270057864551e-02
 5.496715346940e+04  1.535147100000e+01  6.241602494404e-02
 5.496716453014e+04  1.536588400000e+01  6.260330584734e-02
 5.496717562123e+04  1.534300100000e+01  6.248568616759e-02
 5.496718652884e+04  1.536533700000e+01  6.274438577480e-02
 5.515147556843e+04  1.541647100000e+01  6.255457153486e-02
 5.515148233125e+04  1.537599200000e+01  6.215784494806e-02
 5.515148913911e+04  1.532987200000e+01  6.173721507991e-02
 5.515149610429e+04  1.522212800000e+01  6.090178320446e-02
 5.523638972230e+04  1.542048300000e+01  6.577506847412e-02
 5.551149234764e+04  1.488216800000e+01  5.868083456830e-02
 5.551150288082e+04  1.487991900000e+01  5.862110189853e-02
 5.551150814010e+04  1.487894700000e+01  5.861484265841e-02
 5.553044690052e+04  1.535579800000e+01  6.199250712420e-02
 5.553045844556e+04  1.534963700000e+01  6.195439863795e-02
 5.553046430002e+04  1.534591700000e+01  6.184340277332e-02
 5.558742191731e+04  1.535514000000e+01  6.212323429215e-02
 5.558742881488e+04  1.532448700000e+01  6.186651278385e-02
 5.558743580574e+04  1.534793100000e+01  6.208767084948e-02
 5.558744276448e+04  1.536767600000e+01  6.228123375807e-02
 5.563120901463e+04  1.520439700000e+01  6.139841013904e-02
 5.563121410470e+04  1.519155600000e+01  6.131008654987e-02
 5.563121922257e+04  1.520457600000e+01  6.143635626760e-02
 5.563122439088e+04  1.521575300000e+01  6.151496247885e-02
 5.588746270675e+04  1.526793000000e+01  6.116135221087e-02
 5.588747009245e+04  1.531158300000e+01  6.148438020852e-02
 5.588747761343e+04  1.529743500000e+01  6.134676648387e-02
 5.588748504843e+04  1.529511900000e+01  6.132704004844e-02
 5.596930642537e+04  1.535567600000e+01  6.245472009459e-02
 5.596931145167e+04  1.535286600000e+01  6.229276073684e-02
 5.596931653898e+04  1.534389300000e+01  6.204919334192e-02
 5.596932164676e+04  1.538934900000e+01  6.247433686978e-02
 5.597630333722e+04  1.541630600000e+01  6.025561191598e-02
 5.597631155674e+04  1.539518100000e+01  6.008028108422e-02
 5.597631977140e+04  1.541784500000e+01  6.022427890969e-02
 5.597632848238e+04  1.544948500000e+01  6.022681235929e-02
