# time mag mag_err
 5.346443617190e+04  1.534269800000e+01  6.119495295876e-02
 5.346444427728e+04  1.537209100000e+01  6.141149756944e-02
 5.346445239030e+04  1.540390000000e+01  6.168814363859e-02
 5.346446068272e+04  1.545896100000e+01  6.215415976550e-02
 5.348037009422e+04  1.614928700000e+01  6.992277109965e-02
 5.348037870646e+04  1.615883700000e+01  7.008789208284e-02
 5.348038725606e+04  1.611931000000e+01  6.957635028041e-02
 5.348039587351e+04  1.612421300000e+01  6.966965737573e-02
 5.355322282439e+04  1.628630700000e+01  7.356424052405e-02
 5.355322928501e+04  1.624062000000e+01  7.287301204146e-02
 5.355323576333e+04  1.612000200000e+01  7.116205100729e-02
 5.355324220880e+04  1.596508300000e+01  6.899607576878e-02
 5.352832331625e+04  1.526176400000e+01  6.117069044368e-02
 5.352833146295e+04  1.521461000000e+01  6.080699967153e-02
 5.352833960537e+04  1.524201400000e+01  6.108372125053e-02
 5.352834773598e+04  1.528301100000e+01  6.143490513276e-02
 5.349435976515e+04  1.612463100000e+01  7.013464984450e-02
 5.349436934294e+04  1.616275600000e+01  7.060234825097e-02
 5.349437892825e+04  1.615160700000e+01  7.057739655220e-02
 5.349438847525e+04  1.618695000000e+01  7.120393211677e-02
 5.352132996236e+04  1.613035700000e+01  7.024567085632e-02
 5.352133975544e+04  1.613210800000e+01  7.034770964931e-02
 5.352134946137e+04  1.617263700000e+01  7.094065147731e-02
 5.352135925155e+04  1.618704400000e+01  7.120873800521e-02
 5.384629966164e+04  1.626337800000e+01  7.346356646137e-02
 5.384630962764e+04  1.628138300000e+01  7.363495027562e-02
 5.384631943912e+04  1.631858300000e+01  7.417555377148e-02
 5.384632931369e+04  1.622238100000e+01  7.261335929061e-02
 5.385232119233e+04  1.602923100000e+01  6.979359070003e-02
 5.385232995884e+04  1.608573000000e+01  7.051878991188e-02
 5.385233874644e+04  1.607580400000e+01  7.042784267602e-02
 5.385234760336e+04  1.609177000000e+01  7.059878035200e-02
 5.376851656556e+04  1.562236200000e+01  6.449843982235e-02
 5.376852140006e+04  1.566311200000e+01  6.492903039467e-02
 5.376852617448e+04  1.566595900000e+01  6.488716764110e-02
 5.376853103444e+04  1.568786600000e+01  6.510469666146e-02
 5.374552155645e+04  1.622918300000e+01  7.264509022024e-02
 5.374552807552e+04  1.578875400000e+01  6.668680836949e-02
 5.374553460525e+04  1.586216600000e+01  6.748510761621e-02
 5.374554115095e+04  1.562325200000e+01  6.478743618654e-02
 5.393723217065e+04  1.619884000000e+01  7.532331071443e-02
 5.393723860419e+04  1.621128500000e+01  7.550001964700e-02
 5.393724505856e+04  1.622334800000e+01  7.479037967086e-02
 5.393725149059e+04  1.628059700000e+01  7.572345661263e-02
 5.388938382579e+04  1.619663600000e+01  7.458712921838e-02
 5.388939029601e+04  1.617180400000e+01  7.437364210536e-02
 5.388939670860e+04  1.616238800000e+01  7.437872720295e-02
 5.388940312535e+04  1.618485800000e+01  7.503811791375e-02
 5.390334479399e+04  1.605500000000e+01  1.302001766226e-01
 5.390334579081e+04  1.611124800000e+01  1.335238377042e-01
 5.390334684560e+04  1.613309700000e+01  1.349910873261e-01
 5.390334786105e+04  1.622857000000e+01  1.399446164850e-01
 5.386341702164e+04  1.616335900000e+01  1.301538978030e-01
 5.386341777272e+04  1.609928300000e+01  1.267281797566e-01
 5.386341851650e+04  1.617173600000e+01  1.303826064122e-01
 5.386341927233e+04  1.608712400000e+01  1.260892024400e-01
 5.387536013887e+04  1.617644000000e+01  7.245656536184e-02
 5.387536651615e+04  1.614673900000e+01  7.209335206889e-02
 5.387537293476e+04  1.614263600000e+01  7.213339864439e-02
 5.387537929120e+04  1.621516000000e+01  7.320260530948e-02
 5.388223220262e+04  1.523923100000e+01  6.159895783675e-02
 5.388224074367e+04  1.523278500000e+01  6.150458491802e-02
 5.388224928889e+04  1.528011000000e+01  6.185084489675e-02
 5.388225782345e+04  1.530476600000e+01  6.199569863684e-02
 5.398910975716e+04  1.618066100000e+01  8.345938547448e-02
 5.398911192683e+04  1.618329300000e+01  8.356675874587e-02
 5.398911413493e+04  1.612470400000e+01  8.223236977745e-02
 5.398911630818e+04  1.616937800000e+01  8.338552365776e-02
 5.420147331407e+04  1.583176200000e+01  6.664319002825e-02
 5.420147935523e+04  1.583055300000e+01  6.662784809030e-02
 5.420148528770e+04  1.587318400000e+01  6.719481274989e-02
 5.420149121196e+04  1.590101300000e+01  6.751240498746e-02
 5.421238113316e+04  1.580671000000e+01  6.588069767889e-02
 5.421238989888e+04  1.583209400000e+01  6.618437118379e-02
 5.421239867455e+04  1.585940000000e+01  6.650515847274e-02
 5.421240741942e+04  1.590686800000e+01  6.705321388051e-02
 5.415644667858e+04  1.617637200000e+01  6.996409452998e-02
 5.415645645383e+04  1.617513800000e+01  6.928894248237e-02
 5.415646639286e+04  1.615782000000e+01  6.959893344182e-02
 5.415647628433e+04  1.614620000000e+01  6.945483187082e-02
 5.411652341957e+04  1.621108700000e+01  7.763159604755e-02
 5.411652702831e+04  1.621117500000e+01  7.774674492726e-02
 5.411653070836e+04  1.623942600000e+01  7.800478555863e-02
 5.411653438632e+04  1.622645600000e+01  7.758135759053e-02
 5.425628428031e+04  1.615322300000e+01  7.092542344790e-02
 5.425629068966e+04  1.614766900000e+01  7.101606755474e-02
 5.425629710852e+04  1.615205200000e+01  7.163018276054e-02
 5.425630352792e+04  1.618992100000e+01  7.255444712164e-02
 5.426620623322e+04  1.621437600000e+01  7.290306206559e-02
 5.426621512394e+04  1.628724800000e+01  7.400530316170e-02
 5.426622401083e+04  1.623905900000e+01  7.320644048713e-02
 5.426623288720e+04  1.623351200000e+01  7.289883596048e-02
 5.417545614997e+04  1.572900500000e+01  6.483611667521e-02
 5.417546330194e+04  1.571894400000e+01  6.474279227892e-02
 5.417547038146e+04  1.578128100000e+01  6.535927781407e-02
 5.417547747997e+04  1.577639600000e+01  6.528235313618e-02
 5.418444308514e+04  1.616201100000e+01  6.996225100010e-02
 5.418444796154e+04  1.610761500000e+01  6.926819526893e-02
 5.418445279894e+04  1.616001300000e+01  6.992668669701e-02
 5.418445766168e+04  1.612762500000e+01  6.952248925248e-02
 5.422739941009e+04  1.569990700000e+01  6.678298962535e-02
 5.422740831134e+04  1.571376800000e+01  6.758763788278e-02
 5.422741722140e+04  1.576045600000e+01  6.815381536282e-02
 5.422742612797e+04  1.576240100000e+01  6.821782965327e-02
 5.423736834441e+04  1.595370100000e+01  6.926525217049e-02
 5.423737429043e+04  1.595454100000e+01  6.938599127163e-02
 5.423738025265e+04  1.599482400000e+01  6.992950172048e-02
 5.423738617910e+04  1.599755300000e+01  6.992448313247e-02
 5.424432926635e+04  1.614575100000e+01  7.037318004883e-02
 5.424433525184e+04  1.614317400000e+01  7.037382420342e-02
 5.424434129068e+04  1.611857600000e+01  7.002106793196e-02
 5.424434730256e+04  1.615440600000e+01  7.052494788703e-02
 5.456739803003e+04  1.596026700000e+01  6.741778245677e-02
 5.456740236300e+04  1.603665400000e+01  6.833944723711e-02
 5.456740668255e+04  1.604609300000e+01  6.845505612130e-02
 5.456741101645e+04  1.602989500000e+01  6.821763046769e-02
 5.457246177339e+04  1.565096000000e+01  6.409712450947e-02
 5.457246819836e+04  1.565272700000e+01  6.429752804241e-02
 5.457247461662e+04  1.567300200000e+01  6.492657139503e-02
 5.457248106058e+04  1.571949500000e+01  6.694435481277e-02
 5.458241449421e+04  1.589586100000e+01  6.725735775840e-02
 5.458242047598e+04  1.587108200000e+01  6.700541704714e-02
 5.458242641066e+04  1.591742500000e+01  6.749670381359e-02
 5.458243240043e+04  1.591803400000e+01  6.750096647319e-02
 5.450352965984e+04  1.614465300000e+01  6.922426315218e-02
 5.450353577184e+04  1.612570700000e+01  6.895694184546e-02
 5.450354185686e+04  1.611475600000e+01  6.883495101882e-02
 5.450354793911e+04  1.615262100000e+01  6.923880653174e-02
 5.451050949814e+04  1.576164400000e+01  6.495746749917e-02
 5.451051597670e+04  1.561484400000e+01  6.349962437634e-02
 5.451052246336e+04  1.546410200000e+01  6.253815090873e-02
 5.451052894829e+04  1.528872700000e+01  6.065603859156e-02
 5.447651924707e+04  1.615738800000e+01  7.715325404430e-02
 5.447652363687e+04  1.618748300000e+01  7.772399495465e-02
 5.447652793281e+04  1.615971200000e+01  7.697616827481e-02
 5.447653219448e+04  1.618623900000e+01  7.736765070700e-02
 5.453043494424e+04  1.584064600000e+01  6.607781996414e-02
 5.453044516326e+04  1.584666400000e+01  6.604072665707e-02
 5.453045537963e+04  1.587780700000e+01  6.629832921928e-02
 5.453046561880e+04  1.591193800000e+01  6.672096045612e-02
 5.455542916639e+04  1.593935500000e+01  6.703647946909e-02
 5.455543624394e+04  1.599813300000e+01  6.775956757717e-02
 5.455544333932e+04  1.597805700000e+01  6.749888045690e-02
 5.455545042358e+04  1.602990600000e+01  6.813823746524e-02
 5.492241196710e+04  1.613374000000e+01  6.982921208977e-02
 5.492241998916e+04  1.614450000000e+01  6.986376716471e-02
 5.492242798147e+04  1.619723300000e+01  7.061518206441e-02
 5.492243600536e+04  1.617750900000e+01  7.199835512252e-02
 5.493739748433e+04  1.601109300000e+01  6.867483843427e-02
 5.493740228734e+04  1.598139500000e+01  6.830708177081e-02
 5.493740717314e+04  1.595543900000e+01  6.796512864016e-02
 5.493741191700e+04  1.601171400000e+01  6.868928375100e-02
 5.506216971434e+04  1.611038200000e+01  7.736816272164e-02
 5.506217507884e+04  1.605440800000e+01  7.649920262302e-02
 5.506218042990e+04  1.615596400000e+01  7.844407400354e-02
 5.506218584498e+04  1.617398800000e+01  7.897441632165e-02
 5.485651449874e+04  1.619114400000e+01  6.968356406740e-02
 5.485652224322e+04  1.610421300000e+01  6.858724586849e-02
 5.485653009176e+04  1.614620600000e+01  6.956719336993e-02
 5.485653787652e+04  1.613731500000e+01  6.998858865129e-02
 5.504020638419e+04  1.573662100000e+01  6.568096899262e-02
 5.504021176527e+04  1.576788200000e+01  6.606215424476e-02
 5.504021711958e+04  1.576549400000e+01  6.613541055517e-02
 5.504022259326e+04  1.575034200000e+01  6.595162983414e-02
 5.491143769502e+04  1.598911900000e+01  6.823366583296e-02
 5.491144381315e+04  1.600486800000e+01  6.765148779666e-02
 5.491144979331e+04  1.601506300000e+01  6.774044983772e-02
 5.491145563712e+04  1.605112400000e+01  6.810864466322e-02
 5.529245885343e+04  1.617967000000e+01  7.050779605114e-02
 5.529246405981e+04  1.617384400000e+01  7.050413446452e-02
 5.529246928255e+04  1.615117400000e+01  7.019402190109e-02
 5.529247449148e+04  1.617095200000e+01  7.049603123151e-02
 5.538418261589e+04  1.549238900000e+01  6.861825557839e-02
 5.535627103240e+04  1.596802700000e+01  6.793896600680e-02
 5.535627841297e+04  1.601036200000e+01  6.885119023466e-02
 5.535628585735e+04  1.602594900000e+01  6.874710994535e-02
 5.535629331919e+04  1.604342900000e+01  6.995242549100e-02
 5.536324668157e+04  1.625961600000e+01  7.193758955789e-02
 5.536325241672e+04  1.613957100000e+01  7.014455939236e-02
 5.536325816642e+04  1.633755600000e+01  7.295000952113e-02
 5.536326385990e+04  1.621549700000e+01  7.120237671562e-02
 5.527145828014e+04  1.573419800000e+01  6.492947131458e-02
 5.527146529905e+04  1.572410500000e+01  6.483680030359e-02
 5.527147225853e+04  1.576233200000e+01  6.523325062033e-02
 5.527147921419e+04  1.575431600000e+01  6.508626580260e-02
 5.534728974567e+04  1.554608100000e+01  6.318516129291e-02
 5.534729665669e+04  1.552733200000e+01  6.299886930863e-02
 5.534730358657e+04  1.558950200000e+01  6.359481692137e-02
 5.534731052454e+04  1.554349300000e+01  6.314462416713e-02
 5.545710416356e+04  1.600898600000e+01  9.144842749292e-02
 5.545710685285e+04  1.607801500000e+01  9.361742728712e-02
 5.545710816762e+04  1.603291300000e+01  9.234669092186e-02
 5.565645113154e+04  1.520825500000e+01  6.092289030271e-02
 5.565645637127e+04  1.524448700000e+01  6.119887629968e-02
 5.565646162711e+04  1.526958100000e+01  6.140970963191e-02
 5.565646682539e+04  1.528814100000e+01  6.154675073624e-02
 5.566440391919e+04  1.589841500000e+01  6.795020913776e-02
 5.566440916630e+04  1.596093900000e+01  6.867104629353e-02
 5.566441433090e+04  1.588474700000e+01  6.774756700975e-02
 5.566441955771e+04  1.593498200000e+01  6.831130926746e-02
 5.567535856961e+04  1.600840600000e+01  7.281285113427e-02
 5.567536607790e+04  1.599795000000e+01  7.282072870796e-02
 5.567537366405e+04  1.601071100000e+01  7.295476722534e-02
 5.567538127551e+04  1.606170800000e+01  7.372009059196e-02
 5.561845781873e+04  1.613886100000e+01  7.121609462590e-02
 5.561846348500e+04  1.604478300000e+01  7.441006765469e-02
 5.561846816799e+04  1.608031500000e+01  7.280364111539e-02
 5.571522372682e+04  1.550777400000e+01  6.393762316539e-02
 5.571523009116e+04  1.551748800000e+01  6.399425241309e-02
 5.571523647804e+04  1.555077700000e+01  6.433501734395e-02
 5.571524285236e+04  1.554555000000e+01  6.427094946132e-02
 5.562550362532e+04  1.613970800000e+01  7.804082942581e-02
 5.562550861747e+04  1.605424400000e+01  7.636639270394e-02
 5.562551368939e+04  1.611252400000e+01  7.790588571881e-02
 5.562551876117e+04  1.616261900000e+01  7.905646952787e-02
 5.564845317672e+04  1.616343600000e+01  6.700414328923e-02
 5.564846287896e+04  1.619333000000e+01  6.732459240712e-02
 5.564847259104e+04  1.611888300000e+01  6.651031509969e-02
 5.564848229328e+04  1.617775700000e+01  6.719751420752e-02
 5.565044664507e+04  1.604312600000e+01  7.129369626769e-02
 5.565045418460e+04  1.603801700000e+01  6.960741665974e-02
 5.565046174957e+04  1.606923800000e+01  7.004994579034e-02
 5.565046925922e+04  1.611067500000e+01  7.059785504803e-02
 5.570535856840e+04  1.554189000000e+01  6.162592233943e-02
 5.570536823291e+04  1.557731400000e+01  6.196356577718e-02
 5.570537792138e+04  1.561440500000e+01  6.231592841185e-02
 5.570538764780e+04  1.568059700000e+01  6.298580003704e-02
 5.561845781873e+04  1.624485200000e+01  7.336725418417e-02
 5.561846348500e+04  1.614194400000e+01  7.627094621277e-02
 5.561846816799e+04  1.612866500000e+01  7.379263793539e-02
 5.561847282922e+04  1.655885000000e+01  1.011988223253e-01
 5.598745522169e+04  1.581272900000e+01  6.723105156591e-02
 5.598746028905e+04  1.562372400000e+01  6.511675393596e-02
 5.598746542044e+04  1.553682300000e+01  6.423853595169e-02
 5.598747053163e+04  1.541816000000e+01  6.304169249196e-02
 5.600346227975e+04  1.616300600000e+01  7.048832671276e-02
 5.600347085417e+04  1.613845900000e+01  7.037769012202e-02
 5.600347953459e+04  1.614943600000e+01  7.029341322555e-02
 5.600348828410e+04  1.610753600000e+01  6.978130832770e-02
 5.601640656390e+04  1.613266100000e+01  7.542424331906e-02
 5.601641475146e+04  1.610072700000e+01  7.963230585283e-02
 5.601642160575e+04  1.613346900000e+01  7.819874834898e-02
 5.601642844825e+04  1.608484000000e+01  7.185747452866e-02
 5.603431861824e+04  1.556057000000e+01  6.401164356910e-02
 5.603432372407e+04  1.558727800000e+01  6.422750470509e-02
 5.603432889319e+04  1.558409800000e+01  6.417818748964e-02
 5.603433397762e+04  1.563601100000e+01  6.468975834850e-02
 5.603639864167e+04  1.550787600000e+01  5.798837602297e-02
 5.603640593544e+04  1.555672400000e+01  5.830015211655e-02
 5.603641323344e+04  1.560848500000e+01  5.857793482561e-02
 5.603642060137e+04  1.563022700000e+01  5.896928363997e-02
 5.605936831355e+04  1.587011500000e+01  6.603040788224e-02
 5.605937510035e+04  1.591306900000e+01  6.647990441693e-02
 5.605938195366e+04  1.587401900000e+01  6.604288091478e-02
 5.605938873373e+04  1.588634400000e+01  6.625010714344e-02
 5.606635500304e+04  1.612638400000e+01  6.913096212668e-02
 5.606636172826e+04  1.612973000000e+01  6.920895897390e-02
 5.606636860477e+04  1.611255300000e+01  6.897725042453e-02
 5.606637545628e+04  1.616529300000e+01  6.975799747388e-02
 5.607432588652e+04  1.548445500000e+01  6.248930584313e-02
 5.607433189897e+04  1.552196700000e+01  6.281787569025e-02
 5.607433804587e+04  1.552635100000e+01  6.285612632015e-02
 5.607434412010e+04  1.556285500000e+01  6.318597071478e-02
 5.608730392885e+04  1.540308500000e+01  6.179755683110e-02
 5.608730901590e+04  1.543770300000e+01  6.199989254982e-02
 5.608731417157e+04  1.545865500000e+01  6.218984600607e-02
 5.608731930065e+04  1.550362800000e+01  6.263843991653e-02
 5.609729404189e+04  1.585638600000e+01  6.339852245070e-02
 5.609730187641e+04  1.587568700000e+01  6.359369478195e-02
 5.609730970112e+04  1.588899700000e+01  6.373349635098e-02
 5.609731762089e+04  1.589532200000e+01  6.386320496283e-02
 5.615219254733e+04  1.597687200000e+01  7.125126009587e-02
 5.615219768705e+04  1.580790300000e+01  8.259885380151e-02
 5.615220288653e+04  1.565585900000e+01  6.723464182466e-02
 5.615220801236e+04  1.559213500000e+01  6.658313786844e-02
