# time mag mag_err
 5.346437140549e+04  1.449776600000e+01  5.644473639218e-02
 5.346437949396e+04  1.452466800000e+01  5.657869120781e-02
 5.346438752654e+04  1.457892600000e+01  5.685246683454e-02
 5.346439560831e+04  1.462637700000e+01  5.707565190368e-02
 5.349432410088e+04  1.483049100000e+01  5.860946225562e-02
 5.349433272700e+04  1.485684500000e+01  5.880267956895e-02
 5.349434153646e+04  1.487415400000e+01  5.909869411291e-02
 5.349435023528e+04  1.492516300000e+01  6.002373659099e-02
 5.350914287341e+04  1.538165800000e+01  6.301224608405e-02
 5.350914947304e+04  1.527245600000e+01  6.202056286370e-02
 5.350915587835e+04  1.524276600000e+01  6.158908624175e-02
 5.350916231189e+04  1.505730800000e+01  6.012876496792e-02
 5.352126538797e+04  1.494376700000e+01  5.940573788631e-02
 5.352127343073e+04  1.495453800000e+01  5.951768063512e-02
 5.352128152801e+04  1.497613900000e+01  5.971079297909e-02
 5.352128958050e+04  1.498190500000e+01  5.975587036271e-02
 5.384338723869e+04  1.449185000000e+01  5.722541317379e-02
 5.384339528920e+04  1.451418700000e+01  5.735633152153e-02
 5.384340339296e+04  1.455389900000e+01  5.755342023490e-02
 5.384341149429e+04  1.459227400000e+01  5.780028163405e-02
 5.408052796617e+04  1.539499600000e+01  6.824773506190e-02
 5.408053184808e+04  1.538251600000e+01  6.781285764743e-02
 5.408053572488e+04  1.543137800000e+01  6.835340289876e-02
 5.408053960483e+04  1.545133700000e+01  6.839032850590e-02
 5.376744022118e+04  1.487064300000e+01  5.896117016869e-02
 5.376744620318e+04  1.474575000000e+01  5.818511082207e-02
 5.376745215626e+04  1.464164800000e+01  5.755251491512e-02
 5.376745811095e+04  1.455608100000e+01  5.712556684404e-02
 5.378652348240e+04  1.550613700000e+01  6.415227720860e-02
 5.378653013319e+04  1.547657600000e+01  6.354288532049e-02
 5.378653676731e+04  1.543372000000e+01  6.317024102936e-02
 5.378654335561e+04  1.536324800000e+01  6.259793661537e-02
 5.373654014051e+04  1.509003700000e+01  6.179863156535e-02
 5.373654395910e+04  1.508780000000e+01  6.178009800633e-02
 5.373654777444e+04  1.512355900000e+01  6.210369663066e-02
 5.373655159663e+04  1.508621200000e+01  6.173531033345e-02
 5.390427519050e+04  1.544567900000e+01  1.047604999936e-01
 5.390427615362e+04  1.542252700000e+01  1.038583223592e-01
 5.390427711258e+04  1.542166700000e+01  1.039144668682e-01
 5.390427807559e+04  1.546246200000e+01  1.054674058409e-01
 5.379942078767e+04  1.533329600000e+01  6.251323123915e-02
 5.379942935627e+04  1.534664200000e+01  6.260012731111e-02
 5.379943778644e+04  1.536818800000e+01  6.280507887129e-02
 5.379944637980e+04  1.537956100000e+01  6.299536897828e-02
 5.381745040696e+04  1.540873800000e+01  7.213370972946e-02
 5.381745622611e+04  1.540037800000e+01  7.207734994596e-02
 5.381746216495e+04  1.539315800000e+01  7.195580815688e-02
 5.381746800598e+04  1.538962500000e+01  7.195994719012e-02
 5.385627430765e+04  1.542304100000e+01  6.364416755579e-02
 5.385628173730e+04  1.542888900000e+01  6.368180948833e-02
 5.385628917760e+04  1.543765200000e+01  6.376272821033e-02
 5.385629663191e+04  1.542605200000e+01  6.369081559683e-02
 5.387627308565e+04  1.445992600000e+01  5.717279307545e-02
 5.387628162832e+04  1.449203200000e+01  5.737175456594e-02
 5.387629016832e+04  1.453633200000e+01  5.763086255436e-02
 5.387629873611e+04  1.458826100000e+01  5.795331701347e-02
 5.420632733181e+04  1.470486800000e+01  5.810311094313e-02
 5.420633474005e+04  1.476330800000e+01  5.844076473035e-02
 5.420634215950e+04  1.479568300000e+01  5.861873028212e-02
 5.420634958175e+04  1.483089100000e+01  5.885561871769e-02
 5.421330603297e+04  1.538967800000e+01  6.313122118045e-02
 5.421331549711e+04  1.543805500000e+01  6.320121732867e-02
 5.421332492130e+04  1.543207800000e+01  6.353278497849e-02
 5.421333435163e+04  1.545420800000e+01  6.374132672984e-02
 5.445155104421e+04  1.505061200000e+01  6.309906816543e-02
 5.445155272891e+04  1.503822900000e+01  6.296180802332e-02
 5.445155443431e+04  1.502230500000e+01  6.276831924248e-02
 5.445155611600e+04  1.504335100000e+01  6.282797302980e-02
 5.446453547839e+04  1.450251700000e+01  5.755852244460e-02
 5.446453850076e+04  1.449076100000e+01  5.748827891255e-02
 5.446454142336e+04  1.444407300000e+01  5.722624911667e-02
 5.446454434307e+04  1.445348900000e+01  5.726274951105e-02
 5.411649711790e+04  1.547029300000e+01  6.273153285743e-02
 5.411650374509e+04  1.547406300000e+01  6.271068793994e-02
 5.411651041799e+04  1.549036800000e+01  6.282810753742e-02
 5.411651712446e+04  1.552229600000e+01  6.310732447304e-02
 5.412948668915e+04  1.540572300000e+01  6.236000818836e-02
 5.412949272163e+04  1.542847900000e+01  6.254095570583e-02
 5.412949876105e+04  1.541312300000e+01  6.241199625008e-02
 5.412950484110e+04  1.541033100000e+01  6.235182899194e-02
 5.425618983083e+04  1.536240300000e+01  6.414100719214e-02
 5.425619623462e+04  1.535342300000e+01  6.734562700724e-02
 5.425620264964e+04  1.534862000000e+01  6.567095951529e-02
 5.425620905459e+04  1.537634000000e+01  7.079128079609e-02
 5.426320991177e+04  1.503767400000e+01  6.051796477418e-02
 5.426321634067e+04  1.504550100000e+01  6.057580396261e-02
 5.426322276738e+04  1.505801700000e+01  6.074713777867e-02
 5.426322916793e+04  1.506973100000e+01  6.096940782158e-02
 5.426919779598e+04  1.505819600000e+01  6.026454457619e-02
 5.426920537634e+04  1.506228000000e+01  6.032623957401e-02
 5.426921297567e+04  1.505666800000e+01  6.028262631445e-02
 5.426922056772e+04  1.509448800000e+01  6.055705341834e-02
 5.417237612331e+04  1.511657800000e+01  5.982989963593e-02
 5.417238262259e+04  1.511707200000e+01  6.011090789424e-02
 5.417238917141e+04  1.515217400000e+01  6.035311467041e-02
 5.417239566236e+04  1.514678900000e+01  6.029152946386e-02
 5.424133284929e+04  1.540612200000e+01  6.342601564265e-02
 5.456243381691e+04  1.540767500000e+01  6.318135637686e-02
 5.456243942876e+04  1.540261000000e+01  6.316217917296e-02
 5.456244506862e+04  1.538764200000e+01  6.303997479432e-02
 5.456245075745e+04  1.539910200000e+01  6.319154027284e-02
 5.456841235640e+04  1.540028100000e+01  6.239396405134e-02
 5.456841793006e+04  1.541570600000e+01  6.253921291446e-02
 5.456842346263e+04  1.543003200000e+01  6.232654731198e-02
 5.456842899553e+04  1.539066200000e+01  6.234624645175e-02
 5.458039097434e+04  1.540033400000e+01  6.263852691317e-02
 5.458039753265e+04  1.539957200000e+01  6.266822826517e-02
 5.458040412280e+04  1.542653600000e+01  6.297491516410e-02
 5.458041069569e+04  1.541478300000e+01  6.290432586799e-02
 5.483153065550e+04  1.548627400000e+01  6.476704338279e-02
 5.483153892523e+04  1.548330000000e+01  6.470265613324e-02
 5.483154720157e+04  1.547769500000e+01  6.466294857073e-02
 5.483155541471e+04  1.543851600000e+01  6.416217022803e-02
 5.449752926003e+04  1.491354800000e+01  5.858200636719e-02
 5.449753575040e+04  1.492840200000e+01  5.865271421279e-02
 5.449754224205e+04  1.494315500000e+01  5.872645305988e-02
 5.449754867953e+04  1.497837800000e+01  5.897909385522e-02
 5.451045029866e+04  1.542521100000e+01  6.236358745131e-02
 5.451045679574e+04  1.542900700000e+01  6.240108665803e-02
 5.451046331076e+04  1.545449800000e+01  6.261586896918e-02
 5.451046979141e+04  1.548510800000e+01  6.281372624060e-02
 5.452544569475e+04  1.544157000000e+01  6.486252908537e-02
 5.452545261928e+04  1.547819200000e+01  6.551994295609e-02
 5.452545953142e+04  1.542949700000e+01  6.499774126763e-02
 5.452546648270e+04  1.542632500000e+01  6.646403789207e-02
 5.462426583133e+04  1.489473000000e+01  5.712850783546e-02
 5.462427364583e+04  1.492646800000e+01  5.732455698644e-02
 5.462428150722e+04  1.495822800000e+01  5.751902932516e-02
 5.462428937417e+04  1.498126800000e+01  5.765125260172e-02
 5.453137577956e+04  1.542496600000e+01  6.289771210190e-02
 5.453138122821e+04  1.543820400000e+01  6.302144348190e-02
 5.453138666679e+04  1.546866400000e+01  6.323029530760e-02
 5.453139212319e+04  1.545377400000e+01  6.305330826621e-02
 5.458728141377e+04  1.512472200000e+01  5.815760644567e-02
 5.458728681566e+04  1.515515700000e+01  5.834661655222e-02
 5.458729222287e+04  1.515893200000e+01  5.838985652591e-02
 5.458729763159e+04  1.517579800000e+01  5.845720780778e-02
 5.493934086225e+04  1.495490100000e+01  5.903767034726e-02
 5.493934687657e+04  1.497773800000e+01  5.920281329211e-02
 5.493935298440e+04  1.500461600000e+01  5.934826483256e-02
 5.493935909282e+04  1.500650200000e+01  5.937026293545e-02
 5.494833289267e+04  1.502395200000e+01  5.974400653169e-02
 5.494834100547e+04  1.503709000000e+01  5.982515961488e-02
 5.494834900832e+04  1.505872300000e+01  5.998631698173e-02
 5.494835710146e+04  1.509641400000e+01  6.027820854674e-02
 5.504416843358e+04  1.541941500000e+01  6.788299349355e-02
 5.504417283056e+04  1.545470100000e+01  6.833056143683e-02
 5.504417728600e+04  1.542754500000e+01  6.807115128078e-02
 5.504418161329e+04  1.545693800000e+01  6.842252509244e-02
 5.486748061911e+04  1.450701500000e+01  5.762767437352e-02
 5.486749090608e+04  1.449800900000e+01  5.801738294012e-02
 5.486750156286e+04  1.455267000000e+01  5.825019860820e-02
 5.486751215678e+04  1.458495300000e+01  5.893143670418e-02
 5.490930951346e+04  1.466541300000e+01  5.730261209056e-02
 5.490932160816e+04  1.449661200000e+01  5.641448097893e-02
 5.490933372091e+04  1.446508600000e+01  5.622049138472e-02
 5.490934585740e+04  1.450228400000e+01  5.638075048638e-02
 5.491741829268e+04  1.540190500000e+01  6.253560292035e-02
 5.491742311816e+04  1.540802500000e+01  6.257480055518e-02
 5.491742791182e+04  1.540525200000e+01  6.260816440327e-02
 5.491743268034e+04  1.540877900000e+01  6.259742177517e-02
 5.497524752921e+04  1.505500200000e+01  6.000112437347e-02
 5.497525409296e+04  1.509912000000e+01  6.007078631301e-02
 5.497526066273e+04  1.508312000000e+01  6.022953579985e-02
 5.497526715889e+04  1.509114800000e+01  6.029689098712e-02
 5.498123399704e+04  1.507066500000e+01  6.055427762643e-02
 5.498124847995e+04  1.510372900000e+01  6.037034811830e-02
 5.529529436679e+04  1.541710100000e+01  6.273425986581e-02
 5.529530004868e+04  1.540574400000e+01  6.262392868621e-02
 5.529530577255e+04  1.539437700000e+01  6.251170929782e-02
 5.529531151612e+04  1.538263400000e+01  6.239595043544e-02
 5.524147447216e+04  1.541221900000e+01  6.296487558266e-02
 5.524147973845e+04  1.537981800000e+01  6.263247584242e-02
 5.524148501395e+04  1.540288800000e+01  6.285927301668e-02
 5.524149025179e+04  1.540593000000e+01  6.286354631114e-02
 5.521152518635e+04  1.533737100000e+01  6.167263655868e-02
 5.521153330742e+04  1.535420900000e+01  6.179585290428e-02
 5.521154146106e+04  1.535353900000e+01  6.178856155040e-02
 5.521154960922e+04  1.539785800000e+01  6.212847508050e-02
 5.535020906845e+04  1.532924500000e+01  6.208618479044e-02
 5.535021588002e+04  1.533030400000e+01  6.210161696570e-02
 5.535022273061e+04  1.534438400000e+01  6.293818998770e-02
 5.535022955240e+04  1.535398500000e+01  6.380808410411e-02
 5.535624906920e+04  1.539574100000e+01  6.295983956662e-02
 5.535625428256e+04  1.542652100000e+01  6.503467506482e-02
 5.535625954613e+04  1.542413700000e+01  6.379642384890e-02
 5.535626472118e+04  1.542198200000e+01  6.291662090223e-02
 5.536516540520e+04  1.533845700000e+01  6.636777668693e-02
 5.536517076410e+04  1.534989900000e+01  6.651809653364e-02
 5.536517618937e+04  1.538938400000e+01  6.698311568079e-02
 5.536518157874e+04  1.539584900000e+01  6.703750307826e-02
 5.527042262789e+04  1.455874600000e+01  5.693218874775e-02
 5.527042957233e+04  1.454807800000e+01  5.689552861061e-02
 5.527043661168e+04  1.457399400000e+01  5.703144419341e-02
 5.527044369505e+04  1.459615400000e+01  5.719827159676e-02
 5.527643648293e+04  1.469449000000e+01  5.812760916983e-02
 5.527644336517e+04  1.470710500000e+01  5.783593428854e-02
 5.527645035773e+04  1.473011800000e+01  5.794790478187e-02
 5.527645731954e+04  1.476640400000e+01  5.815233280802e-02
 5.532229704789e+04  1.543199000000e+01  6.274588435913e-02
 5.532230277424e+04  1.540292600000e+01  6.251564176184e-02
 5.532230857557e+04  1.541153700000e+01  6.257437301114e-02
 5.532231430088e+04  1.543697600000e+01  6.280133862833e-02
 5.532937048015e+04  1.543010600000e+01  6.280369849480e-02
 5.532937747102e+04  1.539977100000e+01  6.263148202378e-02
 5.532938445042e+04  1.543409000000e+01  6.297532829683e-02
 5.532939136999e+04  1.541750200000e+01  6.285428423649e-02
 5.533828197779e+04  1.542222300000e+01  6.279368841345e-02
 5.533828944703e+04  1.538698300000e+01  6.247963015651e-02
 5.533829696396e+04  1.544306900000e+01  6.302912657972e-02
 5.533830452352e+04  1.545336900000e+01  6.317532153312e-02
 5.565638186476e+04  1.542640200000e+01  6.072917533688e-02
 5.565638814494e+04  1.540428200000e+01  6.059401706398e-02
 5.565639441736e+04  1.542268800000e+01  6.072195534225e-02
 5.565640070081e+04  1.540263900000e+01  6.055361258024e-02
 5.566332416139e+04  1.497203300000e+01  5.798966449094e-02
 5.566333110977e+04  1.498888800000e+01  5.808424968401e-02
 5.566333810343e+04  1.501331500000e+01  5.823417812910e-02
 5.566334505587e+04  1.503010300000e+01  5.830515629723e-02
 5.567530517703e+04  1.504006000000e+01  6.257873599723e-02
 5.567531214936e+04  1.504819800000e+01  6.266331746634e-02
 5.567531925193e+04  1.507526800000e+01  6.284768342456e-02
 5.567532631433e+04  1.507516200000e+01  6.278573724813e-02
 5.560149564050e+04  1.538782000000e+01  6.294197464664e-02
 5.560150082653e+04  1.537925700000e+01  6.285671092644e-02
 5.560150603594e+04  1.540571000000e+01  6.309026132149e-02
 5.560151124153e+04  1.543457300000e+01  6.335257382718e-02
 5.557054324443e+04  1.453532500000e+01  5.698728823185e-02
 5.557054672215e+04  1.454459400000e+01  5.702622365253e-02
 5.557055015578e+04  1.454362400000e+01  5.701815218074e-02
 5.557055364948e+04  1.455258000000e+01  5.704429794393e-02
 5.562547931804e+04  1.548539600000e+01  6.390807982776e-02
 5.562548562650e+04  1.540275600000e+01  6.320790024922e-02
 5.562549205368e+04  1.532310400000e+01  6.289689785280e-02
 5.562549834799e+04  1.517843300000e+01  6.153113156855e-02
 5.563438086693e+04  1.539949400000e+01  6.390990554340e-02
 5.563438999495e+04  1.543547400000e+01  6.386592323247e-02
 5.563439922137e+04  1.543487000000e+01  6.387798416209e-02
 5.563440846977e+04  1.547837800000e+01  6.455532776346e-02
 5.564645111854e+04  1.449740500000e+01  5.699795836130e-02
 5.564645909881e+04  1.445659500000e+01  5.680312945741e-02
 5.564646703716e+04  1.446900100000e+01  5.687198395404e-02
 5.564647491490e+04  1.450481800000e+01  5.707464631035e-02
 5.568729575515e+04  1.509718600000e+01  6.182035553112e-02
 5.568730146295e+04  1.513889200000e+01  6.329470260132e-02
 5.568730724612e+04  1.511832600000e+01  6.166370763706e-02
 5.568731301737e+04  1.516747900000e+01  6.191966912662e-02
 5.569430629853e+04  1.457633900000e+01  5.879307167406e-02
 5.569431456274e+04  1.462203200000e+01  5.912063986040e-02
 5.569432288097e+04  1.465009700000e+01  5.930202341470e-02
 5.569433119391e+04  1.470060800000e+01  5.965563852284e-02
 5.570527940689e+04  1.521074000000e+01  6.199577525664e-02
 5.570528787017e+04  1.525854400000e+01  6.243930130322e-02
 5.570529644969e+04  1.523565100000e+01  6.226597007324e-02
 5.570530504807e+04  1.527904100000e+01  6.278476027921e-02
 5.424134989541e+04  1.538826800000e+01  6.327843790098e-02
 5.424135996153e+04  1.539830300000e+01  6.355862508205e-02
 5.424137005022e+04  1.541540400000e+01  6.382458358083e-02
 5.424138015015e+04  1.542358500000e+01  6.393212394374e-02
 5.533828197779e+04  1.539191600000e+01  6.249292870197e-02
 5.533828944703e+04  1.539772900000e+01  6.254027512258e-02
 5.533829696396e+04  1.541323000000e+01  6.272055225987e-02
 5.533830452352e+04  1.544005900000e+01  6.300809134888e-02
 5.592651463670e+04  1.529966600000e+01  6.196696941385e-02
 5.592651979135e+04  1.531251100000e+01  6.203658337758e-02
 5.592652490547e+04  1.535267000000e+01  6.231429655863e-02
 5.592653006973e+04  1.535526100000e+01  6.235302031522e-02
 5.598249324622e+04  1.470852900000e+01  5.772704201129e-02
 5.598249950127e+04  1.473678400000e+01  5.789149177183e-02
 5.598250565359e+04  1.474440700000e+01  5.791518217569e-02
 5.598251184267e+04  1.479123700000e+01  5.819823241389e-02
 5.598838679822e+04  1.505879900000e+01  6.010360572744e-02
 5.598839422903e+04  1.492537800000e+01  5.917306333722e-02
 5.598840164882e+04  1.478185200000e+01  5.825971191869e-02
 5.598840917043e+04  1.465449500000e+01  5.750696610512e-02
 5.600337053623e+04  1.455438900000e+01  5.702995003578e-02
 5.600337910213e+04  1.457296800000e+01  5.709824044591e-02
 5.600338764111e+04  1.460146600000e+01  5.726254487757e-02
 5.600339619068e+04  1.462235200000e+01  5.736441038872e-02
 5.601339524093e+04  1.537462700000e+01  6.309208728173e-02
 5.601340038120e+04  1.539081000000e+01  6.323782815764e-02
 5.601340549477e+04  1.540374900000e+01  6.339797999335e-02
 5.601341057124e+04  1.541486900000e+01  6.348689306733e-02
 5.603328499426e+04  1.460194800000e+01  5.741911038771e-02
 5.603329013942e+04  1.462294900000e+01  5.754938291071e-02
 5.603329522324e+04  1.465757000000e+01  5.775093232495e-02
 5.603330037801e+04  1.468025600000e+01  5.788122208425e-02
 5.603735859740e+04  1.550032100000e+01  6.179703799777e-02
 5.603736807880e+04  1.550200800000e+01  6.171561186183e-02
 5.603737766471e+04  1.548470400000e+01  6.148152052635e-02
 5.603738720190e+04  1.544237000000e+01  6.103806865273e-02
 5.605928189918e+04  1.543650000000e+01  6.273469974593e-02
 5.605928864257e+04  1.541452100000e+01  6.257864992412e-02
 5.605929540676e+04  1.542000800000e+01  6.267153311681e-02
 5.605930230964e+04  1.542940200000e+01  6.284894038339e-02
 5.606934234094e+04  1.519068500000e+01  6.100109805258e-02
 5.606934978900e+04  1.521490500000e+01  6.124293352346e-02
 5.606935709553e+04  1.519238800000e+01  6.112592762854e-02
 5.606936451925e+04  1.527767300000e+01  6.179540874373e-02
 5.609821394397e+04  1.538916200000e+01  6.238300774799e-02
 5.609822290735e+04  1.542856600000e+01  6.275404444497e-02
 5.609823198668e+04  1.545762900000e+01  6.305140095292e-02
 5.609824112003e+04  1.544174900000e+01  6.291280683924e-02
