# time mag mag_err
 5.390131793348e+04  1.540552000000e+01  1.061922776478e-01
 5.390131894743e+04  1.542270000000e+01  1.068428757369e-01
 5.390132003255e+04  1.546954500000e+01  1.084092913447e-01
 5.390132108538e+04  1.548085800000e+01  1.092768609539e-01
 5.388433739422e+04  1.597269500000e+01  7.013791054232e-02
 5.400111973347e+04  1.491899600000e+01  5.894310329831e-02
 5.400112418728e+04  1.493530500000e+01  5.908516642963e-02
 5.400112862650e+04  1.495201600000e+01  5.918407009472e-02
 5.400113302603e+04  1.496098500000e+01  5.925872759480e-02
 5.420833523291e+04  1.559199600000e+01  6.679139917602e-02
 5.420834216265e+04  1.521959700000e+01  6.307450899964e-02
 5.420834908730e+04  1.501008700000e+01  6.098322139401e-02
 5.420835612272e+04  1.487961600000e+01  5.997742473656e-02
 5.421643090278e+04  1.591534800000e+01  6.809080536612e-02
 5.421643745194e+04  1.595046800000e+01  6.851938089970e-02
 5.421644404012e+04  1.599329300000e+01  6.893766184841e-02
 5.421645059866e+04  1.595768000000e+01  6.852124091349e-02
 5.413851837609e+04  1.501817200000e+01  5.963375025568e-02
 5.413852269030e+04  1.500150600000e+01  5.968920338574e-02
 5.413852699307e+04  1.503633500000e+01  6.035677231599e-02
 5.413853129953e+04  1.497773500000e+01  5.948851259430e-02
 5.415840523730e+04  1.492163200000e+01  5.864690915114e-02
 5.415841074742e+04  1.492816700000e+01  5.869521508658e-02
 5.415841627872e+04  1.496077400000e+01  5.904001319098e-02
 5.415842175560e+04  1.500490400000e+01  5.922752709452e-02
 5.426623575888e+04  1.525993500000e+01  6.222918004626e-02
 5.426624242992e+04  1.527861400000e+01  6.224647616023e-02
 5.426624914472e+04  1.535533900000e+01  6.295307132783e-02
 5.426625578001e+04  1.525725100000e+01  6.209213301696e-02
 5.427625040792e+04  1.609005000000e+01  7.365534682164e-02
 5.427625592347e+04  1.604918700000e+01  7.305195839408e-02
 5.427626146727e+04  1.593930000000e+01  7.145074757887e-02
 5.427626702135e+04  1.597862000000e+01  7.203382865504e-02
 5.417848359646e+04  1.583264100000e+01  6.957846464499e-02
 5.417848981263e+04  1.583850000000e+01  6.643947781350e-02
 5.417849603157e+04  1.588595000000e+01  6.699659065749e-02
 5.417850221845e+04  1.589476400000e+01  6.708902770474e-02
 5.423837478600e+04  1.609787200000e+01  7.195473664638e-02
 5.423837977942e+04  1.612259200000e+01  7.232200565037e-02
 5.423838476045e+04  1.610154800000e+01  7.208107534822e-02
 5.423838974241e+04  1.607732700000e+01  7.172405534835e-02
 5.439007803846e+04  1.603337100000e+01  6.564263479260e-02
 5.439008404407e+04  1.608147700000e+01  6.619453854932e-02
 5.439009005734e+04  1.609166100000e+01  6.630387813988e-02
 5.439009610081e+04  1.611513900000e+01  6.666115639989e-02
 5.464029189720e+04  1.608562000000e+01  7.081765178090e-02
 5.471615213728e+04  1.578640900000e+01  6.593997694161e-02
 5.471615873089e+04  1.623822400000e+01  7.177939187172e-02
 5.471616534917e+04  1.596977200000e+01  6.822220910148e-02
 5.471617196002e+04  1.604307600000e+01  6.919996939651e-02
 5.494625086111e+04  1.511373000000e+01  6.031779227268e-02
 5.494625629297e+04  1.516693600000e+01  6.057443958911e-02
 5.494626178876e+04  1.516520000000e+01  6.052928053392e-02
 5.494626719157e+04  1.521804900000e+01  6.091164080894e-02
 5.486544392488e+04  1.582679600000e+01  6.603634472319e-02
 5.486545378105e+04  1.586509500000e+01  6.642142639752e-02
 5.486546363686e+04  1.591884300000e+01  6.700117203880e-02
 5.486547343087e+04  1.592753600000e+01  6.711613104575e-02
 5.500634855169e+04  1.521054700000e+01  6.174175836409e-02
 5.500635338329e+04  1.497404500000e+01  5.992882895375e-02
 5.500635826191e+04  1.494048700000e+01  5.967312787664e-02
 5.500636304270e+04  1.497619200000e+01  5.995727816342e-02
 5.489343596667e+04  1.609200300000e+01  6.941993738087e-02
 5.489344335106e+04  1.608823700000e+01  6.910649497417e-02
 5.489345074182e+04  1.596468200000e+01  6.754573041492e-02
 5.489345811291e+04  1.571432700000e+01  6.477147434436e-02
 5.491336595539e+04  1.511465600000e+01  5.987493497993e-02
 5.491337190360e+04  1.499603300000e+01  5.908294313118e-02
 5.491337797395e+04  1.494211600000e+01  5.874566120930e-02
 5.491338408131e+04  1.495828800000e+01  5.888894087090e-02
 5.496542712245e+04  1.600097800000e+01  7.287183183175e-02
 5.496543367374e+04  1.606267100000e+01  7.390710404722e-02
 5.496544025811e+04  1.602748800000e+01  7.345694972097e-02
 5.496544685832e+04  1.605932800000e+01  7.398683123712e-02
 5.530528210891e+04  1.544050100000e+01  7.185611055784e-02
 5.530528725338e+04  1.530727200000e+01  7.414070454983e-02
 5.530529246697e+04  1.548975000000e+01  7.038375039757e-02
 5.530529769315e+04  1.537254000000e+01  7.531326853001e-02
 5.535536441553e+04  1.585791700000e+01  7.076310184007e-02
 5.535537252649e+04  1.590556600000e+01  7.240566314956e-02
 5.535538068340e+04  1.590101300000e+01  7.254694422193e-02
 5.535538888973e+04  1.579154300000e+01  6.881006264853e-02
 5.536222550731e+04  1.546693000000e+01  6.315360808783e-02
 5.536223236046e+04  1.549044500000e+01  6.333492854840e-02
 5.536223922723e+04  1.550519300000e+01  6.345229281495e-02
 5.536224610101e+04  1.551282800000e+01  6.352975819778e-02
 5.536732219449e+04  1.566554400000e+01  6.528295200480e-02
 5.536732737543e+04  1.569633000000e+01  6.563583360697e-02
 5.536733256828e+04  1.571774700000e+01  6.587126549301e-02
 5.536733775625e+04  1.571230300000e+01  6.583517870866e-02
 5.528141360034e+04  1.603937400000e+01  7.425352517658e-02
 5.528141713381e+04  1.606602800000e+01  7.473237113387e-02
 5.528142071014e+04  1.609389900000e+01  7.517745011138e-02
 5.528142423589e+04  1.638940600000e+01  8.058683298348e-02
 5.532741049694e+04  1.488345800000e+01  5.888416989306e-02
 5.532741631760e+04  1.496299600000e+01  5.938061377352e-02
 5.532742215039e+04  1.498657600000e+01  5.955636829369e-02
 5.532742798524e+04  1.493282700000e+01  5.919805084856e-02
 5.567828536667e+04  1.583655300000e+01  6.753843383811e-02
 5.567829045720e+04  1.577164700000e+01  6.689825852676e-02
 5.567829568388e+04  1.599862900000e+01  6.956707534741e-02
 5.567830087431e+04  1.600183600000e+01  6.960482430466e-02
 5.563638502575e+04  1.610912500000e+01  7.912541520915e-02
 5.563639196697e+04  1.601976800000e+01  7.738021971166e-02
 5.563639899200e+04  1.592482000000e+01  7.569068861800e-02
 5.563640603101e+04  1.575461300000e+01  7.288600040583e-02
 5.388437163263e+04  1.605421300000e+01  7.136174439965e-02
 5.388437811697e+04  1.601907200000e+01  7.089190453422e-02
 5.388438463106e+04  1.597877400000e+01  7.035439201815e-02
 5.388439111241e+04  1.601395900000e+01  7.085130229463e-02
 5.464032325351e+04  1.609263100000e+01  7.101260701885e-02
 5.603744672809e+04  1.616658800000e+01  7.191421636173e-02
 5.603745184567e+04  1.614304700000e+01  7.160741459495e-02
 5.603745692139e+04  1.617238600000e+01  7.207315928793e-02
 5.603746202824e+04  1.614419600000e+01  7.176015850155e-02
 5.604744661745e+04  1.593947100000e+01  6.880224735530e-02
 5.604745252495e+04  1.595229800000e+01  6.898994128268e-02
 5.604745837200e+04  1.596905700000e+01  6.922054716439e-02
 5.604746419037e+04  1.596839600000e+01  6.923485826106e-02
 5.606535875616e+04  1.533919300000e+01  6.149520663029e-02
 5.606536557446e+04  1.537468400000e+01  6.179018868744e-02
 5.606537233995e+04  1.538509500000e+01  6.187485244011e-02
 5.606537915608e+04  1.542967500000e+01  6.226758757530e-02
 5.607537775796e+04  1.581445500000e+01  6.915862998952e-02
 5.607538542374e+04  1.586278600000e+01  6.981857076804e-02
 5.607539311284e+04  1.613897400000e+01  7.388228130655e-02
 5.607540079161e+04  1.585990900000e+01  6.982328575500e-02
 5.609029751044e+04  1.512372400000e+01  6.036315270621e-02
 5.609030479447e+04  1.517056600000e+01  6.071414833014e-02
 5.609031210096e+04  1.534702300000e+01  6.210032313521e-02
 5.609031940553e+04  1.523669300000e+01  6.120329719011e-02
 5.619112962130e+04  1.512317700000e+01  6.141955238420e-02
 5.619113470778e+04  1.512438500000e+01  6.146873954947e-02
 5.619113976963e+04  1.517950400000e+01  6.194799144885e-02
 5.619114494060e+04  1.519924900000e+01  6.216034211269e-02
