# time mag mag_err
 5.371027153572e+04  1.537955000000e+01  6.288735564568e-02
 5.371027862657e+04  1.539344600000e+01  6.304484912870e-02
 5.371028569289e+04  1.539210800000e+01  6.303264836351e-02
 5.371029280714e+04  1.540742800000e+01  6.316293820127e-02
 5.372925398547e+04  1.536245800000e+01  6.280686072201e-02
 5.372926197325e+04  1.535612600000e+01  6.278249751264e-02
 5.372926997376e+04  1.537907200000e+01  6.299992945266e-02
 5.372927802000e+04  1.536972100000e+01  6.295650045371e-02
 5.367538359253e+04  1.521485300000e+01  5.935193801481e-02
 5.367539168517e+04  1.523907500000e+01  5.950201721882e-02
 5.367539952862e+04  1.523212600000e+01  5.946888055203e-02
 5.367540736698e+04  1.524048000000e+01  5.951770355331e-02
 5.368632231411e+04  1.542012900000e+01  6.321999608089e-02
 5.368633055271e+04  1.538633200000e+01  6.318811236701e-02
 5.368633880451e+04  1.543925100000e+01  6.363656419515e-02
 5.368634702413e+04  1.542399800000e+01  6.348899610849e-02
 5.368723116810e+04  1.526337100000e+01  6.221293959629e-02
 5.368723980059e+04  1.528384400000e+01  6.235655408631e-02
 5.368724828399e+04  1.516662800000e+01  6.183682841277e-02
 5.368725661983e+04  1.502727400000e+01  6.027251490077e-02
 5.370435713978e+04  1.524022100000e+01  6.220213950055e-02
 5.370436722384e+04  1.527392100000e+01  6.256758011957e-02
 5.370437728176e+04  1.527582600000e+01  6.267227232389e-02
 5.370438737925e+04  1.527295200000e+01  6.268983277875e-02
 5.365139968700e+04  1.520920300000e+01  6.284279496487e-02
 5.365140671108e+04  1.517530500000e+01  6.271467611872e-02
 5.365141364139e+04  1.521969300000e+01  6.293504498244e-02
 5.365142057738e+04  1.521062200000e+01  6.281725059550e-02
 5.367039001111e+04  1.522065000000e+01  6.175736198550e-02
 5.367039640519e+04  1.520540600000e+01  6.165731915480e-02
 5.367040300366e+04  1.520255500000e+01  6.163572044008e-02
 5.367040950387e+04  1.521714600000e+01  6.177415603840e-02
 5.362643244859e+04  1.497698700000e+01  6.058600773582e-02
 5.362644223530e+04  1.499503200000e+01  6.070286357830e-02
 5.362645192861e+04  1.499516600000e+01  6.065701339139e-02
 5.362646167515e+04  1.500160600000e+01  6.070384791589e-02
 5.409124080458e+04  1.472158700000e+01  5.768782511407e-02
 5.409124899249e+04  1.472631000000e+01  5.775995416558e-02
 5.409125716108e+04  1.473848400000e+01  5.790962563835e-02
 5.409126534852e+04  1.475419700000e+01  5.844795743469e-02
 5.376714294204e+04  1.526837700000e+01  6.245961757868e-02
 5.376714735522e+04  1.525096900000e+01  6.229361387831e-02
 5.376715178844e+04  1.526889700000e+01  6.244389315084e-02
 5.376715615578e+04  1.525593800000e+01  6.234189931931e-02
 5.378912918369e+04  1.495762400000e+01  6.164672444884e-02
 5.378914537674e+04  1.501080500000e+01  6.042977552842e-02
 5.379110715450e+04  1.528453500000e+01  6.249301263826e-02
 5.379111358676e+04  1.526774000000e+01  6.233984990307e-02
 5.379112002088e+04  1.527774000000e+01  6.246016237437e-02
 5.379112645176e+04  1.529312200000e+01  6.259853788082e-02
 5.374117457721e+04  1.488811300000e+01  9.046007880651e-02
 5.376614521435e+04  1.515036700000e+01  6.124566223097e-02
 5.376615215278e+04  1.470001500000e+01  6.113809910978e-02
 5.376615908078e+04  1.515263400000e+01  6.124612843006e-02
 5.376616603645e+04  1.508825000000e+01  7.097862490516e-02
 5.376616603645e+04  1.558115000000e+01  7.917804636620e-02
 5.405529544676e+04  1.522125500000e+01  5.961023165540e-02
 5.405530673737e+04  1.521599900000e+01  5.958415095476e-02
 5.405531803249e+04  1.522653700000e+01  5.965129511990e-02
 5.405532932704e+04  1.521186500000e+01  5.955404750235e-02
 5.406134323060e+04  1.537564900000e+01  6.210895760780e-02
 5.406135088781e+04  1.536796500000e+01  6.205463446258e-02
 5.406135855069e+04  1.536202700000e+01  6.201890135166e-02
 5.406136621647e+04  1.532423100000e+01  6.170653742199e-02
 5.402832519023e+04  1.535451000000e+01  6.188840463292e-02
 5.402833530093e+04  1.532174300000e+01  6.160074164129e-02
 5.402834539170e+04  1.527132000000e+01  6.115526729012e-02
 5.402835547576e+04  1.516374200000e+01  6.033920196322e-02
 5.399945637911e+04  1.514288400000e+01  6.053163941660e-02
 5.399946171201e+04  1.506663500000e+01  5.996498511943e-02
 5.399946704295e+04  1.501532200000e+01  5.959072073767e-02
 5.399947235745e+04  1.498735200000e+01  5.940961813685e-02
 5.400642471822e+04  1.507573200000e+01  5.994702282118e-02
 5.400643115060e+04  1.506648200000e+01  5.989609406110e-02
 5.400643758216e+04  1.505596500000e+01  5.981810809968e-02
 5.400644400309e+04  1.509155300000e+01  6.011740519307e-02
 5.443925469434e+04  1.510134900000e+01  6.013122007615e-02
 5.443926121469e+04  1.509151400000e+01  6.005045527433e-02
 5.443926773330e+04  1.509264500000e+01  6.004760265021e-02
 5.443927427147e+04  1.510391200000e+01  6.014645387340e-02
 5.417410476679e+04  1.508008800000e+01  6.022002365039e-02
 5.417411006833e+04  1.509054500000e+01  6.038401894588e-02
 5.417411491742e+04  1.509109600000e+01  6.040307461130e-02
 5.417411974010e+04  1.507983800000e+01  6.039745065736e-02
 5.440745038242e+04  1.521017100000e+01  6.117754968664e-02
 5.440745704154e+04  1.518109300000e+01  6.097268385036e-02
 5.440746370634e+04  1.512503400000e+01  6.057098616987e-02
 5.440747051397e+04  1.507186100000e+01  6.023531189094e-02
 5.441531417797e+04  1.510678400000e+01  6.018318521591e-02
 5.441532355656e+04  1.511870800000e+01  6.021674099567e-02
 5.441533176935e+04  1.512416000000e+01  6.026846002330e-02
 5.441534000461e+04  1.513278600000e+01  6.034168823427e-02
 5.442320457553e+04  1.481595100000e+01  5.861623065753e-02
 5.442321070824e+04  1.376180000000e+01  5.365216857371e-02
 5.442321686190e+04  1.478118200000e+01  5.815930021933e-02
 5.442322299543e+04  1.475880700000e+01  5.803703883293e-02
 5.438339476758e+04  1.536153300000e+01  6.262686282689e-02
 5.438340882105e+04  1.536054200000e+01  6.254065773279e-02
 5.438342290324e+04  1.535905200000e+01  6.246561000441e-02
 5.438343697743e+04  1.537016200000e+01  6.250955303329e-02
 5.439031583523e+04  1.485619100000e+01  5.691279234332e-02
 5.439032371456e+04  1.485089800000e+01  5.685362156440e-02
 5.439033163637e+04  1.487966000000e+01  5.695802063809e-02
 5.439033951755e+04  1.489513300000e+01  5.701779495994e-02
 5.434848184807e+04  1.517524300000e+01  6.140441732382e-02
 5.434848780855e+04  1.518046600000e+01  6.148172960138e-02
 5.434849384172e+04  1.519137700000e+01  6.155721423446e-02
 5.434849984862e+04  1.517610500000e+01  6.140294034951e-02
 5.435747842117e+04  1.509033400000e+01  6.032792032494e-02
 5.435748316758e+04  1.508573300000e+01  6.027120806641e-02
 5.435748787419e+04  1.509584800000e+01  6.042105505525e-02
 5.435749259074e+04  1.511510200000e+01  6.049352896255e-02
 5.480231085921e+04  1.482096300000e+01  5.875031033334e-02
 5.480231776037e+04  1.478293400000e+01  5.815712934611e-02
 5.480232480863e+04  1.473400800000e+01  5.780713875778e-02
 5.480233174301e+04  1.473136800000e+01  5.798048129479e-02
 5.482919544377e+04  1.520561500000e+01  6.084326794773e-02
 5.482920270652e+04  1.520139400000e+01  6.080529395072e-02
 5.482920994738e+04  1.520489900000e+01  6.084851942176e-02
 5.482921712506e+04  1.519086300000e+01  6.073676682145e-02
 5.450414598111e+04  1.485094100000e+01  5.861589734883e-02
 5.450415244093e+04  1.480256700000e+01  5.832728252816e-02
 5.450415892227e+04  1.477102600000e+01  5.815496036286e-02
 5.450416538475e+04  1.475758000000e+01  5.807094090348e-02
 5.446626103259e+04  1.478063400000e+01  5.802935773917e-02
 5.446626807439e+04  1.478502100000e+01  5.807058762912e-02
 5.446627510876e+04  1.479394400000e+01  5.813917323325e-02
 5.446628212936e+04  1.481823600000e+01  5.830052748693e-02
 5.452611562633e+04  1.522651200000e+01  6.141879483487e-02
 5.452612243869e+04  1.521176000000e+01  6.134489899638e-02
 5.452612943523e+04  1.523684400000e+01  6.158755599397e-02
 5.452613610535e+04  1.524325100000e+01  6.163985325803e-02
 5.453311914750e+04  1.472284000000e+01  5.805225639465e-02
 5.453312503634e+04  1.472638100000e+01  5.807561881708e-02
 5.453313093605e+04  1.473468100000e+01  5.818550801395e-02
 5.453313680891e+04  1.475498100000e+01  5.841655511491e-02
 5.477635357337e+04  1.520189700000e+01  6.069127808192e-02
 5.477636336378e+04  1.520736600000e+01  6.071435731852e-02
 5.477637327712e+04  1.521941400000e+01  6.082234888903e-02
 5.477638314671e+04  1.521725800000e+01  6.081730859676e-02
 5.478936236928e+04  1.499009700000e+01  5.933788175484e-02
 5.478937300569e+04  1.500786700000e+01  5.945922273651e-02
 5.478938359128e+04  1.500836400000e+01  5.948705057670e-02
 5.478939437273e+04  1.500151300000e+01  5.947657700806e-02
 5.474041530990e+04  1.472115600000e+01  5.815874068261e-02
 5.474042314524e+04  1.472889100000e+01  5.823176354139e-02
 5.474043106161e+04  1.477011100000e+01  5.841033259191e-02
 5.474043908052e+04  1.476320800000e+01  5.833277001676e-02
 5.474843394075e+04  1.529860100000e+01  6.149768930392e-02
 5.474844230992e+04  1.531106600000e+01  6.157898495405e-02
 5.474845051322e+04  1.533616900000e+01  6.179185391631e-02
 5.474845888944e+04  1.535833800000e+01  6.200740335974e-02
 5.476731125855e+04  1.523112600000e+01  6.096238929366e-02
 5.476731913150e+04  1.523366400000e+01  6.096981689847e-02
 5.476732707034e+04  1.524838200000e+01  6.104807405299e-02
 5.476733502027e+04  1.522101200000e+01  6.083094456859e-02
 5.518217711898e+04  1.523165300000e+01  6.130685031660e-02
 5.518218220559e+04  1.519676000000e+01  6.103031424419e-02
 5.518218740505e+04  1.516529900000e+01  6.099302181224e-02
 5.518219258286e+04  1.512669100000e+01  6.047822766280e-02
 5.485118314855e+04  1.484122300000e+01  5.835474448258e-02
 5.485119046106e+04  1.484519800000e+01  5.838315349806e-02
 5.485119785345e+04  1.486093400000e+01  5.848419560503e-02
 5.485120524929e+04  1.486639100000e+01  5.853423768770e-02
 5.486215674267e+04  1.513788300000e+01  6.038131522460e-02
 5.486216572356e+04  1.514889900000e+01  6.044469410935e-02
 5.486217491233e+04  1.517171300000e+01  6.067144857076e-02
 5.486218387377e+04  1.514119000000e+01  6.047990646660e-02
 5.489113010918e+04  1.521730900000e+01  6.122586101191e-02
 5.489113681727e+04  1.521356900000e+01  6.125382466186e-02
 5.489114352235e+04  1.523066100000e+01  6.150630085679e-02
 5.489115029769e+04  1.482292800000e+01  5.862603494577e-02
 5.515234233926e+04  1.538600500000e+01  6.280280799522e-02
 5.515235010534e+04  1.538283100000e+01  6.277846213241e-02
 5.515235779631e+04  1.538770300000e+01  6.284041883131e-02
 5.515236551630e+04  1.538593000000e+01  6.283795444269e-02
 5.515931833795e+04  1.493533100000e+01  5.924137271202e-02
 5.515932615866e+04  1.495343200000e+01  5.937978941410e-02
 5.515933398067e+04  1.496757600000e+01  5.946033521135e-02
 5.515934183291e+04  1.497057300000e+01  5.948405846525e-02
 5.511938841212e+04  1.532828800000e+01  6.229495536553e-02
 5.511939565657e+04  1.530492600000e+01  6.209608914039e-02
 5.511940298914e+04  1.525713300000e+01  6.170854058846e-02
 5.511941019955e+04  1.521726500000e+01  6.137236954005e-02
 5.513135893206e+04  1.505787300000e+01  6.017009220241e-02
 5.513136669022e+04  1.508616000000e+01  6.040545497462e-02
 5.513137449801e+04  1.508799300000e+01  6.033384759711e-02
 5.513138230478e+04  1.509575300000e+01  6.042428818390e-02
 5.509437782367e+04  1.521537400000e+01  6.216935153087e-02
 5.509438610569e+04  1.524487700000e+01  6.229959118499e-02
 5.509439448042e+04  1.525596600000e+01  6.236960045159e-02
 5.509440284046e+04  1.525880900000e+01  6.233673641413e-02
 5.510045373872e+04  1.491550700000e+01  5.932703945991e-02
 5.510046175185e+04  1.487823400000e+01  5.908445955144e-02
 5.510046958084e+04  1.483066500000e+01  5.876797980985e-02
 5.510047744999e+04  1.479302400000e+01  5.854055112065e-02
 5.553925398880e+04  1.492283600000e+01  5.933766111306e-02
 5.553926783753e+04  1.496249600000e+01  5.960302198682e-02
 5.553927477216e+04  1.495784600000e+01  5.957817428731e-02
 5.521216072803e+04  1.490007000000e+01  5.882293784645e-02
 5.521216995365e+04  1.489912300000e+01  5.888662390138e-02
 5.521217798382e+04  1.493584700000e+01  5.917682086164e-02
 5.521218603608e+04  1.494376400000e+01  5.927352323550e-02
 5.550739648303e+04  1.525417200000e+01  6.217006607275e-02
 5.550741472679e+04  1.528036400000e+01  6.211143229307e-02
 5.550742155319e+04  1.530486000000e+01  6.382850377972e-02
 5.551631162360e+04  1.513987900000e+01  6.113347402609e-02
 5.551632557404e+04  1.515691700000e+01  6.127678317472e-02
 5.551633248237e+04  1.517092500000e+01  6.137032204085e-02
 5.553024752476e+04  1.501518500000e+01  5.992804627044e-02
 5.553025912565e+04  1.505523700000e+01  6.017358173259e-02
 5.553026489154e+04  1.503554900000e+01  6.002520710642e-02
 5.547640969333e+04  1.483917300000e+01  5.893413994844e-02
 5.547642373168e+04  1.486823200000e+01  5.911299798056e-02
 5.547643078600e+04  1.486465800000e+01  5.908880416925e-02
 5.549941218206e+04  1.476112800000e+01  5.880809360056e-02
 5.549942623058e+04  1.472750800000e+01  5.861663775163e-02
 5.549943323634e+04  1.469322000000e+01  5.843157125777e-02
 5.560014029764e+04  1.493868800000e+01  5.775165361060e-02
 5.560014854238e+04  1.490127300000e+01  5.755531541273e-02
 5.560015682765e+04  1.487447200000e+01  5.740243475345e-02
 5.560016514462e+04  1.484469700000e+01  5.724210067834e-02
 5.557413129207e+04  1.515096300000e+01  6.132061661928e-02
 5.557413645624e+04  1.514651800000e+01  6.122516486049e-02
 5.557414162073e+04  1.514648800000e+01  6.124536250783e-02
 5.557414680689e+04  1.517241500000e+01  6.141015622187e-02
 5.559018115954e+04  1.530721400000e+01  6.281921503719e-02
 5.559018627819e+04  1.525153000000e+01  6.230581842726e-02
 5.559019143406e+04  1.523305800000e+01  6.219311604586e-02
 5.559019656580e+04  1.522325300000e+01  6.213632575528e-02
 5.374120689167e+04  1.496769100000e+01  5.964051386476e-02
 5.374121386863e+04  1.497123200000e+01  5.968449146710e-02
 5.374122085150e+04  1.498479700000e+01  5.980244195767e-02
 5.374122783831e+04  1.499952800000e+01  5.988903009625e-02
 5.548142382304e+04  1.489055800000e+01  5.919429509834e-02
 5.548143782645e+04  1.491524800000e+01  5.938391367349e-02
 5.548144474057e+04  1.491490500000e+01  5.936826244072e-02
 5.586439161997e+04  1.532127500000e+01  6.205047494020e-02
 5.586439716419e+04  1.529497400000e+01  6.182519525049e-02
 5.586440292617e+04  1.524900000000e+01  6.148375200486e-02
 5.586440863285e+04  1.521820400000e+01  6.126103176645e-02
 5.583046235421e+04  1.541179200000e+01  6.259647774508e-02
 5.583046920346e+04  1.538433300000e+01  6.236070714301e-02
 5.583047599384e+04  1.539076800000e+01  6.243934286698e-02
 5.583048290425e+04  1.540716300000e+01  6.258121764355e-02
 5.588827027642e+04  1.538327600000e+01  6.271073242747e-02
 5.588828726836e+04  1.538484000000e+01  6.269721318755e-02
 5.588829583955e+04  1.539139900000e+01  6.274253482616e-02
 5.585439713038e+04  1.534976800000e+01  6.219858401008e-02
 5.585440221235e+04  1.533914400000e+01  6.210915400648e-02
 5.585440731638e+04  1.537482300000e+01  6.238635418404e-02
 5.585441234532e+04  1.536866300000e+01  6.234731313394e-02
 5.589524758057e+04  1.496842900000e+01  5.949764085236e-02
 5.589525681278e+04  1.497594900000e+01  5.954521626444e-02
 5.589526605909e+04  1.498857800000e+01  5.959938658125e-02
 5.589527535403e+04  1.499205100000e+01  5.963514470701e-02
 5.592626064578e+04  1.537646300000e+01  6.275174909334e-02
 5.592626575286e+04  1.539980000000e+01  6.296826611071e-02
 5.592627086191e+04  1.538349500000e+01  6.283822305812e-02
 5.592627587646e+04  1.540900900000e+01  6.307030928486e-02
 5.618944349521e+04  1.511387900000e+01  6.114360886686e-02
 5.618944824480e+04  1.514096000000e+01  6.133953842547e-02
 5.618945296759e+04  1.512209800000e+01  6.117187112109e-02
 5.618945771771e+04  1.511880600000e+01  6.115360022822e-02
 5.619641379863e+04  1.533460500000e+01  6.337149957283e-02
 5.619642166476e+04  1.529793300000e+01  6.311573394017e-02
 5.619642844104e+04  1.514489500000e+01  6.333902990446e-02
 5.619643518675e+04  1.655050900000e+01  9.505921249073e-02
 5.621133580515e+04  1.493744400000e+01  5.979356393505e-02
 5.621134375799e+04  1.491170100000e+01  5.957661159223e-02
 5.621135170586e+04  1.489101400000e+01  5.937992302434e-02
 5.621135971740e+04  1.484568700000e+01  5.907431357528e-02
 5.621740812611e+04  1.499952500000e+01  6.006490130586e-02
 5.621741315691e+04  1.500520000000e+01  6.009503183291e-02
 5.621741823420e+04  1.500220400000e+01  6.008075131794e-02
 5.621742334985e+04  1.499539400000e+01  6.005364684152e-02
 5.622729508316e+04  1.496142800000e+01  6.171714456581e-02
 5.622730118520e+04  1.495395000000e+01  6.167600184056e-02
 5.622730728481e+04  1.499066600000e+01  6.196077621967e-02
 5.622731335402e+04  1.487274100000e+01  6.096688890214e-02
