# time mag mag_err
 5.346938409167e+04  1.542842100000e+01  6.273852780329e-02
 5.346939226279e+04  1.549484400000e+01  6.326390558019e-02
 5.346940046020e+04  1.545953600000e+01  6.300961476477e-02
 5.346940863618e+04  1.549001400000e+01  6.331261707313e-02
 5.348130387885e+04  1.547036600000e+01  6.297418127745e-02
 5.348131213470e+04  1.542037100000e+01  6.254393132912e-02
 5.348132045595e+04  1.542411400000e+01  6.254006266476e-02
 5.348132865230e+04  1.542252700000e+01  6.252042459415e-02
 5.355421283067e+04  1.575978900000e+01  6.681130654271e-02
 5.355421922046e+04  1.571158200000e+01  6.628209045801e-02
 5.355422570713e+04  1.575741100000e+01  6.683475269001e-02
 5.355423223755e+04  1.578123500000e+01  6.713995966441e-02
 5.352322765314e+04  1.502843500000e+01  7.054344753759e-02
 5.352323300838e+04  1.512109900000e+01  6.711242557681e-02
 5.352323837971e+04  1.494486300000e+01  5.995227474857e-02
 5.352324374051e+04  1.489567800000e+01  5.888789168885e-02
 5.352924680348e+04  1.496660700000e+01  5.521642596117e-02
 5.352925752358e+04  1.503865100000e+01  5.553525701660e-02
 5.352926822110e+04  1.509560600000e+01  5.580187107265e-02
 5.352927897998e+04  1.514971300000e+01  5.604214068310e-02
 5.349929631942e+04  1.526492900000e+01  6.119360210188e-02
 5.349930014809e+04  1.526365800000e+01  6.116616698324e-02
 5.349930402605e+04  1.524583400000e+01  6.103299344689e-02
 5.349930786016e+04  1.529752900000e+01  6.144961097657e-02
 5.350731374808e+04  1.563657300000e+01  6.556917103435e-02
 5.350732177788e+04  1.571203400000e+01  6.794944006131e-02
 5.350732983187e+04  1.567073600000e+01  7.208185184730e-02
 5.350733786745e+04  1.581530100000e+01  7.318380148914e-02
 5.382740248036e+04  1.570344500000e+01  6.737920821534e-02
 5.382742170862e+04  1.576460600000e+01  6.658746841409e-02
 5.382742945948e+04  1.580659500000e+01  6.710467555100e-02
 5.382743736647e+04  1.576879900000e+01  6.668380003363e-02
 5.383426095888e+04  1.539270700000e+01  6.842793758251e-02
 5.383426908486e+04  1.537661000000e+01  6.815707271362e-02
 5.383427723851e+04  1.543191500000e+01  6.880684989123e-02
 5.383428539620e+04  1.543019100000e+01  6.869065558717e-02
 5.385028675019e+04  1.566466400000e+01  6.677467170990e-02
 5.385029238854e+04  1.553903800000e+01  6.449454640957e-02
 5.385029796035e+04  1.540924400000e+01  6.462192039359e-02
 5.385030352602e+04  1.545343700000e+01  6.790782047334e-02
 5.397613623578e+04  1.551989000000e+01  7.145975377561e-02
 5.397613914669e+04  1.549039100000e+01  7.107830506035e-02
 5.397614207727e+04  1.551407600000e+01  7.145757412038e-02
 5.397614499478e+04  1.549158600000e+01  7.118205113957e-02
 5.390527654619e+04  1.574252400000e+01  1.137078241486e-01
 5.390527760042e+04  1.568828500000e+01  1.115305517885e-01
 5.390527865139e+04  1.573925900000e+01  1.135995010472e-01
 5.390527969983e+04  1.571934600000e+01  1.129216980883e-01
 5.379847991866e+04  1.565398900000e+01  6.503467506482e-02
 5.379848639317e+04  1.566995500000e+01  6.586713373778e-02
 5.379849299420e+04  1.568215100000e+01  7.012825933814e-02
 5.379849965876e+04  1.569198400000e+01  7.202301828910e-02
 5.381941475244e+04  1.566248200000e+01  6.679915708293e-02
 5.381942358898e+04  1.556669500000e+01  6.987458709585e-02
 5.381943248619e+04  1.570473900000e+01  6.726685041556e-02
 5.381944158421e+04  1.565436100000e+01  6.637937866889e-02
 5.385830071883e+04  1.553611400000e+01  6.479008925913e-02
 5.385830881472e+04  1.552725900000e+01  6.468344006837e-02
 5.385831691953e+04  1.558547400000e+01  6.531488762550e-02
 5.385832495894e+04  1.557933700000e+01  6.520998460286e-02
 5.387336235411e+04  1.559916700000e+01  7.128000361198e-02
 5.387336743005e+04  1.560680300000e+01  7.122133283095e-02
 5.387337249477e+04  1.561200700000e+01  7.135039136714e-02
 5.387337756655e+04  1.562833400000e+01  7.158264091312e-02
 5.387928900510e+04  1.548698500000e+01  6.381929029247e-02
 5.387929699219e+04  1.552489700000e+01  6.419750804767e-02
 5.387930499433e+04  1.552622700000e+01  6.420257265425e-02
 5.387931297667e+04  1.548217100000e+01  6.381542970996e-02
 5.420439144769e+04  1.534185400000e+01  6.165984484881e-02
 5.420439911543e+04  1.530194800000e+01  6.136111846841e-02
 5.420440678259e+04  1.526066600000e+01  6.106776092204e-02
 5.420441441619e+04  1.526598800000e+01  6.109278601168e-02
 5.421441253308e+04  1.573528600000e+01  6.549841340370e-02
 5.421441897981e+04  1.575043500000e+01  6.571668176830e-02
 5.421442547007e+04  1.574025100000e+01  6.554970006330e-02
 5.421443194469e+04  1.573878700000e+01  6.556847715230e-02
 5.411750085382e+04  1.559632700000e+01  6.365625955734e-02
 5.411750751664e+04  1.555061100000e+01  6.317769685745e-02
 5.411751415390e+04  1.555209200000e+01  6.319802121573e-02
 5.411752083097e+04  1.552173400000e+01  6.289775807794e-02
 5.429017991811e+04  1.539207700000e+01  6.392361417128e-02
 5.429018475978e+04  1.538821200000e+01  6.381754513468e-02
 5.429018958850e+04  1.538010100000e+01  6.376660878206e-02
 5.429019442705e+04  1.542624100000e+01  6.413187167278e-02
 5.426425406682e+04  1.587539700000e+01  6.752568159940e-02
 5.426426256839e+04  1.577181200000e+01  6.635650451533e-02
 5.426427092795e+04  1.566099600000e+01  6.516951381022e-02
 5.426427927281e+04  1.544419200000e+01  6.307754402137e-02
 5.417538668240e+04  1.577033400000e+01  6.562582145208e-02
 5.417539456889e+04  1.574050400000e+01  6.530060172156e-02
 5.417540244579e+04  1.577742300000e+01  6.563527387477e-02
 5.417541030683e+04  1.576663900000e+01  6.553194098588e-02
 5.422828591684e+04  1.581462900000e+01  6.700550246978e-02
 5.422829454424e+04  1.579690200000e+01  6.697972969103e-02
 5.422830314466e+04  1.571690200000e+01  6.581112959418e-02
 5.422831178527e+04  1.563656400000e+01  6.494519258644e-02
 5.424230453199e+04  1.553537400000e+01  6.435154073360e-02
 5.424231266249e+04  1.550844100000e+01  6.413315247115e-02
 5.424232079438e+04  1.555574300000e+01  6.465968064444e-02
 5.424232894223e+04  1.553980700000e+01  6.435684592271e-02
 5.434612663535e+04  1.576243300000e+01  6.643044642722e-02
 5.434613093395e+04  1.577462900000e+01  6.661286003176e-02
 5.434613522108e+04  1.573754300000e+01  6.624490544347e-02
 5.434613950706e+04  1.574438700000e+01  6.637579523829e-02
 5.455743539440e+04  1.557082000000e+01  6.364714910892e-02
 5.455744354897e+04  1.562082900000e+01  6.450085885191e-02
 5.455745174961e+04  1.558773000000e+01  6.402033031222e-02
 5.455745996332e+04  1.564693900000e+01  6.445680707137e-02
 5.456630340245e+04  1.527696300000e+01  6.149996335016e-02
 5.456631215313e+04  1.529702700000e+01  6.164766037459e-02
 5.456632089765e+04  1.532640100000e+01  6.182229059576e-02
 5.456632964416e+04  1.537288500000e+01  6.222215662185e-02
 5.457135382351e+04  1.582249400000e+01  6.609187405208e-02
 5.457136026850e+04  1.581271400000e+01  6.597948383062e-02
 5.457136674648e+04  1.582878900000e+01  6.610580616853e-02
 5.457137320850e+04  1.577851400000e+01  6.559085649786e-02
 5.458041932425e+04  1.584025800000e+01  6.662462233794e-02
 5.458042593094e+04  1.580376100000e+01  6.628531992523e-02
 5.458043250894e+04  1.580978500000e+01  6.636023463184e-02
 5.458043903785e+04  1.580866000000e+01  6.638818967041e-02
 5.483051327053e+04  1.550676100000e+01  6.512129692132e-02
 5.483051807632e+04  1.550690500000e+01  6.507117236479e-02
 5.483052297448e+04  1.549129100000e+01  6.490077864368e-02
 5.483052788687e+04  1.552673800000e+01  6.522744261634e-02
 5.450346890219e+04  1.543982100000e+01  6.219842489813e-02
 5.450347663904e+04  1.546923400000e+01  6.243317038009e-02
 5.450348446940e+04  1.551236000000e+01  6.278303040782e-02
 5.450349222766e+04  1.552316800000e+01  6.286885900368e-02
 5.450950332912e+04  1.556230300000e+01  6.322296479336e-02
 5.450951057809e+04  1.552005000000e+01  6.286359113426e-02
 5.450951767508e+04  1.556898200000e+01  6.329058371971e-02
 5.450952476977e+04  1.557438200000e+01  6.329712682038e-02
 5.451541381450e+04  1.551330400000e+01  6.320747021686e-02
 5.451541917067e+04  1.548356800000e+01  6.345000343876e-02
 5.451542454270e+04  1.550406300000e+01  6.353399631707e-02
 5.451542994331e+04  1.544988700000e+01  6.375272431028e-02
 5.462332588956e+04  1.556735500000e+01  6.007576583956e-02
 5.462333541307e+04  1.560855800000e+01  6.040458681156e-02
 5.462334492303e+04  1.560323500000e+01  6.041824544450e-02
 5.462335445846e+04  1.561551700000e+01  6.051564123878e-02
 5.452841107553e+04  1.572750200000e+01  6.489920919659e-02
 5.452841766800e+04  1.567510900000e+01  6.433524755308e-02
 5.452842426080e+04  1.563623400000e+01  6.395561261805e-02
 5.452843085209e+04  1.558686600000e+01  6.347139064571e-02
 5.453941403333e+04  1.550576300000e+01  6.288663199601e-02
 5.453942229392e+04  1.549168000000e+01  6.290160724749e-02
 5.453943055233e+04  1.552211000000e+01  6.317802910842e-02
 5.453943880123e+04  1.554731300000e+01  6.328008189750e-02
 5.458834931815e+04  1.542467200000e+01  6.213648382557e-02
 5.458835593770e+04  1.538668400000e+01  6.179400127742e-02
 5.458836257517e+04  1.533658900000e+01  6.146053789281e-02
 5.458836925468e+04  1.527217400000e+01  6.094596826451e-02
 5.459331822935e+04  1.548689800000e+01  6.316767973731e-02
 5.459332414816e+04  1.549947700000e+01  6.330853404194e-02
 5.459333005876e+04  1.546035400000e+01  6.292289155529e-02
 5.459333594111e+04  1.550015600000e+01  6.327249558902e-02
 5.460018519148e+04  1.575737100000e+01  6.626489260867e-02
 5.460019218407e+04  1.571274100000e+01  6.574574236598e-02
 5.460019916127e+04  1.578032100000e+01  6.639779276676e-02
 5.460020612566e+04  1.575414000000e+01  6.610768090854e-02
 5.460129888622e+04  1.574074900000e+01  6.596153885865e-02
 5.460130547960e+04  1.569759500000e+01  6.545958713735e-02
 5.460131208444e+04  1.575779600000e+01  6.613669083861e-02
 5.460131869287e+04  1.577563400000e+01  6.629732708041e-02
 5.493945230524e+04  1.535687400000e+01  6.174626975449e-02
 5.493945712111e+04  1.537345700000e+01  6.186895330234e-02
 5.493946199741e+04  1.539147600000e+01  6.206974252714e-02
 5.493946690623e+04  1.537266700000e+01  6.192038971934e-02
 5.494538434971e+04  1.538184600000e+01  6.196693130993e-02
 5.494538984919e+04  1.532521600000e+01  6.146050330310e-02
 5.494539525073e+04  1.532676700000e+01  6.151738474870e-02
 5.494540065333e+04  1.530256200000e+01  6.134323634262e-02
 5.486742790063e+04  1.585403400000e+01  6.943574918135e-02
 5.486744001918e+04  1.585200500000e+01  6.952424018722e-02
 5.486745222337e+04  1.589318400000e+01  7.055396055172e-02
 5.486746453544e+04  1.584039500000e+01  6.958539997723e-02
 5.489044553324e+04  1.552218100000e+01  6.359547915156e-02
 5.489045140841e+04  1.556236700000e+01  6.506550421717e-02
 5.489045743962e+04  1.552127300000e+01  6.548167735062e-02
 5.489046349050e+04  1.555878000000e+01  6.460840230015e-02
 5.486148429847e+04  1.582749700000e+01  6.575179721409e-02
 5.486149293582e+04  1.570642600000e+01  6.449154043156e-02
 5.486150158185e+04  1.556748500000e+01  6.313423902104e-02
 5.486151032419e+04  1.544391600000e+01  6.203410351993e-02
 5.499727972288e+04  1.578029100000e+01  6.586988773171e-02
 5.499728454601e+04  1.579953400000e+01  6.611533517185e-02
 5.499728934764e+04  1.583917200000e+01  6.656872244925e-02
 5.499729416884e+04  1.580687600000e+01  6.622299234953e-02
 5.491233346334e+04  1.580537800000e+01  6.606193084775e-02
 5.491233828607e+04  1.582008500000e+01  6.645284940922e-02
 5.491234307553e+04  1.582276000000e+01  6.625477720300e-02
 5.491234796457e+04  1.584396900000e+01  6.640529740436e-02
 5.491934897522e+04  1.567925300000e+01  6.473789169202e-02
 5.491935437872e+04  1.570956900000e+01  6.480207592892e-02
 5.491935987493e+04  1.572581300000e+01  6.556369101939e-02
 5.491936534838e+04  1.572955700000e+01  6.500788074947e-02
 5.496440856876e+04  1.579232300000e+01  6.913486130261e-02
 5.496441397898e+04  1.580916900000e+01  6.942132137318e-02
 5.496441915692e+04  1.586417700000e+01  7.018859649032e-02
 5.496442458427e+04  1.586284100000e+01  7.021461937863e-02
 5.497636090297e+04  1.584335900000e+01  6.700354960775e-02
 5.497636333470e+04  1.584725900000e+01  6.702787142052e-02
 5.497636577382e+04  1.558199800000e+01  1.190129511724e-01
 5.497831049065e+04  1.535269600000e+01  6.187492807511e-02
 5.497831872995e+04  1.520420300000e+01  6.069821428255e-02
 5.497832669738e+04  1.516326700000e+01  6.042622923821e-02
 5.497833502825e+04  1.500780800000e+01  5.939485663960e-02
 5.509510349137e+04  1.580887300000e+01  6.801112458250e-02
 5.509510840897e+04  1.575472800000e+01  6.757691016302e-02
 5.509511333919e+04  1.572650600000e+01  6.747334811594e-02
 5.509511822856e+04  1.562272200000e+01  6.645592083221e-02
 5.529340861152e+04  1.536112900000e+01  6.171120009449e-02
 5.529341496925e+04  1.528194800000e+01  6.107888909455e-02
 5.529342145535e+04  1.526565900000e+01  6.094205170341e-02
 5.529342793637e+04  1.517076700000e+01  6.027725459641e-02
 5.530336966167e+04  1.577996700000e+01  6.685511140116e-02
 5.530337828538e+04  1.578631300000e+01  6.697795299646e-02
 5.530338698699e+04  1.581415300000e+01  6.733967444511e-02
 5.530339573049e+04  1.579546100000e+01  6.712492870264e-02
 5.538217947237e+04  1.535588300000e+01  6.213044650103e-02
 5.538218794394e+04  1.538535500000e+01  6.235688326111e-02
 5.538219642816e+04  1.540774300000e+01  6.256407924941e-02
 5.538220506413e+04  1.543228600000e+01  6.280387591591e-02
 5.535126509075e+04  1.569012200000e+01  6.505309052781e-02
 5.535127304301e+04  1.569027000000e+01  6.727732435163e-02
 5.535128046259e+04  1.570104200000e+01  6.538678137722e-02
 5.535128789486e+04  1.570672900000e+01  6.543348501795e-02
 5.536523613787e+04  1.588851700000e+01  6.707684171020e-02
 5.536524127635e+04  1.583562100000e+01  6.644836306202e-02
 5.536524639189e+04  1.582909300000e+01  6.633238779510e-02
 5.536525146784e+04  1.582964900000e+01  6.641421838177e-02
 5.527139837788e+04  1.546293000000e+01  6.268869838533e-02
 5.527140531249e+04  1.548311700000e+01  6.281484152712e-02
 5.527141222156e+04  1.549320000000e+01  6.292321037476e-02
 5.527141909264e+04  1.548791400000e+01  6.286264640423e-02
 5.532528869396e+04  1.541700100000e+01  6.237038272122e-02
 5.532529614088e+04  1.543636600000e+01  6.259278699312e-02
 5.532530361859e+04  1.544084900000e+01  6.261474940487e-02
 5.532531115218e+04  1.544871200000e+01  6.268621135973e-02
 5.533230290626e+04  1.573872000000e+01  6.545160206450e-02
 5.533231094497e+04  1.573809900000e+01  6.543926911277e-02
 5.533231902144e+04  1.565519800000e+01  6.452249566415e-02
 5.533232706896e+04  1.561925700000e+01  6.422326708149e-02
 5.533919153631e+04  1.563356200000e+01  6.445499062320e-02
 5.533919721205e+04  1.563471700000e+01  6.451533454910e-02
 5.533920283839e+04  1.560940900000e+01  6.422603555867e-02
 5.533920855931e+04  1.565466400000e+01  6.461626914192e-02
 5.565740410878e+04  1.573490900000e+01  6.612826112582e-02
 5.565740981360e+04  1.575012600000e+01  6.629339963752e-02
 5.565741556759e+04  1.574685000000e+01  6.623634584433e-02
 5.565742130830e+04  1.571439600000e+01  6.588817983417e-02
 5.567446149111e+04  1.531014700000e+01  6.254244331895e-02
 5.567446837640e+04  1.532761300000e+01  6.273043383706e-02
 5.567447528256e+04  1.530366900000e+01  6.256856182423e-02
 5.567448215421e+04  1.535111000000e+01  6.302084275295e-02
 5.562647799948e+04  1.568804200000e+01  6.874679129586e-02
 5.562648313562e+04  1.564217200000e+01  6.832924977034e-02
 5.562648828323e+04  1.559269200000e+01  6.893189782093e-02
 5.562649353466e+04  1.556499200000e+01  6.920435104053e-02
 5.563449303076e+04  1.561910300000e+01  6.488109342635e-02
 5.563449998725e+04  1.562768100000e+01  6.494424446961e-02
 5.563450695926e+04  1.566927400000e+01  6.541311002488e-02
 5.563451388521e+04  1.562883800000e+01  6.506672775380e-02
 5.564938109547e+04  1.549661100000e+01  6.372124905032e-02
 5.564938913906e+04  1.549950900000e+01  6.375837946679e-02
 5.564939727457e+04  1.548112200000e+01  6.365538339931e-02
 5.564940537694e+04  1.550589700000e+01  6.381876121615e-02
 5.568336746468e+04  1.575784700000e+01  6.321937447828e-02
 5.568337789519e+04  1.564534000000e+01  6.222749391198e-02
 5.568338849122e+04  1.551973200000e+01  6.122894531002e-02
 5.568339903525e+04  1.543527800000e+01  6.059226842753e-02
 5.568934437017e+04  1.588842600000e+01  6.802722973289e-02
 5.568935082384e+04  1.582562900000e+01  6.724893008713e-02
 5.568935720968e+04  1.581269800000e+01  6.709529985518e-02
 5.568936365015e+04  1.574609400000e+01  6.628086092722e-02
 5.570134944292e+04  1.574227400000e+01  6.660738858158e-02
 5.570135738014e+04  1.563137900000e+01  6.541385575955e-02
 5.570136528958e+04  1.552200400000e+01  6.434278396797e-02
 5.570137316093e+04  1.535346600000e+01  6.280868752465e-02
 5.592552647322e+04  1.534633400000e+01  6.212122628552e-02
 5.592553235223e+04  1.536066200000e+01  6.219267738181e-02
 5.592553819326e+04  1.540182800000e+01  6.249238067934e-02
 5.592554403595e+04  1.538655000000e+01  6.235647219749e-02
 5.596741533306e+04  1.527941400000e+01  6.149251563152e-02
 5.596741983826e+04  1.524839700000e+01  6.123302822085e-02
 5.596742436616e+04  1.526972600000e+01  6.138056777490e-02
 5.596742890231e+04  1.526066600000e+01  6.127674981052e-02
 5.598152013377e+04  1.577509000000e+01  6.578967062228e-02
 5.598152581100e+04  1.575067300000e+01  6.549443228910e-02
 5.598153152038e+04  1.578884400000e+01  6.592038019336e-02
 5.598153727588e+04  1.574280700000e+01  6.544315142876e-02
 5.598841933553e+04  1.534652000000e+01  6.191754642555e-02
 5.598842566744e+04  1.537426100000e+01  6.214996301275e-02
 5.598843207866e+04  1.539693600000e+01  6.232001017124e-02
 5.598843846292e+04  1.538770800000e+01  6.222428307360e-02
 5.600149178417e+04  1.547124500000e+01  6.282806299247e-02
 5.600149685387e+04  1.545286400000e+01  6.266666357534e-02
 5.600150194971e+04  1.536609400000e+01  6.194863919243e-02
 5.600150709198e+04  1.533221600000e+01  6.166045813450e-02
 5.600937774382e+04  1.530637400000e+01  6.156727239710e-02
 5.600938562825e+04  1.533093500000e+01  6.174296856597e-02
 5.600939361198e+04  1.534678700000e+01  6.189078012485e-02
 5.600940146505e+04  1.537636000000e+01  6.211729088219e-02
 5.603442832186e+04  1.565994400000e+01  6.550562799525e-02
 5.603443343450e+04  1.562813100000e+01  6.516212778698e-02
 5.603443845502e+04  1.556112100000e+01  6.429078700091e-02
 5.603444357970e+04  1.553118300000e+01  6.396454562014e-02
 5.604820422576e+04  1.566685200000e+01  6.577656997517e-02
 5.604821386123e+04  1.561358400000e+01  6.510722302405e-02
 5.604822351170e+04  1.556470000000e+01  6.456307038557e-02
 5.604823315529e+04  1.551489200000e+01  6.400776883202e-02
 5.606237899141e+04  1.569482500000e+01  6.486571299178e-02
 5.606238753932e+04  1.568231100000e+01  6.477941966813e-02
 5.606239608257e+04  1.570922600000e+01  6.511805161436e-02
 5.606240467050e+04  1.571090100000e+01  6.518732449080e-02
 5.607223343300e+04  1.535751900000e+01  6.179011497844e-02
 5.607223920944e+04  1.531953800000e+01  6.140379884758e-02
 5.607224497729e+04  1.531160200000e+01  6.141855333074e-02
 5.607225076641e+04  1.531543800000e+01  6.143583786155e-02
 5.609026544808e+04  1.531417100000e+01  6.157802593550e-02
 5.609027328247e+04  1.536664600000e+01  6.215697256677e-02
 5.609028119987e+04  1.538815500000e+01  6.233112762972e-02
 5.609028906738e+04  1.540309000000e+01  6.251365412035e-02
