# time mag mag_err
 5.346436394100e+04  1.542151100000e+01  6.294676672345e-02
 5.346437200829e+04  1.541780700000e+01  6.294772544092e-02
 5.346438010291e+04  1.544406900000e+01  6.322114505133e-02
 5.346438813745e+04  1.544409700000e+01  6.325094823143e-02
 5.373448966285e+04  1.539184200000e+01  6.333039091320e-02
 5.373449751799e+04  1.539085600000e+01  6.327703600462e-02
 5.373450541722e+04  1.545084200000e+01  6.378089368980e-02
 5.373451330105e+04  1.544419700000e+01  6.366048420292e-02
 5.355319151310e+04  1.525432000000e+01  6.315252037765e-02
 5.355319796030e+04  1.531089200000e+01  6.372640472158e-02
 5.355320442891e+04  1.531530900000e+01  6.385271488532e-02
 5.355321091755e+04  1.529158800000e+01  6.374002096463e-02
 5.349828885741e+04  1.521851800000e+01  6.173267501405e-02
 5.349829591921e+04  1.518310200000e+01  6.143072613857e-02
 5.349830298542e+04  1.524506500000e+01  6.203290297551e-02
 5.349831001957e+04  1.521233400000e+01  6.175706827254e-02
 5.352123202670e+04  1.539194800000e+01  6.461747107003e-02
 5.352124061625e+04  1.540764900000e+01  6.371193663143e-02
 5.352124921066e+04  1.540267000000e+01  6.359002614249e-02
 5.352125783435e+04  1.543474000000e+01  6.392312960614e-02
 5.384433763630e+04  1.561353900000e+01  6.662599247680e-02
 5.384434624054e+04  1.556888100000e+01  6.616430760734e-02
 5.384435486435e+04  1.562767200000e+01  6.690252821453e-02
 5.384436347126e+04  1.553196900000e+01  6.588825294326e-02
 5.409450777502e+04  1.510213500000e+01  6.028849617864e-02
 5.409451617672e+04  1.506408900000e+01  5.997520465434e-02
 5.409452456291e+04  1.501346700000e+01  5.959109548653e-02
 5.409453299550e+04  1.496018600000e+01  5.922310149065e-02
 5.377350309477e+04  1.539104100000e+01  6.354637409445e-02
 5.377351016677e+04  1.525253800000e+01  6.228496561459e-02
 5.377351731480e+04  1.512395200000e+01  6.118783978500e-02
 5.377352441597e+04  1.508844200000e+01  6.090737794337e-02
 5.378649966733e+04  1.525330400000e+01  6.201183775523e-02
 5.378650512361e+04  1.526966000000e+01  6.225244227256e-02
 5.378651053442e+04  1.526388300000e+01  6.216732556813e-02
 5.378651584637e+04  1.526922900000e+01  6.220409808149e-02
 5.374447145053e+04  1.538524700000e+01  6.394977215032e-02
 5.374447948171e+04  1.539425700000e+01  6.393578919399e-02
 5.374448753756e+04  1.539985400000e+01  6.393595139561e-02
 5.374449560093e+04  1.539031700000e+01  6.375570871762e-02
 5.376144327914e+04  1.556236400000e+01  6.526070642274e-02
 5.376144915039e+04  1.555687300000e+01  6.516487137715e-02
 5.376145503066e+04  1.550304100000e+01  6.461344596437e-02
 5.376146092412e+04  1.545201900000e+01  6.406978542523e-02
 5.393715576778e+04  1.541902500000e+01  6.573969283274e-02
 5.393716106145e+04  1.541212200000e+01  6.576777791733e-02
 5.393716636692e+04  1.543514400000e+01  6.628555049690e-02
 5.393717164750e+04  1.544381800000e+01  6.669820192561e-02
 5.390327018126e+04  1.493720100000e+01  9.283633091156e-02
 5.390327115492e+04  1.488775600000e+01  9.206643769744e-02
 5.390327214038e+04  1.493124200000e+01  9.307725876057e-02
 5.390327310895e+04  1.491300500000e+01  9.260295909133e-02
 5.380341605691e+04  1.542530200000e+01  6.905523823733e-02
 5.380342244520e+04  1.541263100000e+01  6.871147600231e-02
 5.380342884539e+04  1.542987400000e+01  6.863868033867e-02
 5.380343520682e+04  1.541931000000e+01  6.899169398466e-02
 5.387527679038e+04  1.494881300000e+01  6.060227310096e-02
 5.387528421946e+04  1.497539600000e+01  6.085660772281e-02
 5.387529167885e+04  1.499881300000e+01  6.107332220857e-02
 5.387529912274e+04  1.500490600000e+01  6.118770802386e-02
 5.388123932222e+04  1.481358400000e+01  5.745930214567e-02
 5.388125051722e+04  1.483508400000e+01  5.758813629075e-02
 5.388126174939e+04  1.486140800000e+01  5.773305797216e-02
 5.388127294415e+04  1.489464700000e+01  5.794170891589e-02
 5.420532841986e+04  1.544116200000e+01  6.348934636144e-02
 5.420533482655e+04  1.543818300000e+01  6.348123712287e-02
 5.420534124411e+04  1.546025200000e+01  6.369003860979e-02
 5.420534761884e+04  1.546029500000e+01  6.369605072004e-02
 5.426022997568e+04  1.553345400000e+01  6.465031035618e-02
 5.426023750454e+04  1.552702800000e+01  6.461488790650e-02
 5.426024505097e+04  1.549804400000e+01  6.438002349737e-02
 5.426025258931e+04  1.555122800000e+01  6.493073265659e-02
 5.426719471709e+04  1.503593400000e+01  6.096012568039e-02
 5.426720389336e+04  1.508182200000e+01  6.186527388846e-02
 5.426721311222e+04  1.511082900000e+01  6.188844291494e-02
 5.426722231975e+04  1.514014800000e+01  6.232331846526e-02
 5.417137251924e+04  1.548586800000e+01  6.359792754750e-02
 5.417138027043e+04  1.543054900000e+01  6.307604911092e-02
 5.417138803066e+04  1.531138500000e+01  6.205249622235e-02
 5.417139574620e+04  1.518511000000e+01  6.102203103271e-02
 5.423726120402e+04  1.515237000000e+01  7.017788127987e-02
 5.423727330554e+04  1.531752200000e+01  6.475438489567e-02
 5.423728241861e+04  1.535825500000e+01  6.407325869556e-02
 5.423728782524e+04  1.533134400000e+01  6.374587257596e-02
 5.424321373137e+04  1.518941300000e+01  6.194555231983e-02
 5.424321968097e+04  1.520514000000e+01  6.214509678158e-02
 5.424322560985e+04  1.522085800000e+01  6.222885924841e-02
 5.424323155598e+04  1.523984600000e+01  6.236638723138e-02
 5.456838654875e+04  1.538481500000e+01  6.279902492827e-02
 5.456839206986e+04  1.542170900000e+01  6.314665652694e-02
 5.456839765532e+04  1.540252100000e+01  6.300684587211e-02
 5.456840321671e+04  1.540913000000e+01  6.306084739793e-02
 5.458036351858e+04  1.536146200000e+01  6.278032399260e-02
 5.458037047668e+04  1.536104200000e+01  6.286503181937e-02
 5.458037748466e+04  1.535114300000e+01  6.282408416148e-02
 5.458038449855e+04  1.539032000000e+01  6.322895354847e-02
 5.450248074356e+04  1.481752000000e+01  5.831086828061e-02
 5.450249101630e+04  1.483353500000e+01  5.840540108232e-02
 5.450250132514e+04  1.481145900000e+01  5.828466869217e-02
 5.450251159856e+04  1.487563300000e+01  5.866631900002e-02
 5.452451393777e+04  1.491477900000e+01  5.899416840712e-02
 5.452452183955e+04  1.480597900000e+01  5.835201074104e-02
 5.452452967315e+04  1.482733700000e+01  5.853347577280e-02
 5.452453749484e+04  1.479789000000e+01  5.836155413627e-02
 5.449647596917e+04  1.484004700000e+01  5.838926218661e-02
 5.449648035110e+04  1.485467100000e+01  5.846557130943e-02
 5.449648468280e+04  1.485235200000e+01  5.845843423979e-02
 5.449648901704e+04  1.486213700000e+01  5.851871351033e-02
 5.462423532854e+04  1.492274900000e+01  5.756111831005e-02
 5.462424195178e+04  1.495209300000e+01  5.774548880242e-02
 5.462424855490e+04  1.496078000000e+01  5.780391050149e-02
 5.462425514457e+04  1.498065500000e+01  5.794664596283e-02
 5.453836558316e+04  1.544575800000e+01  6.078908767722e-02
 5.453837429782e+04  1.545131600000e+01  6.075252695668e-02
 5.453838304410e+04  1.546995000000e+01  6.087807659812e-02
 5.453839181595e+04  1.547913500000e+01  6.096201215720e-02
 5.493823823715e+04  1.544079500000e+01  6.350585012024e-02
 5.493824310490e+04  1.542378000000e+01  6.330576553248e-02
 5.493824790826e+04  1.543417100000e+01  6.339955836438e-02
 5.493825270181e+04  1.537178200000e+01  6.279755653939e-02
 5.488147934897e+04  1.556001900000e+01  6.397989666113e-02
 5.488148537300e+04  1.555321000000e+01  6.395539600972e-02
 5.488149139228e+04  1.555696700000e+01  6.396958566459e-02
 5.488149737522e+04  1.550591100000e+01  6.353818713282e-02
 5.486245078184e+04  1.522635900000e+01  6.120224123610e-02
 5.486246107043e+04  1.523245500000e+01  6.121969743246e-02
 5.486247142117e+04  1.523419200000e+01  6.122241357727e-02
 5.486248194148e+04  1.527837400000e+01  6.156755630152e-02
 5.499718260620e+04  1.556323400000e+01  6.475813054026e-02
 5.499718807848e+04  1.558752300000e+01  6.502161589361e-02
 5.499719348627e+04  1.552156400000e+01  6.438778788521e-02
 5.499719890358e+04  1.557437400000e+01  6.488453715327e-02
 5.496628964517e+04  1.540437600000e+01  6.333873610668e-02
 5.496629808774e+04  1.542402400000e+01  6.353419839513e-02
 5.496630647719e+04  1.546003400000e+01  6.392329147395e-02
 5.496631504175e+04  1.535219900000e+01  6.296812916233e-02
 5.497922672284e+04  1.504047800000e+01  6.037057076066e-02
 5.497923404231e+04  1.497732800000e+01  5.995971838514e-02
 5.497924136550e+04  1.490826900000e+01  5.953705064150e-02
 5.497924876934e+04  1.485070700000e+01  5.917499516789e-02
 5.529034628775e+04  1.512551000000e+01  6.083011761984e-02
 5.529035322375e+04  1.509513600000e+01  6.060087206247e-02
 5.529036018141e+04  1.514156400000e+01  6.098726590730e-02
 5.529036717032e+04  1.514495200000e+01  6.092838412043e-02
 5.530135754133e+04  1.544056700000e+01  6.351645833795e-02
 5.530136443149e+04  1.546046400000e+01  6.373923764037e-02
 5.530137145696e+04  1.544235500000e+01  6.359308351814e-02
 5.530137850632e+04  1.539322000000e+01  6.317266250243e-02
 5.524140888130e+04  1.483957900000e+01  5.911988519029e-02
 5.524141701170e+04  1.482555600000e+01  5.902088156218e-02
 5.524142521882e+04  1.486073300000e+01  5.926763742312e-02
 5.524143336250e+04  1.487185400000e+01  5.930086379449e-02
 5.535223049209e+04  1.549158800000e+01  6.399251099318e-02
 5.535223792696e+04  1.550871700000e+01  6.421457458199e-02
 5.535224533302e+04  1.553022500000e+01  6.438297829699e-02
 5.535225268248e+04  1.554108500000e+01  6.457267208234e-02
 5.536415896442e+04  1.543166600000e+01  6.818823535209e-02
 5.536416392473e+04  1.543963000000e+01  6.838941402638e-02
 5.536416892718e+04  1.536592500000e+01  6.745123531529e-02
 5.536417387661e+04  1.543782000000e+01  6.831130926746e-02
 5.526840052126e+04  1.529041600000e+01  6.200578430469e-02
 5.526840627583e+04  1.529674800000e+01  6.201643040879e-02
 5.526841208944e+04  1.529565700000e+01  6.205292365035e-02
 5.526841783775e+04  1.530124500000e+01  6.209307301246e-02
 5.532323682093e+04  1.527314700000e+01  5.951910719127e-02
 5.532324506060e+04  1.528993600000e+01  5.963082155322e-02
 5.532325333907e+04  1.528740500000e+01  5.961211228024e-02
 5.532326164332e+04  1.520821700000e+01  5.906783194760e-02
 5.533626270266e+04  1.555431800000e+01  6.462420672842e-02
 5.533627067448e+04  1.553063600000e+01  6.440817034803e-02
 5.533627875053e+04  1.547563500000e+01  6.388177798132e-02
 5.533628681781e+04  1.535542200000e+01  6.280311930647e-02
 5.566240004284e+04  1.542301700000e+01  6.385622690696e-02
 5.566240768549e+04  1.540338000000e+01  6.374744103970e-02
 5.566241545971e+04  1.539598700000e+01  6.370632459955e-02
 5.566242294250e+04  1.544632700000e+01  6.420262873057e-02
 5.567524518550e+04  1.552056300000e+01  6.905115558848e-02
 5.567525256759e+04  1.556066800000e+01  6.737189123459e-02
 5.567525993579e+04  1.556805400000e+01  6.875998052316e-02
 5.567526731661e+04  1.556528400000e+01  6.604949801907e-02
 5.560143706968e+04  1.527898100000e+01  6.255414553675e-02
 5.560144232870e+04  1.528255500000e+01  6.258537178776e-02
 5.560144753464e+04  1.530178100000e+01  6.270849820762e-02
 5.560145276413e+04  1.530459600000e+01  6.276212738228e-02
 5.556946944850e+04  1.541894300000e+01  6.372104059663e-02
 5.556947735919e+04  1.541599300000e+01  6.364905289238e-02
 5.556948533132e+04  1.541846900000e+01  6.363594856014e-02
 5.556949330153e+04  1.538864400000e+01  6.334714278700e-02
 5.562240332922e+04  1.548976800000e+01  6.149978838785e-02
 5.562241371484e+04  1.552448800000e+01  6.179118819529e-02
 5.562242417509e+04  1.553179000000e+01  6.185301639259e-02
 5.562243456777e+04  1.557441000000e+01  6.217396085655e-02
 5.568230747544e+04  1.524719200000e+01  5.904157502162e-02
 5.568231646063e+04  1.526043600000e+01  5.918502763110e-02
 5.568232553749e+04  1.525516700000e+01  5.918307040061e-02
 5.568233458668e+04  1.526737600000e+01  5.931403045835e-02
 5.570625706139e+04  1.503526100000e+01  6.091030230163e-02
 5.570626628559e+04  1.506917000000e+01  6.115212963956e-02
 5.570627557624e+04  1.509725500000e+01  6.141931151704e-02
 5.570628487256e+04  1.509560600000e+01  6.145075488050e-02
 5.592945313135e+04  1.518589700000e+01  6.166952625718e-02
 5.592946163921e+04  1.507793200000e+01  6.074433970384e-02
 5.592947026881e+04  1.507186200000e+01  6.061490439538e-02
 5.592947895119e+04  1.500818700000e+01  6.013378176060e-02
 5.598044491696e+04  1.504809600000e+01  5.813966404313e-02
 5.598045301152e+04  1.507322000000e+01  5.831453243447e-02
 5.598046118310e+04  1.507752700000e+01  5.833707572102e-02
 5.598046935465e+04  1.510716500000e+01  5.853322230584e-02
 5.598642117941e+04  1.499230200000e+01  6.090843556630e-02
 5.598642780105e+04  1.501286000000e+01  6.110264383659e-02
 5.598643454016e+04  1.496013200000e+01  6.072773621101e-02
 5.598644128677e+04  1.502308800000e+01  6.120484929077e-02
 5.599941287964e+04  1.540555300000e+01  6.321784271975e-02
 5.599941795949e+04  1.523637000000e+01  6.175445861038e-02
 5.599942303521e+04  1.542467000000e+01  6.341165967198e-02
 5.599942820843e+04  1.541829500000e+01  6.333971294625e-02
 5.601633398513e+04  1.562005500000e+01  6.569763515456e-02
 5.601634082759e+04  1.552449000000e+01  6.472388518174e-02
 5.601634778132e+04  1.497320000000e+01  6.001693328608e-02
 5.601635477660e+04  1.544897300000e+01  6.396985678572e-02
 5.603030075116e+04  1.551146600000e+01  7.009450275056e-02
 5.603030885865e+04  1.552680600000e+01  6.686252133263e-02
 5.603031223868e+04  1.538202400000e+01  6.503570013729e-02
 5.603031564745e+04  1.549583600000e+01  7.617145624732e-02
 5.603426937413e+04  1.541983100000e+01  6.373349635098e-02
 5.603427496263e+04  1.547318400000e+01  6.426190763911e-02
 5.603428065735e+04  1.545466100000e+01  6.406592899352e-02
 5.603428633162e+04  1.544942400000e+01  6.399169467224e-02
 5.605925305928e+04  1.482516700000e+01  5.855645397922e-02
 5.605925979920e+04  1.484920800000e+01  5.876846051318e-02
 5.605926665466e+04  1.486939600000e+01  5.893203727079e-02
 5.605927350167e+04  1.485204500000e+01  5.880560855213e-02
 5.606831275590e+04  1.544311300000e+01  6.363435662379e-02
 5.606832009284e+04  1.545128700000e+01  6.373991590349e-02
 5.606832747865e+04  1.542703900000e+01  6.359425632301e-02
 5.606833479664e+04  1.541688600000e+01  6.359731585292e-02
 5.609918103306e+04  1.551967000000e+01  6.488497508678e-02
 5.609918778573e+04  1.553001100000e+01  6.516709387594e-02
 5.609919453213e+04  1.551439900000e+01  6.509072355978e-02
 5.609920139068e+04  1.570213100000e+01  6.700940974025e-02
