# time mag mag_err
 5.376724834612e+04  1.482017900000e+01  5.800491023303e-02
 5.376725434747e+04  1.482130800000e+01  5.798891001682e-02
 5.376726038515e+04  1.482508600000e+01  5.800885783943e-02
 5.376726641497e+04  1.482833700000e+01  5.801437548152e-02
 5.374626422787e+04  1.470992500000e+01  5.837101730194e-02
 5.374626859152e+04  1.470247200000e+01  5.828812110270e-02
 5.374627295273e+04  1.469450900000e+01  5.820406910080e-02
 5.374627730155e+04  1.472285200000e+01  5.835798367640e-02
 5.390117138894e+04  1.463067700000e+01  8.192471644073e-02
 5.390117240391e+04  1.470082400000e+01  8.331978319483e-02
 5.390117344887e+04  1.468368300000e+01  8.303627397318e-02
 5.390117447404e+04  1.468157300000e+01  8.288932996056e-02
 5.406239652234e+04  1.488529200000e+01  5.777234456415e-02
 5.406240299707e+04  1.489364900000e+01  5.779643274052e-02
 5.406240954683e+04  1.489828200000e+01  5.793578725026e-02
 5.406241616231e+04  1.489559700000e+01  5.777628607089e-02
 5.421219171113e+04  1.474285000000e+01  5.727641819533e-02
 5.421219833044e+04  1.475537000000e+01  5.735209554633e-02
 5.421220496712e+04  1.475127700000e+01  5.734089892569e-02
 5.421221157473e+04  1.475556700000e+01  5.735621325661e-02
 5.415830826339e+04  1.475154900000e+01  5.708212809941e-02
 5.415831661902e+04  1.472525100000e+01  5.694563815763e-02
 5.415832502487e+04  1.475935100000e+01  5.712459557213e-02
 5.415833349508e+04  1.474738200000e+01  5.706023942140e-02
 5.412819453161e+04  1.459582200000e+01  5.653252702575e-02
 5.412820121319e+04  1.458612900000e+01  5.646727733981e-02
 5.412820790323e+04  1.461174500000e+01  5.657236223422e-02
 5.412821459153e+04  1.461592600000e+01  5.659542636711e-02
 5.480346822985e+04  1.459540200000e+01  5.738810979809e-02
 5.480347259373e+04  1.457919700000e+01  5.727809043276e-02
 5.480347692113e+04  1.459529800000e+01  5.738683494329e-02
 5.480348127309e+04  1.461370300000e+01  5.746200156275e-02
 5.494722370218e+04  1.439308900000e+01  5.684383027707e-02
 5.494722805992e+04  1.442042500000e+01  5.698856265613e-02
 5.494723242693e+04  1.442282300000e+01  5.703133677827e-02
 5.494723681233e+04  1.443712600000e+01  5.685779148371e-02
 5.518435468529e+04  1.470885300000e+01  5.691162765068e-02
 5.518436067192e+04  1.471582400000e+01  5.698094741901e-02
 5.518436657524e+04  1.470165700000e+01  5.688130176120e-02
 5.518437249071e+04  1.471614200000e+01  5.693547345605e-02
 5.486525194637e+04  1.451951100000e+01  5.585170922897e-02
 5.486525688943e+04  1.452787400000e+01  5.590450449888e-02
 5.486526184488e+04  1.452878700000e+01  5.588958921866e-02
 5.486526678679e+04  1.454487100000e+01  5.595937831691e-02
 5.491328925837e+04  1.478968700000e+01  5.722633772189e-02
 5.491329463169e+04  1.478149700000e+01  5.718497621825e-02
 5.491330002698e+04  1.478508100000e+01  5.721071128187e-02
 5.491330550748e+04  1.478938000000e+01  5.724104405397e-02
 5.514145268300e+04  1.463336100000e+01  5.826943485256e-02
 5.514145662035e+04  1.463828100000e+01  5.828766188596e-02
 5.514146062914e+04  1.463049400000e+01  5.822556574219e-02
 5.514146455062e+04  1.465982000000e+01  5.840177142267e-02
 5.529827901397e+04  1.474576000000e+01  5.749571174321e-02
 5.529828466297e+04  1.476746600000e+01  5.764088597623e-02
 5.529829038248e+04  1.476752700000e+01  5.765307154478e-02
 5.529829613602e+04  1.475808500000e+01  5.761210373827e-02
 5.524720322083e+04  1.442149400000e+01  5.582140134533e-02
 5.524720908041e+04  1.443422400000e+01  5.586270078188e-02
 5.524721500466e+04  1.444010100000e+01  5.587850106106e-02
 5.524722087889e+04  1.445639000000e+01  5.595708209204e-02
 5.527327867397e+04  1.479836300000e+01  5.751358482049e-02
 5.527328266777e+04  1.479572000000e+01  5.750064823064e-02
 5.527328669517e+04  1.477897400000e+01  5.741557350799e-02
 5.527329070868e+04  1.479203200000e+01  5.749202784241e-02
 5.532819979505e+04  1.467759400000e+01  5.713591379526e-02
 5.532820554117e+04  1.467394400000e+01  5.713355857668e-02
 5.532821130362e+04  1.468904200000e+01  5.721403045264e-02
 5.532821708516e+04  1.469935600000e+01  5.728722531114e-02
 5.560428169390e+04  1.462126200000e+01  5.679172308332e-02
 5.560428628395e+04  1.464624800000e+01  5.693141169087e-02
 5.560429092376e+04  1.465280700000e+01  5.695516909740e-02
 5.560429553324e+04  1.466665600000e+01  5.703606260051e-02
 5.557727061794e+04  1.452576800000e+01  5.872664335595e-02
 5.557727743197e+04  1.455972300000e+01  5.897027339624e-02
 5.557728427267e+04  1.456643700000e+01  5.905892321495e-02
 5.557729109361e+04  1.453848600000e+01  5.885165182319e-02
 5.563623973186e+04  1.475612600000e+01  6.082513080180e-02
 5.563624294487e+04  1.475011400000e+01  6.078126284528e-02
 5.563624618994e+04  1.477524400000e+01  6.098963713522e-02
 5.563624945608e+04  1.476931200000e+01  6.092260940577e-02
 5.592731301244e+04  1.446058700000e+01  5.592956878267e-02
 5.592731933858e+04  1.443208700000e+01  5.584012020231e-02
 5.592732576704e+04  1.440259500000e+01  5.570690436878e-02
 5.592733211528e+04  1.438409300000e+01  5.560731998745e-02
 5.597818626365e+04  1.440912800000e+01  5.603130563118e-02
 5.597818907479e+04  1.442008300000e+01  5.607456554781e-02
 5.597819188106e+04  1.442345800000e+01  5.720170437522e-02
 5.597819473780e+04  1.443022100000e+01  5.698610873442e-02
 5.598133934015e+04  1.454538800000e+01  5.634138423542e-02
 5.598134607285e+04  1.455893300000e+01  5.641312213069e-02
 5.598135274273e+04  1.456476600000e+01  5.644925549516e-02
 5.598135934628e+04  1.457264700000e+01  5.646633582152e-02
 5.598912559971e+04  1.455054300000e+01  5.661787241832e-02
 5.598913075413e+04  1.453115600000e+01  5.651548468994e-02
 5.598913587720e+04  1.452619200000e+01  5.648873340262e-02
 5.598914093683e+04  1.451639700000e+01  5.644700502667e-02
 5.609816692204e+04  1.438819700000e+01  5.571098415629e-02
 5.609817209961e+04  1.440079900000e+01  5.578640643197e-02
 5.609817725449e+04  1.440878800000e+01  5.582140134533e-02
 5.609818245995e+04  1.441960800000e+01  5.588039822695e-02
