# time mag mag_err
 5.355732538580e+04  1.411473600000e+01  5.535152380547e-02
 5.355732949619e+04  1.412445300000e+01  5.540332225586e-02
 5.355733363749e+04  1.413690000000e+01  5.546166808567e-02
 5.355733780690e+04  1.414671000000e+01  5.549303338179e-02
 5.356221931943e+04  1.391076100000e+01  5.444568269978e-02
 5.356222585194e+04  1.392160400000e+01  5.448339734610e-02
 5.356223239463e+04  1.391463100000e+01  5.447451601164e-02
 5.356223892771e+04  1.394145600000e+01  5.456137980647e-02
 5.352630829742e+04  1.454969900000e+01  5.721497755287e-02
 5.352631893499e+04  1.454866000000e+01  5.721216218672e-02
 5.352632928770e+04  1.455713200000e+01  5.725046282390e-02
 5.352633956749e+04  1.456642900000e+01  5.732517044534e-02
 5.353431742787e+04  1.427928800000e+01  5.586132155064e-02
 5.353432594414e+04  1.431369800000e+01  5.587066377811e-02
 5.353433432581e+04  1.430336200000e+01  5.595921798644e-02
 5.353434271002e+04  1.431446000000e+01  5.602173610971e-02
 5.354925442091e+04  1.445253100000e+01  5.717322965767e-02
 5.354926103954e+04  1.445582600000e+01  5.714232302097e-02
 5.354926760329e+04  1.446555000000e+01  5.720254726274e-02
 5.354927418035e+04  1.446558900000e+01  5.719099028047e-02
 5.365709502646e+04  1.468448700000e+01  5.923792324723e-02
 5.365709992138e+04  1.471483400000e+01  5.945997204042e-02
 5.365710480229e+04  1.469248000000e+01  5.935178322689e-02
 5.365710970601e+04  1.471138100000e+01  5.960332721268e-02
 5.362714820999e+04  1.413789100000e+01  5.675244080992e-02
 5.362715523545e+04  1.415600900000e+01  5.684822471831e-02
 5.362716223858e+04  1.417876600000e+01  5.698064157531e-02
 5.362716925722e+04  1.417782100000e+01  5.698607326393e-02
 5.385143184903e+04  1.423011200000e+01  5.593993501145e-02
 5.385143832434e+04  1.425262700000e+01  5.603334118852e-02
 5.385144480348e+04  1.425605700000e+01  5.605871014721e-02
 5.385145124547e+04  1.427519100000e+01  5.616307340287e-02
 5.377048308406e+04  1.426179500000e+01  5.590365961753e-02
 5.377048975269e+04  1.420173000000e+01  5.561191073479e-02
 5.377049639907e+04  1.413603000000e+01  5.531304253835e-02
 5.377050302788e+04  1.408265600000e+01  5.507752440116e-02
 5.390029243052e+04  1.402132200000e+01  7.310859424998e-02
 5.390029340753e+04  1.403112800000e+01  7.318780276164e-02
 5.390029438398e+04  1.403993500000e+01  7.329769116758e-02
 5.390029535729e+04  1.404497300000e+01  7.340488573766e-02
 5.379647287539e+04  1.430719600000e+01  5.607712431661e-02
 5.379647929597e+04  1.430284400000e+01  5.611028070384e-02
 5.379648576620e+04  1.431612600000e+01  5.623251161354e-02
 5.379649227058e+04  1.432450400000e+01  5.615575487813e-02
 5.386238062368e+04  1.414671800000e+01  5.563616341094e-02
 5.386238836389e+04  1.417697800000e+01  5.577027590219e-02
 5.386239563300e+04  1.419831400000e+01  5.586922312756e-02
 5.386240279852e+04  1.420893700000e+01  5.590151537296e-02
 5.388625548370e+04  1.454192800000e+01  5.670092375980e-02
 5.388626614477e+04  1.453364500000e+01  5.664330947132e-02
 5.388627682146e+04  1.454711900000e+01  5.671172854646e-02
 5.388628747269e+04  1.455114400000e+01  5.672291756085e-02
 5.399415125002e+04  1.453179100000e+01  5.665201515294e-02
 5.399415605883e+04  1.446387300000e+01  5.633679192701e-02
 5.399416088892e+04  1.434533000000e+01  5.581893260680e-02
 5.399416569495e+04  1.425629000000e+01  5.545039757886e-02
 5.400315429587e+04  1.431425800000e+01  5.583309117304e-02
 5.400316071435e+04  1.431928200000e+01  5.588397401771e-02
 5.400316716931e+04  1.435285900000e+01  5.605990784125e-02
 5.400317359914e+04  1.435925200000e+01  5.613475947608e-02
 5.420943696247e+04  1.455240000000e+01  5.705372104534e-02
 5.420944240509e+04  1.454780700000e+01  5.703990777123e-02
 5.420944781612e+04  1.455860300000e+01  5.713500118653e-02
 5.420945334881e+04  1.457763400000e+01  5.719499286538e-02
 5.415744676603e+04  1.396794000000e+01  5.443327504485e-02
 5.415745597691e+04  1.399395100000e+01  5.451306425918e-02
 5.415746524948e+04  1.402589900000e+01  5.461748194798e-02
 5.415747449983e+04  1.406457100000e+01  5.473788638238e-02
 5.429526259019e+04  1.460460400000e+01  5.845978612320e-02
 5.429526687247e+04  1.459165600000e+01  5.817512229919e-02
 5.429527114304e+04  1.459075500000e+01  5.818514381203e-02
 5.429527542544e+04  1.457460900000e+01  5.797863159380e-02
 5.425832799442e+04  1.466325200000e+01  5.764387110735e-02
 5.425833456199e+04  1.466324600000e+01  5.766793081166e-02
 5.425834108870e+04  1.467490400000e+01  5.775395187281e-02
 5.425834761391e+04  1.467423800000e+01  5.774122799853e-02
 5.427036048829e+04  1.451790700000e+01  5.735063679878e-02
 5.427036800904e+04  1.452946900000e+01  5.743624384146e-02
 5.427037552885e+04  1.454086800000e+01  5.750291311476e-02
 5.427038306244e+04  1.454022900000e+01  5.753276743051e-02
 5.417741928936e+04  1.444319600000e+01  5.652483099245e-02
 5.417742820880e+04  1.446031700000e+01  5.658509563519e-02
 5.417743711005e+04  1.449063400000e+01  5.670197115434e-02
 5.417744679248e+04  1.450442100000e+01  5.674125676082e-02
 5.423433452722e+04  1.442186200000e+01  5.731758634818e-02
 5.423433949992e+04  1.433871900000e+01  5.712142480899e-02
 5.423434446718e+04  1.430506800000e+01  5.650129965881e-02
 5.423434937865e+04  1.423875900000e+01  5.608706363269e-02
 5.440606106148e+04  1.441032500000e+01  5.627344048571e-02
 5.440606535556e+04  1.438796000000e+01  5.629542289887e-02
 5.440606965589e+04  1.442415300000e+01  5.649532846072e-02
 5.440607394661e+04  1.442869500000e+01  5.654406061532e-02
 5.438209788001e+04  1.456812600000e+01  5.720477516842e-02
 5.438210220431e+04  1.457327500000e+01  5.725904999797e-02
 5.438210652014e+04  1.457776800000e+01  5.729827350999e-02
 5.438211081874e+04  1.458303000000e+01  5.732260117201e-02
 5.438907833794e+04  1.443642800000e+01  5.889474952784e-02
 5.438908216266e+04  1.445427700000e+01  5.900556659272e-02
 5.438908596818e+04  1.444965100000e+01  5.898677599659e-02
 5.438908974649e+04  1.445300400000e+01  5.905139391951e-02
 5.434719841538e+04  1.430788000000e+01  5.485333662485e-02
 5.434720569537e+04  1.433547700000e+01  5.498378997101e-02
 5.434721296969e+04  1.434372500000e+01  5.506781446496e-02
 5.434722023904e+04  1.434524400000e+01  5.509762755301e-02
 5.435818429516e+04  1.431360700000e+01  5.642693485510e-02
 5.435818968999e+04  1.431174300000e+01  5.642506664637e-02
 5.435819508447e+04  1.432210800000e+01  5.650018550942e-02
 5.435820044909e+04  1.432422600000e+01  5.659827789975e-02
 5.455948899189e+04  1.448011300000e+01  5.661499193569e-02
 5.455949228823e+04  1.448135700000e+01  5.661757788421e-02
 5.455949557786e+04  1.448383900000e+01  5.664656589548e-02
 5.455949885997e+04  1.447290800000e+01  5.658705288117e-02
 5.456835425119e+04  1.451080200000e+01  5.677498180095e-02
 5.456836403790e+04  1.451671000000e+01  5.679125664947e-02
 5.456837387010e+04  1.453209800000e+01  5.685250088231e-02
 5.456838366030e+04  1.454734700000e+01  5.690759542638e-02
 5.458428273712e+04  1.457936000000e+01  5.733092772947e-02
 5.458429036353e+04  1.456557900000e+01  5.724268656276e-02
 5.458429795465e+04  1.455375900000e+01  5.716394889352e-02
 5.458430574323e+04  1.453862600000e+01  5.704520997376e-02
 5.452551254309e+04  1.457627500000e+01  5.830936229718e-02
 5.452551854455e+04  1.460383800000e+01  5.840270042866e-02
 5.452552453096e+04  1.459030800000e+01  5.838017288201e-02
 5.452553054469e+04  1.459094800000e+01  5.851604176488e-02
 5.462734388226e+04  1.388780800000e+01  5.438883700681e-02
 5.462734879836e+04  1.390943100000e+01  5.453290119964e-02
 5.462735366179e+04  1.393870900000e+01  5.459343049865e-02
 5.462735859676e+04  1.394162500000e+01  5.485404751022e-02
 5.464135715269e+04  1.449802400000e+01  5.732354023108e-02
 5.464136319975e+04  1.447251800000e+01  5.725573745226e-02
 5.464136924623e+04  1.449036200000e+01  5.731234531901e-02
 5.464137526748e+04  1.451719900000e+01  5.749657523333e-02
 5.453140050359e+04  1.449643500000e+01  5.696899472496e-02
 5.453141035027e+04  1.450547200000e+01  5.696396588969e-02
 5.453142020654e+04  1.452023200000e+01  5.699170357845e-02
 5.453143001478e+04  1.453834200000e+01  5.706498257352e-02
 5.454844190007e+04  1.446836600000e+01  5.641779197370e-02
 5.454844859902e+04  1.444024000000e+01  5.650156322014e-02
 5.454845532308e+04  1.445901800000e+01  5.657075609467e-02
 5.454846207642e+04  1.445625200000e+01  5.654635159907e-02
 5.459443544706e+04  1.408092200000e+01  5.492326750233e-02
 5.459444250574e+04  1.411176700000e+01  5.500319547074e-02
 5.459444955413e+04  1.414523400000e+01  5.521553292956e-02
 5.459445660413e+04  1.415903500000e+01  5.523146747713e-02
 5.460027918933e+04  1.460376300000e+01  5.746743428294e-02
 5.460028631583e+04  1.461541300000e+01  5.752024353711e-02
 5.460029345161e+04  1.460783700000e+01  5.746627912173e-02
 5.460030064248e+04  1.463453200000e+01  5.761685146986e-02
 5.474111506564e+04  1.410555600000e+01  5.509240482661e-02
 5.474111992826e+04  1.408735700000e+01  5.503221218954e-02
 5.474112481485e+04  1.410075400000e+01  5.510107480705e-02
 5.474112961822e+04  1.411824200000e+01  5.518838945211e-02
 5.474808441550e+04  1.447970000000e+01  5.886902170954e-02
 5.474809168300e+04  1.450411300000e+01  5.903678700883e-02
 5.474809896252e+04  1.449220200000e+01  5.902618324354e-02
 5.474810620096e+04  1.454929400000e+01  5.945942711954e-02
 5.494235150172e+04  1.420885900000e+01  5.538668091883e-02
 5.494235699438e+04  1.421781700000e+01  5.543997182252e-02
 5.494236248493e+04  1.421974600000e+01  5.544298951826e-02
 5.494236784723e+04  1.423671400000e+01  5.550556139898e-02
 5.487550602824e+04  1.451041800000e+01  5.792707679899e-02
 5.487551142330e+04  1.455418900000e+01  5.784279889944e-02
 5.487551687542e+04  1.449927200000e+01  5.786066210225e-02
 5.487552229421e+04  1.453249500000e+01  5.802050364891e-02
 5.503416174499e+04  1.423490900000e+01  5.843800412875e-02
 5.503416467881e+04  1.425544300000e+01  5.858584317518e-02
 5.503416763014e+04  1.424591500000e+01  5.854000641056e-02
 5.503417060251e+04  1.425242400000e+01  5.850600357923e-02
 5.504320208156e+04  1.460449300000e+01  6.020414238169e-02
 5.504320804528e+04  1.463208700000e+01  6.038630629400e-02
 5.504321398547e+04  1.460587500000e+01  6.023863468293e-02
 5.504321986663e+04  1.460171000000e+01  6.023720279843e-02
 5.499735542360e+04  1.428450800000e+01  5.576624992531e-02
 5.499736144624e+04  1.429915800000e+01  5.584319153854e-02
 5.499736736032e+04  1.431099400000e+01  5.589263221791e-02
 5.499737340738e+04  1.433173200000e+01  5.598467414938e-02
 5.489146054425e+04  1.449391700000e+01  5.651083697496e-02
 5.489146840389e+04  1.451158200000e+01  5.658944895186e-02
 5.489147621308e+04  1.451092100000e+01  5.658986584722e-02
 5.489148406035e+04  1.451391600000e+01  5.659518613765e-02
 5.491239888573e+04  1.449911300000e+01  5.669641374830e-02
 5.491240376294e+04  1.449815000000e+01  5.760238728468e-02
 5.492037482324e+04  1.424063100000e+01  5.563851234695e-02
 5.492038273221e+04  1.426619900000e+01  5.573644213182e-02
 5.492039068066e+04  1.427119500000e+01  5.571854989551e-02
 5.492039861961e+04  1.428188200000e+01  5.575346865924e-02
 5.495533068167e+04  1.461277300000e+01  6.017347555594e-02
 5.495533651021e+04  1.462062700000e+01  6.023161303347e-02
 5.495534234811e+04  1.462569800000e+01  6.023412361063e-02
 5.495534825711e+04  1.463441200000e+01  6.031336836127e-02
 5.496734248384e+04  1.456681700000e+01  5.731675362902e-02
 5.496735255704e+04  1.463206600000e+01  5.766470930650e-02
 5.496736260709e+04  1.455550800000e+01  5.726259590975e-02
 5.496737162399e+04  1.457578200000e+01  5.736129819610e-02
 5.497935337140e+04  1.446880100000e+01  5.673747585888e-02
 5.497936067213e+04  1.448427300000e+01  5.680006523523e-02
 5.497936791047e+04  1.448212100000e+01  5.680748009359e-02
 5.497937515807e+04  1.448706800000e+01  5.683168292241e-02
 5.508916798932e+04  1.438326300000e+01  5.716474496885e-02
 5.508917408221e+04  1.435227500000e+01  5.645771395527e-02
 5.508918023039e+04  1.437030600000e+01  5.657656282629e-02
 5.509516764132e+04  1.427282600000e+01  5.749158994829e-02
 5.509517259874e+04  1.429567300000e+01  5.766488224448e-02
 5.509517739321e+04  1.428923200000e+01  5.768452805047e-02
 5.509518233685e+04  1.429453300000e+01  5.776234599551e-02
 5.529937395183e+04  1.460876000000e+01  5.735593663564e-02
 5.529938090360e+04  1.461963100000e+01  5.739599715079e-02
 5.529938790478e+04  1.461997600000e+01  5.741054184724e-02
 5.529939484355e+04  1.458944900000e+01  5.722841689584e-02
 5.535038393318e+04  1.454863900000e+01  5.798982166682e-02
 5.535038964970e+04  1.457961700000e+01  5.813193355712e-02
 5.535039542557e+04  1.456551400000e+01  5.857599188258e-02
 5.535040119530e+04  1.454684800000e+01  6.095641747088e-02
 5.536338585787e+04  1.429666200000e+01  5.603250087419e-02
 5.536339109331e+04  1.430569400000e+01  5.610134412463e-02
 5.536339634418e+04  1.431837400000e+01  5.616052947454e-02
 5.536340158552e+04  1.435151200000e+01  5.631089726560e-02
 5.536826198117e+04  1.408654500000e+01  5.505538604071e-02
 5.536826889645e+04  1.408653600000e+01  5.507035968148e-02
 5.536827579877e+04  1.412877900000e+01  5.523765089920e-02
 5.536828265574e+04  1.417399800000e+01  5.542513002033e-02
 5.527345733387e+04  1.457434400000e+01  5.716048004952e-02
 5.527346255885e+04  1.458928400000e+01  5.723586811532e-02
 5.527346780426e+04  1.458980200000e+01  5.726100826875e-02
 5.527347302103e+04  1.458840500000e+01  5.722343722899e-02
 5.528040412160e+04  1.430397300000e+01  5.602302218257e-02
 5.528041092346e+04  1.433136700000e+01  5.612211038275e-02
 5.528041782763e+04  1.432089400000e+01  5.606147340717e-02
 5.528042473479e+04  1.434204900000e+01  5.614531953630e-02
 5.532440523080e+04  1.437049500000e+01  6.200771126887e-02
 5.532440757156e+04  1.438722700000e+01  6.121297872212e-02
 5.532440996334e+04  1.438960800000e+01  6.261806584848e-02
 5.532441230628e+04  1.440032900000e+01  6.373172266617e-02
 5.533038485549e+04  1.427838400000e+01  5.582817534265e-02
 5.533039053891e+04  1.429240100000e+01  5.589282172807e-02
 5.533039619140e+04  1.429603200000e+01  5.590197060683e-02
 5.533040192502e+04  1.430114200000e+01  5.593932265036e-02
 5.534032321122e+04  1.436174600000e+01  5.615327120277e-02
 5.534032845962e+04  1.437106700000e+01  5.619789636537e-02
 5.534033373860e+04  1.437851100000e+01  5.624133328128e-02
 5.534033909477e+04  1.438270500000e+01  5.625175804283e-02
 5.545416275689e+04  1.447436500000e+01  5.681534829612e-02
 5.545417773973e+04  1.451690900000e+01  5.708215228442e-02
 5.545418515434e+04  1.451243200000e+01  5.711084073595e-02
 5.567737080796e+04  1.447066600000e+01  5.714777811134e-02
 5.567737784213e+04  1.448305200000e+01  5.721044620418e-02
 5.567738522375e+04  1.447107600000e+01  5.715411072339e-02
 5.567739355381e+04  1.447361300000e+01  5.717883521298e-02
 5.564841612954e+04  1.445585100000e+01  5.696253722326e-02
 5.564842463149e+04  1.439346800000e+01  5.665308926884e-02
 5.564843327499e+04  1.432361600000e+01  5.630273223432e-02
 5.564844190889e+04  1.421589800000e+01  5.579912416302e-02
 5.568837039672e+04  1.450840200000e+01  5.743968069439e-02
 5.568837652088e+04  1.451143500000e+01  5.747001779164e-02
 5.568838268310e+04  1.449805500000e+01  5.739772863346e-02
 5.568838883690e+04  1.449031200000e+01  5.734740521430e-02
 5.570141656965e+04  1.436971900000e+01  5.671785552099e-02
 5.570142334546e+04  1.438289600000e+01  5.678770443067e-02
 5.570143018378e+04  1.438613600000e+01  5.680180286540e-02
 5.570143701666e+04  1.439521900000e+01  5.685133505962e-02
 5.491241903851e+04  1.456264600000e+01  6.060808749379e-02
 5.491242433876e+04  1.453033400000e+01  5.728455544518e-02
 5.491242936542e+04  1.452920200000e+01  5.919905411719e-02
 5.491243408834e+04  1.459342500000e+01  5.962706850060e-02
 5.582212043983e+04  1.418667800000e+01  5.526419753224e-02
 5.582212787036e+04  1.409985900000e+01  5.496229409870e-02
 5.582213535973e+04  1.400271100000e+01  5.464250126591e-02
 5.582214225428e+04  1.394304300000e+01  5.444324229783e-02
 5.585308414895e+04  1.432032200000e+01  5.584255914541e-02
 5.585308918843e+04  1.431780700000e+01  5.584939250264e-02
 5.585309427748e+04  1.433868000000e+01  5.595830598892e-02
 5.585309943444e+04  1.434478000000e+01  5.600165412634e-02
 5.600843468763e+04  1.422617300000e+01  5.561071026286e-02
 5.600844209736e+04  1.417073800000e+01  5.537034159571e-02
 5.600844953840e+04  1.408898200000e+01  5.515623161838e-02
 5.600845696227e+04  1.404121000000e+01  5.502571212539e-02
 5.601937816774e+04  1.461915600000e+01  5.553374915356e-02
 5.601939009845e+04  1.457160300000e+01  5.529702966144e-02
 5.601940198205e+04  1.446385400000e+01  5.487734135148e-02
 5.601941396176e+04  1.434172700000e+01  5.442301527286e-02
 5.603945747471e+04  1.445253000000e+01  5.688161004953e-02
 5.603946430074e+04  1.446261500000e+01  5.694493932952e-02
 5.603947106558e+04  1.447792800000e+01  5.701329719125e-02
 5.603947785631e+04  1.449438900000e+01  5.711068146197e-02
 5.604730436560e+04  1.461082500000e+01  5.784970661000e-02
 5.604731001531e+04  1.459128400000e+01  5.772537469428e-02
 5.604731569998e+04  1.460761400000e+01  5.780440369163e-02
 5.604732147191e+04  1.462369800000e+01  5.788306877764e-02
 5.606340511309e+04  1.391336800000e+01  5.428536646378e-02
 5.606341190819e+04  1.391286500000e+01  5.429434429360e-02
 5.606341877031e+04  1.392269200000e+01  5.431431628974e-02
 5.606342563683e+04  1.394503200000e+01  5.440769272322e-02
 5.607134422589e+04  1.445372400000e+01  5.500619519873e-02
 5.607135171631e+04  1.445039500000e+01  5.506601600510e-02
 5.607135919536e+04  1.446817100000e+01  5.508524042349e-02
 5.607136667350e+04  1.446979100000e+01  5.510803832700e-02
 5.607731276876e+04  1.432989400000e+01  5.697300930468e-02
 5.607731891108e+04  1.432744500000e+01  5.696674311476e-02
 5.607732516575e+04  1.434686300000e+01  5.707326594811e-02
 5.607733142799e+04  1.436081700000e+01  5.716102670627e-02
 5.608837911287e+04  1.444818800000e+01  5.642844825237e-02
 5.608838472356e+04  1.445718000000e+01  5.649630969002e-02
 5.608839044487e+04  1.445942600000e+01  5.651733737711e-02
 5.608839606300e+04  1.445933500000e+01  5.652279011911e-02
 5.609928472580e+04  1.434212200000e+01  5.626776800787e-02
 5.609929201095e+04  1.433683300000e+01  5.628004651468e-02
 5.609929937370e+04  1.434500100000e+01  5.631974292201e-02
 5.609930674591e+04  1.436375300000e+01  5.636324951302e-02
 5.618719950741e+04  1.425869600000e+01  5.480917552747e-02
 5.618720433844e+04  1.426115100000e+01  5.483566624420e-02
 5.618720908013e+04  1.427624300000e+01  5.490245202027e-02
 5.618721388267e+04  1.428324700000e+01  5.494727673574e-02
 5.619313158406e+04  1.391890900000e+01  5.402425797867e-02
 5.619313496630e+04  1.392581500000e+01  5.414918930462e-02
 5.619313838418e+04  1.383878500000e+01  5.406491466847e-02
 5.619314181525e+04  1.385743300000e+01  5.455970326857e-02
 5.621112574164e+04  1.461897200000e+01  5.816883471888e-02
 5.621113352352e+04  1.462722100000e+01  5.822871376247e-02
 5.621114134986e+04  1.464417900000e+01  5.837179970228e-02
 5.621114867999e+04  1.466024000000e+01  5.852010404586e-02
 5.622207463056e+04  1.461042000000e+01  5.790301829136e-02
 5.622207967385e+04  1.463853000000e+01  5.810332171487e-02
 5.622208474763e+04  1.467144300000e+01  5.827412748955e-02
 5.622208979372e+04  1.465396600000e+01  5.823322219880e-02
