# time mag mag_err
 5.346942465966e+04  1.474398200000e+01  5.756493107620e-02
 5.346943433572e+04  1.475051900000e+01  5.759382441471e-02
 5.346944406433e+04  1.476810600000e+01  5.765616716748e-02
 5.346945376111e+04  1.477470300000e+01  5.770925669334e-02
 5.355829664336e+04  1.477863900000e+01  5.815182431551e-02
 5.355830356512e+04  1.478138900000e+01  5.824227286080e-02
 5.349736014699e+04  1.468213200000e+01  5.704967949639e-02
 5.349736823350e+04  1.472544100000e+01  5.752046400512e-02
 5.349737627406e+04  1.473858000000e+01  5.745310997570e-02
 5.349738435097e+04  1.473410000000e+01  5.759482461683e-02
 5.350731804865e+04  1.492336200000e+01  5.921471292193e-02
 5.350732611410e+04  1.527482000000e+01  6.270320273963e-02
 5.350733414296e+04  1.466087500000e+01  6.421474423748e-02
 5.350734215644e+04  1.492012200000e+01  6.323422872287e-02
 5.382747348806e+04  1.459816300000e+01  5.711795026180e-02
 5.382747668949e+04  1.461140600000e+01  5.726813343233e-02
 5.382748011326e+04  1.461814600000e+01  5.720782364519e-02
 5.382748335995e+04  1.461026900000e+01  5.710605673959e-02
 5.384342780066e+04  1.502053000000e+01  5.976065862775e-02
 5.384343626959e+04  1.489766900000e+01  5.994005546724e-02
 5.384344447150e+04  1.497986100000e+01  5.949352049430e-02
 5.384345264935e+04  1.489187400000e+01  5.894649698953e-02
 5.385031095243e+04  1.503608300000e+01  5.982175550338e-02
 5.385031717970e+04  1.502716400000e+01  5.975455859955e-02
 5.385032323764e+04  1.485070600000e+01  5.860264920240e-02
 5.385032929257e+04  1.470199700000e+01  5.858463148840e-02
 5.391728777125e+04  1.489763200000e+01  6.833894208485e-02
 5.391729261709e+04  1.436976100000e+01  6.399202097487e-02
 5.391729744454e+04  1.476176300000e+01  5.951030142009e-02
 5.391730227221e+04  1.477423500000e+01  5.940771130251e-02
 5.392532384881e+04  1.485422400000e+01  8.546710115911e-02
 5.392532530929e+04  1.480387300000e+01  8.441726506463e-02
 5.392532680058e+04  1.494461400000e+01  8.775723740828e-02
 5.392532829637e+04  1.490073600000e+01  8.667650713358e-02
 5.394021510880e+04  1.419240600000e+01  5.588240327453e-02
 5.394022153609e+04  1.423149700000e+01  5.725645354010e-02
 5.394022797079e+04  1.427387800000e+01  5.657572249876e-02
 5.394023442330e+04  1.426121700000e+01  5.666222738050e-02
 5.390530580552e+04  1.393135100000e+01  6.848473517002e-02
 5.390530684642e+04  1.393428800000e+01  6.854577419711e-02
 5.390530791789e+04  1.390538300000e+01  6.815657905992e-02
 5.390530900752e+04  1.393372500000e+01  6.854142089818e-02
 5.381949389885e+04  1.399019300000e+01  5.479091725691e-02
 5.381950080150e+04  1.405479700000e+01  5.479177178997e-02
 5.381950761816e+04  1.407424300000e+01  5.609871110629e-02
 5.381951448043e+04  1.410176000000e+01  5.582649865316e-02
 5.385934294716e+04  1.451272500000e+01  5.684964962565e-02
 5.385935216140e+04  1.454245500000e+01  5.701096728659e-02
 5.385936132968e+04  1.454496600000e+01  5.701690207686e-02
 5.385937054287e+04  1.458265700000e+01  5.720704244182e-02
 5.386636750053e+04  1.501600200000e+01  8.763886669935e-02
 5.386636825995e+04  1.491672700000e+01  8.529668335365e-02
 5.386636903997e+04  1.488590700000e+01  8.462008487774e-02
 5.386636985655e+04  1.483288100000e+01  8.328804449568e-02
 5.387645850135e+04  1.428556700000e+01  5.625744662387e-02
 5.387646237133e+04  1.426052900000e+01  5.620015194718e-02
 5.387647004486e+04  1.434389600000e+01  5.659823625876e-02
 5.388328783625e+04  1.422478700000e+01  5.547348963527e-02
 5.388329170484e+04  1.421312900000e+01  5.539977752041e-02
 5.388329560017e+04  1.424315300000e+01  5.554221968968e-02
 5.388329948463e+04  1.423468300000e+01  5.551727640031e-02
 5.399214303002e+04  1.390199800000e+01  5.540779808635e-02
 5.399214678438e+04  1.389658500000e+01  5.540303247468e-02
 5.399215050655e+04  1.389938600000e+01  5.543332579896e-02
 5.399215423880e+04  1.388950400000e+01  5.539430409831e-02
 5.411753063806e+04  1.478826800000e+01  5.751015672938e-02
 5.411753734777e+04  1.479532200000e+01  5.754585078570e-02
 5.411754407251e+04  1.481376500000e+01  5.739285584885e-02
 5.411755086013e+04  1.479366200000e+01  5.751154692054e-02
 5.426431421760e+04  1.489272100000e+01  5.851101065739e-02
 5.426432185363e+04  1.491602200000e+01  5.868789577208e-02
 5.426432952080e+04  1.496972700000e+01  5.903227137374e-02
 5.426433715775e+04  1.497999800000e+01  5.909265324540e-02
 5.427230900313e+04  1.412828200000e+01  5.498621529787e-02
 5.427231628554e+04  1.415318800000e+01  5.507791348741e-02
 5.427232358534e+04  1.418211000000e+01  5.519378917551e-02
 5.427233087736e+04  1.420643500000e+01  5.529889875689e-02
 5.423133778063e+04  1.474584100000e+01  5.755749051649e-02
 5.423134423072e+04  1.476090100000e+01  5.764324262690e-02
 5.423135067236e+04  1.475821800000e+01  5.764077164251e-02
 5.423135710230e+04  1.477569700000e+01  5.773776407267e-02
 5.424139923571e+04  1.404120900000e+01  5.455817982321e-02
 5.424140786600e+04  1.408528800000e+01  5.474716570861e-02
 5.424141652626e+04  1.414255800000e+01  5.499289438320e-02
 5.424142518838e+04  1.419518100000e+01  5.522032080484e-02
 5.438208648559e+04  1.494458600000e+01  6.483425193579e-02
 5.438208901975e+04  1.494595100000e+01  6.487158613175e-02
 5.438209155795e+04  1.494626600000e+01  6.490197192015e-02
 5.438209410772e+04  1.490367100000e+01  6.456432176295e-02
 5.439110596141e+04  1.445749600000e+01  5.620859279728e-02
 5.439111043455e+04  1.439447200000e+01  5.597824021556e-02
 5.434616681166e+04  1.477609900000e+01  5.773261848534e-02
 5.434617222720e+04  1.475307400000e+01  5.764102875915e-02
 5.434617764750e+04  1.479574700000e+01  5.793165396892e-02
 5.434618306455e+04  1.477443500000e+01  5.784867839245e-02
 5.435512140442e+04  1.485097200000e+01  5.803573382407e-02
 5.435512691396e+04  1.471708100000e+01  5.732509197359e-02
 5.435513225010e+04  1.449093400000e+01  5.618450926040e-02
 5.435513757387e+04  1.421816500000e+01  5.505491617304e-02
 5.456643926789e+04  1.491530600000e+01  5.844966049327e-02
 5.457141260652e+04  1.491528200000e+01  5.808271844007e-02
 5.457142023213e+04  1.492731800000e+01  5.815496036286e-02
 5.457142785311e+04  1.489256800000e+01  5.795393960430e-02
 5.457143550685e+04  1.487582800000e+01  5.785414249420e-02
 5.458044721198e+04  1.441287600000e+01  5.581977674125e-02
 5.458045374633e+04  1.442081900000e+01  5.584675293905e-02
 5.458046031297e+04  1.445828800000e+01  5.603862283658e-02
 5.458046690462e+04  1.448444100000e+01  5.617650942163e-02
 5.450449071862e+04  1.465135800000e+01  5.598596113164e-02
 5.450449915574e+04  1.466737200000e+01  5.605701468402e-02
 5.450450766553e+04  1.467898000000e+01  5.607262409901e-02
 5.450451621006e+04  1.471111500000e+01  5.621389573872e-02
 5.452347495948e+04  1.402963000000e+01  5.413943017593e-02
 5.452348410299e+04  1.410307600000e+01  5.438428066072e-02
 5.452349328690e+04  1.411826100000e+01  5.440800879995e-02
 5.452350244001e+04  1.413183700000e+01  5.446872271178e-02
 5.448350481336e+04  1.475583700000e+01  6.027722744985e-02
 5.448350997692e+04  1.477405700000e+01  6.038636187079e-02
 5.448351522637e+04  1.476768400000e+01  6.031658269947e-02
 5.448352038832e+04  1.476101200000e+01  6.020980600838e-02
 5.464828624834e+04  1.478275500000e+01  5.846298916555e-02
 5.464829474784e+04  1.476826300000e+01  5.844664565913e-02
 5.464830320347e+04  1.479807300000e+01  5.866238453360e-02
 5.464831169532e+04  1.477870900000e+01  5.856316915498e-02
 5.452850188677e+04  1.453349200000e+01  5.611892322769e-02
 5.452850849855e+04  1.456070000000e+01  5.624857730452e-02
 5.452851510142e+04  1.459695600000e+01  5.641697370665e-02
 5.452852170789e+04  1.459756900000e+01  5.641173467515e-02
 5.453747362712e+04  1.488244400000e+01  5.958943403996e-02
 5.453747901245e+04  1.489942400000e+01  6.145862834022e-02
 5.453748444675e+04  1.485284100000e+01  6.085571510534e-02
 5.453748986265e+04  1.484184400000e+01  5.783784892556e-02
 5.458734916726e+04  1.455821800000e+01  5.632997431946e-02
 5.458735461973e+04  1.458570300000e+01  5.645744397241e-02
 5.458736004292e+04  1.460365900000e+01  5.655899958125e-02
 5.458736550997e+04  1.463668200000e+01  5.670741954783e-02
 5.459335324856e+04  1.477217500000e+01  5.775063787025e-02
 5.459335974715e+04  1.476901700000e+01  5.766800274590e-02
 5.459336620373e+04  1.477906500000e+01  5.772278814214e-02
 5.459337265382e+04  1.479724200000e+01  5.781837154585e-02
 5.460036898106e+04  1.488489100000e+01  5.825829320099e-02
 5.460037661164e+04  1.486523500000e+01  5.815230010337e-02
 5.460038423274e+04  1.480987000000e+01  5.785641545345e-02
 5.460039185523e+04  1.475507600000e+01  5.756767152151e-02
 5.460132648156e+04  1.489883600000e+01  5.859305066650e-02
 5.460133308954e+04  1.490070300000e+01  5.857738492001e-02
 5.460133967644e+04  1.489974800000e+01  5.855239023882e-02
 5.460134628777e+04  1.488086000000e+01  5.841659015907e-02
 5.486454105881e+04  1.460174400000e+01  5.627829461574e-02
 5.486454470957e+04  1.463713500000e+01  5.642492844882e-02
 5.486454829655e+04  1.463044400000e+01  5.641756514741e-02
 5.486455186977e+04  1.465167600000e+01  5.649505555734e-02
 5.504222455333e+04  1.475445800000e+01  6.082341871323e-02
 5.504222999373e+04  1.477961900000e+01  6.100249306039e-02
 5.504223536332e+04  1.482205800000e+01  6.131629357342e-02
 5.504224066772e+04  1.481596500000e+01  6.139114258776e-02
 5.499630425424e+04  1.415345900000e+01  5.473489446759e-02
 5.499631076880e+04  1.395147400000e+01  5.402563108331e-02
 5.499631737679e+04  1.384257900000e+01  5.369131845828e-02
 5.499632397869e+04  1.382712500000e+01  5.364002067977e-02
 5.500432714390e+04  1.455592300000e+01  5.651380594100e-02
 5.491844114068e+04  1.434069600000e+01  5.543296292416e-02
 5.491844651919e+04  1.434993800000e+01  5.548679489536e-02
 5.491845192398e+04  1.438091200000e+01  5.559733003429e-02
 5.491845741847e+04  1.439375200000e+01  5.566177185891e-02
 5.496730516330e+04  1.487465400000e+01  5.836783703760e-02
 5.496731369128e+04  1.486320200000e+01  5.830377200536e-02
 5.496732216832e+04  1.483287800000e+01  5.813392595180e-02
 5.496733067120e+04  1.476813800000e+01  5.772148843312e-02
 5.498036151232e+04  1.475735500000e+01  5.770143576846e-02
 5.498036911873e+04  1.477966100000e+01  5.785034259516e-02
 5.498037680468e+04  1.478151300000e+01  5.789866112515e-02
 5.498038456582e+04  1.480098500000e+01  5.805577457511e-02
 5.509810471091e+04  1.473291900000e+01  6.058193541821e-02
 5.509810907490e+04  1.477376900000e+01  6.092800958223e-02
 5.509811334271e+04  1.478711800000e+01  6.110465048927e-02
 5.509811765117e+04  1.477664400000e+01  6.103752541153e-02
 5.529346641819e+04  1.480167900000e+01  5.759362682989e-02
 5.529347103957e+04  1.481009500000e+01  5.763870199983e-02
 5.529347574733e+04  1.483470900000e+01  5.779565762903e-02
 5.536817388078e+04  1.375598800000e+01  5.354333543092e-02
 5.536818067488e+04  1.379850900000e+01  5.366458591600e-02
 5.536818748633e+04  1.385454800000e+01  5.383024502657e-02
 5.536819433963e+04  1.390905200000e+01  5.397928661126e-02
 5.527548744936e+04  1.396732700000e+01  5.402003381516e-02
 5.527549491103e+04  1.403282200000e+01  5.424194282451e-02
 5.527550238400e+04  1.407047800000e+01  5.437637473673e-02
 5.527550986852e+04  1.412583500000e+01  5.456876646644e-02
 5.532534972708e+04  1.485383500000e+01  5.805297575257e-02
 5.532535727506e+04  1.485935800000e+01  5.810865698037e-02
 5.532536480553e+04  1.485002800000e+01  5.800849436082e-02
 5.532537231389e+04  1.483832700000e+01  5.794545005802e-02
 5.533233901760e+04  1.425182900000e+01  5.512268633936e-02
 5.533234596578e+04  1.407179600000e+01  5.444320047713e-02
 5.533235293973e+04  1.389453500000e+01  5.385425676566e-02
 5.533235991583e+04  1.384990700000e+01  5.371523379429e-02
 5.534024222907e+04  1.403379400000e+01  5.442071929261e-02
 5.534024906240e+04  1.409309700000e+01  5.462125320242e-02
 5.534025594157e+04  1.411500700000e+01  5.468558784224e-02
 5.534026284226e+04  1.416487900000e+01  5.486385641139e-02
 5.568743049927e+04  1.486162100000e+01  5.891692951208e-02
 5.568744419193e+04  1.486522100000e+01  5.889721069404e-02
 5.568745098094e+04  1.487737200000e+01  5.896534592158e-02
 5.570637770943e+04  1.461508600000e+01  5.724103162496e-02
 5.570638707103e+04  1.464752800000e+01  5.742042442114e-02
 5.570639633065e+04  1.466213700000e+01  5.751369511274e-02
 5.570640566699e+04  1.468483600000e+01  5.765807492494e-02
 5.583410094549e+04  1.509773300000e+01  5.992320130173e-02
 5.583411119585e+04  1.501288900000e+01  5.941882773540e-02
 5.583411643612e+04  1.503475700000e+01  5.958791388646e-02
 5.598844624444e+04  1.464028000000e+01  5.703223356761e-02
 5.598845341448e+04  1.462449000000e+01  5.694694339995e-02
 5.598846059153e+04  1.463796700000e+01  5.702676086615e-02
 5.598846773159e+04  1.467001000000e+01  5.714307680219e-02
 5.601245467816e+04  1.453307900000e+01  5.689121866391e-02
 5.601245973878e+04  1.455661000000e+01  5.695208614402e-02
 5.601246477005e+04  1.455324400000e+01  5.692587253088e-02
 5.601246989301e+04  1.457155800000e+01  5.699338134775e-02
 5.608739403850e+04  1.412796900000e+01  5.460670491804e-02
 5.608739919522e+04  1.416666700000e+01  5.476195238757e-02
 5.608740433588e+04  1.421176200000e+01  5.495270595080e-02
 5.608740940178e+04  1.424207400000e+01  5.507649093179e-02
 5.609325488959e+04  1.384162800000e+01  5.374844044094e-02
 5.609326328896e+04  1.389493600000e+01  5.392740381058e-02
 5.609327169813e+04  1.395397900000e+01  5.413633409960e-02
 5.609328019369e+04  1.399977400000e+01  5.426928462914e-02
 5.609921289644e+04  1.428516600000e+01  5.571527175418e-02
 5.609922137082e+04  1.431476100000e+01  5.568336110865e-02
 5.609922987125e+04  1.436086000000e+01  5.579657119653e-02
 5.609923836045e+04  1.436714300000e+01  5.580541270850e-02
