# time mag mag_err
 5.346619454545e+04  1.575394200000e+01  6.599149825549e-02
 5.346620216318e+04  1.577019000000e+01  6.617262897132e-02
 5.346620968567e+04  1.577496000000e+01  6.625692151042e-02
 5.346621732228e+04  1.580848000000e+01  6.665475811679e-02
 5.372645420280e+04  1.526703300000e+01  6.191512120187e-02
 5.372646086227e+04  1.531866400000e+01  6.231572440363e-02
 5.372646752036e+04  1.536661500000e+01  6.274191883789e-02
 5.372647422937e+04  1.538951800000e+01  6.296144145678e-02
 5.350014629329e+04  1.561523800000e+01  6.532264572156e-02
 5.350015164378e+04  1.565707200000e+01  6.582789771161e-02
 5.350015699417e+04  1.569079100000e+01  6.622078235863e-02
 5.350016232302e+04  1.568673700000e+01  6.622993347549e-02
 5.352115528852e+04  1.591758300000e+01  6.978371519994e-02
 5.352116338093e+04  1.585588300000e+01  6.917182799806e-02
 5.352117152265e+04  1.594140000000e+01  7.053740742632e-02
 5.352117964134e+04  1.589169000000e+01  7.015938106955e-02
 5.368846846956e+04  1.597991400000e+01  6.966051742107e-02
 5.368847599458e+04  1.600034400000e+01  6.989748633429e-02
 5.368848350282e+04  1.602932100000e+01  7.032910363495e-02
 5.368849102126e+04  1.605084100000e+01  7.056014173578e-02
 5.370046247759e+04  1.589497900000e+01  6.853779511685e-02
 5.370047043343e+04  1.590271300000e+01  7.931015879591e-02
 5.370047835014e+04  1.596183100000e+01  7.094930513030e-02
 5.370048631616e+04  1.592360700000e+01  7.003927542020e-02
 5.384515727404e+04  1.545871000000e+01  6.462956388053e-02
 5.384516677428e+04  1.548548200000e+01  6.495151686779e-02
 5.384517630416e+04  1.550531100000e+01  6.517494302666e-02
 5.384518580185e+04  1.564247500000e+01  6.672578272724e-02
 5.408245280679e+04  1.534469500000e+01  6.208524599600e-02
 5.408245822593e+04  1.526954300000e+01  6.146644464329e-02
 5.408246368164e+04  1.526756600000e+01  6.143107139185e-02
 5.408246913978e+04  1.523891100000e+01  6.122669004310e-02
 5.409338590708e+04  1.626034700000e+01  7.194156669045e-02
 5.409339408597e+04  1.621664100000e+01  7.129740743132e-02
 5.409340235038e+04  1.609335800000e+01  6.958340098065e-02
 5.409341059675e+04  1.590756000000e+01  6.720318064839e-02
 5.374337993317e+04  1.605546400000e+01  7.074400819890e-02
 5.374338591947e+04  1.605118200000e+01  7.071678039976e-02
 5.374339177554e+04  1.603808600000e+01  7.052258936142e-02
 5.374339759227e+04  1.606028400000e+01  7.079209052791e-02
 5.375537627765e+04  1.595753200000e+01  6.905634194459e-02
 5.375538267705e+04  1.601605300000e+01  6.987264030686e-02
 5.375538910074e+04  1.595624500000e+01  6.905258951066e-02
 5.375539549563e+04  1.606095700000e+01  7.045159638762e-02
 5.376524158318e+04  1.580354300000e+01  7.098110674863e-02
 5.376524917106e+04  1.575023100000e+01  6.835846505370e-02
 5.376525677052e+04  1.582806600000e+01  6.852816903809e-02
 5.376526440377e+04  1.583606100000e+01  6.861260922619e-02
 5.379921000022e+04  1.570182500000e+01  6.636038946255e-02
 5.379921548510e+04  1.577225700000e+01  6.714428465712e-02
 5.379922103133e+04  1.581673500000e+01  6.768691239153e-02
 5.379922656424e+04  1.580947400000e+01  6.760757435374e-02
 5.386619633416e+04  1.586949300000e+01  1.250370656696e-01
 5.386619714738e+04  1.579012100000e+01  1.209637828891e-01
 5.386619797451e+04  1.589050800000e+01  1.259844293969e-01
 5.386619880233e+04  1.580675400000e+01  1.219235975811e-01
 5.387613162433e+04  1.591268300000e+01  7.041437237474e-02
 5.402945767155e+04  1.621536600000e+01  7.189242162321e-02
 5.402946764601e+04  1.621499800000e+01  7.171329586080e-02
 5.402947836251e+04  1.622292000000e+01  7.169002726870e-02
 5.402948839773e+04  1.618989000000e+01  7.109379122596e-02
 5.420116756333e+04  1.532260000000e+01  6.231498971787e-02
 5.420117683984e+04  1.537042800000e+01  6.275082276945e-02
 5.420118612861e+04  1.542920000000e+01  6.332079163430e-02
 5.420119539620e+04  1.549204600000e+01  6.389606735890e-02
 5.443743100586e+04  1.538877200000e+01  6.215788442940e-02
 5.443744170569e+04  1.524765300000e+01  6.099378149006e-02
 5.443745244361e+04  1.524435400000e+01  6.096327020993e-02
 5.443746319831e+04  1.527966900000e+01  6.124299980622e-02
 5.444844999359e+04  1.534152400000e+01  6.163295536321e-02
 5.444845535832e+04  1.537842300000e+01  6.194003063151e-02
 5.444846088649e+04  1.541580300000e+01  6.226459541499e-02
 5.444846624799e+04  1.543476800000e+01  6.243071242619e-02
 5.445441691345e+04  1.611979900000e+01  7.010823960156e-02
 5.445442339815e+04  1.612489000000e+01  7.019642085378e-02
 5.445442991387e+04  1.615729200000e+01  7.060578713075e-02
 5.445443637090e+04  1.617206500000e+01  7.085415834802e-02
 5.446448086433e+04  1.624934100000e+01  7.233220452848e-02
 5.446448751756e+04  1.624550900000e+01  7.162337534976e-02
 5.446449415677e+04  1.623578700000e+01  7.214355384485e-02
 5.446450078928e+04  1.616300200000e+01  7.108192966761e-02
 5.413929951308e+04  1.612831300000e+01  7.392449699128e-02
 5.413930707896e+04  1.612947900000e+01  7.274307174808e-02
 5.413931465469e+04  1.613537100000e+01  7.256897730341e-02
 5.413932219476e+04  1.614301500000e+01  7.289410520944e-02
 5.414032782649e+04  1.626151500000e+01  1.550093025772e-01
 5.414032882434e+04  1.610248900000e+01  1.647737723378e-01
 5.414032984348e+04  1.600436300000e+01  1.611248020175e-01
 5.414033090384e+04  1.625999900000e+01  1.595776095089e-01
 5.414630524903e+04  1.554928100000e+01  6.392872914051e-02
 5.414631131750e+04  1.554692100000e+01  6.388092299289e-02
 5.414631742012e+04  1.558616100000e+01  6.420938798241e-02
 5.414632351521e+04  1.563073400000e+01  6.464179847494e-02
 5.410929450194e+04  1.586820700000e+01  7.142653303170e-02
 5.410930259286e+04  1.594147200000e+01  7.324276991304e-02
 5.410931069639e+04  1.595057600000e+01  7.466321760850e-02
 5.411033688825e+04  1.588570400000e+01  6.881659874331e-02
 5.411034458458e+04  1.593779700000e+01  6.933184785049e-02
 5.411035234249e+04  1.598100600000e+01  6.963587755393e-02
 5.411036005236e+04  1.595026200000e+01  6.851163463705e-02
 5.412529826572e+04  1.591995200000e+01  6.772380780361e-02
 5.412530845998e+04  1.561431100000e+01  6.436492827660e-02
 5.412531869405e+04  1.537090500000e+01  6.209824476994e-02
 5.412532892118e+04  1.525419100000e+01  6.116357895574e-02
 5.416820041207e+04  1.523093100000e+01  6.115448253326e-02
 5.416820853343e+04  1.524180500000e+01  6.121311114809e-02
 5.416821664436e+04  1.525354400000e+01  6.129328998727e-02
 5.416822477162e+04  1.534580100000e+01  6.207524413321e-02
 5.424415411193e+04  1.586036100000e+01  6.786708847861e-02
 5.424416117524e+04  1.587259400000e+01  6.857298273412e-02
 5.424416822895e+04  1.588766400000e+01  6.888192943643e-02
 5.424417525697e+04  1.591488900000e+01  6.937898945456e-02
 5.440850024747e+04  1.620928900000e+01  7.158205128649e-02
 5.440850509030e+04  1.619707400000e+01  7.137670997081e-02
 5.440850998858e+04  1.623467000000e+01  7.188922600875e-02
 5.440851490248e+04  1.615919300000e+01  7.081683973873e-02
 5.442238922341e+04  1.575458300000e+01  6.629409291242e-02
 5.442239676256e+04  1.575329500000e+01  6.623535315506e-02
 5.442240434523e+04  1.582689900000e+01  6.702003863976e-02
 5.442241196435e+04  1.580414900000e+01  6.666423692507e-02
 5.438449032831e+04  1.621946600000e+01  7.201746407408e-02
 5.438449738688e+04  1.617717700000e+01  7.136922343955e-02
 5.438450450008e+04  1.620290800000e+01  7.167276119720e-02
 5.438451157288e+04  1.619528300000e+01  7.144958644788e-02
 5.455915428080e+04  1.616366100000e+01  7.156895538748e-02
 5.455916186797e+04  1.621638200000e+01  7.235838617253e-02
 5.455916945007e+04  1.616461900000e+01  7.165152155334e-02
 5.455917702787e+04  1.626242400000e+01  7.310496854028e-02
 5.456712975269e+04  1.538803800000e+01  6.266961927664e-02
 5.456713801595e+04  1.539430100000e+01  6.276517841220e-02
 5.456714611925e+04  1.546265100000e+01  6.332892802711e-02
 5.456715266066e+04  1.546868200000e+01  6.340543325113e-02
 5.457417399082e+04  1.611596700000e+01  7.134421833925e-02
 5.457418145265e+04  1.611926400000e+01  7.149819920204e-02
 5.457418881818e+04  1.621366100000e+01  7.296497076084e-02
 5.457419618672e+04  1.626333000000e+01  7.380243591045e-02
 5.458113169764e+04  1.627479900000e+01  8.288893451613e-02
 5.458113753080e+04  1.627712700000e+01  8.299481480413e-02
 5.458114340181e+04  1.633326000000e+01  8.434444411554e-02
 5.458114926413e+04  1.624494200000e+01  8.240294291325e-02
 5.480740912895e+04  1.617630000000e+01  7.093982692233e-02
 5.480741446058e+04  1.617085400000e+01  7.208853205688e-02
 5.480741981247e+04  1.615544500000e+01  7.205362782257e-02
 5.480742520417e+04  1.618988800000e+01  7.104685413688e-02
 5.482244849623e+04  1.604076900000e+01  6.882142412238e-02
 5.482245520882e+04  1.608120500000e+01  6.943239927156e-02
 5.482246176876e+04  1.607179700000e+01  6.922392546722e-02
 5.482246858762e+04  1.607890400000e+01  6.935973493261e-02
 5.450326446807e+04  1.625067200000e+01  7.205455784541e-02
 5.450327105601e+04  1.619526700000e+01  7.119700868446e-02
 5.450327762347e+04  1.610613600000e+01  7.000178826911e-02
 5.450328420655e+04  1.583748400000e+01  6.666237199054e-02
 5.451022946037e+04  1.575385300000e+01  6.591965003191e-02
 5.451023599426e+04  1.575660100000e+01  6.589690724399e-02
 5.451024253949e+04  1.575106100000e+01  6.585106545181e-02
 5.451024909699e+04  1.579080100000e+01  6.624429386079e-02
 5.447537063914e+04  1.617869400000e+01  7.094806781071e-02
 5.447537810491e+04  1.621491700000e+01  7.148172374823e-02
 5.447538558619e+04  1.619989300000e+01  7.124018560084e-02
 5.447539303772e+04  1.627571400000e+01  7.231325017699e-02
 5.449527943803e+04  1.617711000000e+01  7.103963431435e-02
 5.449528745694e+04  1.620720100000e+01  7.154956464499e-02
 5.449529548733e+04  1.622874900000e+01  7.186217811708e-02
 5.449530350288e+04  1.617808300000e+01  7.129697935751e-02
 5.453320756544e+04  1.567325700000e+01  6.578680493970e-02
 5.453321455514e+04  1.572779000000e+01  6.706981373661e-02
 5.453322154241e+04  1.576278800000e+01  6.711130579935e-02
 5.453322853072e+04  1.576618600000e+01  6.707109881459e-02
 5.453722389317e+04  1.629680900000e+01  6.867568103086e-02
 5.453723059245e+04  1.631349400000e+01  6.883892749118e-02
 5.453723721200e+04  1.625730500000e+01  6.815430884346e-02
 5.453724386603e+04  1.629772200000e+01  6.867378505509e-02
 5.454829955583e+04  1.532722300000e+01  6.473605492731e-02
 5.454830535890e+04  1.539712800000e+01  6.549305975479e-02
 5.454831114900e+04  1.541893500000e+01  6.576420733618e-02
 5.454831691411e+04  1.541344100000e+01  6.576071107312e-02
 5.477646719372e+04  1.611767000000e+01  7.003555654322e-02
 5.477647308822e+04  1.614176000000e+01  7.032730877833e-02
 5.477647918563e+04  1.617406900000e+01  7.070125994232e-02
 5.477648531811e+04  1.616786600000e+01  7.058517765241e-02
 5.494418868227e+04  1.582467900000e+01  6.742972557768e-02
 5.494419592279e+04  1.586397000000e+01  6.788976493064e-02
 5.494420319181e+04  1.587475400000e+01  6.805232548177e-02
 5.494421034542e+04  1.589538900000e+01  6.840773549799e-02
 5.487526591109e+04  1.612275800000e+01  7.370322463088e-02
 5.487527132582e+04  1.632316600000e+01  7.708324438456e-02
 5.487527660803e+04  1.616324900000e+01  7.438303132654e-02
 5.487528194753e+04  1.609380100000e+01  7.324592143744e-02
 5.488222636425e+04  1.616524500000e+01  7.081034075378e-02
 5.488223246744e+04  1.617228800000e+01  7.090338323083e-02
 5.488223847295e+04  1.619760500000e+01  7.124075376549e-02
 5.488224446595e+04  1.621113200000e+01  7.146804144231e-02
 5.484843665271e+04  1.553760300000e+01  6.368915854961e-02
 5.484844452891e+04  1.559609100000e+01  6.442418558946e-02
 5.484845222189e+04  1.562989300000e+01  6.487683774586e-02
 5.484846007321e+04  1.564981200000e+01  6.537335329289e-02
 5.490717227782e+04  1.614025600000e+01  7.055711611725e-02
 5.490717696580e+04  1.611440000000e+01  7.015309751197e-02
 5.490718176997e+04  1.612910600000e+01  7.038181589370e-02
 5.490718657912e+04  1.612811600000e+01  7.034167416405e-02
 5.491916649241e+04  1.605960500000e+01  6.952996175393e-02
 5.491917253508e+04  1.607709200000e+01  6.977072636783e-02
 5.491917854779e+04  1.609996100000e+01  7.009088434867e-02
 5.491918449762e+04  1.610629400000e+01  7.017170976691e-02
 5.515142903373e+04  1.619970900000e+01  7.229274529944e-02
 5.515144077322e+04  1.620565900000e+01  7.226626727001e-02
 5.515145254523e+04  1.619459100000e+01  7.205177107551e-02
 5.515146422510e+04  1.624579700000e+01  7.213449053972e-02
 5.516147827410e+04  1.622085200000e+01  7.216703033507e-02
 5.516148375997e+04  1.612345500000e+01  7.077077834455e-02
 5.516148921775e+04  1.593317000000e+01  6.830245484308e-02
 5.516149470340e+04  1.575176400000e+01  6.612976566646e-02
 5.516245069005e+04  1.619583500000e+01  7.225629584081e-02
 5.516245928380e+04  1.617958700000e+01  7.197344869129e-02
 5.516246784742e+04  1.628565100000e+01  7.355900160623e-02
 5.516247633590e+04  1.618614400000e+01  7.201962298941e-02
 5.512148116794e+04  1.606196200000e+01  7.079844036237e-02
 5.512148598473e+04  1.602243400000e+01  7.015636390445e-02
 5.512149089287e+04  1.608038300000e+01  7.089217792157e-02
 5.512149577587e+04  1.608004000000e+01  7.079992787341e-02
 5.530117621031e+04  1.552077000000e+01  6.405426455510e-02
 5.530118299986e+04  1.558774800000e+01  6.474861654382e-02
 5.530118995699e+04  1.558939900000e+01  6.477917292251e-02
 5.530119685524e+04  1.569054900000e+01  6.582717720916e-02
 5.553248292959e+04  1.622146900000e+01  7.267692499260e-02
 5.553249559855e+04  1.623451000000e+01  7.294763235908e-02
 5.553250199269e+04  1.624798600000e+01  7.305556307315e-02
 5.553941165047e+04  1.626832300000e+01  7.396989607837e-02
 5.553942655402e+04  1.630543300000e+01  7.399757165552e-02
 5.553943396622e+04  1.627176400000e+01  7.495517317266e-02
 5.523230607400e+04  1.606563700000e+01  9.189955046521e-02
 5.523231114417e+04  1.601854400000e+01  8.640845744879e-02
 5.523231628963e+04  1.594421500000e+01  8.431515482243e-02
 5.523232139116e+04  1.603516600000e+01  8.843780433848e-02
 5.520335472106e+04  1.522988200000e+01  6.104228562948e-02
 5.520335925243e+04  1.529742100000e+01  6.157557506931e-02
 5.520336384293e+04  1.528883100000e+01  6.151412012743e-02
 5.520336841076e+04  1.535386800000e+01  6.202558826038e-02
 5.526821497346e+04  1.547029200000e+01  6.337312079156e-02
 5.526822069302e+04  1.547976800000e+01  6.346400330142e-02
 5.526822640372e+04  1.549661700000e+01  6.363610196158e-02
 5.526823208749e+04  1.555141800000e+01  6.415842316023e-02
 5.527521385898e+04  1.612711100000e+01  7.123947613635e-02
 5.527522068751e+04  1.613173500000e+01  7.156410282554e-02
 5.527522757270e+04  1.613053400000e+01  7.145452261551e-02
 5.527523444185e+04  1.621154900000e+01  7.268138723969e-02
 5.550348038968e+04  1.543645100000e+01  6.342046753882e-02
 5.550349201435e+04  1.548782300000e+01  6.386741561862e-02
 5.550349779322e+04  1.554176700000e+01  6.437683946863e-02
 5.551244412106e+04  1.582030000000e+01  6.726192705462e-02
 5.551245928311e+04  1.584428300000e+01  6.752804790441e-02
 5.551246682076e+04  1.586117400000e+01  6.768681889928e-02
 5.548348979679e+04  1.626297800000e+01  7.778334146807e-02
 5.548349924669e+04  1.637747300000e+01  7.985709125612e-02
 5.548350391911e+04  1.629799300000e+01  7.822435213207e-02
 5.559627458704e+04  1.624002800000e+01  6.855884723516e-02
 5.559628432341e+04  1.615430100000e+01  6.751249637328e-02
 5.559629407045e+04  1.617847800000e+01  6.780256696141e-02
 5.559630381088e+04  1.615892700000e+01  6.755851623329e-02
 5.560324185541e+04  1.608112100000e+01  6.693568393578e-02
 5.560325301328e+04  1.590832800000e+01  6.500858253449e-02
 5.560326421720e+04  1.557305900000e+01  6.190036726068e-02
 5.560327532877e+04  1.526544700000e+01  5.960616738617e-02
 5.561724818696e+04  1.622079700000e+01  7.289663943466e-02
 5.561725619845e+04  1.618277200000e+01  7.231834360887e-02
 5.561726429667e+04  1.622967300000e+01  7.298523973014e-02
 5.561727225229e+04  1.619877200000e+01  7.247564157247e-02
 5.556333675677e+04  1.621320300000e+01  7.345105263527e-02
 5.556334426509e+04  1.621500800000e+01  7.338427828480e-02
 5.556335212185e+04  1.624318300000e+01  7.340239560593e-02
 5.556335966264e+04  1.621714100000e+01  7.292489833482e-02
 5.557245266067e+04  1.526950600000e+01  6.192061710062e-02
 5.557245846628e+04  1.530422500000e+01  6.223713779980e-02
 5.557246428437e+04  1.531245600000e+01  6.231866253546e-02
 5.557247009355e+04  1.536493200000e+01  6.278933362994e-02
 5.558634515160e+04  1.611548400000e+01  7.233571143568e-02
 5.558635210507e+04  1.618333300000e+01  7.345444665924e-02
 5.558635903190e+04  1.616389300000e+01  7.234384984327e-02
 5.558636590559e+04  1.621639500000e+01  7.336070057482e-02
 5.558729300053e+04  1.607699200000e+01  7.068870183301e-02
 5.558729992507e+04  1.606186500000e+01  7.045991940944e-02
 5.558730687631e+04  1.607670300000e+01  7.062445491104e-02
 5.558731380920e+04  1.608194500000e+01  7.070433497436e-02
 5.563118068319e+04  1.594449100000e+01  6.983211709976e-02
 5.563118575604e+04  1.601730000000e+01  7.084138419374e-02
 5.563119090490e+04  1.599735800000e+01  7.054804544743e-02
 5.563119604301e+04  1.595963600000e+01  7.000450490173e-02
 5.564611332987e+04  1.617828500000e+01  7.314127524582e-02
 5.564611896200e+04  1.606303600000e+01  7.143160261897e-02
 5.564612468728e+04  1.591443900000e+01  6.931930633515e-02
 5.564613039627e+04  1.571616500000e+01  6.684496637613e-02
 5.569517347111e+04  1.630899000000e+01  8.133707167345e-02
 5.569518176507e+04  1.623476400000e+01  8.021661614501e-02
 5.569519003218e+04  1.617517600000e+01  7.948881873295e-02
 5.569519833336e+04  1.617041400000e+01  7.972317189905e-02
 5.387613541282e+04  1.584412400000e+01  6.969927980211e-02
 5.387613929728e+04  1.596307000000e+01  7.155998875116e-02
 5.387614319296e+04  1.595378700000e+01  7.151295102369e-02
 5.387614708656e+04  1.599636900000e+01  7.223433572913e-02
 5.568419733389e+04  1.623971900000e+01  7.477818353946e-02
 5.568420605729e+04  1.626253500000e+01  7.522945249175e-02
 5.568421562307e+04  1.617142700000e+01  7.388079046976e-02
 5.568422452122e+04  1.625131500000e+01  7.530408995002e-02
 5.586750507178e+04  1.599241100000e+01  6.904090346303e-02
 5.586750955545e+04  1.601836700000e+01  6.928894248237e-02
 5.586751410734e+04  1.599609100000e+01  6.906484565322e-02
 5.586751859263e+04  1.600753500000e+01  6.914902538640e-02
 5.585049617007e+04  1.628890000000e+01  9.008433449842e-02
 5.585050299184e+04  1.621229500000e+01  8.797276415873e-02
 5.585050979866e+04  1.627417000000e+01  8.935769183356e-02
 5.585051652413e+04  1.625690800000e+01  8.863780510323e-02
 5.588742570075e+04  1.616977500000e+01  7.154472364336e-02
 5.588743601541e+04  1.617850500000e+01  7.157057251342e-02
 5.588744635218e+04  1.618543500000e+01  7.165508349900e-02
 5.588745676755e+04  1.618358100000e+01  7.156131159896e-02
 5.589341116075e+04  1.592059500000e+01  6.832128193379e-02
 5.589341640348e+04  1.569907300000e+01  6.575315026489e-02
 5.589342161414e+04  1.561002400000e+01  6.478435173943e-02
 5.589342688814e+04  1.543561000000e+01  6.308202924203e-02
 5.594047516256e+04  1.549334800000e+01  6.365188305532e-02
 5.594048017181e+04  1.535284100000e+01  6.238127279135e-02
 5.594048525331e+04  1.529686100000e+01  6.186910367166e-02
 5.594049036272e+04  1.522356200000e+01  6.129759278750e-02
 5.596833816837e+04  1.581762300000e+01  6.705894297110e-02
 5.596834721266e+04  1.589459100000e+01  6.796474288616e-02
 5.596835631544e+04  1.590711200000e+01  6.816260336167e-02
 5.596836541494e+04  1.593021000000e+01  6.844982933398e-02
 5.598716956962e+04  1.582369600000e+01  6.961685344780e-02
 5.598717409473e+04  1.589711700000e+01  7.063532995287e-02
 5.598717866106e+04  1.589683000000e+01  7.050910421950e-02
 5.598718326905e+04  1.590397200000e+01  7.060195189126e-02
 5.603012167738e+04  1.610060000000e+01  7.157042601311e-02
 5.603012675304e+04  1.609704300000e+01  7.156307521319e-02
 5.603013191545e+04  1.610405300000e+01  7.173228252912e-02
 5.603013702824e+04  1.609677300000e+01  7.158882850696e-02
 5.604013457800e+04  1.625010000000e+01  7.465096519064e-02
 5.604014017910e+04  1.621024900000e+01  7.411874505019e-02
 5.604014584281e+04  1.621244800000e+01  7.418111820924e-02
 5.604015153620e+04  1.615247300000e+01  7.319581183972e-02
 5.606215387940e+04  1.617585800000e+01  7.153475446946e-02
 5.606216280147e+04  1.618750000000e+01  7.201576651480e-02
 5.606217141538e+04  1.615236800000e+01  7.157130792519e-02
 5.606217990007e+04  1.619400900000e+01  7.237951220965e-02
 5.606816561253e+04  1.576293800000e+01  6.686560409382e-02
 5.606817063270e+04  1.576512700000e+01  6.691099232037e-02
 5.606817578596e+04  1.577287400000e+01  6.706108176094e-02
 5.606818093506e+04  1.582237200000e+01  6.780747502174e-02
 5.621548432204e+04  1.533240000000e+01  6.288410258843e-02
 5.621548886057e+04  1.525316700000e+01  6.215471447219e-02
 5.621549337876e+04  1.523628300000e+01  6.198805045391e-02
 5.621549792575e+04  1.524257700000e+01  6.201882440027e-02
 5.622745643009e+04  1.630614200000e+01  7.921983488127e-02
 5.622746253547e+04  1.633123400000e+01  7.965612276121e-02
 5.622746855256e+04  1.620930200000e+01  7.722976951194e-02
 5.622747468056e+04  1.625429000000e+01  7.805169116038e-02
