# time mag mag_err
 5.346640293764e+04  1.461769000000e+01  5.693177142478e-02
 5.346641183866e+04  1.462294300000e+01  5.695752968228e-02
 5.346642079929e+04  1.463762000000e+01  5.703363295084e-02
 5.346642973110e+04  1.467175400000e+01  5.718671649244e-02
 5.355626517000e+04  1.535056100000e+01  6.261212254613e-02
 5.355627346961e+04  1.492566400000e+01  5.935778645226e-02
 5.355628171052e+04  1.485501800000e+01  5.889901701146e-02
 5.355628991255e+04  1.510276800000e+01  6.067530127297e-02
 5.356118705491e+04  1.570383600000e+01  6.609381964270e-02
 5.356119202843e+04  1.570970500000e+01  6.618854246686e-02
 5.356119701200e+04  1.570891200000e+01  6.619461418180e-02
 5.356120197383e+04  1.561920600000e+01  6.519250678905e-02
 5.352930239700e+04  1.543645700000e+01  6.298966200271e-02
 5.352930971391e+04  1.534797200000e+01  6.224724183214e-02
 5.352931704391e+04  1.495075800000e+01  5.925654048430e-02
 5.352932440480e+04  1.540031600000e+01  6.242500718774e-02
 5.355025571295e+04  1.473940300000e+01  5.810017972183e-02
 5.355026376336e+04  1.468774700000e+01  5.777978718756e-02
 5.355027184536e+04  1.470378000000e+01  5.787693600692e-02
 5.355027992330e+04  1.478140700000e+01  5.832996515769e-02
 5.352039831429e+04  1.478401800000e+01  5.868989430098e-02
 5.352040477932e+04  1.471361100000e+01  5.827100923133e-02
 5.352041124527e+04  1.474775000000e+01  5.851207382293e-02
 5.352041766653e+04  1.497339000000e+01  6.008072479601e-02
 5.364612662719e+04  1.508294600000e+01  6.998649316817e-02
 5.365308797215e+04  1.550564700000e+01  6.550982258274e-02
 5.365309311153e+04  1.502198500000e+01  6.114011943403e-02
 5.365309828829e+04  1.549335600000e+01  6.552600733575e-02
 5.365310345613e+04  1.556397100000e+01  6.636505418941e-02
 5.363712309402e+04  1.546132800000e+01  6.464529902299e-02
 5.363712789252e+04  1.531118000000e+01  6.414290299144e-02
 5.363713749010e+04  1.515013500000e+01  7.855290115639e-02
 5.363912631436e+04  1.582544600000e+01  6.872068692891e-02
 5.363913062257e+04  1.579518200000e+01  6.803539111136e-02
 5.363913492660e+04  1.577670200000e+01  6.821753136329e-02
 5.363913923006e+04  1.573439900000e+01  6.779926533578e-02
 5.383248195413e+04  1.500898500000e+01  6.004793938148e-02
 5.383248954443e+04  1.556629600000e+01  6.483052405692e-02
 5.383249713197e+04  1.512177400000e+01  6.087857112811e-02
 5.383250470757e+04  1.539340500000e+01  6.322866519956e-02
 5.385235633725e+04  1.561190200000e+01  6.553428677102e-02
 5.385236475387e+04  1.561568200000e+01  6.558229896869e-02
 5.385237326597e+04  1.564168800000e+01  6.585583900557e-02
 5.385238163815e+04  1.567186900000e+01  6.616476169036e-02
 5.377050724059e+04  1.451174600000e+01  5.688810428185e-02
 5.377051355132e+04  1.454427100000e+01  5.703606260051e-02
 5.377051992085e+04  1.454390500000e+01  5.701478384026e-02
 5.377052624153e+04  1.456303400000e+01  5.709947245343e-02
 5.393921039079e+04  1.470770100000e+01  5.945262252688e-02
 5.393921356779e+04  1.463972200000e+01  5.896304593429e-02
 5.393921675985e+04  1.472532900000e+01  5.958957475392e-02
 5.393921994242e+04  1.460169700000e+01  5.875038660571e-02
 5.390432782043e+04  1.531008400000e+01  9.893165597122e-02
 5.390432878575e+04  1.494767600000e+01  8.849617136990e-02
 5.390432977075e+04  1.539178500000e+01  1.015047897156e-01
 5.390433075436e+04  1.536688200000e+01  1.009205512785e-01
 5.380350699049e+04  1.481632100000e+01  6.039130268150e-02
 5.380351521126e+04  1.481954700000e+01  6.089948487520e-02
 5.380352354547e+04  1.478965100000e+01  6.289024762977e-02
 5.381849104169e+04  1.484464500000e+01  6.021746712004e-02
 5.381849932462e+04  1.470160400000e+01  5.823615823860e-02
 5.381850768105e+04  1.466773200000e+01  5.784440022308e-02
 5.381851598714e+04  1.459635900000e+01  5.737614717883e-02
 5.385842999830e+04  1.452390600000e+01  5.804695354091e-02
 5.385844409865e+04  1.458764000000e+01  5.766629076701e-02
 5.385845215785e+04  1.461375500000e+01  5.779407763737e-02
 5.385846292250e+04  1.464858100000e+01  5.799324988230e-02
 5.386640382225e+04  1.552018500000e+01  1.056830656642e-01
 5.386640459336e+04  1.546576400000e+01  1.053964165143e-01
 5.386640533066e+04  1.555768100000e+01  1.076598173488e-01
 5.386640624378e+04  1.545060600000e+01  1.037743636785e-01
 5.387338564219e+04  1.524029500000e+01  6.620494851325e-02
 5.387338988788e+04  1.550805800000e+01  7.009462704651e-02
 5.387339410082e+04  1.550221100000e+01  7.005988285479e-02
 5.387339832406e+04  1.547414400000e+01  6.903231475772e-02
 5.387933047302e+04  1.560779700000e+01  6.528481390690e-02
 5.387934069494e+04  1.554195800000e+01  6.460378310113e-02
 5.387935093156e+04  1.575334500000e+01  6.688989312716e-02
 5.387936115152e+04  1.560660100000e+01  6.530440363181e-02
 5.402908771265e+04  1.486872600000e+01  6.157621455538e-02
 5.402909100517e+04  1.525647400000e+01  6.520386812579e-02
 5.402909431598e+04  1.523493000000e+01  6.503019114865e-02
 5.402909762610e+04  1.534574300000e+01  6.626757710149e-02
 5.399810924626e+04  1.542353700000e+01  6.241781226900e-02
 5.399811405796e+04  1.544416800000e+01  6.255670201334e-02
 5.399811882637e+04  1.536908900000e+01  6.194776289571e-02
 5.399812363980e+04  1.542201700000e+01  6.244497889024e-02
 5.420143666654e+04  1.536234100000e+01  6.252580419545e-02
 5.420144645672e+04  1.532263500000e+01  6.212764745236e-02
 5.420145622075e+04  1.539100900000e+01  6.273430368030e-02
 5.420146608397e+04  1.501391300000e+01  5.977605586710e-02
 5.420746047714e+04  1.549341400000e+01  6.361611451360e-02
 5.420746581734e+04  1.504256500000e+01  5.991977256183e-02
 5.420747116830e+04  1.511365400000e+01  6.005803617516e-02
 5.420747653488e+04  1.552017000000e+01  6.389912166674e-02
 5.421446885312e+04  1.545605200000e+01  6.295764395067e-02
 5.421447315056e+04  1.557484300000e+01  6.408921374833e-02
 5.421447744013e+04  1.545841200000e+01  6.300859971020e-02
 5.421448175689e+04  1.545998300000e+01  6.304406003498e-02
 5.425636172803e+04  1.475144400000e+01  5.818988311523e-02
 5.425636990483e+04  1.477166900000e+01  5.830751488301e-02
 5.425637802977e+04  1.509067400000e+01  6.044881971549e-02
 5.425638620321e+04  1.477132400000e+01  5.834732517189e-02
 5.426431903926e+04  1.545262800000e+01  6.339886741413e-02
 5.426432667471e+04  1.555970800000e+01  6.442511954152e-02
 5.426433434187e+04  1.560800000000e+01  6.495031453803e-02
 5.426434199606e+04  1.563966000000e+01  6.525792185490e-02
 5.427231274856e+04  1.491877600000e+01  5.945947234230e-02
 5.427232004441e+04  1.533037900000e+01  6.264350231893e-02
 5.427232733182e+04  1.525676600000e+01  6.200536061588e-02
 5.427233461227e+04  1.536395800000e+01  6.299233096615e-02
 5.418550417714e+04  1.510469500000e+01  6.006552601443e-02
 5.418550740855e+04  1.475299600000e+01  5.783019641251e-02
 5.418551068580e+04  1.475603700000e+01  5.785268889790e-02
 5.418551395031e+04  1.523171800000e+01  6.102849737218e-02
 5.424034125601e+04  1.566541200000e+01  6.568979151786e-02
 5.424035044141e+04  1.568129800000e+01  6.583553936689e-02
 5.424035963979e+04  1.564016700000e+01  6.546313819230e-02
 5.424036887475e+04  1.559649000000e+01  6.493508639674e-02
 5.437710309456e+04  1.505183300000e+01  5.990354631227e-02
 5.437710737881e+04  1.472969800000e+01  5.787244203588e-02
 5.437711164418e+04  1.476756200000e+01  5.809995268432e-02
 5.437711591441e+04  1.489467400000e+01  5.889449148220e-02
 5.438709713456e+04  1.498779800000e+01  6.289938782176e-02
 5.438809853285e+04  1.440306500000e+01  5.857964016339e-02
 5.438810231730e+04  1.440600000000e+01  5.863536073799e-02
 5.438810612466e+04  1.440679100000e+01  5.867031306216e-02
 5.438810992728e+04  1.434255600000e+01  5.830450680586e-02
 5.439407754252e+04  1.463867100000e+01  6.266666357534e-02
 5.439407969344e+04  1.492431400000e+01  6.545788030510e-02
 5.439408185535e+04  1.474704600000e+01  6.372546746319e-02
 5.439408400662e+04  1.477553800000e+01  6.403176726392e-02
 5.435514414248e+04  1.548575900000e+01  6.344577502756e-02
 5.435514999589e+04  1.563279600000e+01  6.488478792181e-02
 5.435515588148e+04  1.550658900000e+01  6.370772762719e-02
 5.435516176083e+04  1.522838200000e+01  6.126216730722e-02
 5.455746837022e+04  1.458050700000e+01  5.689821418587e-02
 5.455747267738e+04  1.448735700000e+01  5.650812506024e-02
 5.455747695896e+04  1.455013500000e+01  5.681279782168e-02
 5.455748131230e+04  1.480753000000e+01  5.857403201176e-02
 5.456645928741e+04  1.531187700000e+01  6.181897917385e-02
 5.456646457123e+04  1.491124100000e+01  5.888177607062e-02
 5.456646993804e+04  1.537930600000e+01  6.238201639281e-02
 5.456647522396e+04  1.530365600000e+01  6.170253338877e-02
 5.457141907825e+04  1.573371700000e+01  6.524382264009e-02
 5.457142669322e+04  1.570101600000e+01  6.489971064298e-02
 5.457143433550e+04  1.578421100000e+01  6.577928887238e-02
 5.457144199154e+04  1.577974500000e+01  6.569608034555e-02
 5.458443061299e+04  1.438836800000e+01  5.604054205877e-02
 5.458443715127e+04  1.437793400000e+01  5.599335259465e-02
 5.458444367382e+04  1.443365600000e+01  5.626612655987e-02
 5.458445029532e+04  1.442974400000e+01  5.624567023778e-02
 5.449651627859e+04  1.439187300000e+01  5.825874890084e-02
 5.449652269684e+04  1.434941000000e+01  5.797504503883e-02
 5.449652908976e+04  1.436970700000e+01  5.804835853988e-02
 5.449653552538e+04  1.439758500000e+01  5.819046347589e-02
 5.462328880369e+04  1.522733400000e+01  5.879136933703e-02
 5.462329798124e+04  1.527977900000e+01  5.886902170954e-02
 5.462330670111e+04  1.528446100000e+01  5.918187905666e-02
 5.462331547412e+04  1.528484900000e+01  5.914301776793e-02
 5.464039037663e+04  1.551653400000e+01  6.475217546482e-02
 5.464039686145e+04  1.535533100000e+01  6.334152109838e-02
 5.464040336050e+04  1.549393200000e+01  6.472865216485e-02
 5.464040979705e+04  1.553147700000e+01  6.528953919747e-02
 5.459137439080e+04  1.575838600000e+01  6.592512810970e-02
 5.459138214616e+04  1.579111200000e+01  6.629070538055e-02
 5.459138993532e+04  1.567895900000e+01  6.506769366492e-02
 5.459139768895e+04  1.556481900000e+01  6.391033557317e-02
 5.459931170265e+04  1.546449700000e+01  6.371568019959e-02
 5.459931820483e+04  1.541805700000e+01  6.283620743780e-02
 5.459932473304e+04  1.531428300000e+01  6.231903011220e-02
 5.459933126462e+04  1.493127400000e+01  5.940130123822e-02
 5.493743939388e+04  1.538336500000e+01  6.266479466867e-02
 5.493744414562e+04  1.538324400000e+01  6.271735046114e-02
 5.493744885154e+04  1.498316400000e+01  5.958838156957e-02
 5.493745352781e+04  1.500074700000e+01  5.970468910298e-02
 5.494942175682e+04  1.562323000000e+01  6.457655271769e-02
 5.494942785552e+04  1.563256700000e+01  6.467913057460e-02
 5.494943389726e+04  1.558109800000e+01  6.413766345460e-02
 5.494944000730e+04  1.553415900000e+01  6.370051103132e-02
 5.505919634741e+04  1.504972300000e+01  5.997556196697e-02
 5.505920367082e+04  1.518169300000e+01  6.098748692653e-02
 5.505921097856e+04  1.512058500000e+01  6.055803705288e-02
 5.505921829861e+04  1.512207300000e+01  6.059824558121e-02
 5.502330542535e+04  1.504255300000e+01  6.036137685275e-02
 5.502331091022e+04  1.463788100000e+01  5.778222177087e-02
 5.502331634652e+04  1.478818900000e+01  5.871357188189e-02
 5.502332165037e+04  1.448308100000e+01  5.692537461606e-02
 5.503425403689e+04  1.548352500000e+01  7.000462791275e-02
 5.503425797644e+04  1.554355600000e+01  7.084736160784e-02
 5.503426191090e+04  1.548414500000e+01  7.000351726608e-02
 5.503426574905e+04  1.557861500000e+01  7.116556892979e-02
 5.504120844737e+04  1.551206500000e+01  6.601418117498e-02
 5.504121339286e+04  1.546118200000e+01  6.544751121468e-02
 5.504121828674e+04  1.552705000000e+01  6.621682039245e-02
 5.504122326468e+04  1.500887200000e+01  6.134140394385e-02
 5.489152858189e+04  1.446334400000e+01  6.057397524695e-02
 5.489153102553e+04  1.452755000000e+01  6.107550937647e-02
 5.489153360228e+04  1.451821700000e+01  6.096839973025e-02
 5.489153617359e+04  1.451833800000e+01  6.093319648615e-02
 5.491749823194e+04  1.533113900000e+01  6.596293416161e-02
 5.491750013854e+04  1.494838800000e+01  6.226156465211e-02
 5.491750210924e+04  1.539758200000e+01  6.674600436735e-02
 5.491750402021e+04  1.537113500000e+01  6.646214537476e-02
 5.497834601318e+04  1.510963700000e+01  6.031130891622e-02
 5.497835384169e+04  1.513108700000e+01  6.045597785415e-02
 5.497836177139e+04  1.510529100000e+01  6.027254201952e-02
 5.497836956067e+04  1.512451000000e+01  6.040786446102e-02
 5.512408691775e+04  1.556338900000e+01  6.484040784406e-02
 5.512409178733e+04  1.533219000000e+01  6.271756973973e-02
 5.512409660969e+04  1.533114900000e+01  6.279426577275e-02
 5.512410150264e+04  1.509020800000e+01  6.091600047969e-02
 5.510311252157e+04  1.490259200000e+01  6.286944403610e-02
 5.510311645200e+04  1.499918900000e+01  6.377810730991e-02
 5.510312035752e+04  1.497529100000e+01  6.359986665175e-02
 5.510312433654e+04  1.474746700000e+01  6.165811253070e-02
 5.529548639990e+04  1.535111700000e+01  6.641547186141e-02
 5.529644841451e+04  1.484745300000e+01  5.846897550629e-02
 5.538224957581e+04  1.539122200000e+01  6.270228433884e-02
 5.538225806502e+04  1.530874200000e+01  6.200605448956e-02
 5.538226667304e+04  1.542759300000e+01  6.309335125183e-02
 5.538227531929e+04  1.534225700000e+01  6.234850347867e-02
 5.534835862716e+04  1.550765800000e+01  6.389467364342e-02
 5.534836498363e+04  1.565198800000e+01  6.540328409369e-02
 5.534837135213e+04  1.554876700000e+01  6.440741494535e-02
 5.534837771659e+04  1.552773700000e+01  6.417028584381e-02
 5.527548403484e+04  1.474681700000e+01  5.778705170712e-02
 5.527549147071e+04  1.512190300000e+01  6.019176566214e-02
 5.527549891413e+04  1.480377400000e+01  5.809091398185e-02
 5.527550637390e+04  1.520827600000e+01  6.082305153163e-02
 5.532345007473e+04  1.492708100000e+01  5.897421584450e-02
 5.532345649611e+04  1.502159400000e+01  5.961917183792e-02
 5.532346301714e+04  1.504972400000e+01  5.980615044913e-02
 5.532346943138e+04  1.502477000000e+01  5.967424889483e-02
 5.533241632831e+04  1.540637600000e+01  6.266640212890e-02
 5.533242374225e+04  1.546937000000e+01  6.326829515059e-02
 5.533243128466e+04  1.541509300000e+01  6.280752906008e-02
 5.533243882545e+04  1.500859100000e+01  5.963866812435e-02
 5.533928407024e+04  1.508214700000e+01  6.007748822111e-02
 5.533928973558e+04  1.502016100000e+01  5.963351396761e-02
 5.533929545637e+04  1.476921800000e+01  5.804492710960e-02
 5.533930113060e+04  1.473497100000e+01  5.780355159470e-02
 5.545316683435e+04  1.544154400000e+01  6.344065482565e-02
 5.545317716477e+04  1.546695400000e+01  6.380565540621e-02
 5.545318234016e+04  1.546527300000e+01  6.404574986967e-02
 5.566446880919e+04  1.492929900000e+01  5.945121776117e-02
 5.566447405495e+04  1.490457200000e+01  5.930491230675e-02
 5.566447922836e+04  1.502162300000e+01  6.012175077461e-02
 5.566448447123e+04  1.497092100000e+01  5.979505865066e-02
 5.567733317740e+04  1.469362400000e+01  5.831451570426e-02
 5.567734186420e+04  1.491732400000e+01  5.971702571736e-02
 5.567735058155e+04  1.477267100000e+01  5.875477320114e-02
 5.567735930817e+04  1.464368800000e+01  5.793481141371e-02
 5.559051012132e+04  1.539427000000e+01  6.339058517188e-02
 5.559051594790e+04  1.537780600000e+01  6.319282602376e-02
 5.559052182367e+04  1.503341700000e+01  6.029445573915e-02
 5.559052770313e+04  1.527464200000e+01  6.219140054855e-02
 5.564941875135e+04  1.549722200000e+01  6.422784361835e-02
 5.564942626376e+04  1.539923800000e+01  6.327500691484e-02
 5.564943372101e+04  1.540917300000e+01  6.334914814472e-02
 5.564944119105e+04  1.539923500000e+01  6.321487753776e-02
 5.568637592890e+04  1.546972100000e+01  6.653957914376e-02
 5.568638165998e+04  1.537041900000e+01  6.506659822168e-02
 5.568638737104e+04  1.552549000000e+01  6.715840222916e-02
 5.568639308128e+04  1.558858600000e+01  6.628139910259e-02
 5.529645316880e+04  1.485891300000e+01  5.851847862840e-02
 5.529645845888e+04  1.484938700000e+01  5.843462758040e-02
 5.529646382128e+04  1.492061700000e+01  5.890611274280e-02
 5.529646915725e+04  1.490283500000e+01  5.878240633978e-02
 5.598847259127e+04  1.447831100000e+01  5.666368885155e-02
 5.598847770183e+04  1.450982600000e+01  5.681056230196e-02
 5.598848290394e+04  1.451004300000e+01  5.679343406526e-02
 5.598848806762e+04  1.451986300000e+01  5.686093364486e-02
 5.600749448299e+04  1.539157000000e+01  6.254733398707e-02
 5.600749789902e+04  1.545689300000e+01  6.316061607069e-02
 5.600750127785e+04  1.495038700000e+01  5.920091200592e-02
 5.600750467686e+04  1.541833100000e+01  6.280307495680e-02
 5.604542248972e+04  1.506834100000e+01  6.031735253812e-02
 5.604543050895e+04  1.478186800000e+01  5.841741687980e-02
 5.604543854268e+04  1.490934400000e+01  5.925085135358e-02
 5.604544650488e+04  1.481446300000e+01  5.864148437463e-02
 5.608636643219e+04  1.455644800000e+01  5.681496802186e-02
 5.608637147018e+04  1.487542300000e+01  5.862664675281e-02
 5.608637658515e+04  1.473938300000e+01  5.781375487667e-02
 5.608638174501e+04  1.463077700000e+01  5.723017967118e-02
 5.616721963269e+04  1.446121100000e+01  5.502485476373e-02
 5.616722629980e+04  1.449303800000e+01  5.512279757942e-02
 5.616723292340e+04  1.453225200000e+01  5.531643848071e-02
 5.616723953890e+04  1.454648600000e+01  5.538486422744e-02
 5.618814953931e+04  1.553136200000e+01  6.165710286473e-02
 5.618815433133e+04  1.571690700000e+01  6.331709257591e-02
 5.618815908660e+04  1.570300900000e+01  6.327887317077e-02
 5.618816393406e+04  1.575064600000e+01  6.380850600197e-02
 5.621109557606e+04  1.517794300000e+01  6.170424354368e-02
 5.621110069438e+04  1.502303200000e+01  6.052336068387e-02
 5.621110578541e+04  1.466810900000e+01  5.820198933933e-02
 5.621111084514e+04  1.464749400000e+01  5.811817768036e-02
