# time mag mag_err
 5.346436501708e+04  1.552590400000e+01  6.384755704756e-02
 5.346437308682e+04  1.555320800000e+01  6.411192071483e-02
 5.346438116014e+04  1.555935900000e+01  6.417095751586e-02
 5.346438920648e+04  1.559278500000e+01  6.454955597253e-02
 5.372651540932e+04  1.550596000000e+01  6.456742157367e-02
 5.372652188336e+04  1.555900100000e+01  6.508052170335e-02
 5.372652834977e+04  1.553288200000e+01  6.486658758740e-02
 5.372653484315e+04  1.555227400000e+01  6.585113817111e-02
 5.352825596013e+04  1.554449100000e+01  6.497065275514e-02
 5.352826492029e+04  1.520000000000e+01  6.180760709149e-02
 5.352827384944e+04  1.498080900000e+01  6.017366188702e-02
 5.352828286784e+04  1.486955400000e+01  5.945239589221e-02
 5.349828993072e+04  1.521346600000e+01  6.159553409387e-02
 5.349829699091e+04  1.525173300000e+01  6.188689712269e-02
 5.349830403756e+04  1.529935300000e+01  6.231731602829e-02
 5.349831108223e+04  1.534515300000e+01  6.274747117415e-02
 5.352126961816e+04  1.585962800000e+01  6.847054936521e-02
 5.352127769865e+04  1.585644700000e+01  6.852134386728e-02
 5.352128578910e+04  1.588018700000e+01  6.884419570368e-02
 5.352129385108e+04  1.587680800000e+01  6.888755068945e-02
 5.383343036595e+04  1.546574700000e+01  6.698235419411e-02
 5.383343713295e+04  1.548025900000e+01  6.715883568474e-02
 5.383344040337e+04  1.549037500000e+01  6.729416510889e-02
 5.383344369693e+04  1.553943600000e+01  6.788728480112e-02
 5.384339201971e+04  1.579224500000e+01  6.866083989863e-02
 5.384340009558e+04  1.581651000000e+01  6.894212333352e-02
 5.384340819541e+04  1.581472800000e+01  6.898775173211e-02
 5.384341626906e+04  1.588616100000e+01  7.000870391795e-02
 5.385231577249e+04  1.586309900000e+01  6.909273686056e-02
 5.385232456946e+04  1.585639300000e+01  6.905126654439e-02
 5.385233334304e+04  1.589386400000e+01  6.955933529438e-02
 5.385234223191e+04  1.585376200000e+01  6.904597248944e-02
 5.377350202296e+04  1.587274500000e+01  6.888776717139e-02
 5.377350911000e+04  1.585232900000e+01  6.836870003217e-02
 5.377351623802e+04  1.584390100000e+01  6.823555969756e-02
 5.377352332390e+04  1.586318600000e+01  6.845259591446e-02
 5.378650079343e+04  1.491026900000e+01  5.935189391261e-02
 5.378650625006e+04  1.494370900000e+01  5.958908318828e-02
 5.378651161167e+04  1.496591100000e+01  5.975417012667e-02
 5.378651693566e+04  1.499482300000e+01  5.998250751502e-02
 5.374447462985e+04  1.587917600000e+01  6.956625381849e-02
 5.374448267991e+04  1.585645800000e+01  6.914880192805e-02
 5.374449072429e+04  1.590602800000e+01  6.968296930914e-02
 5.374449880524e+04  1.587762500000e+01  6.922764296424e-02
 5.376144752265e+04  1.535385600000e+01  6.320417559274e-02
 5.376145341588e+04  1.537079600000e+01  6.334567574348e-02
 5.376145929383e+04  1.539671600000e+01  6.352945580112e-02
 5.376146515975e+04  1.542183700000e+01  6.373156579958e-02
 5.393717639439e+04  1.586042700000e+01  7.181359513056e-02
 5.393718167647e+04  1.584935200000e+01  7.194202546715e-02
 5.393719121502e+04  1.587806100000e+01  7.331900266070e-02
 5.393719653161e+04  1.598633200000e+01  7.452843743130e-02
 5.390327802019e+04  1.481878200000e+01  8.917265915526e-02
 5.390327901203e+04  1.480213900000e+01  8.866732342555e-02
 5.390327999957e+04  1.485223700000e+01  8.991546631638e-02
 5.390328097983e+04  1.483543400000e+01  8.951612201312e-02
 5.380348180473e+04  1.583006000000e+01  6.873022734682e-02
 5.380348373331e+04  1.583181100000e+01  6.872725822278e-02
 5.380348565863e+04  1.580160400000e+01  6.845526134028e-02
 5.380348758593e+04  1.583303600000e+01  6.847106291275e-02
 5.387527572552e+04  1.535615300000e+01  6.394755675809e-02
 5.387528316605e+04  1.535391200000e+01  6.395761422599e-02
 5.387529060786e+04  1.541831100000e+01  6.460846208362e-02
 5.387529806297e+04  1.541311300000e+01  6.463860249932e-02
 5.388124254646e+04  1.552617500000e+01  6.226855846426e-02
 5.388125374111e+04  1.557574600000e+01  6.271152043189e-02
 5.388126498368e+04  1.559805200000e+01  6.289898012110e-02
 5.388127617289e+04  1.564182400000e+01  6.332736839627e-02
 5.420532951066e+04  1.487128900000e+01  5.895353494606e-02
 5.420533589743e+04  1.489016900000e+01  5.909346480215e-02
 5.420534231488e+04  1.490163300000e+01  5.915153780648e-02
 5.420534870050e+04  1.494170000000e+01  5.942882304645e-02
 5.421226284244e+04  1.504664200000e+01  6.017483469650e-02
 5.421227353927e+04  1.513125800000e+01  6.079239758044e-02
 5.421228414582e+04  1.517951100000e+01  6.114344577287e-02
 5.421229472898e+04  1.524140000000e+01  6.162624519022e-02
 5.445452598659e+04  1.589357000000e+01  7.419186960002e-02
 5.445453057073e+04  1.582854900000e+01  7.311429254376e-02
 5.445453517119e+04  1.588977300000e+01  7.404291631445e-02
 5.445453983786e+04  1.586967200000e+01  7.362621941656e-02
 5.412744959862e+04  1.550473800000e+01  6.367467519966e-02
 5.412745983455e+04  1.513888800000e+01  6.052896434492e-02
 5.412747008147e+04  1.490916600000e+01  5.891491587877e-02
 5.412748032110e+04  1.485966000000e+01  5.859505668128e-02
 5.425924628210e+04  1.570884200000e+01  6.668111827183e-02
 5.425925324205e+04  1.573978200000e+01  6.700270062548e-02
 5.425926020362e+04  1.576215800000e+01  6.735469804769e-02
 5.425926717978e+04  1.575507900000e+01  6.728357991134e-02
 5.426719577814e+04  1.587989000000e+01  6.935836106071e-02
 5.426720496506e+04  1.587287200000e+01  7.074884472803e-02
 5.426721418161e+04  1.588422400000e+01  7.009213173528e-02
 5.426722338299e+04  1.587258900000e+01  6.963303859867e-02
 5.417137360008e+04  1.511171700000e+01  6.042893090498e-02
 5.417138135093e+04  1.514190700000e+01  6.062249268866e-02
 5.417138910964e+04  1.521446200000e+01  6.116279289507e-02
 5.417139682912e+04  1.524152200000e+01  6.138641693823e-02
 5.418438516537e+04  1.581656500000e+01  6.719803674328e-02
 5.418439056378e+04  1.582813500000e+01  6.757150589423e-02
 5.418439596324e+04  1.584776400000e+01  6.777957883219e-02
 5.418440132786e+04  1.590857000000e+01  7.055737945247e-02
 5.423726014285e+04  1.586281100000e+01  6.985356874720e-02
 5.423727217714e+04  1.586190100000e+01  6.987689792130e-02
 5.423728134750e+04  1.595503600000e+01  7.086395362362e-02
 5.423728676050e+04  1.593066200000e+01  7.048245528274e-02
 5.456733300596e+04  1.587675600000e+01  6.777741565770e-02
 5.456734015262e+04  1.583262800000e+01  6.725050944841e-02
 5.456734749593e+04  1.589441600000e+01  6.798857593407e-02
 5.456735672751e+04  1.586597300000e+01  6.765250522811e-02
 5.458036459375e+04  1.513590300000e+01  6.080642071822e-02
 5.458037154537e+04  1.518344500000e+01  6.119323918963e-02
 5.458037856042e+04  1.523140000000e+01  6.162409416216e-02
 5.458038558032e+04  1.522120800000e+01  6.150724733079e-02
 5.483049206958e+04  1.586103200000e+01  6.722615161359e-02
 5.483049808736e+04  1.584359700000e+01  6.694064945484e-02
 5.483050423455e+04  1.587931300000e+01  6.729204739522e-02
 5.483051036378e+04  1.588386400000e+01  6.731936474847e-02
 5.450746535718e+04  1.526694500000e+01  6.619188156125e-02
 5.450747201248e+04  1.529283300000e+01  6.401033324136e-02
 5.450747865807e+04  1.529369800000e+01  6.624253557463e-02
 5.450748530458e+04  1.528740400000e+01  6.723937189089e-02
 5.451548772766e+04  1.572736600000e+01  6.605708916176e-02
 5.451549327447e+04  1.572881100000e+01  6.591884722819e-02
 5.451549880576e+04  1.574835100000e+01  6.647105949461e-02
 5.451550464008e+04  1.579135800000e+01  6.811306168005e-02
 5.452451504835e+04  1.584150900000e+01  6.691359168713e-02
 5.452452296459e+04  1.586602200000e+01  6.728622481526e-02
 5.452453079821e+04  1.586705100000e+01  6.731821362852e-02
 5.452453855773e+04  1.583141700000e+01  6.684737691559e-02
 5.449647487190e+04  1.595765700000e+01  6.818129967761e-02
 5.449647921100e+04  1.593132400000e+01  6.782410904957e-02
 5.449648358679e+04  1.598728700000e+01  6.850647461077e-02
 5.449648791225e+04  1.596597700000e+01  6.823366583296e-02
 5.462423664515e+04  1.522270600000e+01  5.928606017190e-02
 5.462424325961e+04  1.525639500000e+01  5.949764085236e-02
 5.462424985322e+04  1.530194800000e+01  5.986202832295e-02
 5.462425644360e+04  1.532739300000e+01  6.004581408796e-02
 5.453034598403e+04  1.588462600000e+01  6.805135127228e-02
 5.453035405144e+04  1.589620900000e+01  6.812249352371e-02
 5.453036210994e+04  1.583189300000e+01  6.730211378625e-02
 5.453037012735e+04  1.584913100000e+01  6.744303783220e-02
 5.453836629940e+04  1.594377400000e+01  6.518686602894e-02
 5.453837501059e+04  1.594685600000e+01  6.507555448156e-02
 5.453838376196e+04  1.594807200000e+01  6.507007634525e-02
 5.453839249468e+04  1.579713200000e+01  6.357577893827e-02
 5.455428912580e+04  1.534166300000e+01  9.592498490002e-02
 5.455428936296e+04  1.534206700000e+01  9.590668774765e-02
 5.455428960383e+04  1.534421700000e+01  9.597560825177e-02
 5.455428985500e+04  1.536262700000e+01  9.644174250485e-02
 5.459024293153e+04  1.526112700000e+01  6.190577184078e-02
 5.459024720361e+04  1.520507800000e+01  6.536850030353e-02
 5.459025148323e+04  1.532044400000e+01  6.352219794137e-02
 5.459025576573e+04  1.560587600000e+01  8.825153158563e-02
 5.493831269076e+04  1.580460000000e+01  6.702361353856e-02
 5.493831864755e+04  1.587438000000e+01  6.781096832138e-02
 5.493832458212e+04  1.587432900000e+01  6.778381324128e-02
 5.493833060198e+04  1.586386100000e+01  6.764751062525e-02
 5.494927348053e+04  1.584137500000e+01  6.419672036844e-02
 5.494928273922e+04  1.585056900000e+01  6.426930008027e-02
 5.494929114763e+04  1.586285700000e+01  6.448623881393e-02
 5.494929952110e+04  1.588964400000e+01  6.516513303395e-02
 5.488147811477e+04  1.533486600000e+01  6.190675575407e-02
 5.488148416519e+04  1.538124400000e+01  6.231034085330e-02
 5.488149016410e+04  1.538660300000e+01  6.234001398806e-02
 5.488149622296e+04  1.540903900000e+01  6.253445703708e-02
 5.486245199127e+04  1.587170700000e+01  6.747832106993e-02
 5.486246227847e+04  1.588544200000e+01  6.754381385342e-02
 5.486247265353e+04  1.588390700000e+01  6.751885880668e-02
 5.486248317975e+04  1.585751300000e+01  6.714220885483e-02
 5.499722923913e+04  1.509897000000e+01  6.072857574654e-02
 5.499723500378e+04  1.512957400000e+01  6.094339889321e-02
 5.499724077341e+04  1.516199000000e+01  6.117991455357e-02
 5.499724646466e+04  1.517994000000e+01  6.132365828267e-02
 5.490931437169e+04  1.586162600000e+01  6.737331800026e-02
 5.490932648444e+04  1.589155800000e+01  6.761548939985e-02
 5.490933852833e+04  1.585107400000e+01  6.707135652688e-02
 5.490935075464e+04  1.586466600000e+01  6.720283147955e-02
 5.492135670682e+04  1.518297300000e+01  6.116197434639e-02
 5.492136607292e+04  1.522865200000e+01  6.146884416595e-02
 5.492137545986e+04  1.527714600000e+01  6.187740994080e-02
 5.492138483208e+04  1.533048800000e+01  6.229580884918e-02
 5.497625540525e+04  1.589761400000e+01  6.882346278167e-02
 5.497626323481e+04  1.585136100000e+01  6.800879951711e-02
 5.497627204346e+04  1.583794900000e+01  6.872291264455e-02
 5.497628233519e+04  1.586551700000e+01  6.826623318693e-02
 5.529136126046e+04  1.488891500000e+01  5.900310077989e-02
 5.529136764900e+04  1.487131100000e+01  5.898334885309e-02
 5.529137397478e+04  1.490239700000e+01  5.918407009472e-02
 5.529138035683e+04  1.496670400000e+01  5.962105631305e-02
 5.554452210844e+04  1.584797300000e+01  6.825772868577e-02
 5.554453609439e+04  1.584773400000e+01  6.817674565170e-02
 5.554454346000e+04  1.583696100000e+01  6.787565589674e-02
 5.524144434917e+04  1.584312600000e+01  6.810079831051e-02
 5.524145128154e+04  1.584097100000e+01  6.804550855654e-02
 5.524145826302e+04  1.585769900000e+01  6.820669369173e-02
 5.524146527087e+04  1.588325300000e+01  6.853634485715e-02
 5.521152869023e+04  1.493039700000e+01  5.903323630429e-02
 5.521153680620e+04  1.484472400000e+01  5.846758492624e-02
 5.521154496837e+04  1.485933000000e+01  5.856764611714e-02
 5.521155308477e+04  1.491654000000e+01  5.890213593575e-02
 5.535325247405e+04  1.585056300000e+01  6.795636542627e-02
 5.535325991019e+04  1.587884300000e+01  6.828738445644e-02
 5.535326746845e+04  1.585863200000e+01  6.812249352371e-02
 5.535327492635e+04  1.583633900000e+01  6.785872076439e-02
 5.536419495435e+04  1.581066300000e+01  6.728225780795e-02
 5.536420006211e+04  1.586938800000e+01  6.800434341768e-02
 5.536420523483e+04  1.595356200000e+01  6.905634194459e-02
 5.536421034242e+04  1.590903800000e+01  6.852930662589e-02
 5.526842665127e+04  1.574412100000e+01  6.626519890713e-02
 5.526843218949e+04  1.577424400000e+01  6.660738858158e-02
 5.526843779581e+04  1.580254300000e+01  6.692761244381e-02
 5.526844340188e+04  1.581355800000e+01  6.703349523574e-02
 5.532128739684e+04  1.584967200000e+01  6.414518938842e-02
 5.532129428863e+04  1.587171600000e+01  6.442173746401e-02
 5.532130120287e+04  1.586486000000e+01  6.437880781407e-02
 5.532130813066e+04  1.585225800000e+01  6.422693952303e-02
 5.565642317215e+04  1.594980300000e+01  6.600885524190e-02
 5.565643011924e+04  1.596897200000e+01  6.622817874564e-02
 5.565643715604e+04  1.596636600000e+01  6.619476618952e-02
 5.565644413616e+04  1.585803700000e+01  6.509686561780e-02
 5.566329921655e+04  1.586994900000e+01  6.545037534916e-02
 5.566330611205e+04  1.589295800000e+01  6.574325073846e-02
 5.566331305769e+04  1.596086800000e+01  6.645812639231e-02
 5.566331996035e+04  1.596014500000e+01  6.643170274730e-02
 5.567527466560e+04  1.519047400000e+01  6.451314562499e-02
 5.567528159478e+04  1.524287300000e+01  6.500615839129e-02
 5.567528860833e+04  1.528277300000e+01  6.540274318290e-02
 5.567529558300e+04  1.532545800000e+01  6.587714068233e-02
 5.560145779921e+04  1.554544800000e+01  6.496982859827e-02
 5.560146306927e+04  1.557124300000e+01  6.520360622606e-02
 5.560146824615e+04  1.559849200000e+01  6.545951912210e-02
 5.560147347142e+04  1.559788900000e+01  6.548647438012e-02
 5.556946830243e+04  1.568802200000e+01  6.652882984170e-02
 5.556947619316e+04  1.567343300000e+01  6.632171255783e-02
 5.556948415938e+04  1.569860500000e+01  6.652175248070e-02
 5.556949213457e+04  1.574560300000e+01  6.698506316067e-02
 5.562240195786e+04  1.585456100000e+01  6.474886213011e-02
 5.562241231257e+04  1.590574500000e+01  6.522764103100e-02
 5.562242277757e+04  1.595092400000e+01  6.571384625820e-02
 5.562243315578e+04  1.595094300000e+01  6.568132167606e-02
 5.563347117378e+04  1.550909700000e+01  6.473562690188e-02
 5.563347817714e+04  1.553123200000e+01  6.502692646347e-02
 5.563348505794e+04  1.555516600000e+01  6.530066815222e-02
 5.563349205275e+04  1.559604800000e+01  6.573905232737e-02
 5.564544159962e+04  1.583301100000e+01  6.830175072467e-02
 5.564544860983e+04  1.586202200000e+01  6.859256287182e-02
 5.564545571434e+04  1.583231800000e+01  6.821753136329e-02
 5.564546266483e+04  1.583680700000e+01  6.833288275794e-02
 5.568829842810e+04  1.587158200000e+01  6.936614781958e-02
 5.568830410605e+04  1.586348100000e+01  6.927227221406e-02
 5.568830987637e+04  1.587977600000e+01  6.952529023817e-02
 5.568831564970e+04  1.587928900000e+01  6.950616468293e-02
 5.570625820983e+04  1.485860400000e+01  5.953545617815e-02
 5.570626743437e+04  1.487558700000e+01  5.964631586166e-02
 5.570627672282e+04  1.494792500000e+01  6.016370583981e-02
 5.570628603037e+04  1.499915600000e+01  6.054422830258e-02
 5.455441428282e+04  1.576016300000e+01  6.624605258269e-02
 5.455442142785e+04  1.574565800000e+01  6.613164679392e-02
 5.455442858249e+04  1.575664500000e+01  6.623642266989e-02
 5.455443576699e+04  1.580716300000e+01  6.684272374387e-02
 5.597550330435e+04  1.569517600000e+01  6.621103432331e-02
 5.597550897697e+04  1.570718400000e+01  6.637711884381e-02
 5.597551463132e+04  1.573337300000e+01  6.669869030182e-02
 5.597552025278e+04  1.575373700000e+01  6.690520886805e-02
 5.598044756766e+04  1.574249100000e+01  6.321908660070e-02
 5.598045570714e+04  1.576253000000e+01  6.339896666713e-02
 5.598046391472e+04  1.576270700000e+01  6.343926437589e-02
 5.598047205942e+04  1.579698400000e+01  6.381569409793e-02
 5.598642340810e+04  1.590535100000e+01  7.039975784824e-02
 5.598643013797e+04  1.590077500000e+01  7.035773448066e-02
 5.598643688495e+04  1.590704700000e+01  7.043990611579e-02
 5.598644354082e+04  1.588021100000e+01  7.009575065738e-02
 5.600233036600e+04  1.596597700000e+01  6.935309682743e-02
 5.600233902190e+04  1.594575800000e+01  6.916164804012e-02
 5.600234765938e+04  1.596570900000e+01  6.930212128272e-02
 5.600235623917e+04  1.594248900000e+01  6.895192628476e-02
 5.601041524418e+04  1.548072100000e+01  6.119511773794e-02
 5.601042411025e+04  1.551289400000e+01  6.146592318587e-02
 5.601043304591e+04  1.551997500000e+01  6.153994042091e-02
 5.601044197624e+04  1.557840600000e+01  6.201959698107e-02
 5.603032462602e+04  1.585009000000e+01  6.954329022033e-02
 5.603032867056e+04  1.587584400000e+01  6.895705047312e-02
 5.603033278441e+04  1.588559500000e+01  6.888528061095e-02
 5.603033686272e+04  1.586445900000e+01  6.854349350753e-02
 5.603735457648e+04  1.570247000000e+01  6.399294577059e-02
 5.603736397718e+04  1.534332600000e+01  6.079002864408e-02
 5.603737354666e+04  1.507711300000e+01  5.899457494243e-02
 5.603738313153e+04  1.487565000000e+01  5.767602518925e-02
 5.605925754690e+04  1.568294500000e+01  6.556819934867e-02
 5.605926431821e+04  1.566218100000e+01  6.536472904870e-02
 5.605927121475e+04  1.571746800000e+01  6.599585148744e-02
 5.605927798105e+04  1.572871300000e+01  6.616899677295e-02
 5.606425183779e+04  1.585019300000e+01  6.442354443062e-02
 5.606425848384e+04  1.583982200000e+01  6.435286605038e-02
 5.606426526678e+04  1.586852100000e+01  6.467251958742e-02
 5.606427209915e+04  1.586957800000e+01  6.465599159217e-02
 5.609120762688e+04  1.542236700000e+01  6.304693938788e-02
 5.609121379259e+04  1.542667200000e+01  6.313655065730e-02
 5.609122000597e+04  1.543614600000e+01  6.319454203916e-02
 5.609122619435e+04  1.548003200000e+01  6.363522973095e-02
 5.609821951205e+04  1.576252700000e+01  6.658907286180e-02
 5.609822855648e+04  1.575178900000e+01  6.654683448029e-02
 5.609823773431e+04  1.580108400000e+01  6.714843968538e-02
 5.609824680793e+04  1.580972500000e+01  6.729319452422e-02
