# time mag mag_err
 5.370611121184e+04  1.506857000000e+01  6.078059580964e-02
 5.370611888861e+04  1.509876900000e+01  6.104330827809e-02
 5.370612660475e+04  1.511619900000e+01  6.119844730675e-02
 5.370613413012e+04  1.513819500000e+01  6.143684029541e-02
 5.371306900457e+04  1.541193400000e+01  6.540199735277e-02
 5.371307544840e+04  1.542422200000e+01  6.428599278279e-02
 5.371308185012e+04  1.548226900000e+01  6.527437678603e-02
 5.371308827440e+04  1.554642000000e+01  6.648955228480e-02
 5.356237501572e+04  1.535681800000e+01  6.350514671470e-02
 5.356238325306e+04  1.537835300000e+01  6.399479684065e-02
 5.356239151087e+04  1.544286300000e+01  6.459880670863e-02
 5.356239975203e+04  1.537211200000e+01  6.383810228198e-02
 5.356340956126e+04  1.520672600000e+01  6.234838002365e-02
 5.356341606517e+04  1.519523500000e+01  6.224510640348e-02
 5.356342258436e+04  1.524006900000e+01  6.262164361447e-02
 5.356342905922e+04  1.521661300000e+01  6.238391617666e-02
 5.352740350812e+04  1.535214800000e+01  6.308001936077e-02
 5.352741243196e+04  1.537465200000e+01  6.314623098317e-02
 5.352742115785e+04  1.537315600000e+01  6.306615904419e-02
 5.352742988479e+04  1.540193400000e+01  6.330659082589e-02
 5.355141213017e+04  1.502906100000e+01  6.059142336919e-02
 5.355141968345e+04  1.494954700000e+01  5.995750698685e-02
 5.355142721889e+04  1.487252200000e+01  5.945273584869e-02
 5.355143478640e+04  1.487153800000e+01  5.944381513530e-02
 5.350744430712e+04  1.490480400000e+01  6.016482312492e-02
 5.350745027791e+04  1.492025900000e+01  5.990942588147e-02
 5.350745624684e+04  1.493890300000e+01  6.045818650351e-02
 5.350746222595e+04  1.493968700000e+01  6.072803594477e-02
 5.368708033005e+04  1.533421900000e+01  6.275267556927e-02
 5.368708770726e+04  1.537375700000e+01  6.296762436119e-02
 5.368709509119e+04  1.543682100000e+01  6.374388602873e-02
 5.368710249284e+04  1.542707100000e+01  6.347283838332e-02
 5.369607557866e+04  1.531182300000e+01  6.250182558405e-02
 5.369608200444e+04  1.533606400000e+01  6.269677621804e-02
 5.369608840176e+04  1.532506900000e+01  6.264774520333e-02
 5.369609482522e+04  1.533913200000e+01  6.274835302589e-02
 5.364818758178e+04  1.544939400000e+01  6.517664464131e-02
 5.364819346737e+04  1.539486600000e+01  6.465091447983e-02
 5.364819934985e+04  1.543359500000e+01  6.499544800645e-02
 5.364820524574e+04  1.545411600000e+01  6.527045830108e-02
 5.367014390328e+04  1.537546300000e+01  6.310094360974e-02
 5.367014879704e+04  1.535285400000e+01  6.287557332437e-02
 5.367015367483e+04  1.537748300000e+01  6.308558246611e-02
 5.367015857715e+04  1.539487200000e+01  6.323994010522e-02
 5.363721082049e+04  1.485982100000e+01  5.966850477784e-02
 5.363721723227e+04  1.489207800000e+01  5.988855444410e-02
 5.363722366186e+04  1.489474100000e+01  5.989985612948e-02
 5.363723007260e+04  1.496812500000e+01  6.073454510429e-02
 5.364312769164e+04  1.539173900000e+01  6.405552837779e-02
 5.364313406256e+04  1.542678800000e+01  6.439236995512e-02
 5.364314041507e+04  1.543865100000e+01  6.447106593037e-02
 5.364314679421e+04  1.544181900000e+01  6.449490109526e-02
 5.397622709260e+04  1.552198200000e+01  6.313065591217e-02
 5.397623193590e+04  1.555521000000e+01  6.370196339314e-02
 5.397623678221e+04  1.549516700000e+01  6.309367963659e-02
 5.397624162319e+04  1.541419100000e+01  6.235914466044e-02
 5.408109892141e+04  1.547275300000e+01  6.329504250003e-02
 5.408110394030e+04  1.544987500000e+01  6.313881619584e-02
 5.408110889818e+04  1.548353300000e+01  6.344736615820e-02
 5.408111385051e+04  1.572775600000e+01  6.594158823454e-02
 5.391739579502e+04  1.548784500000e+01  6.776623192988e-02
 5.391740165053e+04  1.549283500000e+01  6.764723339373e-02
 5.391740751355e+04  1.547760800000e+01  6.738295789243e-02
 5.391741337472e+04  1.552245900000e+01  6.813567635431e-02
 5.392542346545e+04  1.557589500000e+01  1.102557673742e-01
 5.392542505361e+04  1.558808400000e+01  1.105086873942e-01
 5.392542661318e+04  1.555372500000e+01  1.091442042140e-01
 5.392542824150e+04  1.564221300000e+01  1.130013057404e-01
 5.393732827311e+04  1.511459600000e+01  6.233035012839e-02
 5.393733476094e+04  1.511474700000e+01  6.229771954749e-02
 5.393734123684e+04  1.503646100000e+01  6.164528467556e-02
 5.393734769446e+04  1.498011100000e+01  6.114954885677e-02
 5.388941490325e+04  1.485914100000e+01  6.053345192875e-02
 5.388942031683e+04  1.487347300000e+01  6.060390845078e-02
 5.388942571676e+04  1.488508000000e+01  6.062214104928e-02
 5.388943108693e+04  1.491452600000e+01  6.084265409541e-02
 5.390440829793e+04  1.550492700000e+01  1.095265079868e-01
 5.390440936615e+04  1.536076200000e+01  1.041921331999e-01
 5.390441042627e+04  1.542304100000e+01  1.066149236927e-01
 5.390441150039e+04  1.540826500000e+01  1.057577079271e-01
 5.388344179471e+04  1.535667400000e+01  6.376960001857e-02
 5.388344513365e+04  1.535935600000e+01  6.384059785632e-02
 5.388344846553e+04  1.541668700000e+01  6.435626900692e-02
 5.388345180285e+04  1.538485800000e+01  6.401251691950e-02
 5.405508080819e+04  1.548635500000e+01  6.291834653342e-02
 5.405508961894e+04  1.546508000000e+01  6.274636905269e-02
 5.405509842076e+04  1.546868300000e+01  6.277637930535e-02
 5.405510724632e+04  1.545686800000e+01  6.269646984745e-02
 5.406107974366e+04  1.519322500000e+01  6.066499457890e-02
 5.406108787844e+04  1.523540000000e+01  6.099948187184e-02
 5.406109602641e+04  1.521091100000e+01  6.080471520051e-02
 5.406110414233e+04  1.525856400000e+01  6.120934192772e-02
 5.402408742036e+04  1.545900500000e+01  6.282403964800e-02
 5.402409484943e+04  1.545780900000e+01  6.279422149215e-02
 5.402410227237e+04  1.544686900000e+01  6.268041426811e-02
 5.402410968582e+04  1.546065000000e+01  6.281234289242e-02
 5.403015079062e+04  1.539036500000e+01  6.212989427663e-02
 5.403015676765e+04  1.538792600000e+01  6.214023569409e-02
 5.403016269920e+04  1.539505800000e+01  6.218052420157e-02
 5.403016861396e+04  1.538577400000e+01  6.212020295869e-02
 5.403715863372e+04  1.557051300000e+01  6.371458817123e-02
 5.403716463402e+04  1.558552900000e+01  6.384022558085e-02
 5.403717068801e+04  1.555212800000e+01  6.355837170068e-02
 5.403717660984e+04  1.552279600000e+01  6.328835606877e-02
 5.398917512626e+04  1.558407900000e+01  6.423649817398e-02
 5.398918155830e+04  1.558429200000e+01  6.419418992054e-02
 5.398918799485e+04  1.562802800000e+01  6.457135846915e-02
 5.398919444157e+04  1.561147500000e+01  6.440619399545e-02
 5.399717973268e+04  1.482286300000e+01  5.818928600669e-02
 5.399718961106e+04  1.486907200000e+01  5.843825218468e-02
 5.399719957105e+04  1.489041900000e+01  5.855444898943e-02
 5.399720953845e+04  1.492262000000e+01  5.874292775778e-02
 5.400414478319e+04  1.528135900000e+01  6.155063652007e-02
 5.400415290177e+04  1.530420400000e+01  6.172232815708e-02
 5.400416102683e+04  1.534384000000e+01  6.198037499461e-02
 5.400416914309e+04  1.534875600000e+01  6.200705632426e-02
 5.426138922650e+04  1.520553800000e+01  6.205922437587e-02
 5.426139742564e+04  1.522677800000e+01  6.218283273732e-02
 5.426140560509e+04  1.527858100000e+01  6.258537178776e-02
 5.426141378131e+04  1.527988700000e+01  6.248278341901e-02
 5.426939948240e+04  1.538756100000e+01  6.337931332793e-02
 5.426940701507e+04  1.541265800000e+01  6.355295230124e-02
 5.426941454519e+04  1.541807700000e+01  6.351082537829e-02
 5.426942210066e+04  1.544813800000e+01  6.384314632238e-02
 5.423944437147e+04  1.533492500000e+01  6.458252751611e-02
 5.423945089426e+04  1.536670400000e+01  6.472058628460e-02
 5.423945740522e+04  1.537038300000e+01  6.468738812073e-02
 5.423946391492e+04  1.537305100000e+01  6.424080117196e-02
 5.442009307863e+04  1.546743400000e+01  6.413504588121e-02
 5.442009905415e+04  1.539836600000e+01  6.318554229300e-02
 5.442010505249e+04  1.546572100000e+01  6.429324292976e-02
 5.442011102096e+04  1.541289300000e+01  6.376309578042e-02
 5.438010336093e+04  1.553009500000e+01  7.646644621524e-02
 5.438010799715e+04  1.548195000000e+01  6.470247295536e-02
 5.438011259912e+04  1.543254400000e+01  6.433162693755e-02
 5.438011720977e+04  1.544940400000e+01  6.325739934027e-02
 5.439115584828e+04  1.522650400000e+01  6.106673322371e-02
 5.439116393872e+04  1.519669300000e+01  6.052034606640e-02
 5.439117206412e+04  1.523984200000e+01  6.117433202601e-02
 5.439118017182e+04  1.523050900000e+01  6.112875603280e-02
 5.440410496152e+04  1.513159100000e+01  6.037925336527e-02
 5.440411139991e+04  1.513042400000e+01  6.036115464756e-02
 5.440411783484e+04  1.517024000000e+01  6.174744372443e-02
 5.440412567157e+04  1.519629100000e+01  6.138867622350e-02
 5.434630913609e+04  1.553741800000e+01  6.397940870450e-02
 5.434631531788e+04  1.550834600000e+01  6.371396453335e-02
 5.434632144885e+04  1.553656000000e+01  6.397886563326e-02
 5.434632757683e+04  1.554774200000e+01  6.411042325756e-02
 5.435321290802e+04  1.483284000000e+01  5.883337880117e-02
 5.435322152315e+04  1.486224300000e+01  5.897352848676e-02
 5.435323010367e+04  1.489276400000e+01  5.920886590695e-02
 5.435323869506e+04  1.491644200000e+01  5.940293654800e-02
 5.479008699410e+04  1.521537300000e+01  6.078896614178e-02
 5.479009413241e+04  1.527083600000e+01  6.135587633347e-02
 5.479010137964e+04  1.527798300000e+01  6.142910335558e-02
 5.479010855431e+04  1.527869200000e+01  6.143265972190e-02
 5.474021546002e+04  1.533518400000e+01  6.263774821473e-02
 5.474022774409e+04  1.512074700000e+01  6.090119290000e-02
 5.474023995049e+04  1.505262500000e+01  6.038262496814e-02
 5.474025207123e+04  1.491647300000e+01  5.944763931854e-02
 5.476714722898e+04  1.546843600000e+01  6.276668251039e-02
 5.476715629135e+04  1.544959800000e+01  6.262332469014e-02
 5.476716542479e+04  1.546860100000e+01  6.278405041329e-02
 5.476717451355e+04  1.545959300000e+01  6.273958454240e-02
 5.472929007390e+04  1.545418100000e+01  6.325634012330e-02
 5.472929710389e+04  1.543835200000e+01  6.314094059372e-02
 5.472930413120e+04  1.546427400000e+01  6.341062164224e-02
 5.472931115968e+04  1.542591900000e+01  6.310230295322e-02
 5.505829267647e+04  1.544096800000e+01  6.097460716199e-02
 5.505829985819e+04  1.545000000000e+01  6.106400376587e-02
 5.505830709007e+04  1.545526200000e+01  6.113220511878e-02
 5.505831437648e+04  1.548837300000e+01  6.133991134175e-02
 5.507020825321e+04  1.553220200000e+01  6.448830003025e-02
 5.507021557940e+04  1.553491100000e+01  6.445657240309e-02
 5.507022293596e+04  1.554242200000e+01  6.456825675316e-02
 5.507023020181e+04  1.552188000000e+01  6.428468144652e-02
 5.504031871851e+04  1.553077500000e+01  6.458187024883e-02
 5.504032406242e+04  1.556704200000e+01  6.491252956552e-02
 5.504032957196e+04  1.554886400000e+01  6.470369106788e-02
 5.504033498185e+04  1.559769900000e+01  6.515618637185e-02
 5.501236309623e+04  1.533814500000e+01  7.297143979781e-02
 5.501236747112e+04  1.554625400000e+01  1.554480476616e-01
 5.501237189309e+04  1.474738500000e+01  8.640896028209e-02
 5.501237623744e+04  1.524764400000e+01  6.736600671504e-02
 5.511817695912e+04  1.553903000000e+01  6.425651096644e-02
 5.511818419635e+04  1.555137800000e+01  6.435563468590e-02
 5.511819146762e+04  1.554223200000e+01  6.393951143207e-02
 5.511819879520e+04  1.556939200000e+01  6.460096423322e-02
 5.512812347497e+04  1.532157900000e+01  6.220365853000e-02
 5.512813258880e+04  1.539007800000e+01  6.281546548615e-02
 5.512814175605e+04  1.537907100000e+01  6.270237147383e-02
 5.512815083245e+04  1.539660400000e+01  6.286809283372e-02
 5.508520244723e+04  1.528218700000e+01  6.260919694858e-02
 5.508520926461e+04  1.530105500000e+01  6.257501433948e-02
 5.508521593219e+04  1.544684400000e+01  6.545358046104e-02
 5.508522269216e+04  1.531711000000e+01  6.282283267545e-02
 5.510215143093e+04  1.530289300000e+01  6.234038219739e-02
 5.510215739086e+04  1.533868100000e+01  6.262595680388e-02
 5.510216337900e+04  1.532808100000e+01  6.252567754717e-02
 5.510216945686e+04  1.538165900000e+01  6.297730206374e-02
 5.554509102148e+04  1.532644200000e+01  6.759002346774e-02
 5.554510194931e+04  1.535252400000e+01  6.797206889381e-02
 5.554510734572e+04  1.539289600000e+01  6.855075184939e-02
 5.538233741574e+04  1.503658800000e+01  6.045617583269e-02
 5.538234381745e+04  1.493432700000e+01  5.968229302154e-02
 5.538235024318e+04  1.492364300000e+01  5.958927048834e-02
 5.538235664758e+04  1.487416400000e+01  5.923126978151e-02
 5.535642648087e+04  1.491030600000e+01  5.929382656681e-02
 5.535643113743e+04  1.492729600000e+01  5.935840694264e-02
 5.535643578153e+04  1.493379800000e+01  5.937061859036e-02
 5.535644046438e+04  1.494927300000e+01  5.947817262944e-02
 5.536241964812e+04  1.548303500000e+01  6.388413059904e-02
 5.536242537365e+04  1.548131300000e+01  6.382961646138e-02
 5.536243118069e+04  1.547783600000e+01  6.376912751266e-02
 5.536243703435e+04  1.550697800000e+01  6.405245034111e-02
 5.536739875795e+04  1.544593400000e+01  6.386480392100e-02
 5.536740575112e+04  1.543656800000e+01  6.372208192141e-02
 5.536741270873e+04  1.546360600000e+01  6.403116394740e-02
 5.536741965758e+04  1.545129600000e+01  6.383412308514e-02
 5.550112261800e+04  1.537952000000e+01  6.291584830724e-02
 5.550113820245e+04  1.541857700000e+01  6.325951928890e-02
 5.550114597402e+04  1.543744500000e+01  6.346190906120e-02
 5.553010156791e+04  1.556551900000e+01  6.974217205914e-02
 5.553011155499e+04  1.554232400000e+01  6.947059277488e-02
 5.553011651138e+04  1.560173400000e+01  7.030376060269e-02
 5.548019476731e+04  1.535569000000e+01  6.265216570914e-02
 5.548020857892e+04  1.531167400000e+01  6.230789574925e-02
 5.548021550160e+04  1.537960700000e+01  6.293891929152e-02
 5.545122030331e+04  1.488112500000e+01  5.886675530259e-02
 5.545122818322e+04  1.492891200000e+01  6.031754474894e-02
 5.545123219086e+04  1.496371300000e+01  6.140891862515e-02
 5.368713994562e+04  1.543858700000e+01  6.366584726029e-02
 5.368714733292e+04  1.543931000000e+01  6.349561133697e-02
 5.368715472622e+04  1.543434800000e+01  6.343300798245e-02
 5.368716211941e+04  1.542320500000e+01  6.332390878216e-02
 5.364821217468e+04  1.536749100000e+01  6.601292373960e-02
 5.364821812369e+04  1.544923400000e+01  6.526050702436e-02
 5.364822403765e+04  1.545974600000e+01  6.528461508885e-02
 5.364822995194e+04  1.545507600000e+01  6.528920630320e-02
 5.582417031921e+04  1.486699200000e+01  5.863973400802e-02
 5.582417705774e+04  1.488249500000e+01  5.875004264401e-02
 5.582418386729e+04  1.493327400000e+01  5.908824206058e-02
 5.582419072143e+04  1.495763900000e+01  5.922896748855e-02
 5.583118498726e+04  1.538743300000e+01  6.306988929890e-02
 5.583118724351e+04  1.540368200000e+01  6.310652590854e-02
 5.583118947953e+04  1.535492500000e+01  6.389467364342e-02
 5.583119255792e+04  1.539149700000e+01  6.288839450809e-02
 5.585111863508e+04  1.555624400000e+01  6.408054099985e-02
 5.585112653376e+04  1.552822500000e+01  6.375586518635e-02
 5.585113458959e+04  1.554855500000e+01  6.397788780152e-02
 5.585114267451e+04  1.558686000000e+01  6.430158708154e-02
 5.588411113251e+04  1.523011700000e+01  6.357140999090e-02
 5.588411617375e+04  1.525556800000e+01  6.330314338510e-02
 5.588412130213e+04  1.528552700000e+01  6.350484556036e-02
 5.588412639546e+04  1.524031100000e+01  6.684147777211e-02
 5.609241582830e+04  1.542278000000e+01  6.316241612736e-02
 5.609242431709e+04  1.542802000000e+01  6.321645523126e-02
 5.609243283681e+04  1.540877200000e+01  6.298028640856e-02
 5.609244142126e+04  1.543627000000e+01  6.318126165753e-02
 5.609837852838e+04  1.488439600000e+01  5.901481019159e-02
 5.609838700603e+04  1.489414000000e+01  5.905067265105e-02
 5.609839552253e+04  1.492202100000e+01  5.919030881122e-02
 5.609840401743e+04  1.494798400000e+01  5.931273645815e-02
 5.618318923625e+04  1.530211900000e+01  6.004508833386e-02
 5.618319622618e+04  1.530940000000e+01  6.010972513111e-02
 5.618320328543e+04  1.530763900000e+01  6.006482303279e-02
 5.618321041417e+04  1.532261800000e+01  6.018997318162e-02
 5.619126412612e+04  1.548704300000e+01  6.455116253398e-02
 5.619126918969e+04  1.545651700000e+01  6.427521941068e-02
 5.619127430281e+04  1.544755400000e+01  6.420144683177e-02
 5.619127938617e+04  1.547080200000e+01  6.447758943749e-02
 5.620920619591e+04  1.538459200000e+01  6.329436366890e-02
 5.620921064712e+04  1.535064700000e+01  6.300850686772e-02
 5.620921516969e+04  1.540611200000e+01  6.350575004946e-02
 5.620921974705e+04  1.537761500000e+01  6.326323033528e-02
 5.621617326084e+04  1.548396100000e+01  6.420341715405e-02
 5.621617831734e+04  1.553676100000e+01  6.474205743308e-02
 5.621618343530e+04  1.553923100000e+01  6.475444604674e-02
 5.621618858774e+04  1.556878600000e+01  6.505726853156e-02
