# time mag mag_err
 5.346935674506e+04  1.543568400000e+01  6.270394696771e-02
 5.346936484396e+04  1.549646600000e+01  6.330095931210e-02
 5.346937294713e+04  1.552172000000e+01  6.349100006720e-02
 5.346938104071e+04  1.554413600000e+01  6.375696467257e-02
 5.355719258233e+04  1.508667100000e+01  6.036434674466e-02
 5.355719861502e+04  1.512034300000e+01  6.061426000231e-02
 5.355720459414e+04  1.512853400000e+01  6.067954246660e-02
 5.355721053345e+04  1.518453500000e+01  6.117013319430e-02
 5.356717541736e+04  1.536740600000e+01  6.411841639554e-02
 5.356718298706e+04  1.555138400000e+01  6.871401551123e-02
 5.356719056487e+04  1.553921400000e+01  6.738876571228e-02
 5.356719814348e+04  1.552845400000e+01  6.701799720721e-02
 5.355119746279e+04  1.565981200000e+01  6.523787382133e-02
 5.355120545010e+04  1.566612900000e+01  6.534832035237e-02
 5.355121355352e+04  1.566837200000e+01  6.539002510154e-02
 5.355122156237e+04  1.568801800000e+01  6.566758043314e-02
 5.350625361829e+04  1.555231500000e+01  6.569494829084e-02
 5.350626126867e+04  1.559876200000e+01  6.681734719891e-02
 5.350626894938e+04  1.559190400000e+01  6.616181325565e-02
 5.350627664466e+04  1.561855300000e+01  6.645710238035e-02
 5.383444079432e+04  1.578052000000e+01  7.320957883724e-02
 5.383444442679e+04  1.574891400000e+01  7.262797800510e-02
 5.383444801921e+04  1.576261100000e+01  7.294525411146e-02
 5.383445163711e+04  1.577509700000e+01  7.391738684641e-02
 5.385119318542e+04  1.477184100000e+01  5.853692114545e-02
 5.385120264203e+04  1.481955800000e+01  5.878986178556e-02
 5.385121217931e+04  1.490670500000e+01  5.932314589109e-02
 5.385122168800e+04  1.498756200000e+01  5.984013799147e-02
 5.379039924128e+04  1.559714800000e+01  6.435182896917e-02
 5.379040798675e+04  1.565451000000e+01  6.491221508204e-02
 5.379041677758e+04  1.566368700000e+01  6.498831824649e-02
 5.379042560833e+04  1.568067500000e+01  6.516219285415e-02
 5.390032522012e+04  1.516377300000e+01  1.006304601617e-01
 5.390032617780e+04  1.507041400000e+01  9.809542116840e-02
 5.390032715875e+04  1.513147100000e+01  1.006932354273e-01
 5.390032813149e+04  1.500989200000e+01  9.661708984919e-02
 5.380337226527e+04  1.583682500000e+01  7.288887053863e-02
 5.380337927372e+04  1.585183200000e+01  7.308204317876e-02
 5.380338629316e+04  1.580745400000e+01  7.232853703657e-02
 5.380339333484e+04  1.570214300000e+01  7.089955581811e-02
 5.381937218574e+04  1.575048700000e+01  6.649200627889e-02
 5.381938113039e+04  1.579006000000e+01  6.871507413313e-02
 5.381938998373e+04  1.573227900000e+01  6.822818445680e-02
 5.381939885708e+04  1.576448200000e+01  6.985320376778e-02
 5.385925783079e+04  1.498138900000e+01  5.987693157692e-02
 5.385926441919e+04  1.501680000000e+01  6.014094721538e-02
 5.385927083953e+04  1.504798100000e+01  6.033707608608e-02
 5.385927727365e+04  1.507054400000e+01  6.051486735307e-02
 5.387830325493e+04  1.552077600000e+01  6.420341715405e-02
 5.387830920719e+04  1.553432200000e+01  6.433162693755e-02
 5.387831512497e+04  1.558616500000e+01  6.489563152884e-02
 5.387832107398e+04  1.562111500000e+01  6.526707346651e-02
 5.388526763377e+04  1.500171700000e+01  6.004641036589e-02
 5.388527744016e+04  1.506698000000e+01  6.053077639813e-02
 5.388528726045e+04  1.512729300000e+01  6.101525523568e-02
 5.388529711939e+04  1.518999400000e+01  6.151847318713e-02
 5.420428363284e+04  1.575827300000e+01  6.552104504579e-02
 5.420429053399e+04  1.560699100000e+01  6.400389652326e-02
 5.420429746478e+04  1.536357600000e+01  6.181139530426e-02
 5.420430440655e+04  1.511572600000e+01  5.992956145526e-02
 5.443751818194e+04  1.535059000000e+01  6.162090496955e-02
 5.443752146823e+04  1.536420900000e+01  6.171499206707e-02
 5.443752477603e+04  1.539058400000e+01  6.193805213023e-02
 5.443752808290e+04  1.536567500000e+01  6.167712479066e-02
 5.425821839117e+04  1.469492500000e+01  5.739124678984e-02
 5.425822532368e+04  1.472479100000e+01  5.751624409915e-02
 5.425823231049e+04  1.474552600000e+01  5.759359876158e-02
 5.425823928074e+04  1.479345600000e+01  5.790436964458e-02
 5.427622129652e+04  1.490201700000e+01  5.889427374449e-02
 5.427622885476e+04  1.494145500000e+01  5.919339958201e-02
 5.427623643778e+04  1.500246000000e+01  5.963486125740e-02
 5.427624405749e+04  1.507196000000e+01  6.012887063097e-02
 5.416949342962e+04  1.545011800000e+01  6.258100362188e-02
 5.416950037915e+04  1.548489400000e+01  6.270416572619e-02
 5.416950738899e+04  1.549387300000e+01  6.281189694755e-02
 5.416951436191e+04  1.555753500000e+01  6.338856571797e-02
 5.417532227780e+04  1.574153900000e+01  6.529193756465e-02
 5.417533028074e+04  1.572833100000e+01  6.513930421687e-02
 5.417533832709e+04  1.574072200000e+01  6.522170659676e-02
 5.417534634184e+04  1.575023600000e+01  6.528967314015e-02
 5.423126678635e+04  1.470871300000e+01  5.757591878455e-02
 5.423127324362e+04  1.468341100000e+01  5.741036791360e-02
 5.423127969881e+04  1.471862800000e+01  5.761516445632e-02
 5.423128612771e+04  1.474070300000e+01  5.771848116452e-02
 5.424524409461e+04  1.573105400000e+01  6.576870712908e-02
 5.424525332075e+04  1.576570400000e+01  6.612863723087e-02
 5.424526268500e+04  1.570020800000e+01  6.544976140868e-02
 5.424527188904e+04  1.576937200000e+01  6.619833597796e-02
 5.455927468898e+04  1.578118100000e+01  6.588948810487e-02
 5.455928296255e+04  1.583747700000e+01  6.652493266732e-02
 5.455929116237e+04  1.582477700000e+01  6.634509560158e-02
 5.455929933789e+04  1.584998500000e+01  6.658097356628e-02
 5.456640079931e+04  1.586782300000e+01  6.697228612865e-02
 5.456640651591e+04  1.582203300000e+01  6.644183569784e-02
 5.456641223193e+04  1.576441100000e+01  6.580487874841e-02
 5.456641797308e+04  1.567581000000e+01  6.490605498933e-02
 5.457125960354e+04  1.514982900000e+01  6.009385316905e-02
 5.457126717972e+04  1.519702100000e+01  6.042223537293e-02
 5.457127479943e+04  1.526879300000e+01  6.096846307590e-02
 5.457128238963e+04  1.524433100000e+01  6.072237458932e-02
 5.458528367554e+04  1.578409400000e+01  6.567377737708e-02
 5.458529041396e+04  1.578705800000e+01  6.573485647266e-02
 5.458529712552e+04  1.579668400000e+01  6.580581226295e-02
 5.458530384484e+04  1.585210500000e+01  6.640654856071e-02
 5.449747595970e+04  1.494414300000e+01  5.846106688532e-02
 5.449748201093e+04  1.498925900000e+01  5.871527936926e-02
 5.449748823531e+04  1.502015600000e+01  5.890098400721e-02
 5.449749428156e+04  1.506081700000e+01  5.916301726804e-02
 5.450743062455e+04  1.510612100000e+01  6.085925527779e-02
 5.450743914835e+04  1.513721700000e+01  6.080106227866e-02
 5.450744769403e+04  1.518393300000e+01  6.183660459636e-02
 5.450745615602e+04  1.521057800000e+01  6.507413667990e-02
 5.451445049032e+04  1.469425200000e+01  5.734898111769e-02
 5.451445646366e+04  1.469544300000e+01  5.723321341229e-02
 5.451446244659e+04  1.471407400000e+01  5.730494554259e-02
 5.451446841089e+04  1.477407000000e+01  5.745580512796e-02
 5.462528853196e+04  1.562861400000e+01  6.451545239066e-02
 5.462529560811e+04  1.564812500000e+01  6.475021242410e-02
 5.462530274516e+04  1.567101300000e+01  6.505636943478e-02
 5.462530986705e+04  1.568894500000e+01  6.528308451685e-02
 5.464127599795e+04  1.537847200000e+01  6.293281256748e-02
 5.464128250985e+04  1.543326700000e+01  6.351867309091e-02
 5.464128904235e+04  1.544715700000e+01  6.373986388382e-02
 5.464129555610e+04  1.544509200000e+01  6.382278314101e-02
 5.452837949747e+04  1.564521800000e+01  6.394507211950e-02
 5.452838612395e+04  1.568393900000e+01  6.395334019709e-02
 5.452839275241e+04  1.565929900000e+01  6.407204509078e-02
 5.452839940725e+04  1.569157800000e+01  6.435921160301e-02
 5.453740263863e+04  1.576197100000e+01  7.142204571523e-02
 5.453741094866e+04  1.571810800000e+01  6.657664768666e-02
 5.453741683784e+04  1.573836400000e+01  6.507503945442e-02
 5.453742373865e+04  1.574934100000e+01  6.604882832924e-02
 5.459227132337e+04  1.577344800000e+01  6.581472451098e-02
 5.459916485588e+04  1.521025500000e+01  6.140070892973e-02
 5.459917131662e+04  1.528003800000e+01  6.191190210699e-02
 5.459917784009e+04  1.528913800000e+01  6.197294016760e-02
 5.459918428972e+04  1.532860700000e+01  6.230557422877e-02
 5.471511662942e+04  1.565930300000e+01  6.514738157516e-02
 5.471512146265e+04  1.565716100000e+01  6.528701039552e-02
 5.471512685181e+04  1.568347400000e+01  6.572640169931e-02
 5.471513169071e+04  1.573606500000e+01  6.641523705683e-02
 5.494435742726e+04  1.553122200000e+01  6.335389531047e-02
 5.494436633837e+04  1.555747800000e+01  6.362973958097e-02
 5.494437520978e+04  1.556694600000e+01  6.371640866689e-02
 5.494438412573e+04  1.562852600000e+01  6.433714569801e-02
 5.488436791345e+04  1.568625800000e+01  6.640514083456e-02
 5.488437391709e+04  1.565210500000e+01  6.857402304427e-02
 5.488437992376e+04  1.566767700000e+01  6.975319886623e-02
 5.488438594304e+04  1.543045200000e+01  7.648898605436e-02
 5.486139981557e+04  1.584911200000e+01  6.607550476932e-02
 5.486141153329e+04  1.574619700000e+01  6.487471216543e-02
 5.486142318317e+04  1.551422000000e+01  6.266909781956e-02
 5.486143465550e+04  1.510394300000e+01  5.944802400218e-02
 5.498319746407e+04  1.576657700000e+01  6.545303551162e-02
 5.498320342272e+04  1.573488300000e+01  6.512252954003e-02
 5.498320944475e+04  1.572792600000e+01  6.506408856742e-02
 5.498321539759e+04  1.572175700000e+01  6.501803586029e-02
 5.500124692823e+04  1.577072600000e+01  6.644671126792e-02
 5.500125177513e+04  1.577845300000e+01  6.673453592201e-02
 5.500125660234e+04  1.577749600000e+01  6.693005020443e-02
 5.500126151162e+04  1.574709900000e+01  6.639302887459e-02
 5.489340744858e+04  1.575692000000e+01  6.480510716910e-02
 5.489341410933e+04  1.572760800000e+01  6.452486481803e-02
 5.489342093617e+04  1.572134000000e+01  6.442605249243e-02
 5.489342763743e+04  1.571813800000e+01  6.437736060766e-02
 5.490942505521e+04  1.562186900000e+01  6.355740974058e-02
 5.490943437419e+04  1.564844000000e+01  6.380375437557e-02
 5.490944361920e+04  1.569249200000e+01  6.420144683177e-02
 5.490945298345e+04  1.570100400000e+01  6.430072927294e-02
 5.491834891617e+04  1.549647900000e+01  6.273373153937e-02
 5.491835439238e+04  1.550870000000e+01  6.289296085625e-02
 5.491835988919e+04  1.551891500000e+01  6.292835034317e-02
 5.491836538959e+04  1.553265800000e+01  6.307721654914e-02
 5.496429918343e+04  1.575339500000e+01  6.543015263846e-02
 5.496430578749e+04  1.574621400000e+01  6.538853897049e-02
 5.496431245993e+04  1.571357900000e+01  6.505784748341e-02
 5.496431913771e+04  1.577582900000e+01  6.573663394735e-02
 5.529241143294e+04  1.578437500000e+01  6.598876922902e-02
 5.529241770512e+04  1.576745100000e+01  6.587017798778e-02
 5.529242411609e+04  1.576746000000e+01  6.590462600459e-02
 5.529243055045e+04  1.577562300000e+01  6.593295110820e-02
 5.530130075341e+04  1.556522200000e+01  6.354627334266e-02
 5.530130648716e+04  1.557941000000e+01  6.365347862273e-02
 5.530131224936e+04  1.560229300000e+01  6.386810934267e-02
 5.530131800213e+04  1.561098900000e+01  6.400624092397e-02
 5.524242946025e+04  1.586858500000e+01  6.686252133263e-02
 5.524243820987e+04  1.583173400000e+01  6.646774506568e-02
 5.524244698705e+04  1.579112900000e+01  6.597366902115e-02
 5.524245576495e+04  1.565127900000e+01  6.448364828632e-02
 5.535026852177e+04  1.486383300000e+01  5.903606828228e-02
 5.535027532769e+04  1.475018500000e+01  5.850704780444e-02
 5.535028219810e+04  1.474876500000e+01  5.943717057153e-02
 5.535028914324e+04  1.475839300000e+01  5.803287050122e-02
 5.537023213072e+04  1.527582100000e+01  6.131781288155e-02
 5.537023670166e+04  1.526582500000e+01  6.124176916995e-02
 5.537024134057e+04  1.528382600000e+01  6.142044799778e-02
 5.537024597506e+04  1.528373200000e+01  6.142648115757e-02
 5.527134191083e+04  1.475344500000e+01  5.759579756629e-02
 5.527134882990e+04  1.481381600000e+01  5.790443083621e-02
 5.527135579479e+04  1.485534300000e+01  5.813887928905e-02
 5.527136270220e+04  1.492459000000e+01  5.854904075583e-02
 5.528134641656e+04  1.516002900000e+01  6.317912251624e-02
 5.528135200793e+04  1.526579200000e+01  6.412063847481e-02
 5.528135755427e+04  1.529213600000e+01  6.425793069393e-02
 5.528136314865e+04  1.528623500000e+01  6.419019973672e-02
 5.532528358965e+04  1.507790500000e+01  5.974635715405e-02
 5.532529095449e+04  1.512872900000e+01  6.002670329919e-02
 5.532529840639e+04  1.515640100000e+01  6.028571069506e-02
 5.532530593397e+04  1.518496900000e+01  6.050421491494e-02
 5.533516056352e+04  1.473763000000e+01  5.803609997614e-02
 5.533516753066e+04  1.477983400000e+01  5.781562800752e-02
 5.533518312995e+04  1.489590100000e+01  6.128315122184e-02
 5.533519552851e+04  1.499284300000e+01  5.913054261349e-02
 5.565924901313e+04  1.573664500000e+01  6.649453921360e-02
 5.565925546741e+04  1.573199800000e+01  6.635495112787e-02
 5.565926125198e+04  1.574692200000e+01  6.654707361964e-02
 5.565926704579e+04  1.574802200000e+01  6.651079097181e-02
 5.567619960081e+04  1.557198100000e+01  6.906307732507e-02
 5.567620711045e+04  1.565597900000e+01  7.018279529641e-02
 5.567621470193e+04  1.561745100000e+01  6.837580157648e-02
 5.567622226020e+04  1.563752300000e+01  6.849915246460e-02
 5.557650858503e+04  1.575212600000e+01  6.998760283226e-02
 5.557651535057e+04  1.571772200000e+01  6.958234254286e-02
 5.557652216184e+04  1.574727800000e+01  7.170762267733e-02
 5.557652899354e+04  1.573399900000e+01  7.007518310999e-02
 5.562936282023e+04  1.547926500000e+01  6.356587672322e-02
 5.562937076821e+04  1.549859700000e+01  6.354470499642e-02
 5.562937824071e+04  1.550971000000e+01  6.361744474772e-02
 5.562938577061e+04  1.556509500000e+01  6.411630572073e-02
 5.564729782358e+04  1.537750300000e+01  6.291798361979e-02
 5.564730525772e+04  1.540641800000e+01  6.314188501947e-02
 5.564731271321e+04  1.540274300000e+01  6.312448480732e-02
 5.564732023047e+04  1.543980000000e+01  6.342195323350e-02
 5.569330744559e+04  1.576933600000e+01  6.937623561971e-02
 5.569331570759e+04  1.577984500000e+01  6.953697387493e-02
 5.569332405896e+04  1.576866300000e+01  6.938599127163e-02
 5.569333233251e+04  1.578243300000e+01  6.959846188913e-02
 5.570728058792e+04  1.513614700000e+01  6.068265926844e-02
 5.570729018078e+04  1.520043700000e+01  6.117331483345e-02
 5.570729986960e+04  1.523064200000e+01  6.142172339095e-02
 5.570730945249e+04  1.527114300000e+01  6.180263570275e-02
 5.459227648300e+04  1.578878800000e+01  6.604005780333e-02
 5.459228619355e+04  1.576607400000e+01  6.580150413920e-02
 5.459229592690e+04  1.573609700000e+01  6.560346774501e-02
 5.459230566222e+04  1.575035200000e+01  6.582998787452e-02
 5.593952242600e+04  1.553740800000e+01  6.312820582432e-02
 5.593952914867e+04  1.559410500000e+01  6.366491832930e-02
 5.593953594903e+04  1.561178500000e+01  6.381495363431e-02
 5.593954274719e+04  1.562689200000e+01  6.395079937534e-02
 5.598150116235e+04  1.527740200000e+01  6.109882805445e-02
 5.598150623378e+04  1.530726800000e+01  6.133550433248e-02
 5.598151131447e+04  1.531190000000e+01  6.134659668392e-02
 5.598151644169e+04  1.533677600000e+01  6.159407293557e-02
 5.599949960170e+04  1.539971300000e+01  6.229036392219e-02
 5.599950414943e+04  1.541512100000e+01  6.241037700178e-02
 5.599950869248e+04  1.543062200000e+01  6.254635517802e-02
 5.599951333807e+04  1.544418000000e+01  6.266953264714e-02
 5.601834558134e+04  1.514004500000e+01  6.024588376163e-02
 5.601835358602e+04  1.522360500000e+01  6.086261323687e-02
 5.601836158514e+04  1.524959700000e+01  6.106503089970e-02
 5.601836957830e+04  1.526410100000e+01  6.117938900231e-02
 5.603335518191e+04  1.581655200000e+01  6.687878201708e-02
 5.603336075915e+04  1.578168200000e+01  6.648559673961e-02
 5.603336638113e+04  1.573092400000e+01  6.589967306634e-02
 5.603337201116e+04  1.560042900000e+01  6.452770942551e-02
 5.603837420540e+04  1.569891400000e+01  6.557930948842e-02
 5.603838149760e+04  1.572116100000e+01  6.585410265975e-02
 5.603838877713e+04  1.571701800000e+01  6.585121018556e-02
 5.603839615200e+04  1.575372700000e+01  6.626389517000e-02
 5.604817534310e+04  1.536906800000e+01  6.262267780387e-02
 5.604818382170e+04  1.534824700000e+01  6.238209866256e-02
 5.604819234054e+04  1.538077900000e+01  6.263407408200e-02
 5.604820090245e+04  1.541186900000e+01  6.288871141202e-02
 5.606133616979e+04  1.495586700000e+01  5.897978214454e-02
 5.606134415992e+04  1.500256200000e+01  5.937377735684e-02
 5.606135213809e+04  1.506476200000e+01  5.995954059928e-02
 5.606136004503e+04  1.509490900000e+01  6.003820146067e-02
 5.607123553750e+04  1.471962600000e+01  5.575085501237e-02
 5.607124306475e+04  1.477521300000e+01  5.601500350954e-02
 5.607125054639e+04  1.483625100000e+01  5.625927992826e-02
 5.607125815429e+04  1.489454400000e+01  5.663733575782e-02
 5.609625413122e+04  1.549357800000e+01  6.308226295189e-02
 5.609626261193e+04  1.518575300000e+01  6.060551525481e-02
 5.609627045780e+04  1.491143500000e+01  5.877173081948e-02
 5.609627827133e+04  1.475420100000e+01  5.782499291218e-02
