# time mag mag_err
 5.347032774554e+04  1.538053100000e+01  6.303297241771e-02
 5.347033592523e+04  1.512907100000e+01  6.095462758074e-02
 5.347034407552e+04  1.490489500000e+01  5.936024772765e-02
 5.347035220949e+04  1.477735400000e+01  5.856998655409e-02
 5.347920696693e+04  1.573282300000e+01  6.550336053173e-02
 5.347921521515e+04  1.578977700000e+01  6.617686951291e-02
 5.347922329970e+04  1.574342900000e+01  6.563044073179e-02
 5.347923141525e+04  1.575539300000e+01  6.567314435778e-02
 5.349029163328e+04  1.573999100000e+01  6.487177291900e-02
 5.349030091314e+04  1.567501700000e+01  6.429409971899e-02
 5.349031012853e+04  1.572823200000e+01  6.486927309718e-02
 5.349031933523e+04  1.578772900000e+01  6.549642188453e-02
 5.355821834294e+04  1.536836500000e+01  6.236931155504e-02
 5.355822367909e+04  1.540504200000e+01  6.276256943369e-02
 5.355822904521e+04  1.545687200000e+01  6.329892195411e-02
 5.355823440416e+04  1.544519200000e+01  6.323202141384e-02
 5.352729343171e+04  1.577988900000e+01  6.591242527693e-02
 5.352730224210e+04  1.579864000000e+01  6.616922359235e-02
 5.352731112345e+04  1.576491300000e+01  6.583373626345e-02
 5.352731999947e+04  1.576071400000e+01  6.585677941378e-02
 5.355120384597e+04  1.540311100000e+01  6.241835215159e-02
 5.355121194348e+04  1.543293200000e+01  6.269799930580e-02
 5.355121995049e+04  1.545752000000e+01  6.300703060400e-02
 5.355122802530e+04  1.549175100000e+01  6.333282986312e-02
 5.350625884528e+04  1.578672000000e+01  6.856258701778e-02
 5.350626651915e+04  1.576884800000e+01  6.781248029895e-02
 5.350627418968e+04  1.575880700000e+01  6.762756196609e-02
 5.350628190742e+04  1.580563800000e+01  6.819428388093e-02
 5.383422799890e+04  1.584388000000e+01  7.389589820489e-02
 5.383423526558e+04  1.574355800000e+01  7.224396648203e-02
 5.383424253446e+04  1.552918700000e+01  6.927510490654e-02
 5.383424987615e+04  1.526590800000e+01  6.605440861259e-02
 5.385130575572e+04  1.493638100000e+01  5.911540418427e-02
 5.385131335644e+04  1.481309800000e+01  5.818658465216e-02
 5.385132093922e+04  1.478322500000e+01  5.819293489078e-02
 5.385132851715e+04  1.479767800000e+01  5.830305469289e-02
 5.390233703162e+04  1.574093500000e+01  1.171297633582e-01
 5.390233802171e+04  1.581913300000e+01  1.205864340671e-01
 5.390233905046e+04  1.576211700000e+01  1.185258063677e-01
 5.379740226125e+04  1.568500700000e+01  6.610011031597e-02
 5.379740922248e+04  1.561808400000e+01  6.709615948844e-02
 5.379741580580e+04  1.568653200000e+01  6.795270939776e-02
 5.379742273148e+04  1.570274500000e+01  6.719246093511e-02
 5.386031082933e+04  1.554675200000e+01  6.429661274766e-02
 5.386031729064e+04  1.528763100000e+01  6.194700062724e-02
 5.386032375786e+04  1.510733400000e+01  6.049598388853e-02
 5.386033026779e+04  1.492444000000e+01  5.923191532156e-02
 5.387436263059e+04  1.505776100000e+01  9.087202005024e-02
 5.387436336280e+04  1.504439600000e+01  9.045362962704e-02
 5.387436409015e+04  1.506704200000e+01  9.116521998811e-02
 5.387436482873e+04  1.500894900000e+01  8.955581329994e-02
 5.387925518664e+04  1.570526400000e+01  6.547544654666e-02
 5.387926274454e+04  1.571337800000e+01  6.556403770813e-02
 5.387927028462e+04  1.572953300000e+01  6.573770065237e-02
 5.387927781959e+04  1.571621200000e+01  6.563541346090e-02
 5.421326607741e+04  1.495465400000e+01  5.900002655061e-02
 5.421327572453e+04  1.499086500000e+01  5.925372749213e-02
 5.421328550013e+04  1.505673500000e+01  5.969255482621e-02
 5.421329540769e+04  1.509234800000e+01  5.996699623817e-02
 5.414145987977e+04  1.568541600000e+01  7.580290388826e-02
 5.414146531071e+04  1.575351800000e+01  7.930233056247e-02
 5.414147070287e+04  1.580874600000e+01  9.122580948231e-02
 5.414147610279e+04  1.594990300000e+01  1.245975326147e-01
 5.411643407264e+04  1.584017800000e+01  6.565147807382e-02
 5.411644062286e+04  1.581597500000e+01  6.539299966667e-02
 5.411644729378e+04  1.582665100000e+01  6.538354053089e-02
 5.411645415073e+04  1.577060100000e+01  6.481811317852e-02
 5.412846515119e+04  1.575572500000e+01  5.860874123515e-02
 5.412846959852e+04  1.575399600000e+01  5.859185473228e-02
 5.412847404065e+04  1.574640800000e+01  5.883752345704e-02
 5.412847847883e+04  1.572487800000e+01  5.857582727027e-02
 5.425625089359e+04  1.571451600000e+01  6.546662302407e-02
 5.425625839234e+04  1.575548200000e+01  6.593287752806e-02
 5.425626591632e+04  1.583404500000e+01  6.681734719891e-02
 5.425627347388e+04  1.583210700000e+01  6.692475546170e-02
 5.426822569509e+04  1.568559800000e+01  6.729072380351e-02
 5.426823427538e+04  1.577014300000e+01  6.817031454626e-02
 5.426824283750e+04  1.572571300000e+01  6.722142901960e-02
 5.426825140494e+04  1.575224000000e+01  6.800192299734e-02
 5.427822320863e+04  1.577948800000e+01  6.660232313976e-02
 5.427822963639e+04  1.580247000000e+01  6.688086932233e-02
 5.427823605894e+04  1.576338200000e+01  6.652477346881e-02
 5.427824251203e+04  1.576115600000e+01  6.653949977118e-02
 5.417444091557e+04  1.574258300000e+01  6.461969593430e-02
 5.417444686529e+04  1.574910500000e+01  6.470649455001e-02
 5.417445280354e+04  1.575242900000e+01  6.473201611621e-02
 5.417445875940e+04  1.574017100000e+01  6.460876217976e-02
 5.418528765816e+04  1.537443100000e+01  6.183944200407e-02
 5.418529807928e+04  1.539517800000e+01  6.196888243789e-02
 5.418530848247e+04  1.542773100000e+01  6.219710694569e-02
 5.418531891527e+04  1.545627700000e+01  6.244347555266e-02
 5.423519936258e+04  1.574790200000e+01  7.013665656569e-02
 5.423520370157e+04  1.572580900000e+01  6.859996955965e-02
 5.423520803189e+04  1.579223000000e+01  6.950861090194e-02
 5.423521236913e+04  1.577886000000e+01  6.776350957554e-02
 5.424524685933e+04  1.586908000000e+01  6.664771773996e-02
 5.424525610087e+04  1.587381500000e+01  6.707950079678e-02
 5.424526544196e+04  1.580672400000e+01  6.640733083509e-02
 5.424527463767e+04  1.576169200000e+01  6.584037414062e-02
 5.455923688282e+04  1.536256500000e+01  6.171280413757e-02
 5.455924343477e+04  1.541416700000e+01  6.212662290838e-02
 5.455924998741e+04  1.539538700000e+01  6.195584935061e-02
 5.455925645718e+04  1.543385100000e+01  6.224430091730e-02
 5.456438294234e+04  1.572407900000e+01  6.475094819521e-02
 5.456438984373e+04  1.563375900000e+01  6.385234291047e-02
 5.456439676618e+04  1.570546900000e+01  6.453891963570e-02
 5.456440369418e+04  1.570980400000e+01  6.460588253851e-02
 5.457123287837e+04  1.526802100000e+01  6.081840773268e-02
 5.457123884209e+04  1.526941400000e+01  6.083615224757e-02
 5.457124479215e+04  1.530140000000e+01  6.105246031141e-02
 5.457125072799e+04  1.532540600000e+01  6.120944133626e-02
 5.458333231936e+04  1.545555400000e+01  6.266240554512e-02
 5.458333908150e+04  1.549239700000e+01  6.309738005151e-02
 5.458334582582e+04  1.546474900000e+01  6.279889110680e-02
 5.458335258681e+04  1.545744600000e+01  6.277930465681e-02
 5.450342263578e+04  1.579686800000e+01  6.520294895522e-02
 5.451436698490e+04  1.573508300000e+01  6.512824670789e-02
 5.451437301321e+04  1.576684000000e+01  6.555447637789e-02
 5.451437908851e+04  1.573856300000e+01  6.511636366861e-02
 5.451438517156e+04  1.567242900000e+01  6.448594440885e-02
 5.448251224756e+04  1.525364300000e+01  6.070053807858e-02
 5.448251709988e+04  1.528941900000e+01  6.185286647941e-02
 5.448252193740e+04  1.531157400000e+01  6.198125741172e-02
 5.448252676378e+04  1.531184600000e+01  6.240212273362e-02
 5.464026950037e+04  1.580328300000e+01  6.682090765701e-02
 5.464027604178e+04  1.581864500000e+01  6.732902517129e-02
 5.464028256907e+04  1.568124200000e+01  6.593836602027e-02
 5.464028909370e+04  1.549657300000e+01  6.408197626996e-02
 5.452739291831e+04  1.572857500000e+01  6.440724002237e-02
 5.452740099522e+04  1.572032100000e+01  6.430816749794e-02
 5.452740909330e+04  1.572679900000e+01  6.436562220785e-02
 5.452741721743e+04  1.569542900000e+01  6.404547539718e-02
 5.453334939182e+04  1.575591900000e+01  6.488510108988e-02
 5.453335596715e+04  1.575214400000e+01  6.485616470996e-02
 5.453336256794e+04  1.561498400000e+01  6.349390739519e-02
 5.453336913887e+04  1.564709200000e+01  6.378094606247e-02
 5.458921306214e+04  1.486898600000e+01  5.804051092795e-02
 5.458922167345e+04  1.489779000000e+01  5.821021560848e-02
 5.458923027446e+04  1.493668700000e+01  5.843897709668e-02
 5.458923900834e+04  1.504342200000e+01  5.909865177048e-02
 5.459914387648e+04  1.588916000000e+01  7.366045415760e-02
 5.459914891111e+04  1.582569500000e+01  7.283381524733e-02
 5.459915397097e+04  1.586323400000e+01  7.334407203215e-02
 5.459915903245e+04  1.575875100000e+01  7.182764566878e-02
 5.492323713179e+04  1.559693900000e+01  6.351595514406e-02
 5.492324262479e+04  1.557755200000e+01  6.329271567565e-02
 5.492324804045e+04  1.563606200000e+01  6.381347297569e-02
 5.492325352465e+04  1.563058800000e+01  6.376613650859e-02
 5.488838012984e+04  1.573274500000e+01  6.514940213114e-02
 5.488838807190e+04  1.576667800000e+01  6.463040600726e-02
 5.488839588468e+04  1.573636700000e+01  6.459293718419e-02
 5.488840380961e+04  1.564960500000e+01  6.407044633819e-02
 5.500122543130e+04  1.483550400000e+01  5.824260909223e-02
 5.500123032148e+04  1.477419300000e+01  5.791621420497e-02
 5.500123514869e+04  1.477133200000e+01  5.793580298185e-02
 5.500123998310e+04  1.477674400000e+01  5.798883144739e-02
 5.490935872367e+04  1.567619600000e+01  6.378820553200e-02
 5.490937251903e+04  1.567410100000e+01  6.375549907654e-02
 5.490938625165e+04  1.567530700000e+01  6.375251477219e-02
 5.490940002606e+04  1.568244000000e+01  6.385723858495e-02
 5.491539065385e+04  1.577452200000e+01  7.261286719721e-02
 5.491539464178e+04  1.589503700000e+01  1.229467546519e-01
 5.491539861317e+04  1.571302900000e+01  7.188238063902e-02
 5.491540256071e+04  1.624935500000e+01  1.531637971988e-01
 5.491641726789e+04  1.572148500000e+01  6.492285324777e-02
 5.491642410238e+04  1.571700900000e+01  6.492675975842e-02
 5.491643099684e+04  1.574349300000e+01  6.528647745308e-02
 5.491643791722e+04  1.579464200000e+01  6.583878613599e-02
 5.496829006618e+04  1.541767200000e+01  6.312198951792e-02
 5.496829915369e+04  1.541944100000e+01  6.324186140026e-02
 5.496830830903e+04  1.537369800000e+01  6.293960326477e-02
 5.496831731964e+04  1.546310500000e+01  6.372270639495e-02
 5.498118664446e+04  1.472058100000e+01  5.888565418255e-02
 5.498119746885e+04  1.482530400000e+01  5.799639771362e-02
 5.529633058714e+04  1.572540000000e+01  6.479200289237e-02
 5.529633636117e+04  1.562277500000e+01  6.378026217638e-02
 5.529634210255e+04  1.573889200000e+01  6.491366232304e-02
 5.529634784640e+04  1.572377600000e+01  6.482654975959e-02
 5.527445216299e+04  1.490246700000e+01  5.843724347617e-02
 5.527445963563e+04  1.494930900000e+01  5.877968622166e-02
 5.527446718196e+04  1.499729500000e+01  5.917299951085e-02
 5.527447478988e+04  1.505955600000e+01  5.959976207508e-02
 5.528031868563e+04  1.577381300000e+01  6.583395317504e-02
 5.528032551953e+04  1.576508900000e+01  6.572824773689e-02
 5.528033233850e+04  1.578173300000e+01  6.590062013951e-02
 5.528033923659e+04  1.577574500000e+01  6.578701968428e-02
 5.532831143760e+04  1.567199600000e+01  6.454902054205e-02
 5.532831889471e+04  1.563711300000e+01  6.420730354131e-02
 5.532832641190e+04  1.569143600000e+01  6.471393276123e-02
 5.532833395743e+04  1.575522400000e+01  6.542689091424e-02
 5.533914797575e+04  1.512585400000e+01  6.352834681506e-02
 5.533915334419e+04  1.515433900000e+01  6.373135699082e-02
 5.533915877527e+04  1.517376200000e+01  6.389478140450e-02
 5.533916414440e+04  1.521084400000e+01  6.421485660947e-02
 5.565733656941e+04  1.576788200000e+01  6.647240080372e-02
 5.565734161654e+04  1.580118400000e+01  6.698286184291e-02
 5.565734678348e+04  1.574806300000e+01  6.614038150318e-02
 5.565735193385e+04  1.571541500000e+01  7.153153295783e-02
 5.567629083008e+04  1.576185900000e+01  6.912049978238e-02
 5.567629592375e+04  1.574009300000e+01  7.269942164495e-02
 5.567630104125e+04  1.577884700000e+01  7.729761311068e-02
 5.567630622325e+04  1.576257400000e+01  7.232821954506e-02
 5.561750868691e+04  1.560599700000e+01  6.399158519984e-02
 5.561751741237e+04  1.565489700000e+01  6.446355089288e-02
 5.561752619791e+04  1.566497200000e+01  6.463799952962e-02
 5.561753489652e+04  1.565898700000e+01  6.454955597253e-02
 5.562936681882e+04  1.503742600000e+01  5.972927569531e-02
 5.562937480163e+04  1.504558500000e+01  5.963663427411e-02
 5.562938229322e+04  1.508757700000e+01  5.992241959664e-02
 5.562938982266e+04  1.511203900000e+01  6.008485287194e-02
 5.563628239670e+04  1.587957500000e+01  7.421725852038e-02
 5.563628836841e+04  1.586085700000e+01  7.386849524466e-02
 5.563629442140e+04  1.585311900000e+01  7.389085920896e-02
 5.563630049427e+04  1.570735300000e+01  7.158794349047e-02
 5.564727689503e+04  1.566915700000e+01  6.553884583732e-02
 5.564728262138e+04  1.578573900000e+01  6.674502049174e-02
 5.564728839771e+04  1.570946400000e+01  6.589974629638e-02
 5.564729415950e+04  1.576689000000e+01  6.645151097427e-02
 5.569335853909e+04  1.577562200000e+01  6.912506136934e-02
 5.569336685943e+04  1.572182100000e+01  6.847424824449e-02
 5.569337573987e+04  1.570185200000e+01  6.808278194834e-02
 5.569338416078e+04  1.571564600000e+01  6.833500358921e-02
 5.570830193794e+04  1.573861700000e+01  6.600124183305e-02
 5.570831106029e+04  1.569603300000e+01  6.557944929423e-02
 5.570832041610e+04  1.571081000000e+01  6.582876255403e-02
 5.570832975663e+04  1.570114200000e+01  6.571895046349e-02
 5.450343152950e+04  1.569411700000e+01  6.413950272347e-02
 5.450343859860e+04  1.544817700000e+01  6.191963135904e-02
 5.450344564490e+04  1.529618600000e+01  6.069651622848e-02
 5.450345267847e+04  1.508026400000e+01  5.920185169136e-02
 5.598136783983e+04  1.541726700000e+01  6.214312001460e-02
 5.598137520426e+04  1.546957700000e+01  6.255120686988e-02
 5.598138257384e+04  1.549522600000e+01  6.275029375551e-02
 5.598139008411e+04  1.549709600000e+01  6.275360305840e-02
 5.598738131060e+04  1.545236300000e+01  6.371068895074e-02
 5.598738757968e+04  1.545041800000e+01  6.355386409503e-02
 5.598739379469e+04  1.549631400000e+01  6.387429904990e-02
 5.598740002753e+04  1.547935600000e+01  6.362958634148e-02
 5.600941034514e+04  1.534501700000e+01  5.919832770361e-02
 5.600941850564e+04  1.533106300000e+01  5.911038411729e-02
 5.600942669586e+04  1.538024000000e+01  5.945393742034e-02
 5.600943487710e+04  1.534901400000e+01  5.928505728022e-02
 5.601537507122e+04  1.510733800000e+01  5.979876098884e-02
 5.601538300650e+04  1.515895800000e+01  6.017854144744e-02
 5.601539097311e+04  1.523170000000e+01  6.071271367732e-02
 5.601539896663e+04  1.524722800000e+01  6.087115661828e-02
 5.603630454778e+04  1.579904400000e+01  6.628924291013e-02
 5.603630903133e+04  1.575495300000e+01  6.581041083490e-02
 5.603631355912e+04  1.567479700000e+01  6.506788610929e-02
 5.603631807324e+04  1.557665600000e+01  6.483767103235e-02
 5.603937878241e+04  1.482474700000e+01  5.833599009459e-02
 5.603938546838e+04  1.490218500000e+01  5.881129904437e-02
 5.603939224664e+04  1.495188800000e+01  5.917839337034e-02
 5.603939901632e+04  1.495620000000e+01  5.923273247520e-02
 5.606331771868e+04  1.569007500000e+01  6.450351519328e-02
 5.606332445782e+04  1.572172000000e+01  6.478527691982e-02
 5.606333121963e+04  1.577551500000e+01  6.541385575955e-02
 5.606333799326e+04  1.577255200000e+01  6.542362943572e-02
 5.607120142868e+04  1.571627100000e+01  6.176354310201e-02
 5.607120896406e+04  1.569251000000e+01  6.156209906228e-02
 5.607121657207e+04  1.573900300000e+01  6.189428860743e-02
 5.607122410984e+04  1.578765800000e+01  6.231837710283e-02
 5.608820039958e+04  1.563524900000e+01  6.391560010554e-02
 5.608820543328e+04  1.560135100000e+01  6.364426996273e-02
 5.608821054338e+04  1.563911500000e+01  6.398598344771e-02
 5.608821562627e+04  1.561543100000e+01  6.369516877221e-02
 5.609625077550e+04  1.571871000000e+01  6.515801324775e-02
 5.609625927904e+04  1.564812300000e+01  6.445821411678e-02
 5.609626709190e+04  1.573738600000e+01  6.540416498560e-02
 5.609627490125e+04  1.572451000000e+01  6.528022440157e-02
