# time mag mag_err
 5.370951721094e+04  1.775101100000e+01  1.111462074160e-01
 5.370952639137e+04  1.764397400000e+01  1.067878537868e-01
 5.370953554866e+04  1.772668400000e+01  1.096270720245e-01
 5.370954474517e+04  1.759286600000e+01  1.044392166025e-01
 5.373243684490e+04  1.735712600000e+01  9.892557572547e-02
 5.373244339095e+04  1.738685000000e+01  9.922571463902e-02
 5.373245004093e+04  1.736180800000e+01  9.772235627189e-02
 5.373245673640e+04  1.743476100000e+01  9.987223652175e-02
 5.355116193266e+04  1.752020200000e+01  1.049857014171e-01
 5.355116831944e+04  1.762393800000e+01  1.090170130013e-01
 5.355117474267e+04  1.743805200000e+01  1.025526196839e-01
 5.355118113432e+04  1.771550200000e+01  1.132210067951e-01
 5.349427425591e+04  1.762690300000e+01  1.069067502196e-01
 5.349429526148e+04  1.762146000000e+01  1.070364711113e-01
 5.349430358133e+04  1.765901300000e+01  1.086299617967e-01
 5.349431191821e+04  1.770149900000e+01  1.106369455517e-01
 5.352119816646e+04  1.773410500000e+01  1.153287723438e-01
 5.352120628110e+04  1.779076200000e+01  1.133221590018e-01
 5.352121437791e+04  1.765354600000e+01  1.114815361553e-01
 5.352122248236e+04  1.758874600000e+01  1.122681532188e-01
 5.383232460082e+04  1.764482500000e+01  1.175757943983e-01
 5.383233228419e+04  1.751316900000e+01  1.117982720507e-01
 5.383233992751e+04  1.767798200000e+01  1.188886676846e-01
 5.383234759756e+04  1.755287200000e+01  1.135502345183e-01
 5.384529996146e+04  1.769782600000e+01  1.132097894963e-01
 5.384530690336e+04  1.757413400000e+01  1.084712511567e-01
 5.384531384931e+04  1.760800700000e+01  1.098130449196e-01
 5.384532083576e+04  1.759847900000e+01  1.096140722879e-01
 5.407049160647e+04  1.702618100000e+01  8.637383597468e-02
 5.407049806189e+04  1.702875500000e+01  8.616426686236e-02
 5.407050463258e+04  1.710500800000e+01  8.786436163563e-02
 5.407051114598e+04  1.720424500000e+01  9.033283860488e-02
 5.409548542689e+04  1.737654800000e+01  9.535220563810e-02
 5.409549573388e+04  1.739604600000e+01  9.579640768725e-02
 5.409550609053e+04  1.746355300000e+01  9.771949072033e-02
 5.409551643387e+04  1.754963000000e+01  1.004475981565e-01
 5.377344530127e+04  1.699063500000e+01  8.733635067394e-02
 5.377345183458e+04  1.696675800000e+01  8.699616401767e-02
 5.377345838514e+04  1.703542700000e+01  8.849617136990e-02
 5.377346492609e+04  1.712851400000e+01  9.098338131168e-02
 5.378641391978e+04  1.705156300000e+01  8.824983882797e-02
 5.378642043122e+04  1.703655100000e+01  8.786877077769e-02
 5.378642698513e+04  1.715410800000e+01  9.092164662312e-02
 5.378643348684e+04  1.702761800000e+01  8.768458228367e-02
 5.374248335329e+04  1.715860200000e+01  9.070435256112e-02
 5.374249201656e+04  1.715283800000e+01  9.052794280506e-02
 5.374250065646e+04  1.715857100000e+01  9.065208669328e-02
 5.374250931072e+04  1.711556400000e+01  8.949174351169e-02
 5.375843088996e+04  1.749038500000e+01  1.017930883609e-01
 5.375843792920e+04  1.756648200000e+01  1.042971387620e-01
 5.375844497064e+04  1.738692000000e+01  9.812365631060e-02
 5.375845242066e+04  1.732744600000e+01  9.549572015139e-02
 5.390323039086e+04  1.756049700000e+01  2.773777257309e-01
 5.390323136822e+04  1.741413900000e+01  2.571341032122e-01
 5.390323234951e+04  1.741411300000e+01  2.567106695271e-01
 5.390323332861e+04  1.750518400000e+01  2.730204342645e-01
 5.390615972784e+04  1.747901500000e+01  1.070964704425e-01
 5.387325145171e+04  1.707060900000e+01  9.265333913268e-02
 5.387325681344e+04  1.719683500000e+01  9.662431770891e-02
 5.387326215167e+04  1.711189400000e+01  9.421057262764e-02
 5.387326750020e+04  1.723574800000e+01  9.814510506903e-02
 5.387919595140e+04  1.760944100000e+01  1.078042460296e-01
 5.387920142506e+04  1.769566800000e+01  1.112829340746e-01
 5.387920688701e+04  1.768003800000e+01  1.107182889110e-01
 5.387921232016e+04  1.769595500000e+01  1.113715928893e-01
 5.388620535992e+04  1.717228400000e+01  9.472970736942e-02
 5.388621444787e+04  1.705982400000e+01  9.157456615152e-02
 5.388622354797e+04  1.714639000000e+01  9.428556911724e-02
 5.388623264160e+04  1.719183500000e+01  9.576439760859e-02
 5.406251707289e+04  1.763014800000e+01  1.385924325330e-01
 5.406252041762e+04  1.749591100000e+01  1.308515063500e-01
 5.406252378087e+04  1.762656100000e+01  1.376057763879e-01
 5.406252715487e+04  1.769165000000e+01  1.414743973140e-01
 5.419730015042e+04  1.722087600000e+01  9.195641216876e-02
 5.419730774594e+04  1.713147600000e+01  8.952161149780e-02
 5.419731534678e+04  1.706873300000e+01  8.790188627774e-02
 5.419732291775e+04  1.720134100000e+01  9.136801203413e-02
 5.443950129932e+04  1.760767200000e+01  1.037451785204e-01
 5.443950788483e+04  1.773313300000e+01  1.080149124681e-01
 5.443951445101e+04  1.761227300000e+01  1.034917324962e-01
 5.443952095133e+04  1.768428600000e+01  1.058395317454e-01
 5.445450236678e+04  1.733440700000e+01  9.409389336784e-02
 5.445450889801e+04  1.745473800000e+01  9.754454608431e-02
 5.445451546442e+04  1.746105200000e+01  9.780753961902e-02
 5.445452215422e+04  1.737997600000e+01  9.515191061922e-02
 5.412448989080e+04  1.776099400000e+01  1.081584186491e-01
 5.412449481014e+04  1.762568400000e+01  1.032733791260e-01
 5.412449969163e+04  1.751461200000e+01  9.955534224670e-02
 5.412450463366e+04  1.771073800000e+01  1.062770518427e-01
 5.426120172157e+04  1.740448800000e+01  9.960974466002e-02
 5.426120707809e+04  1.744585700000e+01  1.011965614778e-01
 5.426121241620e+04  1.759743600000e+01  1.066724271001e-01
 5.426121774506e+04  1.740684100000e+01  1.000223530406e-01
 5.422727777059e+04  1.727791700000e+01  9.448651096544e-02
 5.422728765755e+04  1.731395700000e+01  9.562915974791e-02
 5.422729749715e+04  1.722150100000e+01  9.332370316969e-02
 5.422730738353e+04  1.719757400000e+01  9.284741418072e-02
 5.424122669135e+04  1.748253200000e+01  1.027967566621e-01
 5.456723922040e+04  1.726899300000e+01  9.296234166556e-02
 5.456724534895e+04  1.746520500000e+01  9.872789021730e-02
 5.456725143281e+04  1.739018500000e+01  9.655846580385e-02
 5.456725756170e+04  1.745199300000e+01  9.848245022041e-02
 5.458028041560e+04  1.737709200000e+01  9.655216335127e-02
 5.458028688664e+04  1.752529100000e+01  1.012395167611e-01
 5.458029335907e+04  1.757820100000e+01  1.032361604618e-01
 5.458029979828e+04  1.734795900000e+01  9.466922322746e-02
 5.482949501712e+04  1.749366700000e+01  9.838154440469e-02
 5.482950109358e+04  1.751221300000e+01  9.895194144203e-02
 5.482950711911e+04  1.759712000000e+01  1.017108194761e-01
 5.482951325703e+04  1.758392400000e+01  1.011751174088e-01
 5.450247750058e+04  1.743227400000e+01  9.655756438357e-02
 5.450248779090e+04  1.749839900000e+01  9.879928125024e-02
 5.450249806549e+04  1.760344300000e+01  1.023587633421e-01
 5.450250836485e+04  1.754904500000e+01  1.005942003813e-01
 5.448042782747e+04  1.736792400000e+01  9.495122181255e-02
 5.448043548363e+04  1.728141400000e+01  9.236610575909e-02
 5.448044311573e+04  1.741340800000e+01  9.613620511017e-02
 5.448045084586e+04  1.727431300000e+01  9.202615774005e-02
 5.449549163179e+04  1.722098400000e+01  9.035910609765e-02
 5.449549830968e+04  1.712928200000e+01  8.806347555683e-02
 5.449550495631e+04  1.715374700000e+01  8.860314662176e-02
 5.449551161659e+04  1.716425700000e+01  8.890775442984e-02
 5.462416339672e+04  1.735077700000e+01  8.757162105416e-02
 5.462417201081e+04  1.736689100000e+01  8.795723152844e-02
 5.462418065638e+04  1.736582800000e+01  8.807520034790e-02
 5.462418930102e+04  1.739513000000e+01  8.877251324891e-02
 5.459022257797e+04  1.703914000000e+01  8.869979445996e-02
 5.459022793831e+04  1.701658600000e+01  9.272514041437e-02
 5.459023327549e+04  1.716166600000e+01  9.103399732123e-02
 5.459023859716e+04  1.713890700000e+01  8.957538957722e-02
 5.459725898206e+04  1.767125500000e+01  1.092224316374e-01
 5.459726610973e+04  1.784461000000e+01  1.165571748795e-01
 5.459727322108e+04  1.760931700000e+01  1.077906703704e-01
 5.459728035928e+04  1.760638000000e+01  1.079708072544e-01
 5.480051553244e+04  1.709022300000e+01  8.702018039208e-02
 5.480051981737e+04  1.717657400000e+01  8.917923258201e-02
 5.480052406933e+04  1.709738900000e+01  8.712819614937e-02
 5.480052837289e+04  1.722917500000e+01  9.037771434431e-02
 5.492426767769e+04  1.747686700000e+01  9.936190437028e-02
 5.493822036426e+04  1.754858100000e+01  1.020312101444e-01
 5.493822512537e+04  1.748672700000e+01  9.981608944186e-02
 5.493823000006e+04  1.756601000000e+01  1.024794222025e-01
 5.493823480226e+04  1.749256300000e+01  9.991684145544e-02
 5.488143695774e+04  1.754468500000e+01  1.000555028395e-01
 5.488144511127e+04  1.769922300000e+01  1.054660406087e-01
 5.488145334223e+04  1.756770400000e+01  1.009629559412e-01
 5.488146151370e+04  1.756577900000e+01  1.008971524117e-01
 5.499615862932e+04  1.701887000000e+01  9.980762666536e-02
 5.499616389634e+04  1.723752800000e+01  1.073172669076e-01
 5.499616915808e+04  1.735909900000e+01  1.119616725675e-01
 5.499617446413e+04  1.735492700000e+01  1.120169667472e-01
 5.500619421424e+04  1.730576600000e+01  1.055290151764e-01
 5.500619919193e+04  1.702619400000e+01  9.623515742415e-02
 5.500620409900e+04  1.703480900000e+01  9.668042033755e-02
 5.500620908990e+04  1.712432500000e+01  9.964854070932e-02
 5.490633325104e+04  1.770536600000e+01  1.048601682172e-01
 5.490633922969e+04  1.771230600000e+01  1.052442501445e-01
 5.490634511135e+04  1.770523600000e+01  1.055962891515e-01
 5.490635099706e+04  1.776076400000e+01  1.076808249775e-01
 5.496625532201e+04  1.718183800000e+01  9.201204539586e-02
 5.496626323689e+04  1.714634900000e+01  9.115379771404e-02
 5.496627117689e+04  1.726119400000e+01  9.463090967192e-02
 5.496627905875e+04  1.725274200000e+01  9.436729383228e-02
 5.497919700545e+04  1.725465800000e+01  9.403701117042e-02
 5.497920304593e+04  1.716450100000e+01  9.156287577087e-02
 5.497920917785e+04  1.708327400000e+01  8.947348302724e-02
 5.497921525732e+04  1.713337000000e+01  9.108007880054e-02
 5.516151776953e+04  1.744214000000e+01  9.996153900856e-02
 5.516152141372e+04  1.761874400000e+01  1.095265079868e-01
 5.516152500324e+04  1.762223200000e+01  1.065074796767e-01
 5.516152862762e+04  1.764629500000e+01  1.068864064631e-01
 5.529025822144e+04  1.731046900000e+01  9.505504758860e-02
 5.529026449915e+04  1.735388300000e+01  9.638096375409e-02
 5.529027082655e+04  1.725004000000e+01  9.319365766163e-02
 5.529027717803e+04  1.709240000000e+01  8.883209342621e-02
 5.554547664422e+04  1.765140000000e+01  1.074314034872e-01
 5.554549288818e+04  1.762952100000e+01  1.061781782665e-01
 5.554550103965e+04  1.759028500000e+01  1.047445938365e-01
 5.524536886106e+04  1.726825600000e+01  9.422889549748e-02
 5.524537576178e+04  1.734138300000e+01  9.635420993350e-02
 5.524538273157e+04  1.740672200000e+01  9.823111877604e-02
 5.524538967822e+04  1.748385500000e+01  1.007916248592e-01
 5.520448247610e+04  1.757774400000e+01  1.013973776029e-01
 5.520448713710e+04  1.759265600000e+01  1.018640201157e-01
 5.520449180227e+04  1.761300900000e+01  1.024578691634e-01
 5.520449641338e+04  1.759614500000e+01  1.020265170983e-01
 5.535116200028e+04  1.720580000000e+01  9.261536003555e-02
 5.526737214112e+04  1.733515900000e+01  9.549060559079e-02
 5.526737971868e+04  1.741465200000e+01  9.801385704082e-02
 5.526738742052e+04  1.749881200000e+01  1.008760061692e-01
 5.526739507461e+04  1.740290700000e+01  9.778549054063e-02
 5.533218666585e+04  1.728100700000e+01  9.412319233456e-02
 5.533219295194e+04  1.740507700000e+01  9.785459506809e-02
 5.533219931513e+04  1.742670500000e+01  9.870281207182e-02
 5.533220568049e+04  1.755178200000e+01  1.026743491271e-01
 5.566236015214e+04  1.709645700000e+01  8.353942505365e-02
 5.566236915271e+04  1.708247500000e+01  8.321466635347e-02
 5.566237806532e+04  1.704449000000e+01  8.245223564627e-02
 5.566238705236e+04  1.716747300000e+01  8.544115546361e-02
 5.567418821352e+04  1.703176000000e+01  9.126294075719e-02
 5.567419648025e+04  1.712761400000e+01  1.011976918718e-01
 5.567420472744e+04  1.723644700000e+01  1.119866269781e-01
 5.567421297454e+04  1.731350900000e+01  1.262821907800e-01
 5.560337901524e+04  1.738428200000e+01  8.901569180415e-02
 5.560338809360e+04  1.754177700000e+01  9.316580415894e-02
 5.560339715896e+04  1.751847600000e+01  9.253092076859e-02
 5.560340620536e+04  1.754802800000e+01  9.329110599005e-02
 5.556350023265e+04  1.769983800000e+01  1.085878505248e-01
 5.556350777446e+04  1.764039600000e+01  1.061753600951e-01
 5.556351527707e+04  1.753318200000e+01  1.024482994187e-01
 5.556352287583e+04  1.765771600000e+01  1.068052155714e-01
 5.557451966081e+04  1.739600200000e+01  9.762232149591e-02
 5.557452552976e+04  1.733897300000e+01  9.567900781954e-02
 5.557453134012e+04  1.731521600000e+01  9.491150334108e-02
 5.557453721324e+04  1.707215900000e+01  8.840015197753e-02
 5.558846769376e+04  1.719629200000e+01  9.246350866733e-02
 5.558847286019e+04  1.712663000000e+01  9.061559459436e-02
 5.558847806692e+04  1.699196000000e+01  8.717931768222e-02
 5.558848330001e+04  1.707523500000e+01  8.937824423915e-02
 5.564424888766e+04  1.746105200000e+01  1.022233629102e-01
 5.564425497769e+04  1.728448900000e+01  9.642295162729e-02
 5.564426110428e+04  1.731787600000e+01  9.754170589664e-02
 5.564426719255e+04  1.722263600000e+01  9.452615133676e-02
 5.568820171909e+04  1.767590200000e+01  1.115165371680e-01
 5.568820745293e+04  1.729717800000e+01  9.796256217076e-02
 5.568821312941e+04  1.741537500000e+01  1.017548118586e-01
 5.568821883965e+04  1.733826600000e+01  9.911801905113e-02
 5.346430065625e+04  1.762501300000e+01  1.038978631817e-01
 5.346430871799e+04  1.759237800000e+01  1.027324384836e-01
 5.346431691134e+04  1.763571400000e+01  1.042932434772e-01
 5.346432495769e+04  1.755625700000e+01  1.015644396925e-01
 5.390616451117e+04  1.754376600000e+01  1.094860722979e-01
 5.390617090594e+04  1.744374800000e+01  1.057923446173e-01
 5.390617731286e+04  1.762107000000e+01  1.130031617468e-01
 5.390618372521e+04  1.741683600000e+01  1.055413586855e-01
 5.424123575546e+04  1.769023000000e+01  1.108169277484e-01
 5.424124494806e+04  1.740158400000e+01  1.003399384710e-01
 5.424125416772e+04  1.732227200000e+01  9.811781255178e-02
 5.424126337073e+04  1.726198800000e+01  9.618385173072e-02
 5.492427142419e+04  1.759203600000e+01  1.032560008650e-01
 5.492427839108e+04  1.745361000000e+01  9.867876694845e-02
 5.492428514606e+04  1.762401300000e+01  1.045296132845e-01
 5.492429219308e+04  1.766835600000e+01  1.061922776478e-01
 5.535119876494e+04  1.700259800000e+01  8.692744494284e-02
 5.535120660988e+04  1.703857800000e+01  8.784177778762e-02
 5.535121410075e+04  1.706647300000e+01  8.859795476283e-02
 5.535122163992e+04  1.716911900000e+01  9.145389492137e-02
 5.588851946441e+04  1.749394600000e+01  1.011683485934e-01
 5.588852176487e+04  1.728374900000e+01  9.460893524900e-02
 5.588852408409e+04  1.744003300000e+01  9.939401983414e-02
 5.588852638895e+04  1.732445000000e+01  9.573071312304e-02
 5.592453461616e+04  1.714164700000e+01  8.984316431617e-02
 5.592453971757e+04  1.729369100000e+01  9.395593967579e-02
 5.592454480499e+04  1.716371800000e+01  9.051823141154e-02
 5.592454984853e+04  1.722153500000e+01  9.192409757402e-02
 5.595847387264e+04  1.743900600000e+01  9.843094568933e-02
 5.595847898157e+04  1.746689900000e+01  9.928235161205e-02
 5.595848406841e+04  1.750394000000e+01  1.004301628495e-01
 5.595848917828e+04  1.760104700000e+01  1.039144668682e-01
 5.599935866085e+04  1.737899300000e+01  9.703151147278e-02
 5.599936401447e+04  1.745282300000e+01  9.930401865144e-02
 5.599936928667e+04  1.723843600000e+01  9.282378026811e-02
 5.599937462015e+04  1.733023200000e+01  9.547101730889e-02
 5.600732207708e+04  1.709354000000e+01  8.183588488771e-02
 5.600733413424e+04  1.706557900000e+01  8.123418760376e-02
 5.600734621249e+04  1.713168400000e+01  8.259073321223e-02
 5.600735827674e+04  1.710346900000e+01  8.198413774134e-02
 5.601324997925e+04  1.740943100000e+01  1.005284328653e-01
 5.601325581647e+04  1.753451100000e+01  1.045453706405e-01
 5.601326172729e+04  1.761543700000e+01  1.076013861285e-01
 5.601326759275e+04  1.766077000000e+01  1.090074984647e-01
 5.601931516852e+04  1.739705600000e+01  8.556230468986e-02
 5.601932695223e+04  1.745062800000e+01  8.695656163454e-02
 5.601933882900e+04  1.740709500000e+01  8.603430132779e-02
 5.601935066006e+04  1.725546500000e+01  8.265312339986e-02
 5.603321155156e+04  1.725151700000e+01  9.449540304276e-02
 5.603321666212e+04  1.711807800000e+01  9.062927041724e-02
 5.603322169134e+04  1.720748300000e+01  9.310797315118e-02
 5.603322676277e+04  1.708699500000e+01  8.974208976106e-02
 5.603823741652e+04  1.754171600000e+01  1.037578628014e-01
 5.603824529764e+04  1.745345200000e+01  1.010749493285e-01
 5.603825315495e+04  1.748436000000e+01  1.021642406515e-01
 5.603826103830e+04  1.737668700000e+01  9.859482640205e-02
 5.604626821862e+04  1.738453100000e+01  9.957520271990e-02
 5.604627406079e+04  1.727234200000e+01  9.606759194348e-02
 5.604627981374e+04  1.723004200000e+01  9.488342098451e-02
 5.604628552508e+04  1.729414900000e+01  9.682320903417e-02
 5.606226377449e+04  1.758403300000e+01  1.031853939933e-01
 5.606227150800e+04  1.761427900000e+01  1.044968190095e-01
 5.606228031363e+04  1.749757600000e+01  1.005810310872e-01
 5.606228787429e+04  1.762005600000e+01  1.050339571850e-01
 5.606827726065e+04  1.722340900000e+01  9.286294292856e-02
 5.606828515554e+04  1.727042700000e+01  9.440909443939e-02
 5.606829309265e+04  1.709432700000e+01  8.981333544465e-02
 5.606830104977e+04  1.719385200000e+01  9.282673236000e-02
 5.607518442131e+04  1.750858500000e+01  1.080301390002e-01
 5.607519184855e+04  1.761896900000e+01  1.123421742593e-01
 5.607519931162e+04  1.749349100000e+01  1.075655015617e-01
 5.607520677634e+04  1.734739100000e+01  1.023266172262e-01
 5.609218691495e+04  1.750839700000e+01  1.012802912141e-01
 5.609219376242e+04  1.754213300000e+01  1.024758280727e-01
 5.609220067007e+04  1.754091200000e+01  1.026441549951e-01
 5.609220741855e+04  1.762273900000e+01  1.057314163450e-01
 5.609818711192e+04  1.726249400000e+01  9.341117307511e-02
 5.609819403644e+04  1.728290800000e+01  9.423128710813e-02
 5.609820092576e+04  1.739109700000e+01  9.761851912275e-02
 5.609820773225e+04  1.733381800000e+01  9.619003612105e-02
