# time mag mag_err
 5.356222199909e+04  1.599933600000e+01  6.911127128940e-02
 5.356222854814e+04  1.596887700000e+01  6.874657852440e-02
 5.356223506571e+04  1.602605700000e+01  6.948905758348e-02
 5.356224159161e+04  1.604148000000e+01  6.969344289691e-02
 5.352630504124e+04  1.559741400000e+01  6.451060418048e-02
 5.352631569756e+04  1.563312300000e+01  6.489149250426e-02
 5.352632605003e+04  1.567644100000e+01  6.532231118105e-02
 5.352633631721e+04  1.569499200000e+01  6.557722495844e-02
 5.353427650627e+04  1.582969800000e+01  6.686660348122e-02
 5.353428627238e+04  1.588685700000e+01  6.753478816498e-02
 5.353429603884e+04  1.589258800000e+01  6.764667805647e-02
 5.353430584488e+04  1.594849300000e+01  6.832420615799e-02
 5.354922583720e+04  1.630852800000e+01  7.525788610457e-02
 5.354923367799e+04  1.616149600000e+01  7.328784200603e-02
 5.354924150975e+04  1.602122900000e+01  7.103977258103e-02
 5.354924935168e+04  1.583646600000e+01  6.814838911420e-02
 5.365610589590e+04  1.572137700000e+01  6.781380248340e-02
 5.365611027054e+04  1.572885200000e+01  6.803228060442e-02
 5.365611460086e+04  1.579473700000e+01  6.892363854464e-02
 5.365611893023e+04  1.579476100000e+01  6.899191323310e-02
 5.384821337995e+04  1.543210500000e+01  6.473018101698e-02
 5.384821932133e+04  1.541112400000e+01  6.461188471458e-02
 5.384822532314e+04  1.542954800000e+01  6.574047513690e-02
 5.384823129196e+04  1.568145700000e+01  7.003766395240e-02
 5.385446503898e+04  1.597617500000e+01  6.998476877882e-02
 5.385447104993e+04  1.600428500000e+01  7.036390920066e-02
 5.385447701179e+04  1.601237300000e+01  7.056330078747e-02
 5.385448298918e+04  1.601490800000e+01  7.063280848425e-02
 5.385530706464e+04  1.622146100000e+01  7.325572760441e-02
 5.385531480740e+04  1.624594600000e+01  7.365589518619e-02
 5.385532267630e+04  1.624448800000e+01  7.358884150311e-02
 5.385533094905e+04  1.627976500000e+01  7.419129368421e-02
 5.390028181368e+04  1.631712300000e+01  1.621365029148e-01
 5.390028278988e+04  1.618734500000e+01  1.489442606484e-01
 5.390028377083e+04  1.606143000000e+01  1.448048695848e-01
 5.390028474310e+04  1.624371000000e+01  1.573748381943e-01
 5.379643914374e+04  1.626429300000e+01  7.304183543063e-02
 5.379644660892e+04  1.630795500000e+01  7.364496200859e-02
 5.379645408546e+04  1.626421200000e+01  7.292100194325e-02
 5.379646160227e+04  1.627758100000e+01  7.314578062891e-02
 5.386234734749e+04  1.596385200000e+01  6.939288445216e-02
 5.386235656647e+04  1.601121000000e+01  7.008976258482e-02
 5.386236522373e+04  1.601608800000e+01  7.015146477468e-02
 5.386237345181e+04  1.604159800000e+01  7.053268436600e-02
 5.388338135837e+04  1.541578100000e+01  6.344612274719e-02
 5.388338857516e+04  1.543033100000e+01  6.361473362071e-02
 5.388339578304e+04  1.545258300000e+01  6.379621279976e-02
 5.388340300076e+04  1.547780000000e+01  6.406075391123e-02
 5.399414856957e+04  1.619254600000e+01  7.032154368720e-02
 5.399415338172e+04  1.623653700000e+01  7.097917696488e-02
 5.399415820639e+04  1.623679400000e+01  7.102299259500e-02
 5.399416301774e+04  1.623512300000e+01  7.103824633696e-02
 5.400312278770e+04  1.611321600000e+01  6.963564074585e-02
 5.400312913223e+04  1.614760000000e+01  7.010986424067e-02
 5.400313550326e+04  1.612884100000e+01  6.990932562591e-02
 5.400314184339e+04  1.617708200000e+01  7.062087683669e-02
 5.415735660889e+04  1.642388600000e+01  7.497047032287e-02
 5.415736641169e+04  1.644631700000e+01  7.521082130221e-02
 5.415737617873e+04  1.627181500000e+01  7.234975813198e-02
 5.415738595074e+04  1.618614900000e+01  7.093461185038e-02
 5.429528605513e+04  1.599434100000e+01  7.022829352565e-02
 5.429529154765e+04  1.607644700000e+01  7.363112915554e-02
 5.429529702766e+04  1.602557700000e+01  7.097214677067e-02
 5.429530250826e+04  1.601145000000e+01  7.079546739881e-02
 5.426132312507e+04  1.599627000000e+01  6.893168016862e-02
 5.426133159493e+04  1.601830200000e+01  6.922854536059e-02
 5.426133979094e+04  1.604079800000e+01  6.953335067603e-02
 5.426134798892e+04  1.604611400000e+01  6.967571590725e-02
 5.427041299484e+04  1.602095600000e+01  7.057911035942e-02
 5.427041782749e+04  1.602184000000e+01  7.062564835270e-02
 5.427042267391e+04  1.601464800000e+01  7.061783046290e-02
 5.427042751870e+04  1.606906800000e+01  7.147007722420e-02
 5.427928616057e+04  1.559687800000e+01  6.486515072598e-02
 5.427929280847e+04  1.550762600000e+01  6.396898945155e-02
 5.427929940706e+04  1.539026300000e+01  6.292025553621e-02
 5.427930602464e+04  1.539018500000e+01  6.261164927038e-02
 5.417742088470e+04  1.567484500000e+01  6.481904317442e-02
 5.417742980795e+04  1.553850100000e+01  6.347009149394e-02
 5.417743871684e+04  1.541177800000e+01  6.227531759933e-02
 5.417744838896e+04  1.539095700000e+01  6.205980817825e-02
 5.423143240177e+04  1.545069400000e+01  6.308525545281e-02
 5.423143891413e+04  1.548837100000e+01  6.343395106185e-02
 5.423144542753e+04  1.551241600000e+01  6.372400843677e-02
 5.423145195344e+04  1.550304000000e+01  6.365471454697e-02
 5.423936182929e+04  1.561498300000e+01  6.574040426692e-02
 5.423937174934e+04  1.565161800000e+01  6.607879075011e-02
 5.423938150828e+04  1.570911500000e+01  6.672561905962e-02
 5.423939118700e+04  1.569098300000e+01  6.652016291319e-02
 5.438508740314e+04  1.610680100000e+01  7.252040824766e-02
 5.438509224936e+04  1.607144100000e+01  7.205595078164e-02
 5.438509710003e+04  1.613205900000e+01  7.303360831638e-02
 5.438510197100e+04  1.612063600000e+01  7.287992659963e-02
 5.439209080021e+04  1.539508900000e+01  6.458491899493e-02
 5.439209418035e+04  1.539875200000e+01  6.462180057776e-02
 5.439209753318e+04  1.537992700000e+01  6.451042639760e-02
 5.439210092837e+04  1.541600200000e+01  6.488322230645e-02
 5.436312622278e+04  1.581273000000e+01  6.638171685529e-02
 5.436313327903e+04  1.583845100000e+01  6.678389573420e-02
 5.436314032706e+04  1.585060600000e+01  6.694182845514e-02
 5.436314737209e+04  1.588154900000e+01  6.738036867217e-02
 5.455948625714e+04  1.557306100000e+01  6.373360028212e-02
 5.455948958902e+04  1.556918000000e+01  6.368274001001e-02
 5.455949285272e+04  1.558740700000e+01  6.385958178812e-02
 5.455949614119e+04  1.560895400000e+01  6.407910606152e-02
 5.456834714112e+04  1.621988100000e+01  7.118247387008e-02
 5.456835696534e+04  1.624069500000e+01  7.152348121293e-02
 5.456836678341e+04  1.623859200000e+01  7.144523244527e-02
 5.456837660774e+04  1.629929700000e+01  7.230497930882e-02
 5.458431549800e+04  1.544358200000e+01  6.262897801104e-02
 5.458431982275e+04  1.547043400000e+01  6.283871569908e-02
 5.458432411995e+04  1.548252900000e+01  6.297046668417e-02
 5.458432844459e+04  1.551261700000e+01  6.324191019110e-02
 5.450848719942e+04  1.551310500000e+01  6.289291580166e-02
 5.450849209851e+04  1.546514500000e+01  6.246858734690e-02
 5.450849702965e+04  1.540562700000e+01  6.194178157107e-02
 5.450850196091e+04  1.538421900000e+01  6.174447203977e-02
 5.452547355782e+04  1.543818700000e+01  6.847671410905e-02
 5.452547947142e+04  1.547452100000e+01  7.739254508179e-02
 5.452548875059e+04  1.537221300000e+01  7.123337728812e-02
 5.452549464301e+04  1.541628100000e+01  6.843406958227e-02
 5.462734496461e+04  1.538662200000e+01  6.263118003270e-02
 5.462734989390e+04  1.540458800000e+01  6.274482644315e-02
 5.462735473187e+04  1.541538900000e+01  6.291017456924e-02
 5.462735965260e+04  1.542642200000e+01  6.330644567978e-02
 5.454838404117e+04  1.632856900000e+01  7.299786524542e-02
 5.454839025653e+04  1.631873500000e+01  7.286795641337e-02
 5.454839641007e+04  1.631433300000e+01  7.273575475628e-02
 5.454840259140e+04  1.635588600000e+01  7.354059874970e-02
 5.459443271984e+04  1.623770900000e+01  7.210097343478e-02
 5.459443976787e+04  1.623965900000e+01  7.161066398658e-02
 5.459444684508e+04  1.626907400000e+01  7.204341416182e-02
 5.459445386904e+04  1.629113000000e+01  7.264476054634e-02
 5.474111385065e+04  1.624252900000e+01  7.214402250164e-02
 5.474111871362e+04  1.629367800000e+01  7.288465052907e-02
 5.474112360067e+04  1.624725500000e+01  7.228734930300e-02
 5.474112839513e+04  1.628152300000e+01  7.288397483755e-02
 5.474808681771e+04  1.562415400000e+01  6.871443935627e-02
 5.474809407756e+04  1.565583500000e+01  6.917686633651e-02
 5.474810138000e+04  1.570488000000e+01  6.994862039537e-02
 5.474810867852e+04  1.569991600000e+01  6.995672277367e-02
 5.494233050679e+04  1.613563900000e+01  7.004002011399e-02
 5.494233599666e+04  1.614625400000e+01  7.016931883497e-02
 5.494234140874e+04  1.616916700000e+01  7.043770070640e-02
 5.494234682302e+04  1.615348800000e+01  7.024884558792e-02
 5.504425284249e+04  1.625260000000e+01  8.013212916344e-02
 5.487548570108e+04  1.583845300000e+01  6.882872206641e-02
 5.487549062123e+04  1.584823000000e+01  6.896741721752e-02
 5.487549546174e+04  1.587528200000e+01  6.929371169586e-02
 5.487550034578e+04  1.589505000000e+01  6.955324146629e-02
 5.501728834582e+04  1.563902100000e+01  6.991115786301e-02
 5.501729585683e+04  1.566124200000e+01  7.038942664082e-02
 5.501730316338e+04  1.580738800000e+01  1.070745024990e-01
 5.501731056316e+04  1.569129900000e+01  7.114083212024e-02
 5.499828281763e+04  1.630118000000e+01  7.288465052907e-02
 5.499828973035e+04  1.637413600000e+01  7.392674380534e-02
 5.499829672840e+04  1.631326000000e+01  7.297280162717e-02
 5.499830371130e+04  1.639795200000e+01  7.436191935232e-02
 5.489145993368e+04  1.618378800000e+01  7.019528416573e-02
 5.489146779461e+04  1.621174800000e+01  7.054949048358e-02
 5.489147559209e+04  1.623394000000e+01  7.085524603686e-02
 5.489148345545e+04  1.625156600000e+01  7.107064123555e-02
 5.491341530178e+04  1.633672200000e+01  7.722546272111e-02
 5.491342207992e+04  1.641565100000e+01  7.748437014228e-02
 5.491342822272e+04  1.638465100000e+01  7.595855020621e-02
 5.491343434837e+04  1.633933900000e+01  7.827738629852e-02
 5.492037238840e+04  1.592188700000e+01  6.754719021103e-02
 5.492038029494e+04  1.593538300000e+01  6.771372795208e-02
 5.492038823678e+04  1.596763800000e+01  6.805213044020e-02
 5.492039616231e+04  1.598998900000e+01  6.824683683905e-02
 5.495342678069e+04  1.637080800000e+01  7.439653978893e-02
 5.495343407240e+04  1.633995500000e+01  7.389571227450e-02
 5.495344124927e+04  1.634352400000e+01  7.392674380534e-02
 5.495344854294e+04  1.641820500000e+01  7.521018711336e-02
 5.496734394087e+04  1.626709000000e+01  7.271699046280e-02
 5.496735395502e+04  1.629653000000e+01  7.311291109504e-02
 5.496736395601e+04  1.630058300000e+01  7.320278060945e-02
 5.496737285578e+04  1.629636300000e+01  7.317093866043e-02
 5.497932594094e+04  1.613407200000e+01  7.047346075572e-02
 5.497933328436e+04  1.619156800000e+01  7.135958778931e-02
 5.497934054910e+04  1.616591700000e+01  7.099118116707e-02
 5.497934773837e+04  1.615709000000e+01  7.086463432131e-02
 5.508915756325e+04  1.643859700000e+01  9.473871351005e-02
 5.508916979705e+04  1.623110100000e+01  7.557807637593e-02
 5.508917593010e+04  1.621874800000e+01  7.285583318680e-02
 5.509514940368e+04  1.617006400000e+01  7.243752520976e-02
 5.509515494921e+04  1.617783300000e+01  7.273475814587e-02
 5.509516038029e+04  1.619539800000e+01  7.309065564304e-02
 5.509516584225e+04  1.620415100000e+01  7.331530128305e-02
 5.529937109220e+04  1.602550700000e+01  6.875274493769e-02
 5.529937800472e+04  1.603160500000e+01  6.881595599423e-02
 5.529938499813e+04  1.603154000000e+01  6.884312015353e-02
 5.529939195684e+04  1.605904100000e+01  6.920311442388e-02
 5.535531547134e+04  1.622516800000e+01  7.872832783535e-02
 5.535531996295e+04  1.629790200000e+01  8.109051196568e-02
 5.535532449369e+04  1.625637800000e+01  7.626396005182e-02
 5.535532905735e+04  1.615931300000e+01  7.663792173482e-02
 5.536430332396e+04  1.611391200000e+01  7.008814048473e-02
 5.536430904345e+04  1.612021100000e+01  7.023691531892e-02
 5.536431474990e+04  1.610996600000e+01  7.004994579034e-02
 5.536432046024e+04  1.613900700000e+01  7.047763032709e-02
 5.536825902534e+04  1.561717800000e+01  6.445317469297e-02
 5.536826599340e+04  1.553023000000e+01  6.362369208353e-02
 5.536827291911e+04  1.542774000000e+01  6.271840324710e-02
 5.536827977420e+04  1.538252000000e+01  6.234210430300e-02
 5.527341016811e+04  1.617796900000e+01  7.085211878638e-02
 5.527341600764e+04  1.618669900000e+01  7.100154218231e-02
 5.527342182703e+04  1.616614900000e+01  7.076848798685e-02
 5.527342760478e+04  1.618608100000e+01  7.116022249812e-02
 5.532743421345e+04  1.623401700000e+01  7.228544492149e-02
 5.532744000617e+04  1.626977900000e+01  7.293676742348e-02
 5.532744582833e+04  1.622935400000e+01  7.234273221560e-02
 5.532745165009e+04  1.627665300000e+01  7.312345141092e-02
 5.534135303627e+04  1.617513200000e+01  7.079600834447e-02
 5.534135879456e+04  1.620894200000e+01  7.134479158456e-02
 5.534136454450e+04  1.626850900000e+01  7.221273962828e-02
 5.534137032594e+04  1.624007300000e+01  7.179610121644e-02
 5.545515170737e+04  1.590858100000e+01  6.749752020348e-02
 5.545516731492e+04  1.597510200000e+01  6.834359128785e-02
 5.545517472200e+04  1.593439000000e+01  6.797891823834e-02
 5.565237518466e+04  1.618879700000e+01  7.212590514835e-02
 5.565238208234e+04  1.617665300000e+01  7.197053279557e-02
 5.565238905749e+04  1.617121300000e+01  7.177217399519e-02
 5.565239601490e+04  1.616725300000e+01  7.175220701270e-02
 5.567737431774e+04  1.630701300000e+01  7.434669982135e-02
 5.567738144543e+04  1.632356500000e+01  7.456241807156e-02
 5.567738885716e+04  1.635881000000e+01  7.515070045568e-02
 5.567739728343e+04  1.634555400000e+01  7.496405851756e-02
 5.571432171046e+04  1.622953000000e+01  7.403458742358e-02
 5.571432621047e+04  1.623281400000e+01  7.349150980786e-02
 5.571433073361e+04  1.625084100000e+01  7.448685575619e-02
 5.571433524253e+04  1.622575000000e+01  7.539386358520e-02
 5.568837218536e+04  1.620312000000e+01  7.286947348569e-02
 5.568837828253e+04  1.603770800000e+01  7.049224316687e-02
 5.568838441514e+04  1.591532600000e+01  6.884010957632e-02
 5.568839057380e+04  1.578402100000e+01  6.725946658268e-02
 5.585208626308e+04  1.625698500000e+01  7.181178502128e-02
 5.585209138903e+04  1.610105900000e+01  6.971550382091e-02
 5.585209659931e+04  1.599117200000e+01  6.837346771186e-02
 5.585210177039e+04  1.583580700000e+01  6.656472326063e-02
 5.601937520310e+04  1.634746500000e+01  6.784960279680e-02
 5.601938709297e+04  1.641944700000e+01  6.865400720902e-02
 5.601939897090e+04  1.643005800000e+01  6.880171232111e-02
 5.601941095362e+04  1.638803100000e+01  6.825872874180e-02
 5.606337525780e+04  1.606615000000e+01  6.906351964170e-02
 5.606338203950e+04  1.609648200000e+01  6.944950794782e-02
 5.606338885255e+04  1.611073100000e+01  6.971801118168e-02
 5.606339564906e+04  1.609586900000e+01  6.959033920833e-02
 5.607134286022e+04  1.617803300000e+01  6.646017485339e-02
 5.607135032758e+04  1.618560600000e+01  6.652477346881e-02
 5.607135784251e+04  1.616729700000e+01  6.630819787973e-02
 5.607136530826e+04  1.619044000000e+01  6.661117014369e-02
 5.607737061156e+04  1.615385800000e+01  7.364933279754e-02
 5.607737866877e+04  1.619017900000e+01  7.424367500411e-02
 5.607738666880e+04  1.617756100000e+01  7.410692683612e-02
 5.607739463667e+04  1.617633800000e+01  7.409664251853e-02
 5.609928803928e+04  1.625414400000e+01  7.286105191860e-02
 5.609929541656e+04  1.626517500000e+01  7.306088866527e-02
 5.609930274768e+04  1.627287500000e+01  7.305539203141e-02
 5.609931013336e+04  1.627090100000e+01  7.302436161393e-02
 5.618914684175e+04  1.643930100000e+01  7.669388776129e-02
 5.618915075316e+04  1.636064600000e+01  7.545254273282e-02
 5.618915478172e+04  1.640122200000e+01  7.603537562624e-02
 5.618915881631e+04  1.643992200000e+01  7.686983346268e-02
 5.619514510707e+04  1.623067200000e+01  6.896195940533e-02
 5.619515140324e+04  1.617583300000e+01  6.852909950363e-02
 5.619515781148e+04  1.624330400000e+01  6.946189720133e-02
 5.619516421840e+04  1.626901200000e+01  6.994224238904e-02
