# time mag mag_err
 5.346640612981e+04  1.522612800000e+01  6.025211386467e-02
 5.346641504738e+04  1.522681500000e+01  6.027374019281e-02
 5.346642400187e+04  1.521483800000e+01  6.018764728813e-02
 5.346643294515e+04  1.519646600000e+01  6.006510970187e-02
 5.348134056435e+04  1.450231200000e+01  5.636988051555e-02
 5.348134864346e+04  1.455491800000e+01  5.658570955728e-02
 5.348135671586e+04  1.459265100000e+01  5.674664150559e-02
 5.348136481556e+04  1.463350300000e+01  5.692644018300e-02
 5.355428545500e+04  1.456884800000e+01  5.725628723850e-02
 5.355429204017e+04  1.460328300000e+01  5.747107905018e-02
 5.355429855531e+04  1.465365200000e+01  5.776827385353e-02
 5.355430505135e+04  1.467954800000e+01  5.795798900750e-02
 5.356029340087e+04  1.527537200000e+01  6.165194696649e-02
 5.356030102104e+04  1.528730400000e+01  6.177478286139e-02
 5.356030869747e+04  1.530909600000e+01  6.205230187906e-02
 5.356031625304e+04  1.531981400000e+01  6.223267553629e-02
 5.352832762851e+04  1.494537300000e+01  5.897110232286e-02
 5.352833574778e+04  1.497160400000e+01  5.909979843108e-02
 5.352834391589e+04  1.502179700000e+01  5.942722316504e-02
 5.352835204118e+04  1.503183500000e+01  5.953275419465e-02
 5.353725622400e+04  1.472524100000e+01  5.791328796827e-02
 5.353726427069e+04  1.473293600000e+01  5.796569488967e-02
 5.353727227897e+04  1.475595400000e+01  5.808897643791e-02
 5.353728029615e+04  1.477926400000e+01  5.825464890251e-02
 5.349934220596e+04  1.453331000000e+01  5.647437930142e-02
 5.349934699718e+04  1.454844400000e+01  5.656184951413e-02
 5.349935179591e+04  1.457445900000e+01  5.668894027517e-02
 5.349935662161e+04  1.460155300000e+01  5.682425691840e-02
 5.350919747949e+04  1.498002000000e+01  5.922645236916e-02
 5.350920601799e+04  1.462722300000e+01  5.713322534756e-02
 5.350921457397e+04  1.436010100000e+01  5.586323148356e-02
 5.350922312081e+04  1.421854000000e+01  5.521938220727e-02
 5.352036246031e+04  1.520091700000e+01  6.152504435981e-02
 5.352036997087e+04  1.523284600000e+01  6.173578663427e-02
 5.352037749394e+04  1.523632100000e+01  6.203762954423e-02
 5.352038501676e+04  1.526326800000e+01  6.251716477943e-02
 5.363910954235e+04  1.484770700000e+01  5.932110128367e-02
 5.363911379153e+04  1.484263300000e+01  5.930975404730e-02
 5.363911807403e+04  1.485625800000e+01  5.949356652264e-02
 5.363912232771e+04  1.488286000000e+01  5.971529192456e-02
 5.383140735764e+04  1.498690100000e+01  5.950018360927e-02
 5.383141395889e+04  1.500894100000e+01  5.966043846294e-02
 5.383142052576e+04  1.500793500000e+01  5.966979119844e-02
 5.383142707331e+04  1.502462700000e+01  5.977310351179e-02
 5.384543592332e+04  1.426103300000e+01  5.583330924351e-02
 5.384544502748e+04  1.417205000000e+01  5.544786269356e-02
 5.384545421404e+04  1.419789100000e+01  5.558288616083e-02
 5.384546346311e+04  1.426287400000e+01  5.588710138790e-02
 5.397616860556e+04  1.426467400000e+01  5.710807484731e-02
 5.397617238654e+04  1.429150800000e+01  5.727057181372e-02
 5.397617618615e+04  1.431949600000e+01  5.744235175953e-02
 5.397618000902e+04  1.432467700000e+01  5.749434173100e-02
 5.390430985009e+04  1.487513600000e+01  8.524821527168e-02
 5.390431091681e+04  1.488992000000e+01  8.563899725289e-02
 5.390431196061e+04  1.488149200000e+01  8.555850257050e-02
 5.390431300186e+04  1.489802200000e+01  8.584964048813e-02
 5.390725770894e+04  1.518111600000e+01  6.151120825702e-02
 5.390726857279e+04  1.518427800000e+01  6.161084912956e-02
 5.390727947600e+04  1.521886700000e+01  6.196857675645e-02
 5.390729035304e+04  1.521387200000e+01  6.196249591366e-02
 5.381845610269e+04  1.423276700000e+01  5.550908472865e-02
 5.381846498900e+04  1.422297800000e+01  5.556187590435e-02
 5.381847393956e+04  1.429493700000e+01  5.588205808451e-02
 5.381848284325e+04  1.432797500000e+01  5.603441571068e-02
 5.385735522240e+04  1.460130300000e+01  5.735055774326e-02
 5.385736318332e+04  1.462028100000e+01  5.746468980772e-02
 5.385737116231e+04  1.465801100000e+01  5.912680511295e-02
 5.385737913991e+04  1.472879800000e+01  5.838252613144e-02
 5.387635715163e+04  1.484054000000e+01  5.911929840998e-02
 5.387636484090e+04  1.486625700000e+01  5.932974755234e-02
 5.387637248677e+04  1.488600500000e+01  5.950720172740e-02
 5.387638013762e+04  1.491366600000e+01  5.985750263755e-02
 5.388226184021e+04  1.523421700000e+01  6.145557426297e-02
 5.388226903465e+04  1.523099100000e+01  6.140355872178e-02
 5.388227622853e+04  1.520827200000e+01  6.120541040871e-02
 5.388228339289e+04  1.524457000000e+01  6.148138092109e-02
 5.399610127025e+04  1.453992800000e+01  5.853485384245e-02
 5.399610539963e+04  1.456808100000e+01  5.876990296780e-02
 5.399610953514e+04  1.458147200000e+01  5.886291515092e-02
 5.399611366370e+04  1.460452300000e+01  5.905483777587e-02
 5.420147502145e+04  1.526293900000e+01  6.122891226068e-02
 5.420148103552e+04  1.529090900000e+01  6.141576441525e-02
 5.420148697321e+04  1.531507300000e+01  6.165212714674e-02
 5.420149288576e+04  1.531917400000e+01  6.167596577981e-02
 5.421231586348e+04  1.523245200000e+01  6.077099994717e-02
 5.421232467654e+04  1.522679800000e+01  6.069083190251e-02
 5.421233346031e+04  1.521969500000e+01  6.064238626724e-02
 5.421234223088e+04  1.520915700000e+01  6.051856713002e-02
 5.425633924243e+04  1.521200600000e+01  6.092598000927e-02
 5.425634425610e+04  1.522102000000e+01  6.106037726266e-02
 5.425634925635e+04  1.523444800000e+01  6.102677637957e-02
 5.425635427361e+04  1.518067800000e+01  6.067755493725e-02
 5.426331531480e+04  1.505813800000e+01  6.031927715362e-02
 5.426332127714e+04  1.507295900000e+01  6.043577693662e-02
 5.426332725939e+04  1.510002300000e+01  6.066765792484e-02
 5.426333320123e+04  1.509815800000e+01  6.067871200817e-02
 5.426926097007e+04  1.429409900000e+01  5.554550049757e-02
 5.426926954804e+04  1.414412200000e+01  5.495411168715e-02
 5.426927809905e+04  1.414777400000e+01  5.496826890955e-02
 5.426928668663e+04  1.420530900000e+01  5.520227048880e-02
 5.417243945771e+04  1.518306200000e+01  6.007229808045e-02
 5.417244107723e+04  1.516756200000e+01  5.995928634761e-02
 5.417244272014e+04  1.516304300000e+01  5.994197981490e-02
 5.417244432983e+04  1.518737900000e+01  6.009634181611e-02
 5.418541865831e+04  1.516365600000e+01  6.025892226911e-02
 5.418542800252e+04  1.491000900000e+01  5.852337526441e-02
 5.418543737127e+04  1.458546800000e+01  5.675417510794e-02
 5.418544679328e+04  1.433331000000e+01  5.556801237447e-02
 5.423043295797e+04  1.424970300000e+01  5.542371779849e-02
 5.423043943168e+04  1.418214100000e+01  5.517581641809e-02
 5.423044587991e+04  1.417916500000e+01  5.518062541560e-02
 5.423045244159e+04  1.421049000000e+01  5.532307005823e-02
 5.423632217503e+04  1.506952300000e+01  6.008597713084e-02
 5.423632882248e+04  1.508820500000e+01  6.022759378215e-02
 5.423633550127e+04  1.509710600000e+01  6.028961628361e-02
 5.423634223818e+04  1.512189400000e+01  6.049786873932e-02
 5.424238214569e+04  1.474336500000e+01  5.802283459594e-02
 5.424238964850e+04  1.476431300000e+01  5.819381459553e-02
 5.424239716646e+04  1.481205300000e+01  5.849025029092e-02
 5.424240471082e+04  1.482853100000e+01  5.861216057197e-02
 5.435710915108e+04  1.508914200000e+01  6.669209601763e-02
 5.435711129632e+04  1.510223400000e+01  6.685353102981e-02
 5.435711344839e+04  1.508947200000e+01  6.671565182530e-02
 5.435711560521e+04  1.509314500000e+01  6.684463448176e-02
 5.456345784700e+04  1.476160300000e+01  5.759691125262e-02
 5.456346405459e+04  1.480032800000e+01  5.783500000972e-02
 5.456347024576e+04  1.480000100000e+01  5.784979762704e-02
 5.456347639907e+04  1.484946400000e+01  5.790718131020e-02
 5.456938002894e+04  1.518963300000e+01  6.018518846526e-02
 5.456938647058e+04  1.520753500000e+01  6.029998431247e-02
 5.456939294208e+04  1.518525800000e+01  6.013383490779e-02
 5.456939938836e+04  1.518437400000e+01  6.012061820110e-02
 5.458439206419e+04  1.508336500000e+01  5.953670398884e-02
 5.458440225567e+04  1.510744000000e+01  5.973367312967e-02
 5.458441244530e+04  1.513413700000e+01  5.993724633772e-02
 5.458442267336e+04  1.517108600000e+01  6.020674501496e-02
 5.449850395341e+04  1.435528000000e+01  5.528210920466e-02
 5.449851020639e+04  1.435800200000e+01  5.546567821842e-02
 5.449851636850e+04  1.440656800000e+01  5.564609992593e-02
 5.449852265318e+04  1.445732300000e+01  5.586297026637e-02
 5.450950669340e+04  1.487371300000e+01  5.802764229819e-02
 5.450951386911e+04  1.488227600000e+01  5.808151000572e-02
 5.450952097514e+04  1.490442200000e+01  5.818983324468e-02
 5.450952806137e+04  1.491504500000e+01  5.824790865647e-02
 5.447653608576e+04  1.522408400000e+01  6.427026698295e-02
 5.447653913094e+04  1.519886600000e+01  6.404152369865e-02
 5.447654218340e+04  1.518788000000e+01  6.388434470827e-02
 5.447654530612e+04  1.520834400000e+01  6.408280458596e-02
 5.464821866964e+04  1.474374200000e+01  5.810346793276e-02
 5.464822615219e+04  1.477257000000e+01  5.826527183181e-02
 5.464823362895e+04  1.479632000000e+01  5.845422251170e-02
 5.464824107226e+04  1.483276800000e+01  5.873426261741e-02
 5.462324862034e+04  1.513283900000e+01  5.783388531143e-02
 5.462325651100e+04  1.514852500000e+01  5.794527898624e-02
 5.462326434056e+04  1.517070100000e+01  5.806748865542e-02
 5.462327220287e+04  1.518396000000e+01  5.812907727220e-02
 5.452944694001e+04  1.503470100000e+01  5.903602737633e-02
 5.452945783002e+04  1.505699000000e+01  5.916352503696e-02
 5.452946875603e+04  1.511396100000e+01  5.949301734314e-02
 5.452947977914e+04  1.512980000000e+01  5.957567879840e-02
 5.455632220420e+04  1.463299700000e+01  5.720956341837e-02
 5.455633749999e+04  1.469470600000e+01  5.746170311450e-02
 5.455634657255e+04  1.473816400000e+01  5.770259771986e-02
 5.455635564348e+04  1.476453400000e+01  5.777575268274e-02
 5.459134062141e+04  1.448050500000e+01  5.612423719287e-02
 5.459134866615e+04  1.453651400000e+01  5.639793141597e-02
 5.459135672603e+04  1.457194800000e+01  5.656219050286e-02
 5.459136480850e+04  1.461491000000e+01  5.676507359826e-02
 5.459825360027e+04  1.529013900000e+01  6.226370653249e-02
 5.459928696948e+04  1.530968200000e+01  6.171400767043e-02
 5.459929346980e+04  1.522724300000e+01  6.100284171891e-02
 5.459929998448e+04  1.515160700000e+01  6.042901558038e-02
 5.459930649788e+04  1.494437800000e+01  5.900185888088e-02
 5.472909624911e+04  1.422966800000e+01  5.501736463273e-02
 5.472910063613e+04  1.424363100000e+01  5.514454685745e-02
 5.472910495370e+04  1.422026500000e+01  5.508316754571e-02
 5.472910928448e+04  1.453866000000e+01  5.649541969709e-02
 5.492436886809e+04  1.498812400000e+01  5.897304345519e-02
 5.492437595098e+04  1.501444100000e+01  5.911538292785e-02
 5.492438330425e+04  1.504529700000e+01  5.929603303416e-02
 5.492439054699e+04  1.505131900000e+01  5.937161927252e-02
 5.493741824465e+04  1.508855700000e+01  5.986733111031e-02
 5.493742313228e+04  1.494457800000e+01  5.891051193788e-02
 5.493742794884e+04  1.479717500000e+01  5.803004103375e-02
 5.493743265788e+04  1.463630000000e+01  5.712470603896e-02
 5.494540633463e+04  1.519737300000e+01  6.028153506428e-02
 5.494632568672e+04  1.516481300000e+01  6.246816788310e-02
 5.494633292215e+04  1.511759000000e+01  6.342745334479e-02
 5.494634024221e+04  1.524429100000e+01  7.017045091164e-02
 5.494634757443e+04  1.515602600000e+01  6.134707227051e-02
 5.488948177733e+04  1.519945400000e+01  5.990837013318e-02
 5.488948984069e+04  1.520166600000e+01  5.994241069254e-02
 5.488949777963e+04  1.520291300000e+01  5.994725112492e-02
 5.488950570109e+04  1.519651600000e+01  5.987882907105e-02
 5.498335880912e+04  1.470966400000e+01  5.728271294420e-02
 5.498336546128e+04  1.445527000000e+01  5.605372318078e-02
 5.498337220294e+04  1.440724800000e+01  5.584333722764e-02
 5.498337889580e+04  1.424590600000e+01  5.517702424028e-02
 5.499332818339e+04  1.421735300000e+01  5.593380977123e-02
 5.499333360312e+04  1.420446700000e+01  5.608522824902e-02
 5.499333900814e+04  1.421741700000e+01  5.616170620657e-02
 5.499334442741e+04  1.423908000000e+01  5.625773663347e-02
 5.499923225500e+04  1.507612200000e+01  5.951340333393e-02
 5.499924068066e+04  1.510302400000e+01  5.967842437229e-02
 5.499924901510e+04  1.514155600000e+01  5.992776864060e-02
 5.499925746427e+04  1.514413100000e+01  5.993615835110e-02
 5.491746017874e+04  1.519614900000e+01  6.019313021194e-02
 5.491746993109e+04  1.520563000000e+01  6.027229689231e-02
 5.491747466756e+04  1.522200100000e+01  6.039809353781e-02
 5.496637744076e+04  1.438807100000e+01  5.585397094876e-02
 5.496638359339e+04  1.441714900000e+01  5.599763710963e-02
 5.496638972844e+04  1.447343000000e+01  5.624785964723e-02
 5.496639582087e+04  1.449875000000e+01  5.638762496048e-02
 5.529544090380e+04  1.441387700000e+01  5.579416402796e-02
 5.529544800751e+04  1.419552000000e+01  5.492664054398e-02
 5.529545523845e+04  1.413391700000e+01  5.470363906288e-02
 5.529546244343e+04  1.415131100000e+01  5.477602525307e-02
 5.534921145590e+04  1.515588700000e+01  6.033373714594e-02
 5.535630057558e+04  1.514701400000e+01  6.025273701828e-02
 5.535630967339e+04  1.514641700000e+01  6.008561102718e-02
 5.535631892178e+04  1.514860200000e+01  6.006664501069e-02
 5.535632816197e+04  1.517983400000e+01  6.033205483695e-02
 5.536328879301e+04  1.477709700000e+01  5.784134981838e-02
 5.536329334001e+04  1.479243000000e+01  5.794178648935e-02
 5.536329796131e+04  1.480844300000e+01  5.802710270268e-02
 5.536330251681e+04  1.484237800000e+01  5.821879323074e-02
 5.536815231051e+04  1.516187000000e+01  6.035926795414e-02
 5.536815735280e+04  1.515746100000e+01  6.035009621063e-02
 5.536816248579e+04  1.518252300000e+01  6.054281493510e-02
 5.536816762201e+04  1.516736100000e+01  6.040315827545e-02
 5.527545862631e+04  1.520236800000e+01  6.030050479220e-02
 5.527546501852e+04  1.522428400000e+01  6.042532866086e-02
 5.527547143764e+04  1.524157500000e+01  6.061991326469e-02
 5.527547780648e+04  1.521848700000e+01  6.040038776028e-02
 5.532333528497e+04  1.530037400000e+01  6.102629846671e-02
 5.532940293703e+04  1.520711700000e+01  6.033503363210e-02
 5.532940988095e+04  1.521647700000e+01  6.042670734481e-02
 5.532941677551e+04  1.518248700000e+01  6.021184762422e-02
 5.532942379053e+04  1.520284800000e+01  6.044172921543e-02
 5.533834096034e+04  1.521043900000e+01  6.055711104102e-02
 5.533834929595e+04  1.521569500000e+01  6.061959100579e-02
 5.533835753344e+04  1.523210900000e+01  6.074088224631e-02
 5.533836571398e+04  1.524173800000e+01  6.089470605565e-02
 5.545412780589e+04  1.427752900000e+01  5.545879127188e-02
 5.545413814566e+04  1.437203100000e+01  5.592516749556e-02
 5.545414327797e+04  1.442440500000e+01  5.621777770279e-02
 5.567536308581e+04  1.479370900000e+01  5.993208789723e-02
 5.567537062003e+04  1.483149800000e+01  6.023239579514e-02
 5.567537823786e+04  1.485382100000e+01  6.038011685245e-02
 5.567538587171e+04  1.487588200000e+01  6.053117923276e-02
 5.560352522988e+04  1.517961300000e+01  6.055534708860e-02
 5.560353047865e+04  1.519328500000e+01  6.066156411439e-02
 5.560353570622e+04  1.517080300000e+01  6.048474671388e-02
 5.560354091771e+04  1.519032600000e+01  6.059681610134e-02
 5.562845902588e+04  1.469026400000e+01  5.981377380244e-02
 5.562846533719e+04  1.470970800000e+01  5.934064074220e-02
 5.562847169644e+04  1.479113500000e+01  5.986148118951e-02
 5.562847797453e+04  1.478062400000e+01  6.162215885799e-02
 5.565041642313e+04  1.518273000000e+01  6.174678360289e-02
 5.565042436683e+04  1.521508400000e+01  6.121704869519e-02
 5.565043242559e+04  1.520663500000e+01  6.112378294536e-02
 5.565044047485e+04  1.520370100000e+01  6.109672717962e-02
 5.417247010935e+04  1.519868800000e+01  6.017606092193e-02
 5.417247877749e+04  1.522661700000e+01  6.035674470227e-02
 5.417248747803e+04  1.522990500000e+01  6.038254166935e-02
 5.417249616424e+04  1.520900900000e+01  6.022201613881e-02
 5.494544685478e+04  1.531600400000e+01  6.169769595516e-02
 5.494545281424e+04  1.528691000000e+01  6.118619462317e-02
 5.534929859190e+04  1.520775200000e+01  6.081801051205e-02
 5.534930486841e+04  1.519795900000e+01  6.054169085008e-02
 5.534931117023e+04  1.519398100000e+01  6.050910861819e-02
 5.534931750860e+04  1.520884900000e+01  6.061487466119e-02
 5.532333947256e+04  1.533957600000e+01  6.136472960608e-02
 5.532334687571e+04  1.527028100000e+01  6.088283980831e-02
 5.532335443373e+04  1.523467300000e+01  6.061142159018e-02
 5.532336190042e+04  1.512480600000e+01  5.978265000413e-02
 5.582510514900e+04  1.513820700000e+01  5.801708233199e-02
 5.582511269174e+04  1.518785300000e+01  5.836001124860e-02
 5.582512021648e+04  1.518448400000e+01  5.842819960283e-02
 5.582512779105e+04  1.518809400000e+01  5.847074073200e-02
 5.601443646998e+04  1.482627400000e+01  5.653160618591e-02
 5.601444401204e+04  1.486561300000e+01  5.670857731576e-02
 5.601445151914e+04  1.488290200000e+01  5.679555778335e-02
 5.601445910802e+04  1.490065400000e+01  5.689175703913e-02
 5.603546856885e+04  1.519930400000e+01  6.073847851590e-02
 5.603547154112e+04  1.521899600000e+01  6.087934411977e-02
 5.603547454428e+04  1.523045000000e+01  6.098306348211e-02
 5.603547749569e+04  1.522645300000e+01  6.095660582123e-02
 5.604241216110e+04  1.493235100000e+01  5.928359763707e-02
 5.604241720789e+04  1.497416900000e+01  5.944288799693e-02
 5.604242223222e+04  1.500127200000e+01  5.992635511408e-02
 5.604242737883e+04  1.499885500000e+01  6.048124449072e-02
 5.606939889727e+04  1.494455000000e+01  5.866585040722e-02
 5.606940681814e+04  1.497338700000e+01  5.888140066635e-02
 5.606941485846e+04  1.498910100000e+01  5.902608082384e-02
 5.606942287132e+04  1.501854600000e+01  5.925788255608e-02
 5.608737107377e+04  1.488603600000e+01  5.824415600792e-02
 5.608737615678e+04  1.489215200000e+01  5.831465289306e-02
 5.608738128470e+04  1.490558300000e+01  5.840434881580e-02
 5.608738641277e+04  1.493334900000e+01  5.860323939037e-02
 5.609729645647e+04  1.482028500000e+01  5.803646554269e-02
 5.609730426612e+04  1.484337400000e+01  5.816860414537e-02
 5.609731218412e+04  1.486491900000e+01  5.833588646130e-02
 5.609732001801e+04  1.490165000000e+01  5.857830147192e-02
 5.616717102097e+04  1.520518200000e+01  5.820651623060e-02
 5.616717777252e+04  1.520501200000e+01  5.825501983032e-02
 5.616718446451e+04  1.525843700000e+01  5.868348840893e-02
 5.616719109113e+04  1.528364600000e+01  5.894336443260e-02
