# time mag mag_err
 5.346423222981e+04  1.604227800000e+01  6.953510386393e-02
 5.346424081890e+04  1.612526000000e+01  7.067949604474e-02
 5.346424902961e+04  1.610652700000e+01  7.047463277177e-02
 5.346425711682e+04  1.610473100000e+01  7.045848892755e-02
 5.371043849587e+04  1.559173100000e+01  6.471973111242e-02
 5.371044549402e+04  1.560990600000e+01  6.488691800488e-02
 5.371045254865e+04  1.563363500000e+01  6.509414998485e-02
 5.371045958431e+04  1.565961100000e+01  6.532800063641e-02
 5.372937000084e+04  1.612367900000e+01  7.130555020463e-02
 5.372937881031e+04  1.618536100000e+01  7.218506822309e-02
 5.372938754998e+04  1.613618100000e+01  7.143116825628e-02
 5.372939625771e+04  1.620140100000e+01  7.233284134505e-02
 5.352516386285e+04  1.553506300000e+01  6.558014429334e-02
 5.352517037139e+04  1.551065000000e+01  6.542254306835e-02
 5.352517690343e+04  1.538306300000e+01  6.428582230482e-02
 5.352518343581e+04  1.552529200000e+01  6.595067651788e-02
 5.349420537066e+04  1.649044700000e+01  7.855856652168e-02
 5.349421346065e+04  1.649151700000e+01  7.930203075975e-02
 5.349422158374e+04  1.642344100000e+01  7.775177668021e-02
 5.349422961539e+04  1.640996000000e+01  7.757457201852e-02
 5.384519767432e+04  1.635542400000e+01  7.681740044568e-02
 5.384520573375e+04  1.640310400000e+01  7.723914681581e-02
 5.384521381933e+04  1.634876700000e+01  7.682400311573e-02
 5.384522187598e+04  1.639380800000e+01  7.778095151083e-02
 5.407045983441e+04  1.645545200000e+01  7.476539307767e-02
 5.407046747241e+04  1.650012600000e+01  7.551480283555e-02
 5.407047536366e+04  1.650942400000e+01  7.561863273911e-02
 5.407048299794e+04  1.651955100000e+01  7.579776859462e-02
 5.408444584352e+04  1.605044100000e+01  6.929382483239e-02
 5.408445240137e+04  1.589924100000e+01  7.143754567186e-02
 5.408445894590e+04  1.581497400000e+01  6.714662136496e-02
 5.408446550306e+04  1.567691300000e+01  6.837935472225e-02
 5.409047442772e+04  1.644140400000e+01  7.478611022448e-02
 5.409048102100e+04  1.644681700000e+01  7.484952597482e-02
 5.409048760396e+04  1.635662700000e+01  7.337594011894e-02
 5.409049420313e+04  1.619343400000e+01  7.095617922901e-02
 5.377332994981e+04  1.570195200000e+01  6.628739683938e-02
 5.377333675374e+04  1.561816300000e+01  6.540057600649e-02
 5.377334357041e+04  1.555805200000e+01  6.477122789988e-02
 5.377335036669e+04  1.548252200000e+01  6.400204272318e-02
 5.378828966304e+04  1.642618900000e+01  7.645460117628e-02
 5.378829663480e+04  1.635737800000e+01  7.528362411638e-02
 5.378830365322e+04  1.636290300000e+01  7.534042452784e-02
 5.378831070808e+04  1.639687200000e+01  7.590725074511e-02
 5.373640712023e+04  1.573437300000e+01  6.620107109233e-02
 5.373641409025e+04  1.563465700000e+01  6.507877903482e-02
 5.373642108574e+04  1.554565200000e+01  6.422631810258e-02
 5.373642810750e+04  1.552536200000e+01  6.398560225018e-02
 5.374238900091e+04  1.641907200000e+01  7.564546088872e-02
 5.374239651159e+04  1.657207000000e+01  7.780008599440e-02
 5.374240403429e+04  1.654374900000e+01  7.779822504361e-02
 5.374241157634e+04  1.649694000000e+01  7.696353407408e-02
 5.375829158130e+04  1.574808300000e+01  6.694317540904e-02
 5.375829805928e+04  1.578234300000e+01  6.729681373579e-02
 5.375830454190e+04  1.577495800000e+01  6.719472597852e-02
 5.375831102231e+04  1.584312400000e+01  6.796079423161e-02
 5.376636445836e+04  1.627400600000e+01  7.358521985211e-02
 5.376637038214e+04  1.626834000000e+01  7.349437955073e-02
 5.376637631080e+04  1.624777700000e+01  7.318623774082e-02
 5.376638223111e+04  1.628240500000e+01  7.377325389092e-02
 5.388715003352e+04  1.542281100000e+01  6.462847962885e-02
 5.388715912656e+04  1.539885400000e+01  6.454943750069e-02
 5.388716820965e+04  1.543302000000e+01  6.503134436487e-02
 5.388717730015e+04  1.549288600000e+01  6.590418846211e-02
 5.380327800375e+04  1.626226100000e+01  8.182345152453e-02
 5.380328470281e+04  1.620384400000e+01  8.065392814350e-02
 5.380329146461e+04  1.627981200000e+01  8.222370915556e-02
 5.380329833323e+04  1.625686600000e+01  8.180591643873e-02
 5.385615759259e+04  1.647681400000e+01  7.821746388705e-02
 5.385616304182e+04  1.635615600000e+01  7.603970871257e-02
 5.385616844231e+04  1.644333100000e+01  7.763185852261e-02
 5.385617382128e+04  1.646047500000e+01  7.798856049515e-02
 5.386620872030e+04  1.615624800000e+01  1.397533687520e-01
 5.386620944047e+04  1.610881500000e+01  1.367768207276e-01
 5.386621018831e+04  1.595423500000e+01  1.285798639619e-01
 5.386621101741e+04  1.614012100000e+01  1.386176512616e-01
 5.405746158573e+04  1.610953800000e+01  6.987446474034e-02
 5.405746765929e+04  1.616753700000e+01  7.059944115737e-02
 5.405747379792e+04  1.611664200000e+01  6.983780824342e-02
 5.405747988641e+04  1.614676600000e+01  7.023589967348e-02
 5.420612633755e+04  1.589295700000e+01  6.901538295466e-02
 5.420613127012e+04  1.581142600000e+01  6.804979221813e-02
 5.420613620459e+04  1.572541300000e+01  6.698116871243e-02
 5.420614111329e+04  1.565908600000e+01  6.624666431618e-02
 5.443941474304e+04  1.615539600000e+01  7.087825910075e-02
 5.443942123179e+04  1.615653600000e+01  7.087771451231e-02
 5.443942775712e+04  1.619605700000e+01  7.138564412772e-02
 5.443943420778e+04  1.621019500000e+01  7.151075879978e-02
 5.445340896565e+04  1.620958200000e+01  7.136864866961e-02
 5.445341607352e+04  1.629005900000e+01  7.247839331160e-02
 5.445342318661e+04  1.620927200000e+01  7.125396038337e-02
 5.445343032910e+04  1.621892500000e+01  7.141278674960e-02
 5.446544474200e+04  1.614025900000e+01  7.031552616120e-02
 5.446545180000e+04  1.617027500000e+01  7.080236095315e-02
 5.446545891134e+04  1.615302500000e+01  7.055803718342e-02
 5.446546603427e+04  1.619832400000e+01  7.131627503203e-02
 5.414126806039e+04  1.650119800000e+01  7.704503165542e-02
 5.414127445839e+04  1.644865900000e+01  7.565625317922e-02
 5.414128088152e+04  1.646915300000e+01  7.625209333158e-02
 5.414128732708e+04  1.647799500000e+01  7.667069597639e-02
 5.411530175383e+04  1.636718600000e+01  7.383838087675e-02
 5.411531281689e+04  1.619272200000e+01  7.110566828265e-02
 5.411532376535e+04  1.584418200000e+01  6.656912248982e-02
 5.411533465258e+04  1.567200000000e+01  6.471210278232e-02
 5.412535372495e+04  1.622970200000e+01  7.173827048247e-02
 5.412724876618e+04  1.630895700000e+01  7.711054526001e-02
 5.412725713419e+04  1.634185500000e+01  7.758318592811e-02
 5.412726552685e+04  1.636436500000e+01  7.781206124897e-02
 5.412727392113e+04  1.632296500000e+01  7.690599065388e-02
 5.416835806182e+04  1.626910500000e+01  7.287098914758e-02
 5.416836562307e+04  1.625712100000e+01  7.279527588074e-02
 5.416837312714e+04  1.633346400000e+01  7.414701608801e-02
 5.416838076792e+04  1.620651500000e+01  7.224712642072e-02
 5.417422811286e+04  1.599826000000e+01  6.868147767074e-02
 5.417423743975e+04  1.600614500000e+01  6.881102714156e-02
 5.417424675406e+04  1.605722100000e+01  6.945680065340e-02
 5.417425610175e+04  1.608524200000e+01  6.982848658093e-02
 5.441546286940e+04  1.642286400000e+01  7.527702485697e-02
 5.441547146508e+04  1.645180100000e+01  7.565625317922e-02
 5.441548009387e+04  1.639244100000e+01  7.450109416195e-02
 5.441548867439e+04  1.646841000000e+01  7.570152550753e-02
 5.442344561517e+04  1.571305600000e+01  6.548681715490e-02
 5.442345494781e+04  1.556086000000e+01  6.387125708846e-02
 5.442346427027e+04  1.544896700000e+01  6.282202904188e-02
 5.442347372641e+04  1.545178100000e+01  6.281796549342e-02
 5.439248993324e+04  1.634767300000e+01  7.479831547743e-02
 5.439249426378e+04  1.642457100000e+01  7.600280794190e-02
 5.439249860961e+04  1.649827700000e+01  7.713539865432e-02
 5.439250300346e+04  1.652091700000e+01  7.751392734768e-02
 5.456721495032e+04  1.627682400000e+01  7.297740065084e-02
 5.456721995162e+04  1.630789500000e+01  7.351953086728e-02
 5.456722491436e+04  1.617960100000e+01  7.157616281700e-02
 5.456722993209e+04  1.627968500000e+01  7.308600364677e-02
 5.480146445729e+04  1.626109300000e+01  7.178240047159e-02
 5.480147238373e+04  1.622044800000e+01  7.117852685628e-02
 5.480148028007e+04  1.621050000000e+01  7.102423885253e-02
 5.480148809642e+04  1.625194100000e+01  7.159546233686e-02
 5.482943567794e+04  1.635400700000e+01  7.326151081664e-02
 5.482944239100e+04  1.638319800000e+01  7.372504595247e-02
 5.482944895198e+04  1.634801900000e+01  7.320487253355e-02
 5.482945559478e+04  1.629518500000e+01  7.240180913597e-02
 5.449932091499e+04  1.608427300000e+01  6.971705596510e-02
 5.449932749772e+04  1.610085200000e+01  6.995537124875e-02
 5.449933404446e+04  1.614055400000e+01  7.047059436082e-02
 5.449934060428e+04  1.614083800000e+01  7.045952936999e-02
 5.450535952988e+04  1.605993800000e+01  6.921897175201e-02
 5.450536812580e+04  1.609795100000e+01  6.977589534114e-02
 5.450537673826e+04  1.611412500000e+01  6.999746849584e-02
 5.450538534135e+04  1.615300200000e+01  7.052429260703e-02
 5.447734520308e+04  1.547805900000e+01  6.291494013139e-02
 5.447735228329e+04  1.549075200000e+01  6.303255513338e-02
 5.447735934753e+04  1.552725400000e+01  6.333600200602e-02
 5.447736643515e+04  1.556685900000e+01  6.370840237293e-02
 5.452923781178e+04  1.634087600000e+01  7.347949834764e-02
 5.452924386394e+04  1.639567500000e+01  7.436074856444e-02
 5.452924995314e+04  1.636546900000e+01  7.386309903556e-02
 5.452925604730e+04  1.631855800000e+01  7.310773110638e-02
 5.453725697815e+04  1.549574900000e+01  6.327819620335e-02
 5.453726359874e+04  1.547480900000e+01  6.309649041864e-02
 5.453727023911e+04  1.546430300000e+01  6.301450954556e-02
 5.453727686907e+04  1.550809000000e+01  6.342447957430e-02
 5.458818097078e+04  1.571324700000e+01  6.581422096995e-02
 5.458818759483e+04  1.571322300000e+01  6.585027053208e-02
 5.458819415176e+04  1.578338300000e+01  6.616566846638e-02
 5.458820070995e+04  1.571485100000e+01  6.585670734221e-02
 5.494422154622e+04  1.601367000000e+01  6.976544088302e-02
 5.494422817271e+04  1.606746300000e+01  7.046434444673e-02
 5.494423466251e+04  1.606904600000e+01  7.066151063058e-02
 5.494424136448e+04  1.610262900000e+01  7.109504860715e-02
 5.495018100998e+04  1.573755100000e+01  6.921131990969e-02
 5.495018748517e+04  1.580934100000e+01  7.018645214825e-02
 5.495019397395e+04  1.573592100000e+01  6.923959663063e-02
 5.495020047961e+04  1.583316600000e+01  7.055264574306e-02
 5.486434431593e+04  1.614724000000e+01  6.950767897946e-02
 5.486434973332e+04  1.605994700000e+01  6.890725500367e-02
 5.486435526288e+04  1.612736300000e+01  6.979106105258e-02
 5.486436067148e+04  1.617054700000e+01  7.038181589370e-02
 5.488124774995e+04  1.600640400000e+01  6.804959819111e-02
 5.488125472924e+04  1.597262700000e+01  6.816457967166e-02
 5.488126171789e+04  1.606641800000e+01  6.876509285531e-02
 5.488126877704e+04  1.604658000000e+01  6.904872893663e-02
 5.484851481782e+04  1.584805200000e+01  6.708035860726e-02
 5.484852214400e+04  1.590189800000e+01  6.785815092574e-02
 5.484852932354e+04  1.585022400000e+01  6.734829377807e-02
 5.484853653153e+04  1.587157300000e+01  6.765315316635e-02
 5.490818242192e+04  1.637606900000e+01  7.467286754303e-02
 5.490818989777e+04  1.640586900000e+01  7.575387728871e-02
 5.490819718586e+04  1.644912100000e+01  7.836267214738e-02
 5.490820459051e+04  1.641618100000e+01  7.752145800084e-02
 5.492119690216e+04  1.600830500000e+01  6.932261135508e-02
 5.492120584858e+04  1.597354700000e+01  6.885377476559e-02
 5.492121429057e+04  1.602538000000e+01  6.950115726867e-02
 5.492122286334e+04  1.603209000000e+01  6.964037354695e-02
 5.496613971285e+04  1.624194700000e+01  7.324294592099e-02
 5.496614565758e+04  1.625245200000e+01  7.348415872555e-02
 5.496615148752e+04  1.626676100000e+01  7.369077707086e-02
 5.496615751944e+04  1.626650900000e+01  7.368894778057e-02
 5.515246234743e+04  1.608076300000e+01  7.055290766106e-02
 5.515246900578e+04  1.605266000000e+01  7.007592968138e-02
 5.515247583817e+04  1.608422900000e+01  7.046616619304e-02
 5.515248272031e+04  1.609266000000e+01  7.049563959624e-02
 5.529419662900e+04  1.622596400000e+01  7.224017685875e-02
 5.529420229725e+04  1.626609300000e+01  7.286256628091e-02
 5.529420800134e+04  1.628705100000e+01  7.314699233723e-02
 5.529421369326e+04  1.618324700000e+01  7.157940130037e-02
 5.530123848259e+04  1.565623600000e+01  6.544928467772e-02
 5.530124539476e+04  1.565518300000e+01  6.549772669931e-02
 5.530125234928e+04  1.570699800000e+01  6.593397488079e-02
 5.530125920947e+04  1.567240400000e+01  6.560479322933e-02
 5.553347139248e+04  1.629631400000e+01  6.983381115884e-02
 5.553349259874e+04  1.643050900000e+01  7.389216564677e-02
 5.553350319425e+04  1.640193300000e+01  7.149878352257e-02
 5.523635633252e+04  1.628361200000e+01  7.481440796101e-02
 5.524324708618e+04  1.604851700000e+01  6.993795231835e-02
 5.524325397118e+04  1.604203000000e+01  6.979057874050e-02
 5.524326090794e+04  1.606823300000e+01  7.013991679060e-02
 5.524326775770e+04  1.607737500000e+01  7.016189576306e-02
 5.520436984622e+04  1.560624800000e+01  6.431607240776e-02
 5.520437736417e+04  1.564802500000e+01  6.469437905530e-02
 5.520438499302e+04  1.563244500000e+01  6.453678289660e-02
 5.520439259230e+04  1.568768600000e+01  6.500207613122e-02
 5.527028413617e+04  1.569236400000e+01  6.554651816395e-02
 5.527029077181e+04  1.560978400000e+01  6.469231114451e-02
 5.527029743031e+04  1.549008400000e+01  6.358676645736e-02
 5.527030413373e+04  1.552519200000e+01  6.390518244826e-02
 5.532518696394e+04  1.634176400000e+01  7.460949862631e-02
 5.532519443701e+04  1.632029200000e+01  7.436797560875e-02
 5.532520191992e+04  1.640422400000e+01  7.587932755482e-02
 5.532520939437e+04  1.636217200000e+01  7.510892084715e-02
 5.551349913998e+04  1.636010300000e+01  7.495001043738e-02
 5.551351433287e+04  1.634050300000e+01  7.452605650579e-02
 5.551352190782e+04  1.645064000000e+01  7.637297225011e-02
 5.566228041475e+04  1.627180000000e+01  7.507252074227e-02
 5.566228779823e+04  1.628968300000e+01  7.552024302922e-02
 5.566229523299e+04  1.635321000000e+01  7.668397702168e-02
 5.566230264899e+04  1.627860200000e+01  7.542402630530e-02
 5.567812830888e+04  1.634480400000e+01  7.557588841795e-02
 5.567813679301e+04  1.633007700000e+01  7.515827740279e-02
 5.567814525824e+04  1.641486800000e+01  7.669195261897e-02
 5.567815373391e+04  1.638959700000e+01  7.620938638672e-02
 5.559735188582e+04  1.601535900000e+01  6.595918863710e-02
 5.559736015447e+04  1.606044000000e+01  6.641554987703e-02
 5.559736844212e+04  1.606561900000e+01  6.701493486612e-02
 5.559737675806e+04  1.610531100000e+01  6.766528610935e-02
 5.560432095557e+04  1.643867300000e+01  7.122034136508e-02
 5.560432996838e+04  1.642655900000e+01  7.105616675421e-02
 5.560433900102e+04  1.649998200000e+01  7.210875757518e-02
 5.560434798156e+04  1.647479800000e+01  7.175730796509e-02
 5.561528731494e+04  1.615757000000e+01  7.190415064421e-02
 5.561529483652e+04  1.594203600000e+01  6.892972368811e-02
 5.561530233865e+04  1.592168800000e+01  6.866904654439e-02
 5.561530983057e+04  1.577210300000e+01  6.688479522353e-02
 5.557436482763e+04  1.606907900000e+01  7.055606413688e-02
 5.557437118442e+04  1.605030000000e+01  7.021803621699e-02
 5.557437755676e+04  1.604525700000e+01  7.071383573937e-02
 5.557438392675e+04  1.604086800000e+01  7.002725657389e-02
 5.558838418498e+04  1.629149800000e+01  7.369626691912e-02
 5.558839106032e+04  1.628205800000e+01  7.351701396443e-02
 5.558839789184e+04  1.628161800000e+01  7.355629325181e-02
 5.558840478141e+04  1.630397600000e+01  7.389160624421e-02
 5.562127301611e+04  1.645056600000e+01  6.822479747962e-02
 5.562128111872e+04  1.645225900000e+01  6.821942234135e-02
 5.562128919101e+04  1.648335400000e+01  6.856300197998e-02
 5.562129725741e+04  1.644689800000e+01  6.813400241630e-02
 5.563125944918e+04  1.605074400000e+01  7.112722684193e-02
 5.563126630927e+04  1.607559100000e+01  7.152977532982e-02
 5.563127323369e+04  1.609009300000e+01  7.173392824895e-02
 5.563128020892e+04  1.609662500000e+01  7.189820918999e-02
 5.564619695273e+04  1.544181200000e+01  6.386389716875e-02
 5.564620321457e+04  1.542436200000e+01  6.369599806309e-02
 5.564620957545e+04  1.543204900000e+01  6.378047267375e-02
 5.564621589752e+04  1.545091100000e+01  6.395371940388e-02
 5.568514402348e+04  1.610379500000e+01  6.966134813047e-02
 5.568515126552e+04  1.611205900000e+01  7.397647865723e-02
 5.568515756353e+04  1.603911900000e+01  6.948545489300e-02
 5.568516372310e+04  1.614335900000e+01  7.062869740645e-02
 5.570715884300e+04  1.632970300000e+01  7.595017203230e-02
 5.570716805840e+04  1.626384400000e+01  7.495558670216e-02
 5.570717719172e+04  1.634375100000e+01  7.641819657293e-02
 5.570718645865e+04  1.634889800000e+01  7.670453278547e-02
 5.558647120725e+04  1.605634300000e+01  7.382372886230e-02
 5.558647880878e+04  1.607312300000e+01  7.261483572366e-02
 5.558648642770e+04  1.609211600000e+01  7.465578443920e-02
 5.558649407428e+04  1.605480800000e+01  7.310048332646e-02
 5.592839944332e+04  1.588552400000e+01  6.784011591159e-02
 5.592840972541e+04  1.593051800000e+01  6.835320028110e-02
 5.592842012361e+04  1.592742200000e+01  6.827755311819e-02
 5.592843049038e+04  1.595803700000e+01  6.868073948051e-02
 5.594444588688e+04  1.636544500000e+01  7.448033684059e-02
 5.594445350337e+04  1.636120600000e+01  7.447836209445e-02
 5.594446131730e+04  1.641047400000e+01  7.519623615248e-02
 5.594446895846e+04  1.637492600000e+01  7.468312989870e-02
 5.598129022383e+04  1.629746700000e+01  6.940783912903e-02
 5.598130176458e+04  1.632358400000e+01  6.958234254286e-02
 5.598131330443e+04  1.629559400000e+01  6.914076904598e-02
 5.598132483473e+04  1.635862900000e+01  7.002218204464e-02
 5.598735487478e+04  1.632369600000e+01  7.901875777576e-02
 5.598736032574e+04  1.634733700000e+01  7.894338410428e-02
 5.598736576698e+04  1.634393500000e+01  7.877553680661e-02
 5.598737121344e+04  1.631778400000e+01  7.806936256100e-02
 5.600122444821e+04  1.623791500000e+01  7.262386913266e-02
 5.600123009260e+04  1.627416000000e+01  7.318362822083e-02
 5.600123580631e+04  1.621894400000e+01  7.234257323364e-02
 5.600124143324e+04  1.627498700000e+01  7.315878545268e-02
 5.601315843715e+04  1.592936700000e+01  6.952470648034e-02
 5.601316344770e+04  1.594219800000e+01  6.965138728291e-02
 5.601316861175e+04  1.587485800000e+01  6.872630464653e-02
 5.601317366733e+04  1.599883700000e+01  7.036635516091e-02
 5.603715162053e+04  1.649091500000e+01  7.894309286231e-02
 5.603715896376e+04  1.652240000000e+01  7.932251314748e-02
 5.603716624873e+04  1.654037900000e+01  7.974965534943e-02
 5.603717362495e+04  1.647744900000e+01  7.809932762432e-02
 5.606314522475e+04  1.638741900000e+01  7.024186269977e-02
 5.606315270001e+04  1.635205200000e+01  6.978744789677e-02
 5.606316013935e+04  1.639024300000e+01  7.032589968371e-02
 5.606316763748e+04  1.649121000000e+01  7.179489619443e-02
