# time mag mag_err
 5.371245061595e+04  1.512301700000e+01  6.050135537563e-02
 5.371246016214e+04  1.514147700000e+01  6.055306333835e-02
 5.371246963160e+04  1.518072200000e+01  6.080572047338e-02
 5.371247909641e+04  1.520667100000e+01  6.111563470064e-02
 5.352720417553e+04  1.557553600000e+01  6.393935019030e-02
 5.352721244620e+04  1.559515900000e+01  6.440776366876e-02
 5.352722088609e+04  1.559584900000e+01  6.446038310949e-02
 5.352722930537e+04  1.561931400000e+01  6.471387199213e-02
 5.353416102924e+04  1.554614200000e+01  6.398212477837e-02
 5.353416925094e+04  1.555225000000e+01  6.402536163244e-02
 5.353417739556e+04  1.555928200000e+01  6.412313926264e-02
 5.353418559434e+04  1.556895700000e+01  6.426685348128e-02
 5.383419179686e+04  1.542830000000e+01  6.561358771503e-02
 5.383419948394e+04  1.539866500000e+01  6.529986712542e-02
 5.383420716765e+04  1.537023500000e+01  6.501254160081e-02
 5.383421490404e+04  1.545009200000e+01  6.581134509636e-02
 5.385431216309e+04  1.558205600000e+01  6.546894768563e-02
 5.385431920742e+04  1.558488700000e+01  6.556050258035e-02
 5.385432622987e+04  1.560194200000e+01  6.572959755695e-02
 5.385433322883e+04  1.555838300000e+01  6.526262820450e-02
 5.385523021129e+04  1.521409800000e+01  6.149209592983e-02
 5.385523835625e+04  1.524863300000e+01  6.180300658331e-02
 5.385524683978e+04  1.524307900000e+01  6.181158104960e-02
 5.385525457998e+04  1.528758600000e+01  6.190138707301e-02
 5.378932102992e+04  1.513110400000e+01  6.303658893568e-02
 5.378932764865e+04  1.507476800000e+01  6.270385895394e-02
 5.378933415591e+04  1.504573300000e+01  6.620441610460e-02
 5.378934068714e+04  1.500839600000e+01  6.794501769712e-02
 5.374244873953e+04  1.523735700000e+01  6.101865812820e-02
 5.374245416203e+04  1.523332700000e+01  6.099191433861e-02
 5.374245962699e+04  1.524253700000e+01  6.105713846383e-02
 5.374246519810e+04  1.524854000000e+01  6.110248207554e-02
 5.375751600303e+04  1.567098700000e+01  6.517003622276e-02
 5.375752271598e+04  1.573042700000e+01  6.578623208546e-02
 5.375752934362e+04  1.569541600000e+01  6.545630986549e-02
 5.375753594488e+04  1.571196600000e+01  6.561547323250e-02
 5.390226607439e+04  1.527082600000e+01  9.967479557891e-02
 5.390226706460e+04  1.523849900000e+01  9.862176869884e-02
 5.390226806117e+04  1.526699400000e+01  9.959298911307e-02
 5.390226904653e+04  1.517679100000e+01  9.259712840922e-02
 5.379737198995e+04  1.557614800000e+01  6.472290667173e-02
 5.379737909078e+04  1.557407400000e+01  6.449896987920e-02
 5.379738569608e+04  1.555118300000e+01  6.740048478825e-02
 5.379739233808e+04  1.562553800000e+01  6.735745669168e-02
 5.386120171483e+04  1.539852600000e+01  6.308932524839e-02
 5.386120948443e+04  1.540084300000e+01  6.311328921416e-02
 5.386121673248e+04  1.543683700000e+01  6.347104047093e-02
 5.386122395645e+04  1.543916500000e+01  6.347189009486e-02
 5.386630684463e+04  1.495310000000e+01  8.845609374252e-02
 5.386630760149e+04  1.500692800000e+01  9.027595037979e-02
 5.386630844992e+04  1.501697900000e+01  9.022625297401e-02
 5.386630922171e+04  1.499301900000e+01  8.950941377039e-02
 5.388216373139e+04  1.497571400000e+01  5.985909373086e-02
 5.388217185066e+04  1.497619500000e+01  5.988185179871e-02
 5.388217999701e+04  1.499559200000e+01  6.003390895656e-02
 5.388218808307e+04  1.502394200000e+01  6.020709417078e-02
 5.420825438410e+04  1.518109300000e+01  6.038772916345e-02
 5.420826382646e+04  1.522515300000e+01  6.074079185013e-02
 5.420827283223e+04  1.521390200000e+01  6.066712490636e-02
 5.420828175733e+04  1.521959400000e+01  6.069922734990e-02
 5.415633347051e+04  1.557292800000e+01  6.340237214547e-02
 5.415634431411e+04  1.561414800000e+01  6.379995615226e-02
 5.415635515608e+04  1.563172000000e+01  6.396118682232e-02
 5.415636624413e+04  1.566427600000e+01  6.428644964257e-02
 5.427118374809e+04  1.532018200000e+01  5.717427749104e-02
 5.427119181804e+04  1.536415300000e+01  5.743829196110e-02
 5.427119983975e+04  1.534667000000e+01  5.738286603387e-02
 5.427120783481e+04  1.533410900000e+01  5.733806978225e-02
 5.427819095980e+04  1.527631700000e+01  5.885597255867e-02
 5.427819828460e+04  1.528611800000e+01  5.894511124563e-02
 5.427820560475e+04  1.528145900000e+01  5.895043707030e-02
 5.427821291611e+04  1.527712000000e+01  5.895838843011e-02
 5.416926352154e+04  1.557204000000e+01  6.369636160976e-02
 5.416927011955e+04  1.558478800000e+01  6.382416056932e-02
 5.416927665564e+04  1.561507900000e+01  6.407116330356e-02
 5.416928320122e+04  1.562493300000e+01  6.461939532718e-02
 5.417624243397e+04  1.557108900000e+01  6.363451098700e-02
 5.417625003701e+04  1.557588800000e+01  6.329135957506e-02
 5.417625759595e+04  1.555626500000e+01  6.348934636144e-02
 5.417626516473e+04  1.557456300000e+01  6.362358902533e-02
 5.423230603549e+04  1.508626700000e+01  6.041566230375e-02
 5.423231255375e+04  1.509549000000e+01  6.049684059663e-02
 5.423231907491e+04  1.514171900000e+01  6.091733993423e-02
 5.423232560150e+04  1.515852300000e+01  6.107686136530e-02
 5.424421547007e+04  1.539445100000e+01  6.238962026920e-02
 5.424422086850e+04  1.543174500000e+01  6.273298423502e-02
 5.424422624480e+04  1.537094000000e+01  6.222616889784e-02
 5.424423163801e+04  1.542880600000e+01  6.275126393931e-02
 5.455921071948e+04  1.557114800000e+01  6.380101109124e-02
 5.455921618862e+04  1.556225800000e+01  6.368921013561e-02
 5.455922171620e+04  1.553191200000e+01  6.342988322303e-02
 5.455922714310e+04  1.558835500000e+01  6.393217762721e-02
 5.456817844118e+04  1.566240400000e+01  6.442016433006e-02
 5.456818601042e+04  1.565519400000e+01  6.437365704089e-02
 5.456819358881e+04  1.561609200000e+01  6.397696526056e-02
 5.456820117414e+04  1.553365000000e+01  6.318335420604e-02
 5.458423969447e+04  1.522855800000e+01  6.078811666302e-02
 5.458424517552e+04  1.523700600000e+01  6.087640740116e-02
 5.458425059523e+04  1.525324900000e+01  6.100887003058e-02
 5.458425597502e+04  1.527794800000e+01  6.119109828298e-02
 5.480641974514e+04  1.545648200000e+01  6.265723965178e-02
 5.480642579301e+04  1.547640700000e+01  6.277549308066e-02
 5.480643185593e+04  1.550253200000e+01  6.260218879050e-02
 5.480643787683e+04  1.550574200000e+01  6.295042051621e-02
 5.449733364256e+04  1.542368500000e+01  8.236257345093e-02
 5.449733908831e+04  1.533836200000e+01  6.833429658297e-02
 5.449734456590e+04  1.535575800000e+01  6.578036219543e-02
 5.449735002786e+04  1.536834700000e+01  7.446533693852e-02
 5.450734354567e+04  1.533696500000e+01  6.499347392881e-02
 5.450735111133e+04  1.540361600000e+01  6.584868025986e-02
 5.450735863196e+04  1.533415200000e+01  6.523080744659e-02
 5.450736614391e+04  1.535394100000e+01  6.428816148867e-02
 5.451429116041e+04  1.515467300000e+01  6.093770063627e-02
 5.451429714196e+04  1.517632500000e+01  6.109566066801e-02
 5.451430313091e+04  1.519502100000e+01  6.137554439073e-02
 5.451430911953e+04  1.520247200000e+01  6.094233371378e-02
 5.448035104322e+04  1.541221600000e+01  6.209777468379e-02
 5.448036049738e+04  1.539564000000e+01  6.187985548343e-02
 5.448036987863e+04  1.544263000000e+01  6.223412225059e-02
 5.448037923698e+04  1.545708500000e+01  6.236177743844e-02
 5.462623912851e+04  1.557501700000e+01  6.426321423322e-02
 5.462624648729e+04  1.556873700000e+01  6.427140522895e-02
 5.462625385248e+04  1.557511700000e+01  6.440119453090e-02
 5.462626120597e+04  1.556185900000e+01  6.433093673026e-02
 5.464020378414e+04  1.547297100000e+01  6.393492664713e-02
 5.464021030206e+04  1.548992100000e+01  6.411947200092e-02
 5.464021683954e+04  1.549731900000e+01  6.424340696588e-02
 5.464022338743e+04  1.552893200000e+01  6.469869874031e-02
 5.453032440043e+04  1.545181900000e+01  6.367147326492e-02
 5.453032954110e+04  1.546030000000e+01  6.256087961185e-02
 5.453033468115e+04  1.547961400000e+01  6.268032662102e-02
 5.453033978915e+04  1.548796100000e+01  6.274531104565e-02
 5.454840997117e+04  1.529847800000e+01  6.341527053404e-02
 5.454841661177e+04  1.529796300000e+01  6.344731661125e-02
 5.454842324394e+04  1.524453800000e+01  6.300315608240e-02
 5.454842984403e+04  1.534080800000e+01  6.384521844781e-02
 5.459425251146e+04  1.528374300000e+01  6.117193711401e-02
 5.459425904014e+04  1.529870900000e+01  6.126931970962e-02
 5.459426563838e+04  1.529701400000e+01  6.126564204311e-02
 5.459427220469e+04  1.531452300000e+01  6.142334316123e-02
 5.494221631926e+04  1.557749900000e+01  6.350198388422e-02
 5.494222180381e+04  1.557142700000e+01  6.341922974391e-02
 5.494222732990e+04  1.554726100000e+01  6.320460538337e-02
 5.494223292035e+04  1.555778200000e+01  6.326414669056e-02
 5.518251403818e+04  1.560203200000e+01  6.847887349274e-02
 5.518251880740e+04  1.551925000000e+01  6.739261095918e-02
 5.518252362618e+04  1.551486200000e+01  6.736253248164e-02
 5.518252841067e+04  1.554659500000e+01  6.764566139632e-02
 5.486130037139e+04  1.573362400000e+01  6.503089531189e-02
 5.486131331799e+04  1.568296100000e+01  6.441771661717e-02
 5.486132633332e+04  1.558275900000e+01  6.339585881518e-02
 5.486133942218e+04  1.538156100000e+01  6.159578404260e-02
 5.489134761965e+04  1.498130500000e+01  5.871178957993e-02
 5.489135553532e+04  1.498727100000e+01  5.870727959360e-02
 5.489136347785e+04  1.498709600000e+01  5.868328103710e-02
 5.489137163242e+04  1.500789900000e+01  5.880258260403e-02
 5.490643258722e+04  1.554254700000e+01  6.313320189373e-02
 5.490643821332e+04  1.556006900000e+01  6.332342164884e-02
 5.490644376613e+04  1.556454700000e+01  6.335815724212e-02
 5.490644931618e+04  1.555032700000e+01  6.324258204827e-02
 5.491441339626e+04  1.529110100000e+01  6.105422215858e-02
 5.491442511712e+04  1.533886100000e+01  6.148221792953e-02
 5.491443676192e+04  1.534029300000e+01  6.157710247572e-02
 5.491444833081e+04  1.536929100000e+01  6.184344000193e-02
 5.495421735559e+04  1.497626700000e+01  6.070715944529e-02
 5.495424044255e+04  1.503034100000e+01  6.021053156793e-02
 5.496922662730e+04  1.553709500000e+01  6.428086040994e-02
 5.496923275841e+04  1.555951700000e+01  6.438929524154e-02
 5.496923881705e+04  1.555985700000e+01  6.422213753234e-02
 5.496924495198e+04  1.553765000000e+01  6.407391997866e-02
 5.498015897453e+04  1.521242800000e+01  6.121532737574e-02
 5.498016514196e+04  1.522354600000e+01  6.129359256716e-02
 5.498017127561e+04  1.528374800000e+01  6.173472467196e-02
 5.498017737142e+04  1.527855600000e+01  6.178567700312e-02
 5.529333322603e+04  1.539013800000e+01  6.198440323658e-02
 5.529333900249e+04  1.539021700000e+01  6.197282572838e-02
 5.529334479307e+04  1.539408400000e+01  6.202589797152e-02
 5.529335057669e+04  1.541966500000e+01  6.221782715262e-02
 5.530214849854e+04  1.538002300000e+01  6.258168918873e-02
 5.530215534472e+04  1.537117200000e+01  6.286498610588e-02
 5.530216220660e+04  1.537349700000e+01  6.470765151968e-02
 5.530216903711e+04  1.540710200000e+01  6.690487424448e-02
 5.524439774046e+04  1.496376000000e+01  5.896801088328e-02
 5.524440631345e+04  1.496343900000e+01  5.894629608256e-02
 5.524441483294e+04  1.500248500000e+01  5.922447575846e-02
 5.524442317742e+04  1.500940800000e+01  5.929570531906e-02
 5.536925123269e+04  1.556461600000e+01  6.441311619857e-02
 5.536925700670e+04  1.557575700000e+01  6.458617464447e-02
 5.536926278674e+04  1.555809300000e+01  6.455199443383e-02
 5.536926862325e+04  1.556854400000e+01  6.459173983807e-02
 5.527224367159e+04  1.546594900000e+01  6.267810526650e-02
 5.527224885067e+04  1.548394600000e+01  6.269664479210e-02
 5.527225405545e+04  1.547980200000e+01  6.261048768757e-02
 5.527225926799e+04  1.550801600000e+01  6.298998454915e-02
 5.532623753688e+04  1.538208900000e+01  6.234801127790e-02
 5.532624498086e+04  1.540935900000e+01  6.260541215935e-02
 5.532625242503e+04  1.542107200000e+01  6.273549110076e-02
 5.532625996488e+04  1.543130600000e+01  6.294115408391e-02
 5.533824441760e+04  1.557541300000e+01  6.387413951270e-02
 5.533825233353e+04  1.563420600000e+01  6.446519440753e-02
 5.533826034179e+04  1.565031600000e+01  6.471063893352e-02
 5.533826839822e+04  1.568861600000e+01  6.511234322113e-02
 5.560435615301e+04  1.566334000000e+01  6.489186844872e-02
 5.560436255380e+04  1.561204200000e+01  6.439852272797e-02
 5.560436890975e+04  1.566531400000e+01  6.493275081588e-02
 5.560437529799e+04  1.568729000000e+01  6.515546876195e-02
 5.562131004500e+04  1.555775700000e+01  6.395507164030e-02
 5.562131637369e+04  1.554791400000e+01  6.383407025407e-02
 5.562132276116e+04  1.559209200000e+01  6.425191236668e-02
 5.562132908047e+04  1.553736500000e+01  6.372484168719e-02
 5.563240441238e+04  1.549043000000e+01  7.432936174397e-02
 5.563241025076e+04  1.554797300000e+01  6.859819520583e-02
 5.563241547185e+04  1.554729700000e+01  6.586184610280e-02
 5.563242069597e+04  1.556424400000e+01  6.639943409210e-02
 5.565035016278e+04  1.510141300000e+01  5.844746148431e-02
 5.565035764034e+04  1.512386500000e+01  5.859387883303e-02
 5.565036515358e+04  1.514936400000e+01  5.876563420094e-02
 5.565037268255e+04  1.516317200000e+01  5.885475458477e-02
 5.568521605171e+04  1.550618600000e+01  6.662147829494e-02
 5.568522192169e+04  1.555788000000e+01  6.659404906820e-02
 5.568522758876e+04  1.553619200000e+01  7.087089995615e-02
 5.568523287631e+04  1.550825800000e+01  6.506157860953e-02
 5.567816162218e+04  1.548357700000e+01  6.355148403098e-02
 5.567816725581e+04  1.550025600000e+01  6.371359992794e-02
 5.567817296501e+04  1.549624800000e+01  6.364807530773e-02
 5.567817871090e+04  1.551548200000e+01  6.382919310091e-02
 5.588248599311e+04  1.533574800000e+01  6.199150800867e-02
 5.588249122661e+04  1.532714500000e+01  6.187267270792e-02
 5.588249638774e+04  1.534474000000e+01  6.197175325969e-02
 5.588250158848e+04  1.532789300000e+01  6.180608546452e-02
 5.597829334948e+04  1.543713100000e+01  6.731007086141e-02
 5.597829625252e+04  1.544054800000e+01  6.558063029129e-02
 5.597829911655e+04  1.542795000000e+01  6.506093524838e-02
 5.597830193764e+04  1.543962600000e+01  6.563310243675e-02
 5.598431646898e+04  1.556358900000e+01  6.390239223641e-02
 5.598432300657e+04  1.556972100000e+01  6.392829887327e-02
 5.598432961838e+04  1.559744200000e+01  6.418452785075e-02
 5.598433622350e+04  1.555422500000e+01  6.376618977815e-02
 5.599025499265e+04  1.554368500000e+01  6.378431218734e-02
 5.599026118843e+04  1.557522700000e+01  6.406510292719e-02
 5.599026743561e+04  1.556142400000e+01  6.389424575680e-02
 5.599027365569e+04  1.557244600000e+01  6.399986274419e-02
 5.600142827265e+04  1.560240800000e+01  6.413153792595e-02
 5.600143343471e+04  1.560651500000e+01  6.421440603264e-02
 5.600143857932e+04  1.561607400000e+01  6.430868300046e-02
 5.600144366023e+04  1.560408600000e+01  6.425055161388e-02
 5.601623575083e+04  1.517768200000e+01  6.166555048558e-02
 5.601624181609e+04  1.515257900000e+01  6.419902655921e-02
 5.601624803884e+04  1.507085300000e+01  6.201670037710e-02
 5.601625422752e+04  1.504439100000e+01  6.103545029205e-02
 5.603718690791e+04  1.556967900000e+01  6.491089466219e-02
 5.603719369891e+04  1.553504500000e+01  6.437516216562e-02
 5.603720053039e+04  1.552846000000e+01  6.409341744922e-02
 5.603720732286e+04  1.559663600000e+01  6.484557240798e-02
 5.606631618667e+04  1.525617700000e+01  6.097908589321e-02
 5.606632234728e+04  1.528601600000e+01  6.126073112922e-02
 5.606632855073e+04  1.528302300000e+01  6.124429769277e-02
 5.606633476715e+04  1.531713800000e+01  6.154992979652e-02
