# time mag mag_err
 5.346640079992e+04  1.501784500000e+01  5.892010270585e-02
 5.346640971135e+04  1.504334300000e+01  5.906756280669e-02
 5.346641865637e+04  1.507709000000e+01  5.930714679652e-02
 5.346642759431e+04  1.508358800000e+01  5.937544652458e-02
 5.348133896392e+04  1.528643000000e+01  6.128972930244e-02
 5.348134702000e+04  1.530476800000e+01  6.139008017258e-02
 5.348135509865e+04  1.527583900000e+01  6.110960453276e-02
 5.348136320286e+04  1.528744400000e+01  6.112846384665e-02
 5.355623425515e+04  1.534215800000e+01  6.212099023437e-02
 5.355624062677e+04  1.533782500000e+01  6.210593351023e-02
 5.355624703785e+04  1.535095700000e+01  6.221983132592e-02
 5.355625347729e+04  1.539111100000e+01  6.254507916192e-02
 5.356115783818e+04  1.501516000000e+01  5.962239931274e-02
 5.356116264815e+04  1.495773100000e+01  5.924495485284e-02
 5.356116746505e+04  1.498248900000e+01  5.937304295558e-02
 5.356117226436e+04  1.496788500000e+01  5.928599461065e-02
 5.352930021228e+04  1.516513600000e+01  6.042015601662e-02
 5.352930754529e+04  1.520742600000e+01  6.075795277411e-02
 5.352931487934e+04  1.522473400000e+01  6.089939209123e-02
 5.352932221361e+04  1.520379600000e+01  6.076148317280e-02
 5.349933901275e+04  1.555395800000e+01  6.348574111102e-02
 5.349934380604e+04  1.553100200000e+01  6.329557558379e-02
 5.349934861763e+04  1.553259300000e+01  6.332844047903e-02
 5.349935340663e+04  1.558659500000e+01  6.381257484400e-02
 5.350923376961e+04  1.502178000000e+01  5.951170266077e-02
 5.350924296566e+04  1.502541800000e+01  5.956082750698e-02
 5.350925219807e+04  1.505514300000e+01  5.974344911664e-02
 5.350926142734e+04  1.508343200000e+01  5.996162580446e-02
 5.352036888622e+04  1.554922400000e+01  6.790141498021e-02
 5.352037637872e+04  1.551409000000e+01  6.454961520987e-02
 5.352038391265e+04  1.546479500000e+01  6.402503356407e-02
 5.352039144972e+04  1.552708600000e+01  6.554292190794e-02
 5.382744941706e+04  1.492637900000e+01  5.919741048319e-02
 5.382745716144e+04  1.498363300000e+01  5.987822964733e-02
 5.382746476389e+04  1.500521600000e+01  5.999648225278e-02
 5.382747249634e+04  1.501562600000e+01  5.985526625664e-02
 5.384543112863e+04  1.544261900000e+01  6.365600202813e-02
 5.384544022862e+04  1.536345700000e+01  6.267044572440e-02
 5.384544937201e+04  1.549618400000e+01  6.416261705564e-02
 5.384545855002e+04  1.546182000000e+01  6.388562847457e-02
 5.385235418794e+04  1.553171400000e+01  6.418076734754e-02
 5.385236259819e+04  1.550237300000e+01  6.391855702272e-02
 5.385237102316e+04  1.541768800000e+01  6.310835699317e-02
 5.385237950240e+04  1.552697700000e+01  6.414201109878e-02
 5.393924433633e+04  1.554607500000e+01  6.705406866324e-02
 5.393924750443e+04  1.555781200000e+01  6.739064356194e-02
 5.393925067844e+04  1.558874800000e+01  6.793167195293e-02
 5.393925385174e+04  1.556936800000e+01  6.804035130234e-02
 5.390531048538e+04  1.539094800000e+01  9.992747520540e-02
 5.390531153554e+04  1.540224200000e+01  1.002101725198e-01
 5.390531256222e+04  1.538865000000e+01  9.986163079493e-02
 5.390531360544e+04  1.532495700000e+01  9.773190951063e-02
 5.381845113727e+04  1.533812200000e+01  6.219946310855e-02
 5.381846002314e+04  1.538398400000e+01  6.336551163314e-02
 5.381846894186e+04  1.536781400000e+01  6.269633928239e-02
 5.381847785955e+04  1.539597200000e+01  6.290242216706e-02
 5.385934775736e+04  1.553269200000e+01  6.436400428180e-02
 5.385935695932e+04  1.537155300000e+01  6.290020242532e-02
 5.385936613397e+04  1.515274100000e+01  6.108904204795e-02
 5.385937533824e+04  1.502954400000e+01  6.015987817228e-02
 5.386636696058e+04  1.509842200000e+01  9.061429149627e-02
 5.386636775969e+04  1.507486900000e+01  8.990734625956e-02
 5.386636853450e+04  1.514673500000e+01  9.199723885186e-02
 5.386636932424e+04  1.515983200000e+01  9.236682600933e-02
 5.387336648370e+04  1.551105100000e+01  6.958563423764e-02
 5.387337155722e+04  1.550562900000e+01  6.942201289143e-02
 5.387337662333e+04  1.552434700000e+01  6.960694578670e-02
 5.387338170414e+04  1.544908300000e+01  6.867146789795e-02
 5.387932624885e+04  1.557587700000e+01  6.445745159432e-02
 5.387933646814e+04  1.543127900000e+01  6.309560000762e-02
 5.387934669270e+04  1.531579800000e+01  6.207864086700e-02
 5.387935690686e+04  1.513388700000e+01  6.063511840188e-02
 5.399710471263e+04  1.492156800000e+01  5.831609199845e-02
 5.399711053954e+04  1.489451800000e+01  5.819572381033e-02
 5.399711638612e+04  1.494272700000e+01  5.851257875148e-02
 5.399712222902e+04  1.495196100000e+01  5.860405167314e-02
 5.419742629431e+04  1.563068200000e+01  6.412619714609e-02
 5.419743166390e+04  1.569781600000e+01  6.479601768441e-02
 5.419743704335e+04  1.569935200000e+01  6.481185490444e-02
 5.419744241178e+04  1.564928700000e+01  6.430107215876e-02
 5.421444122929e+04  1.542932500000e+01  6.225171603868e-02
 5.421444768726e+04  1.543533600000e+01  6.232127597416e-02
 5.421445415598e+04  1.543370100000e+01  6.230830319082e-02
 5.421446064659e+04  1.543560000000e+01  6.231711196843e-02
 5.411753170928e+04  1.551570700000e+01  6.281154073942e-02
 5.411753849851e+04  1.554071100000e+01  6.301908518940e-02
 5.411754517002e+04  1.550635800000e+01  6.268481624325e-02
 5.411755201597e+04  1.550826500000e+01  6.270683509212e-02
 5.426428428486e+04  1.549761700000e+01  6.323960431837e-02
 5.426429179809e+04  1.551215500000e+01  6.337410333176e-02
 5.426429930969e+04  1.549595900000e+01  6.326173603224e-02
 5.426430678633e+04  1.548691000000e+01  6.317845697965e-02
 5.427130282821e+04  1.503842700000e+01  5.994661725177e-02
 5.427131030277e+04  1.498453200000e+01  5.959540284030e-02
 5.427131778635e+04  1.494029300000e+01  5.933715393867e-02
 5.427132527017e+04  1.485728400000e+01  5.883496223571e-02
 5.417247442194e+04  1.514671900000e+01  5.986932431875e-02
 5.417248309461e+04  1.507793500000e+01  5.938607753898e-02
 5.417249179203e+04  1.506289700000e+01  5.927593659570e-02
 5.417250051132e+04  1.507397000000e+01  5.933852176675e-02
 5.418546628522e+04  1.554135700000e+01  6.327177125876e-02
 5.418547499606e+04  1.549548300000e+01  6.287165186407e-02
 5.418548368446e+04  1.550266100000e+01  6.287422067110e-02
 5.418549236742e+04  1.551953900000e+01  6.297537400295e-02
 5.424139656740e+04  1.561158200000e+01  6.461314564941e-02
 5.424140519271e+04  1.559765400000e+01  6.451912159934e-02
 5.424141384684e+04  1.561580400000e+01  6.479348522926e-02
 5.424142249890e+04  1.564403600000e+01  6.514138718222e-02
 5.438808375747e+04  1.534879600000e+01  6.624268861458e-02
 5.438808753913e+04  1.536195700000e+01  6.643327288173e-02
 5.438809135818e+04  1.533031000000e+01  6.618657057679e-02
 5.438809515132e+04  1.539313400000e+01  6.694570222762e-02
 5.434616307189e+04  1.500576700000e+01  5.948184470966e-02
 5.434616848523e+04  1.500605200000e+01  5.947140642499e-02
 5.434617390517e+04  1.500363800000e+01  5.950160485755e-02
 5.434617932409e+04  1.500438900000e+01  5.955372259994e-02
 5.435512636498e+04  1.551367800000e+01  6.327404074817e-02
 5.435513171166e+04  1.548477800000e+01  6.303097950157e-02
 5.435513703147e+04  1.545478900000e+01  6.243042031158e-02
 5.435514236924e+04  1.552049000000e+01  6.344731661125e-02
 5.456645711021e+04  1.550455400000e+01  6.301728212035e-02
 5.456646240781e+04  1.552628100000e+01  6.310995381849e-02
 5.456646773771e+04  1.551996600000e+01  6.322598179892e-02
 5.456647307200e+04  1.553209300000e+01  6.324349518366e-02
 5.457139074559e+04  1.519759800000e+01  6.010856884446e-02
 5.457139734465e+04  1.519954500000e+01  6.011308992917e-02
 5.457140394660e+04  1.521375500000e+01  6.019133720074e-02
 5.457141048303e+04  1.525142900000e+01  6.046314631691e-02
 5.458044291303e+04  1.499053400000e+01  5.908119940488e-02
 5.458044945317e+04  1.500985700000e+01  5.919529747010e-02
 5.458045598395e+04  1.499707900000e+01  5.913060579506e-02
 5.458046257131e+04  1.504123900000e+01  5.946935823448e-02
 5.450449486189e+04  1.508403000000e+01  5.838585758393e-02
 5.450450335954e+04  1.511010800000e+01  5.847475621500e-02
 5.450451193230e+04  1.511874100000e+01  5.852956302020e-02
 5.450452056907e+04  1.515328700000e+01  5.871740511204e-02
 5.452347000426e+04  1.532272900000e+01  6.105467022815e-02
 5.452347915309e+04  1.536638400000e+01  6.130634492402e-02
 5.452348830007e+04  1.536239800000e+01  6.125135775168e-02
 5.452349750030e+04  1.537927500000e+01  6.143621856070e-02
 5.447552270690e+04  1.544164100000e+01  6.234805215959e-02
 5.447552874655e+04  1.541026000000e+01  6.203003773265e-02
 5.447553481387e+04  1.547242000000e+01  6.254478179898e-02
 5.447554080709e+04  1.543671500000e+01  6.219020422806e-02
 5.448350228510e+04  1.525955100000e+01  6.430616403477e-02
 5.448350740075e+04  1.538472000000e+01  6.620038758587e-02
 5.448351265934e+04  1.541620300000e+01  6.647200609351e-02
 5.448351779524e+04  1.543006600000e+01  6.656216478389e-02
 5.464824894730e+04  1.562416700000e+01  6.526773707559e-02
 5.464825642788e+04  1.560046900000e+01  6.519145719197e-02
 5.464826388682e+04  1.558653100000e+01  6.508245769955e-02
 5.464827141068e+04  1.563576800000e+01  6.569381780204e-02
 5.462328592566e+04  1.506461100000e+01  5.750755737893e-02
 5.462329536096e+04  1.510051000000e+01  5.770674023402e-02
 5.462330409103e+04  1.509156400000e+01  5.765831872081e-02
 5.462331288626e+04  1.513315900000e+01  5.792933386783e-02
 5.452944047047e+04  1.555651400000e+01  6.316426488715e-02
 5.452945138062e+04  1.561692400000e+01  6.369180012583e-02
 5.452946229957e+04  1.564407700000e+01  6.389387020354e-02
 5.452947323947e+04  1.561905500000e+01  6.360333687812e-02
 5.455631846270e+04  1.563057400000e+01  6.477399823135e-02
 5.455633374541e+04  1.563033000000e+01  6.486365199402e-02
 5.455634280800e+04  1.565907000000e+01  6.917126837141e-02
 5.455635188356e+04  1.550584200000e+01  6.329591458602e-02
 5.458734539959e+04  1.505508500000e+01  5.927009068765e-02
 5.458735083794e+04  1.509285400000e+01  5.951193243033e-02
 5.458735630106e+04  1.512605700000e+01  5.973244014219e-02
 5.458736173304e+04  1.512972500000e+01  5.978274738693e-02
 5.459928321351e+04  1.479260300000e+01  5.819358249431e-02
 5.459928973432e+04  1.483310400000e+01  5.839155133825e-02
 5.459929624031e+04  1.489532100000e+01  5.846665838018e-02
 5.459930275279e+04  1.490782400000e+01  5.880013955382e-02
 5.471516723588e+04  1.547450700000e+01  6.295521964969e-02
 5.471517364464e+04  1.545420200000e+01  6.281725059550e-02
 5.471518007749e+04  1.538801100000e+01  6.234928355488e-02
 5.471518651079e+04  1.537399600000e+01  6.230695922602e-02
 5.473712305396e+04  1.531259900000e+01  6.616634936402e-02
 5.473712750337e+04  1.532558800000e+01  6.645395201707e-02
 5.473713188437e+04  1.536015700000e+01  6.689717065048e-02
 5.473713633321e+04  1.535638900000e+01  6.718523660031e-02
 5.492440023441e+04  1.492558800000e+01  5.858176767606e-02
 5.492440573132e+04  1.495225400000e+01  5.879185283953e-02
 5.506221327303e+04  1.532953600000e+01  6.661583912289e-02
 5.506221819237e+04  1.531942600000e+01  6.650833134486e-02
 5.506222304069e+04  1.534294200000e+01  6.676603488924e-02
 5.506222782844e+04  1.536494500000e+01  6.711889009313e-02
 5.486451465796e+04  1.526342700000e+01  6.041920063367e-02
 5.486452181503e+04  1.529799900000e+01  6.033293712510e-02
 5.486452909155e+04  1.531946400000e+01  6.078408174283e-02
 5.486453631807e+04  1.531238900000e+01  6.071956100988e-02
 5.503925032896e+04  1.511110100000e+01  6.045909338352e-02
 5.503925823965e+04  1.511745100000e+01  6.096323826336e-02
 5.503926603103e+04  1.516120200000e+01  6.123073741549e-02
 5.503927388078e+04  1.518317900000e+01  6.120227411031e-02
 5.499528488353e+04  1.519551600000e+01  6.066626711332e-02
 5.499529074494e+04  1.520887000000e+01  6.034345716263e-02
 5.499529589972e+04  1.522956000000e+01  6.056565141385e-02
 5.499532349685e+04  1.523733200000e+01  6.160548913025e-02
 5.499630006542e+04  1.514429200000e+01  6.006799925686e-02
 5.499630664684e+04  1.511539700000e+01  5.988847916573e-02
 5.499631320587e+04  1.505027200000e+01  5.944254881754e-02
 5.499631980168e+04  1.501230300000e+01  5.920245016175e-02
 5.500431077040e+04  1.510256500000e+01  5.987523421786e-02
 5.500431745823e+04  1.508114400000e+01  5.975591876049e-02
 5.500432415892e+04  1.503909900000e+01  5.949780143628e-02
 5.500433073529e+04  1.504351100000e+01  5.953887689277e-02
 5.489149690832e+04  1.543887900000e+01  6.183858354771e-02
 5.489150476253e+04  1.541552400000e+01  6.162391495000e-02
 5.489151270436e+04  1.544060200000e+01  6.180634568308e-02
 5.489152057247e+04  1.545379600000e+01  6.193991615284e-02
 5.491748325781e+04  1.463714700000e+01  5.946542415408e-02
 5.491748767493e+04  1.464802800000e+01  5.950676556300e-02
 5.491749193453e+04  1.464427400000e+01  5.952127129383e-02
 5.491749631669e+04  1.470378700000e+01  5.989922889906e-02
 5.497023765244e+04  1.541080900000e+01  7.259745018217e-02
 5.498135321774e+04  1.558116400000e+01  6.389231802133e-02
 5.498137520356e+04  1.562692200000e+01  6.437956094497e-02
 5.509011367610e+04  1.512109500000e+01  6.030782334285e-02
 5.509012013873e+04  1.512725200000e+01  6.040173072014e-02
 5.509012620051e+04  1.516664900000e+01  6.077393404040e-02
 5.509910026046e+04  1.562789000000e+01  6.998710936290e-02
 5.509910612947e+04  1.548270200000e+01  6.821613819798e-02
 5.509911185337e+04  1.550746500000e+01  6.867167870786e-02
 5.509911774918e+04  1.542419900000e+01  6.768663373435e-02
 5.529546851711e+04  1.562894200000e+01  6.407375411293e-02
 5.529547138281e+04  1.559367300000e+01  6.373506161832e-02
 5.529547429429e+04  1.557085600000e+01  6.353682306978e-02
 5.529547716434e+04  1.560237100000e+01  6.384920488053e-02
 5.530337710199e+04  1.546769700000e+01  6.349290484323e-02
 5.530338581899e+04  1.548990900000e+01  6.370710368101e-02
 5.530339452777e+04  1.552286200000e+01  6.392103201492e-02
 5.530340323895e+04  1.552683600000e+01  6.396183728113e-02
 5.538221576446e+04  1.546260400000e+01  6.286714735836e-02
 5.538222418920e+04  1.546478700000e+01  6.288225145787e-02
 5.538223271314e+04  1.548670400000e+01  6.313174046518e-02
 5.538224126417e+04  1.546376200000e+01  6.288631608966e-02
 5.534930030471e+04  1.557471100000e+01  6.382961646138e-02
 5.534930659432e+04  1.558744400000e+01  6.390679240038e-02
 5.534931288928e+04  1.558509800000e+01  6.383587402720e-02
 5.534931923439e+04  1.554642600000e+01  6.346175908356e-02
 5.535630683123e+04  1.500075500000e+01  5.996923816891e-02
 5.535631601551e+04  1.505769700000e+01  5.950073369990e-02
 5.535632527074e+04  1.507595300000e+01  5.963367964485e-02
 5.535633455792e+04  1.511468100000e+01  5.991894076148e-02
 5.536330737943e+04  1.534140700000e+01  6.177747688855e-02
 5.536331244867e+04  1.533218400000e+01  6.173747119707e-02
 5.536331766582e+04  1.536585700000e+01  6.200855980466e-02
 5.536332286133e+04  1.540241100000e+01  6.236185940671e-02
 5.536815288773e+04  1.555199300000e+01  6.362020909607e-02
 5.536815792411e+04  1.566260900000e+01  6.478990479886e-02
 5.536816305654e+04  1.562687100000e+01  6.444217120934e-02
 5.536816819311e+04  1.560127000000e+01  6.417213366400e-02
 5.527249857138e+04  1.539126100000e+01  6.165097438257e-02
 5.527250554375e+04  1.537422500000e+01  6.153764867269e-02
 5.527251251973e+04  1.538245000000e+01  6.159592677614e-02
 5.527251944750e+04  1.539310900000e+01  6.173113776028e-02
 5.532334232038e+04  1.539635200000e+01  6.196295429341e-02
 5.532334976035e+04  1.539629600000e+01  6.193976450923e-02
 5.532335732750e+04  1.540946700000e+01  6.204927072966e-02
 5.532336479308e+04  1.542296200000e+01  6.216248400956e-02
 5.533236679718e+04  1.516404100000e+01  6.022729731024e-02
 5.533237361812e+04  1.518661300000e+01  6.040797667492e-02
 5.533238054036e+04  1.521308600000e+01  6.063997200095e-02
 5.533238748794e+04  1.522089700000e+01  6.069842258094e-02
 5.533923781947e+04  1.530562700000e+01  6.192209642541e-02
 5.533924345264e+04  1.530888900000e+01  6.189100624214e-02
 5.533924920304e+04  1.529954400000e+01  6.175508308828e-02
 5.533925490763e+04  1.533295000000e+01  6.204962050725e-02
 5.545612555022e+04  1.558540800000e+01  6.392566006900e-02
 5.545614040920e+04  1.557139000000e+01  6.395285433934e-02
 5.545614785994e+04  1.554371000000e+01  6.377295884362e-02
 5.567544535094e+04  1.555268300000e+01  6.716247702625e-02
 5.567545142243e+04  1.552631700000e+01  6.696408961736e-02
 5.567545757448e+04  1.558606000000e+01  6.766945815469e-02
 5.567546369135e+04  1.556594100000e+01  6.750831770484e-02
 5.563049371182e+04  1.487946300000e+01  5.885251529572e-02
 5.563050143580e+04  1.489912700000e+01  5.899130315468e-02
 5.563050927774e+04  1.493514600000e+01  5.974982525176e-02
 5.563051708744e+04  1.501286200000e+01  6.019473620480e-02
 5.565041360516e+04  1.558688900000e+01  6.464053191092e-02
 5.565042150626e+04  1.551785300000e+01  6.398804911926e-02
 5.565042954014e+04  1.544518700000e+01  6.318230737343e-02
 5.565043758372e+04  1.526275000000e+01  6.174645321476e-02
 5.568435786050e+04  1.526468700000e+01  5.915012373819e-02
 5.568436756956e+04  1.528552700000e+01  5.931446930815e-02
 5.568437734946e+04  1.528458000000e+01  5.932701796702e-02
 5.568438704395e+04  1.531100000000e+01  5.949418415388e-02
 5.582510720270e+04  1.543735800000e+01  5.992870268942e-02
 5.582511475793e+04  1.548995500000e+01  6.038190037221e-02
 5.582512225200e+04  1.548546300000e+01  6.039926864722e-02
 5.582512986280e+04  1.549877500000e+01  6.054616173095e-02
 5.598844346595e+04  1.556238700000e+01  6.378331253042e-02
 5.598845058726e+04  1.551738800000e+01  6.335130139029e-02
 5.598845773264e+04  1.557384400000e+01  6.383338038200e-02
 5.598846492322e+04  1.557010600000e+01  6.380428215115e-02
 5.601247363035e+04  1.547255900000e+01  6.355609175033e-02
 5.601247935448e+04  1.546314800000e+01  6.345662511162e-02
 5.601248514672e+04  1.543949900000e+01  6.328796927195e-02
 5.601249093132e+04  1.545495800000e+01  6.341269788387e-02
 5.603645077002e+04  1.558168000000e+01  6.481086304104e-02
 5.603645526191e+04  1.569770300000e+01  6.813932063355e-02
 5.603646199524e+04  1.561846500000e+01  6.517566274020e-02
 5.603646688206e+04  1.559568500000e+01  6.446302262832e-02
 5.604629531001e+04  1.554468800000e+01  6.146828782217e-02
 5.604630554431e+04  1.552322300000e+01  6.123306129687e-02
 5.604631581000e+04  1.555332200000e+01  6.146880951987e-02
 5.604632608588e+04  1.549992700000e+01  6.104087936386e-02
 5.608739020810e+04  1.554725500000e+01  6.330484266886e-02
 5.608739517559e+04  1.556718300000e+01  6.348478978999e-02
 5.608740032271e+04  1.552931600000e+01  6.322837780043e-02
 5.608740548303e+04  1.557226600000e+01  6.360880298207e-02
 5.609729921922e+04  1.504431900000e+01  5.947910739256e-02
 5.609730702645e+04  1.507342200000e+01  5.966217400707e-02
 5.609731499391e+04  1.511472400000e+01  5.997671034324e-02
 5.609732280565e+04  1.513548400000e+01  6.019181896143e-02
 5.616716588828e+04  1.533140200000e+01  5.890261341367e-02
 5.616717247602e+04  1.540396000000e+01  5.947131572920e-02
 5.616717923544e+04  1.543651600000e+01  5.974570286830e-02
 5.616718589271e+04  1.541566100000e+01  5.969126173190e-02
 5.619010949574e+04  1.545220700000e+01  6.355285143873e-02
 5.619011457100e+04  1.548796300000e+01  6.390845625209e-02
 5.619011978122e+04  1.547347000000e+01  6.386283130817e-02
 5.619012495219e+04  1.549995600000e+01  6.412547380324e-02
