# time mag mag_err
 5.346938897837e+04  1.557380400000e+01  6.373438287871e-02
 5.346939716558e+04  1.559141500000e+01  6.395436801731e-02
 5.346940533972e+04  1.561127300000e+01  6.419137951205e-02
 5.346941351420e+04  1.559563800000e+01  6.408567758485e-02
 5.355721857632e+04  1.547169000000e+01  6.337616681306e-02
 5.355722506032e+04  1.548877200000e+01  6.352572487148e-02
 5.355723158194e+04  1.549030200000e+01  6.359471435683e-02
 5.355723812255e+04  1.549993500000e+01  6.367266042571e-02
 5.356717382365e+04  1.525049500000e+01  6.315952612624e-02
 5.356718138628e+04  1.524805500000e+01  6.515474995580e-02
 5.356718897417e+04  1.528964800000e+01  6.379758320729e-02
 5.356719654583e+04  1.529556300000e+01  6.315597458204e-02
 5.353728546758e+04  1.534656200000e+01  6.248379300553e-02
 5.353729350931e+04  1.534912300000e+01  6.255606278439e-02
 5.353730155751e+04  1.537545700000e+01  6.290092779410e-02
 5.353730964043e+04  1.536306400000e+01  6.291534896980e-02
 5.355017333455e+04  1.531346800000e+01  6.180200483107e-02
 5.355018302404e+04  1.534225300000e+01  6.204329161762e-02
 5.355019263736e+04  1.538222800000e+01  6.238247050649e-02
 5.355020226157e+04  1.539837800000e+01  6.252055112299e-02
 5.350628533005e+04  1.447550900000e+01  5.724824256405e-02
 5.350629406347e+04  1.450944200000e+01  5.742603442713e-02
 5.350630278960e+04  1.458538600000e+01  5.785956975334e-02
 5.350631155091e+04  1.464283200000e+01  5.819813245335e-02
 5.385122889067e+04  1.549309400000e+01  6.391613762094e-02
 5.385123580733e+04  1.548085600000e+01  6.376912751266e-02
 5.385124270050e+04  1.549623100000e+01  6.389440581843e-02
 5.385124962619e+04  1.554173100000e+01  6.433593823198e-02
 5.379348935433e+04  1.510464600000e+01  6.002177714802e-02
 5.379349660862e+04  1.512598400000e+01  6.020250639887e-02
 5.379350384718e+04  1.517708600000e+01  6.053486251352e-02
 5.379351113388e+04  1.518081300000e+01  6.087928251744e-02
 5.390034990097e+04  1.542774400000e+01  1.100929688707e-01
 5.390035089164e+04  1.527268600000e+01  1.049281918458e-01
 5.390035194494e+04  1.544550200000e+01  1.130050133409e-01
 5.390035292936e+04  1.539706500000e+01  1.108067043679e-01
 5.380336815557e+04  1.549113600000e+01  6.804385372219e-02
 5.380337511089e+04  1.549252000000e+01  6.791021186482e-02
 5.380338208358e+04  1.545238800000e+01  6.769639913187e-02
 5.380338915350e+04  1.550559300000e+01  6.852537626817e-02
 5.381937048530e+04  1.546381600000e+01  6.323888403631e-02
 5.381937943980e+04  1.545678200000e+01  6.350529778778e-02
 5.381938839730e+04  1.547814500000e+01  6.630881498429e-02
 5.381939725411e+04  1.546888100000e+01  6.417970131559e-02
 5.385931945757e+04  1.525728900000e+01  6.183653023636e-02
 5.385932587838e+04  1.527734800000e+01  6.198805045391e-02
 5.385933231100e+04  1.529168700000e+01  6.213561488020e-02
 5.385933873272e+04  1.532188500000e+01  6.240328369308e-02
 5.387835018700e+04  1.550100100000e+01  6.389944309581e-02
 5.387835724674e+04  1.551020900000e+01  6.401017013629e-02
 5.387836428736e+04  1.547712000000e+01  6.371079249147e-02
 5.387837134685e+04  1.550125400000e+01  6.393282397346e-02
 5.388526924196e+04  1.547585700000e+01  6.373746227613e-02
 5.388527906061e+04  1.549212000000e+01  6.392372244175e-02
 5.388528889039e+04  1.552439500000e+01  6.427573222168e-02
 5.388529872560e+04  1.554505800000e+01  6.447118295729e-02
 5.420439416900e+04  1.532885700000e+01  6.136142511907e-02
 5.420440180527e+04  1.533429200000e+01  6.141067203153e-02
 5.420440947567e+04  1.536189600000e+01  6.163758850532e-02
 5.420441710499e+04  1.537930600000e+01  6.178793236182e-02
 5.429017565296e+04  1.570638800000e+01  6.982243913206e-02
 5.429018047892e+04  1.562003900000e+01  6.615063677734e-02
 5.429018532475e+04  1.560865700000e+01  6.574688141807e-02
 5.429019015369e+04  1.561306800000e+01  6.588854325757e-02
 5.425725842402e+04  1.514732700000e+01  6.067500480162e-02
 5.425726808387e+04  1.516315200000e+01  6.100461759682e-02
 5.425727771282e+04  1.522976900000e+01  6.210730768076e-02
 5.425728737152e+04  1.525703700000e+01  6.135179539755e-02
 5.417140549229e+04  1.548250500000e+01  6.238759418040e-02
 5.417141142175e+04  1.548880800000e+01  6.246644857675e-02
 5.417141733478e+04  1.551593400000e+01  6.269214659242e-02
 5.417142325787e+04  1.547852600000e+01  6.239024060000e-02
 5.418532286535e+04  1.493918500000e+01  5.874138079660e-02
 5.418533221409e+04  1.462854700000e+01  5.696524274611e-02
 5.418534149880e+04  1.442042900000e+01  5.599120821886e-02
 5.418535081662e+04  1.442358100000e+01  5.598073222757e-02
 5.422828058104e+04  1.517577800000e+01  6.057975524891e-02
 5.422828919640e+04  1.520757800000e+01  6.101652693183e-02
 5.422829782265e+04  1.526663000000e+01  6.155406591547e-02
 5.422830644021e+04  1.525898200000e+01  6.127333476521e-02
 5.424233578852e+04  1.561572900000e+01  6.491359965960e-02
 5.424234335186e+04  1.558597400000e+01  6.463588958041e-02
 5.424235088834e+04  1.550760800000e+01  6.395431413982e-02
 5.424235847148e+04  1.542209600000e+01  6.317033649727e-02
 5.455927629797e+04  1.550049200000e+01  6.303825851346e-02
 5.455928458091e+04  1.549907900000e+01  6.299099632960e-02
 5.455929276870e+04  1.550408500000e+01  6.302343310949e-02
 5.455930095406e+04  1.554704600000e+01  6.333966429093e-02
 5.456444876517e+04  1.442803800000e+01  5.590713199575e-02
 5.456445491225e+04  1.447091600000e+01  5.610495621083e-02
 5.456446114403e+04  1.449317500000e+01  5.622232955508e-02
 5.456446726008e+04  1.453487500000e+01  5.642324896007e-02
 5.457022625979e+04  1.548657300000e+01  6.288342521139e-02
 5.457023419236e+04  1.547140800000e+01  6.277039997489e-02
 5.457024136529e+04  1.549144300000e+01  6.291993688106e-02
 5.457025218133e+04  1.544623600000e+01  6.241515259546e-02
 5.458231896145e+04  1.559822100000e+01  6.387926659649e-02
 5.458232651032e+04  1.557774400000e+01  6.372359236337e-02
 5.458233404947e+04  1.556627300000e+01  6.330974887761e-02
 5.458234157183e+04  1.553084900000e+01  6.328448357353e-02
 5.450346566730e+04  1.537083500000e+01  6.137093580428e-02
 5.450347335867e+04  1.536999500000e+01  6.132190091867e-02
 5.450348117525e+04  1.539643000000e+01  6.153697883136e-02
 5.450348896269e+04  1.545492800000e+01  6.194505674083e-02
 5.451444939385e+04  1.517730300000e+01  6.046031149959e-02
 5.451445536186e+04  1.524648900000e+01  6.064329904883e-02
 5.451446134897e+04  1.526454700000e+01  6.075731956623e-02
 5.451446732565e+04  1.525426400000e+01  6.065078558031e-02
 5.462531862963e+04  1.516866800000e+01  6.040411040218e-02
 5.462532585834e+04  1.518844400000e+01  6.059763248769e-02
 5.462533316311e+04  1.520481400000e+01  6.075566124912e-02
 5.462534043049e+04  1.523991300000e+01  6.108678404515e-02
 5.464130510948e+04  1.458892000000e+01  5.744492991977e-02
 5.464131159903e+04  1.463472400000e+01  5.777530796329e-02
 5.464131812273e+04  1.465753700000e+01  5.793639175728e-02
 5.464132466497e+04  1.473107500000e+01  5.850746135259e-02
 5.452840567469e+04  1.548640200000e+01  6.232478937015e-02
 5.452841223103e+04  1.544615700000e+01  6.197612001623e-02
 5.452841882963e+04  1.549378000000e+01  6.235150092207e-02
 5.452842540681e+04  1.549729100000e+01  6.236412285326e-02
 5.453941727458e+04  1.548669100000e+01  6.241872644723e-02
 5.453942554490e+04  1.546449500000e+01  6.227446730706e-02
 5.453943378652e+04  1.548146900000e+01  6.240150106492e-02
 5.453944203634e+04  1.548629400000e+01  6.244610645767e-02
 5.458837248944e+04  1.443099800000e+01  5.580666885972e-02
 5.458837741573e+04  1.444532000000e+01  5.588922673694e-02
 5.458838238646e+04  1.448532900000e+01  5.608528096797e-02
 5.458838734157e+04  1.450961500000e+01  5.620223463507e-02
 5.459329593947e+04  1.549224100000e+01  6.294571722324e-02
 5.459330185620e+04  1.548198700000e+01  6.285423948598e-02
 5.459330779353e+04  1.548031200000e+01  6.288211566732e-02
 5.459331371918e+04  1.547700400000e+01  6.283387951460e-02
 5.459919140928e+04  1.538023600000e+01  6.250968014046e-02
 5.459919802478e+04  1.546413400000e+01  6.306061455051e-02
 5.459920452534e+04  1.540707100000e+01  6.249925215250e-02
 5.459921103619e+04  1.544417000000e+01  6.279662270263e-02
 5.494435561547e+04  1.549604800000e+01  6.282390523604e-02
 5.494436449890e+04  1.550301300000e+01  6.291598490072e-02
 5.494437345341e+04  1.550206900000e+01  6.293281256748e-02
 5.494438229068e+04  1.553459800000e+01  6.319616173551e-02
 5.495034174094e+04  1.551773000000e+01  6.297996440500e-02
 5.495034828017e+04  1.551992400000e+01  6.303561440828e-02
 5.495035499766e+04  1.549236700000e+01  6.274178635772e-02
 5.495036154336e+04  1.553845100000e+01  6.315469692591e-02
 5.488442735691e+04  1.548044000000e+01  6.294179199251e-02
 5.488443342851e+04  1.554049700000e+01  8.541243130553e-02
 5.488443957291e+04  1.560648600000e+01  8.930882909270e-02
 5.488444573444e+04  1.570734000000e+01  1.182078378521e-01
 5.488842592494e+04  1.496854500000e+01  5.837336497877e-02
 5.488843449111e+04  1.500648400000e+01  5.859351073759e-02
 5.488844305611e+04  1.505219900000e+01  5.885870454328e-02
 5.488845138454e+04  1.508325600000e+01  5.907524624854e-02
 5.486153620186e+04  1.551832200000e+01  6.234636985884e-02
 5.486153922771e+04  1.552951300000e+01  6.241723022934e-02
 5.486154245519e+04  1.553901000000e+01  6.252406696421e-02
 5.486154547084e+04  1.549051900000e+01  6.209499251910e-02
 5.498322121530e+04  1.500986100000e+01  5.899380240094e-02
 5.498322785370e+04  1.504797900000e+01  5.924791304298e-02
 5.498323449927e+04  1.507701800000e+01  5.943994933056e-02
 5.498324123102e+04  1.509224800000e+01  5.953746639037e-02
 5.499824525608e+04  1.553750400000e+01  6.339290083782e-02
 5.499825301713e+04  1.551765600000e+01  6.287778352305e-02
 5.499826021888e+04  1.535719900000e+01  6.181790028545e-02
 5.499826742272e+04  1.511363600000e+01  5.995087879116e-02
 5.491231264376e+04  1.475033600000e+01  5.742247685891e-02
 5.491231751971e+04  1.479484300000e+01  5.815267782668e-02
 5.491232224413e+04  1.481095400000e+01  5.806774570779e-02
 5.491232703294e+04  1.484603200000e+01  5.801399601230e-02
 5.491935142060e+04  1.533846700000e+01  6.116695293360e-02
 5.491935682547e+04  1.536137200000e+01  6.133448787311e-02
 5.491936231128e+04  1.537303200000e+01  6.148298490996e-02
 5.491936770995e+04  1.538800900000e+01  6.150644113999e-02
 5.496438028395e+04  1.517407900000e+01  6.216252352432e-02
 5.496438709391e+04  1.519087600000e+01  6.234308849113e-02
 5.496439404079e+04  1.523559200000e+01  6.278538180932e-02
 5.496440101500e+04  1.524419000000e+01  6.288026517970e-02
 5.497417202677e+04  1.551483300000e+01  6.307460199664e-02
 5.497417747044e+04  1.550160600000e+01  6.303311182076e-02
 5.497418285057e+04  1.552062900000e+01  6.301598862790e-02
 5.497418817792e+04  1.551408600000e+01  6.294243086259e-02
 5.529243202251e+04  1.520155400000e+01  6.053826110658e-02
 5.529243767418e+04  1.520804800000e+01  6.056736144114e-02
 5.529244342206e+04  1.525717500000e+01  6.096811622271e-02
 5.529244926960e+04  1.527313900000e+01  6.108978443912e-02
 5.530142024231e+04  1.557999700000e+01  6.368253287855e-02
 5.530142912471e+04  1.556220500000e+01  6.357085157416e-02
 5.530143810411e+04  1.555192500000e+01  6.349290484323e-02
 5.530144709947e+04  1.539220600000e+01  6.210691502490e-02
 5.524447517747e+04  1.465020200000e+01  5.700815251527e-02
 5.524448209598e+04  1.469718100000e+01  5.724942901413e-02
 5.524448912087e+04  1.474122900000e+01  5.746559979376e-02
 5.524449611672e+04  1.479807700000e+01  5.776060344237e-02
 5.538117286219e+04  1.498983100000e+01  5.909167438408e-02
 5.538118077211e+04  1.500283200000e+01  5.924482499990e-02
 5.538118873569e+04  1.504630100000e+01  5.955098568216e-02
 5.538119668321e+04  1.507291400000e+01  5.977615310536e-02
 5.535726472242e+04  1.506672400000e+01  5.968439622493e-02
 5.535727098372e+04  1.509515300000e+01  5.983486735449e-02
 5.535727729431e+04  1.509304400000e+01  5.981951240829e-02
 5.535728362360e+04  1.514105300000e+01  6.017771410989e-02
 5.527445618240e+04  1.508126500000e+01  5.962331866316e-02
 5.527446368803e+04  1.510580700000e+01  5.984707575310e-02
 5.527447128427e+04  1.516623200000e+01  6.031949683797e-02
 5.527447886161e+04  1.517516500000e+01  6.044167242853e-02
 5.532528415565e+04  1.550728200000e+01  6.288292869579e-02
 5.532529152407e+04  1.549223300000e+01  6.277000140435e-02
 5.532529898512e+04  1.549104600000e+01  6.277850629022e-02
 5.532530650947e+04  1.549836000000e+01  6.288013031773e-02
 5.533227307126e+04  1.537450300000e+01  6.176394790896e-02
 5.533227993318e+04  1.512555900000e+01  5.987623247180e-02
 5.533228687775e+04  1.486384200000e+01  5.817956742897e-02
 5.533229378762e+04  1.459512100000e+01  5.672120017331e-02
 5.534021197367e+04  1.494707800000e+01  5.859643775614e-02
 5.534021826484e+04  1.498667700000e+01  5.881664710642e-02
 5.534022435821e+04  1.496616500000e+01  5.870237789631e-02
 5.534023007940e+04  1.503230500000e+01  5.927263194810e-02
 5.565737908887e+04  1.548635800000e+01  6.329043896779e-02
 5.565738536603e+04  1.549524300000e+01  6.338792510154e-02
 5.565739168661e+04  1.547998400000e+01  6.319277857032e-02
 5.565739798486e+04  1.551155500000e+01  6.351333961154e-02
 5.567429766883e+04  1.523053600000e+01  6.337656039629e-02
 5.567430449397e+04  1.522851600000e+01  6.245225173659e-02
 5.567431139083e+04  1.526072800000e+01  6.150602098571e-02
 5.567431819086e+04  1.527255300000e+01  6.166367166120e-02
 5.563146530575e+04  1.506266300000e+01  5.783016584431e-02
 5.563147155703e+04  1.508870000000e+01  5.799605144424e-02
 5.563147780085e+04  1.510649700000e+01  5.810748831200e-02
 5.563148407641e+04  1.513591400000e+01  5.827675592473e-02
 5.564733242045e+04  1.550078700000e+01  6.380206621292e-02
 5.564733880678e+04  1.552060000000e+01  6.399545085528e-02
 5.564734522066e+04  1.549687100000e+01  6.375277644079e-02
 5.564735165594e+04  1.552096100000e+01  6.395555872913e-02
 5.568337374925e+04  1.463234100000e+01  5.575308373965e-02
 5.568338426309e+04  1.470216100000e+01  5.608570447636e-02
 5.568339480021e+04  1.476280700000e+01  5.637536894125e-02
 5.568340534193e+04  1.482392000000e+01  5.668602650291e-02
 5.570633343709e+04  1.458891700000e+01  5.720594650158e-02
 5.570634260250e+04  1.444033200000e+01  5.648733106738e-02
 5.570635188435e+04  1.446042500000e+01  5.659503972506e-02
 5.570636116470e+04  1.450138200000e+01  5.681610941644e-02
 5.568337374925e+04  1.463713400000e+01  5.579700172198e-02
 5.568338426309e+04  1.470526300000e+01  5.611497294897e-02
 5.568339480021e+04  1.476785800000e+01  5.642517551021e-02
 5.568340534193e+04  1.483008100000e+01  5.674275550562e-02
 5.598143271038e+04  1.546815100000e+01  6.257616941720e-02
 5.598144009325e+04  1.528196700000e+01  6.102840150376e-02
 5.598144751885e+04  1.497872700000e+01  5.897945855499e-02
 5.598145485258e+04  1.470495700000e+01  5.816015542391e-02
 5.600937274367e+04  1.551209000000e+01  6.303111885653e-02
 5.600938053354e+04  1.550262000000e+01  6.298520211318e-02
 5.600938847966e+04  1.549114300000e+01  6.285801377868e-02
 5.600939642939e+04  1.549853500000e+01  6.290119938912e-02
 5.601834390877e+04  1.482627100000e+01  5.804633134475e-02
 5.601835186615e+04  1.488105000000e+01  5.839401672782e-02
 5.601835986838e+04  1.491581000000e+01  5.861423194837e-02
 5.601836786883e+04  1.496280400000e+01  5.890360736840e-02
 5.603634318866e+04  1.514210800000e+01  6.041176176512e-02
 5.603634824576e+04  1.513447400000e+01  6.036345850708e-02
 5.603635334648e+04  1.517807800000e+01  6.068357973751e-02
 5.603635845914e+04  1.518488600000e+01  6.074608463822e-02
 5.604223835633e+04  1.469120500000e+01  5.916132404788e-02
 5.604224397877e+04  1.474013200000e+01  5.880415326787e-02
 5.604224968690e+04  1.479122200000e+01  5.867440577979e-02
 5.604225544633e+04  1.479456400000e+01  5.827422880461e-02
 5.606133336994e+04  1.549040900000e+01  6.294681220345e-02
 5.606134128648e+04  1.549515300000e+01  6.293700406584e-02
 5.606134929547e+04  1.548209200000e+01  6.307740354369e-02
 5.606135724848e+04  1.546132400000e+01  6.282743677723e-02
 5.607123352733e+04  1.474065200000e+01  5.577165870410e-02
 5.607124103919e+04  1.477978200000e+01  5.594363686790e-02
 5.607124850507e+04  1.482999800000e+01  5.616267502881e-02
 5.607125610269e+04  1.486100700000e+01  5.636328809836e-02
 5.608926684435e+04  1.518136000000e+01  6.011059215278e-02
 5.608927361531e+04  1.519317200000e+01  6.024948504719e-02
 5.608928038012e+04  1.519390700000e+01  6.035145295137e-02
 5.608928717250e+04  1.527684100000e+01  6.145047734196e-02
