# time mag mag_err
 5.346433708421e+04  1.548433800000e+01  6.270919951355e-02
 5.346434520175e+04  1.551241300000e+01  6.296231141985e-02
 5.346435327634e+04  1.553168000000e+01  6.310591628636e-02
 5.346436132037e+04  1.554210600000e+01  6.319425538134e-02
 5.370550627331e+04  1.584970500000e+01  6.792074272569e-02
 5.370551310606e+04  1.580967500000e+01  6.732867010753e-02
 5.370551960419e+04  1.579537300000e+01  6.709899681388e-02
 5.370552621794e+04  1.574516700000e+01  6.644820631790e-02
 5.371449788060e+04  1.563866300000e+01  6.475058029952e-02
 5.371450737575e+04  1.562199200000e+01  6.475131611178e-02
 5.371451681545e+04  1.559704200000e+01  6.448618016205e-02
 5.371452623282e+04  1.567767900000e+01  6.524534296826e-02
 5.373249063416e+04  1.538593800000e+01  6.253059577015e-02
 5.373249921976e+04  1.548398800000e+01  6.330241527074e-02
 5.373250789508e+04  1.544537000000e+01  6.305354081982e-02
 5.373251663081e+04  1.549752800000e+01  6.350570001419e-02
 5.355415744898e+04  1.567578000000e+01  6.614422576061e-02
 5.355416384456e+04  1.564960700000e+01  6.594180782285e-02
 5.355417033435e+04  1.567834500000e+01  6.631815719156e-02
 5.355417677946e+04  1.571512800000e+01  6.684239113926e-02
 5.353319753468e+04  1.525844400000e+01  6.203085049229e-02
 5.353320526631e+04  1.525071900000e+01  6.207247281545e-02
 5.353321274550e+04  1.526861700000e+01  6.227726229992e-02
 5.353322019992e+04  1.530916900000e+01  6.264016996570e-02
 5.349818794012e+04  1.524477100000e+01  6.115866889925e-02
 5.349819441694e+04  1.524356000000e+01  6.118537224448e-02
 5.349820088498e+04  1.529813800000e+01  6.154427948563e-02
 5.349820731515e+04  1.528391900000e+01  6.142510152216e-02
 5.352122404378e+04  1.537113400000e+01  6.362897041784e-02
 5.352123264525e+04  1.532916100000e+01  6.427812552358e-02
 5.352124122716e+04  1.542570100000e+01  6.306611261299e-02
 5.352124981949e+04  1.545920300000e+01  6.331718951478e-02
 5.383228291461e+04  1.571306000000e+01  6.846859878644e-02
 5.383229104997e+04  1.581555000000e+01  6.982812385076e-02
 5.383229914087e+04  1.566669700000e+01  6.792841049046e-02
 5.383230719417e+04  1.566658300000e+01  6.792649284136e-02
 5.384529729883e+04  1.562566100000e+01  6.561149269858e-02
 5.384530423807e+04  1.561782500000e+01  6.559677613474e-02
 5.384531119293e+04  1.563957800000e+01  6.582465604074e-02
 5.384531817244e+04  1.564171900000e+01  6.589756252541e-02
 5.409548651873e+04  1.561778500000e+01  6.385548255143e-02
 5.409549681125e+04  1.583512200000e+01  6.605708916176e-02
 5.409550718699e+04  1.576364000000e+01  6.521623788680e-02
 5.409551753196e+04  1.578876600000e+01  6.544342283560e-02
 5.377245238280e+04  1.553870600000e+01  6.369869530921e-02
 5.377245996106e+04  1.559564100000e+01  6.412080451154e-02
 5.377246756596e+04  1.556917800000e+01  6.390566455134e-02
 5.377247532954e+04  1.560079700000e+01  6.422564045990e-02
 5.378842854345e+04  1.575344200000e+01  6.603545373171e-02
 5.378843599058e+04  1.573525100000e+01  6.585301784057e-02
 5.378844351318e+04  1.577343700000e+01  6.621613462028e-02
 5.378845100071e+04  1.574150800000e+01  6.590506286275e-02
 5.375846119622e+04  1.586546800000e+01  6.733505774113e-02
 5.375846830352e+04  1.582622200000e+01  6.682596222273e-02
 5.375847536150e+04  1.582432600000e+01  6.680601425276e-02
 5.375848244970e+04  1.583166900000e+01  6.687460918229e-02
 5.376547596475e+04  1.576902700000e+01  6.635844672484e-02
 5.376548196470e+04  1.577774900000e+01  6.664019968558e-02
 5.376548802056e+04  1.576493400000e+01  6.650293844803e-02
 5.376549412064e+04  1.579257100000e+01  6.673314439149e-02
 5.390425037433e+04  1.506961500000e+01  9.282156381152e-02
 5.390425133433e+04  1.510545700000e+01  9.398502105462e-02
 5.390425230255e+04  1.511110900000e+01  9.415730154906e-02
 5.390425328501e+04  1.513983100000e+01  9.572553759334e-02
 5.390718371313e+04  1.568835500000e+01  6.682679109283e-02
 5.390719175925e+04  1.570763500000e+01  6.711432142289e-02
 5.390719978858e+04  1.571243600000e+01  6.723840835419e-02
 5.390720787903e+04  1.573651400000e+01  6.763660679326e-02
 5.380341347218e+04  1.582321200000e+01  7.302230740703e-02
 5.380341990630e+04  1.574346000000e+01  7.170075997677e-02
 5.380342630290e+04  1.575157800000e+01  7.177668378155e-02
 5.380343269432e+04  1.583790700000e+01  7.321516151919e-02
 5.381734127132e+04  1.557175000000e+01  6.447388549686e-02
 5.381735039990e+04  1.559560600000e+01  6.464107503051e-02
 5.381735951794e+04  1.559173300000e+01  6.446683720016e-02
 5.381736867708e+04  1.561590600000e+01  6.469681245945e-02
 5.387621957500e+04  1.589856200000e+01  6.920648565179e-02
 5.387622715027e+04  1.591366100000e+01  6.942755159940e-02
 5.387623472483e+04  1.583957200000e+01  6.850936361560e-02
 5.387624225241e+04  1.588427600000e+01  6.910682791353e-02
 5.406649775625e+04  1.559901600000e+01  6.406526856174e-02
 5.406650831523e+04  1.608401200000e+01  6.941532646811e-02
 5.406651785286e+04  1.584226100000e+01  6.644978006718e-02
 5.420622723042e+04  1.582630900000e+01  6.758552804098e-02
 5.420623258763e+04  1.582538900000e+01  6.748782393110e-02
 5.420623793164e+04  1.581915400000e+01  6.731564651052e-02
 5.420624328064e+04  1.580029900000e+01  6.709358088632e-02
 5.443949910580e+04  1.522190900000e+01  6.078114150564e-02
 5.443950564941e+04  1.523874600000e+01  6.086208962595e-02
 5.443951230553e+04  1.523925700000e+01  6.083134224752e-02
 5.443951880956e+04  1.529400600000e+01  6.121678363965e-02
 5.411544174309e+04  1.562015700000e+01  6.360206060675e-02
 5.411545359229e+04  1.547104600000e+01  6.222263840897e-02
 5.411546541499e+04  1.551012600000e+01  6.254516388842e-02
 5.411547715480e+04  1.523951700000e+01  6.035912927264e-02
 5.412740325824e+04  1.586963600000e+01  6.652755722145e-02
 5.426122899457e+04  1.560175100000e+01  6.470685994941e-02
 5.426123645096e+04  1.565274400000e+01  6.530493800002e-02
 5.426124396141e+04  1.563857500000e+01  6.523292051406e-02
 5.426125146109e+04  1.564239400000e+01  6.537766824074e-02
 5.426916208484e+04  1.581595000000e+01  6.698404759588e-02
 5.426916960523e+04  1.585386100000e+01  6.745574290695e-02
 5.426917710468e+04  1.579912700000e+01  6.683400637911e-02
 5.426918461801e+04  1.581321700000e+01  6.699760877411e-02
 5.417034818531e+04  1.561704900000e+01  6.399234729476e-02
 5.417035248472e+04  1.564409000000e+01  6.425793069393e-02
 5.417035679049e+04  1.556872400000e+01  6.352149260855e-02
 5.417036111165e+04  1.562650200000e+01  6.408766669910e-02
 5.422928375684e+04  1.555272600000e+01  6.405893887127e-02
 5.422929397425e+04  1.550272100000e+01  6.365435349801e-02
 5.422930418992e+04  1.543780200000e+01  6.316677836377e-02
 5.422931440767e+04  1.539176500000e+01  6.278822333883e-02
 5.423922833075e+04  1.531510500000e+01  6.301372458611e-02
 5.423923804061e+04  1.534441900000e+01  6.330265796552e-02
 5.423924775615e+04  1.535518400000e+01  6.356496310014e-02
 5.423925744516e+04  1.542897900000e+01  6.425463697415e-02
 5.456832396416e+04  1.575811400000e+01  6.540816218393e-02
 5.456833012234e+04  1.577182800000e+01  6.554375226787e-02
 5.456833625076e+04  1.572998700000e+01  6.515625138091e-02
 5.456834239701e+04  1.577281000000e+01  6.556951800185e-02
 5.480552713999e+04  1.570083900000e+01  6.990602834408e-02
 5.480553002670e+04  1.570034300000e+01  6.983926089904e-02
 5.480553290660e+04  1.564313200000e+01  6.913196503107e-02
 5.480553580431e+04  1.559472800000e+01  6.848103245360e-02
 5.450244458088e+04  1.535986300000e+01  6.142813748112e-02
 5.450245320377e+04  1.537070200000e+01  6.154728044379e-02
 5.450246183348e+04  1.539783200000e+01  6.174968345238e-02
 5.450247043634e+04  1.542474700000e+01  6.197424255416e-02
 5.452343009995e+04  1.571468200000e+01  6.452356213726e-02
 5.452343999513e+04  1.573415100000e+01  6.482059346282e-02
 5.452344991020e+04  1.574095700000e+01  6.488065575280e-02
 5.452345984079e+04  1.579753300000e+01  6.546491441863e-02
 5.449643411270e+04  1.535928400000e+01  6.133926686921e-02
 5.449643847078e+04  1.538140300000e+01  6.149300430309e-02
 5.449644285086e+04  1.537758800000e+01  6.148392642250e-02
 5.449644722851e+04  1.540900600000e+01  6.173465173690e-02
 5.462521126017e+04  1.572231600000e+01  6.565204050351e-02
 5.462521843495e+04  1.574413600000e+01  6.588091535441e-02
 5.462522565487e+04  1.599988500000e+01  6.893842367937e-02
 5.462523287178e+04  1.579680400000e+01  6.656704283252e-02
 5.452932272457e+04  1.554879400000e+01  6.319063520684e-02
 5.452932987076e+04  1.556879700000e+01  6.337891956208e-02
 5.452933703165e+04  1.558108300000e+01  6.343787328143e-02
 5.452934420042e+04  1.559867000000e+01  6.363502422344e-02
 5.453526269113e+04  1.535592500000e+01  8.142371545717e-02
 5.453526296152e+04  1.536688000000e+01  8.175345109315e-02
 5.453526323226e+04  1.535041500000e+01  8.141910280968e-02
 5.453526350310e+04  1.555916100000e+01  8.588163728425e-02
 5.455431127006e+04  1.556540300000e+01  6.348158692033e-02
 5.455431885053e+04  1.550863900000e+01  6.294101688953e-02
 5.455432643944e+04  1.567709600000e+01  6.452018635319e-02
 5.455433404503e+04  1.560778500000e+01  6.380438833034e-02
 5.458720539830e+04  1.541132300000e+01  5.982010400599e-02
 5.458721171991e+04  1.538330900000e+01  5.963999296738e-02
 5.458721801362e+04  1.532466700000e+01  5.921445591417e-02
 5.458722431648e+04  1.535039700000e+01  5.936850680870e-02
 5.518052437148e+04  1.534667400000e+01  6.149957857773e-02
 5.518053081799e+04  1.534757300000e+01  6.148668314302e-02
 5.518053717770e+04  1.536153400000e+01  6.156376434599e-02
 5.518054355859e+04  1.539850600000e+01  6.186336040086e-02
 5.499715899366e+04  1.517957100000e+01  6.424289789326e-02
 5.499716376844e+04  1.521292800000e+01  6.482065523954e-02
 5.499716853847e+04  1.525561100000e+01  6.517376583072e-02
 5.499717340515e+04  1.525568700000e+01  6.521169518825e-02
 5.490741229949e+04  1.535054100000e+01  6.147803492946e-02
 5.490741709521e+04  1.538782300000e+01  6.180144862572e-02
 5.490742179972e+04  1.537724200000e+01  6.171324136556e-02
 5.490742652416e+04  1.541990000000e+01  6.205016456660e-02
 5.491734369524e+04  1.558649200000e+01  6.378494309372e-02
 5.491734948605e+04  1.561925400000e+01  6.410377032755e-02
 5.491735535372e+04  1.561487400000e+01  6.405525347172e-02
 5.491736115250e+04  1.562512800000e+01  6.415400950935e-02
 5.496628308536e+04  1.577464200000e+01  6.626059907966e-02
 5.496629148716e+04  1.585633900000e+01  6.721478826093e-02
 5.496629992788e+04  1.581281100000e+01  6.671450941197e-02
 5.496630831963e+04  1.588096700000e+01  6.760794179171e-02
 5.516251470863e+04  1.549185300000e+01  6.375623234143e-02
 5.516251835731e+04  1.547962200000e+01  6.357080000038e-02
 5.516252189882e+04  1.548430900000e+01  6.354591874974e-02
 5.516252561926e+04  1.550785200000e+01  6.372442555659e-02
 5.529133477601e+04  1.580208600000e+01  6.629355377601e-02
 5.529134171918e+04  1.583470800000e+01  6.669592194729e-02
 5.529134865137e+04  1.581768400000e+01  6.642707254536e-02
 5.529135562465e+04  1.578319000000e+01  6.602707061770e-02
 5.530132501972e+04  1.574222000000e+01  6.556071103616e-02
 5.530133190097e+04  1.572313500000e+01  6.539313436459e-02
 5.530133893838e+04  1.568523500000e+01  6.497979729285e-02
 5.530134593284e+04  1.561514500000e+01  6.429838541503e-02
 5.553550266741e+04  1.590371800000e+01  6.344547685898e-02
 5.553551622163e+04  1.590497400000e+01  6.357466134370e-02
 5.553552298530e+04  1.597305700000e+01  6.401470136958e-02
 5.554551430817e+04  1.521233800000e+01  6.092027023876e-02
 5.554552598538e+04  1.525160700000e+01  6.121165594705e-02
 5.554553179647e+04  1.529092200000e+01  6.151991313168e-02
 5.524137515091e+04  1.564339200000e+01  6.498933613315e-02
 5.524138356403e+04  1.566727800000e+01  6.519815232689e-02
 5.524139199221e+04  1.568116100000e+01  6.529933446313e-02
 5.524140040813e+04  1.569998800000e+01  6.540761955888e-02
 5.535222759402e+04  1.582766300000e+01  6.668591344015e-02
 5.535223622479e+04  1.579286100000e+01  6.632813119581e-02
 5.535224366708e+04  1.576636700000e+01  6.606804300375e-02
 5.535225098147e+04  1.570550500000e+01  6.545051119544e-02
 5.526740424023e+04  1.562193900000e+01  6.432180729097e-02
 5.526741087325e+04  1.553310300000e+01  6.351857280509e-02
 5.526741751080e+04  1.546560100000e+01  6.288984146294e-02
 5.526742409354e+04  1.542334600000e+01  6.253556062932e-02
 5.527535781135e+04  1.579619400000e+01  6.598044180883e-02
 5.527536520990e+04  1.575715900000e+01  6.550989244695e-02
 5.527537264453e+04  1.592232700000e+01  6.743574943288e-02
 5.527538004775e+04  1.582024100000e+01  6.623145981065e-02
 5.565533756337e+04  1.586274200000e+01  6.421513864965e-02
 5.565534447398e+04  1.587972800000e+01  6.436781733693e-02
 5.565535146461e+04  1.582733600000e+01  6.388942703252e-02
 5.565535843806e+04  1.590651700000e+01  6.465363373760e-02
 5.566320583890e+04  1.544164500000e+01  6.209471782471e-02
 5.566321150912e+04  1.545490000000e+01  6.219403400486e-02
 5.566321722421e+04  1.546608500000e+01  6.228873966771e-02
 5.566322291560e+04  1.548303000000e+01  6.239764795833e-02
 5.567617112294e+04  1.577507700000e+01  7.076916148302e-02
 5.567617715009e+04  1.579856100000e+01  7.115572216525e-02
 5.567618315655e+04  1.577035800000e+01  7.059045737974e-02
 5.567618919785e+04  1.577665600000e+01  7.056343190292e-02
 5.560341498251e+04  1.586853500000e+01  6.392711342699e-02
 5.560342402720e+04  1.585974700000e+01  6.385202394380e-02
 5.560343307872e+04  1.577603600000e+01  6.306359588730e-02
 5.560344211738e+04  1.571287800000e+01  6.249908326923e-02
 5.564438699794e+04  1.580434000000e+01  6.749552542707e-02
 5.564439219821e+04  1.587242200000e+01  6.831815804302e-02
 5.564439745659e+04  1.587208900000e+01  6.828989420171e-02
 5.564440269400e+04  1.585256700000e+01  6.810275916460e-02
 5.412740742072e+04  1.587638200000e+01  6.659557420079e-02
 5.412741732699e+04  1.586770200000e+01  6.646561511362e-02
 5.412742737286e+04  1.589723100000e+01  6.676192570047e-02
 5.412743736062e+04  1.588761600000e+01  6.660071575364e-02
 5.591949110443e+04  1.571167700000e+01  6.557333580988e-02
 5.591949565594e+04  1.570179400000e+01  6.545323936281e-02
 5.591950029183e+04  1.575250300000e+01  6.593448718128e-02
 5.591950482181e+04  1.574099600000e+01  6.581041083490e-02
 5.592946104116e+04  1.589450800000e+01  6.736262121059e-02
 5.592946967723e+04  1.590114200000e+01  6.737777946682e-02
 5.592947837072e+04  1.585518600000e+01  6.680436129663e-02
 5.592948704560e+04  1.590303000000e+01  6.734011849118e-02
 5.595952358941e+04  1.585995300000e+01  6.679040917290e-02
 5.595952882370e+04  1.585102500000e+01  6.677088702599e-02
 5.595953405500e+04  1.587278600000e+01  6.705629122520e-02
 5.595953919935e+04  1.598609300000e+01  6.838422998558e-02
 5.599936203659e+04  1.565487000000e+01  6.465508471360e-02
 5.599936735463e+04  1.570327000000e+01  6.521149853221e-02
 5.599937264760e+04  1.572013700000e+01  6.538171700300e-02
 5.599937797586e+04  1.570801700000e+01  6.524349201124e-02
 5.600728137867e+04  1.591927600000e+01  6.434785225380e-02
 5.600729158951e+04  1.589451500000e+01  6.407871908374e-02
 5.600730194740e+04  1.583409000000e+01  6.346929283135e-02
 5.600731224950e+04  1.579820800000e+01  6.316952924064e-02
 5.602924756979e+04  1.548287400000e+01  6.344721751811e-02
 5.602925261729e+04  1.541638100000e+01  6.282551402022e-02
 5.602925763652e+04  1.541059700000e+01  6.280775185690e-02
 5.602926273552e+04  1.540141000000e+01  6.272876425027e-02
 5.603531522500e+04  1.535418800000e+01  6.226689960445e-02
 5.603531983785e+04  1.534476500000e+01  6.219826501135e-02
 5.603532436876e+04  1.534966000000e+01  6.225304727847e-02
 5.603532898971e+04  1.536053500000e+01  6.236671699474e-02
 5.606226157160e+04  1.558832900000e+01  6.380486358158e-02
 5.606226917927e+04  1.558642700000e+01  6.380285767411e-02
 5.606227803483e+04  1.558638800000e+01  6.386363068619e-02
 5.606228555612e+04  1.562044000000e+01  6.415903896177e-02
 5.606830821569e+04  1.566308000000e+01  6.498761861784e-02
 5.606831558498e+04  1.565612400000e+01  6.503108793856e-02
 5.606832297586e+04  1.568121000000e+01  6.541745180410e-02
 5.606833028631e+04  1.566098700000e+01  6.528707669102e-02
 5.609221638384e+04  1.532119300000e+01  6.167629174782e-02
 5.609222140507e+04  1.528710400000e+01  6.145883648478e-02
 5.609222649954e+04  1.523274000000e+01  6.104238176687e-02
 5.609223157269e+04  1.526706200000e+01  6.136609301582e-02
