# time mag mag_err
 5.371114114516e+04  1.502960100000e+01  6.074262593330e-02
 5.371114914891e+04  1.504325200000e+01  6.082445771858e-02
 5.371115715557e+04  1.506190900000e+01  6.100858418926e-02
 5.371116517124e+04  1.506472000000e+01  6.101799028339e-02
 5.367720006422e+04  1.523063800000e+01  6.275466175443e-02
 5.367720601325e+04  1.523359400000e+01  6.279711175326e-02
 5.367721197546e+04  1.523532200000e+01  6.279257727044e-02
 5.367721792993e+04  1.522152800000e+01  6.264644586542e-02
 5.370419102875e+04  1.469287100000e+01  5.872643373354e-02
 5.370420000083e+04  1.471165800000e+01  5.887742783091e-02
 5.370420858355e+04  1.475529500000e+01  5.918641112516e-02
 5.370421724069e+04  1.477093300000e+01  5.931280157743e-02
 5.364828483118e+04  1.522350000000e+01  6.367601841898e-02
 5.364829019198e+04  1.523302700000e+01  6.379315597604e-02
 5.364829557951e+04  1.524040300000e+01  6.381178212008e-02
 5.364830093418e+04  1.519876400000e+01  6.340864457707e-02
 5.365424680698e+04  1.477975800000e+01  5.972030189108e-02
 5.365425324769e+04  1.479559200000e+01  5.982851664949e-02
 5.365425960715e+04  1.481054200000e+01  5.992839986668e-02
 5.365619020612e+04  1.523377900000e+01  6.376346234831e-02
 5.365619605583e+04  1.524784600000e+01  6.378010507843e-02
 5.365620191122e+04  1.519013900000e+01  6.331320113720e-02
 5.365620778373e+04  1.519441100000e+01  6.330328939841e-02
 5.366717599898e+04  1.521815500000e+01  6.247782358623e-02
 5.366718257095e+04  1.510633600000e+01  6.152817502845e-02
 5.366718912671e+04  1.499039200000e+01  6.059390035460e-02
 5.366719581258e+04  1.485080400000e+01  5.959168052489e-02
 5.361628959584e+04  1.499432300000e+01  6.172305869294e-02
 5.361629602244e+04  1.498512500000e+01  6.157223812447e-02
 5.361630245412e+04  1.501765800000e+01  6.189225116561e-02
 5.361630888014e+04  1.499825700000e+01  6.166154107698e-02
 5.362627387601e+04  1.535709100000e+01  6.438564355108e-02
 5.362628193531e+04  1.531416200000e+01  6.421090938020e-02
 5.363634961505e+04  1.520151300000e+01  6.310737123492e-02
 5.363635736624e+04  1.524235900000e+01  6.347363849670e-02
 5.363636507993e+04  1.524287200000e+01  6.338152658790e-02
 5.363637284306e+04  1.521166300000e+01  6.323264529715e-02
 5.409107996950e+04  1.504014200000e+01  6.010704502506e-02
 5.409109944767e+04  1.510370200000e+01  6.203088905443e-02
 5.409110920059e+04  1.509398700000e+01  6.059194745853e-02
 5.409111570936e+04  1.515792100000e+01  6.109627467312e-02
 5.405617094933e+04  1.512926600000e+01  6.062249268866e-02
 5.405617682867e+04  1.501827300000e+01  5.985360231534e-02
 5.405618273962e+04  1.487557900000e+01  5.886829176411e-02
 5.405618863898e+04  1.475631600000e+01  5.816433592762e-02
 5.406219604593e+04  1.522301700000e+01  6.143487071561e-02
 5.406220257738e+04  1.519870600000e+01  6.123904191921e-02
 5.406220909437e+04  1.522107900000e+01  6.140146447266e-02
 5.406221563336e+04  1.522097800000e+01  6.144545445994e-02
 5.401228496247e+04  1.520680100000e+01  6.113497220892e-02
 5.401229027256e+04  1.524125000000e+01  6.139302711280e-02
 5.401229559644e+04  1.516443700000e+01  6.078465803935e-02
 5.401230096036e+04  1.524832100000e+01  6.144968000978e-02
 5.402918581995e+04  1.505977100000e+01  6.013137839884e-02
 5.402919616190e+04  1.509019500000e+01  6.036968079847e-02
 5.402920648372e+04  1.511239900000e+01  6.051644437659e-02
 5.402921678191e+04  1.513047400000e+01  6.061554830342e-02
 5.399731928753e+04  1.492260300000e+01  5.916259389878e-02
 5.399733250671e+04  1.496401700000e+01  5.946131180093e-02
 5.399734573098e+04  1.500605300000e+01  5.970937432400e-02
 5.399735894299e+04  1.502223400000e+01  5.981485698130e-02
 5.400333924256e+04  1.526190400000e+01  6.167708801534e-02
 5.400334573073e+04  1.521556400000e+01  6.129029994573e-02
 5.400335223128e+04  1.508618800000e+01  6.032679043210e-02
 5.400335872270e+04  1.497246300000e+01  5.956547757646e-02
 5.444006107229e+04  1.478604700000e+01  5.850733545492e-02
 5.444006760977e+04  1.477034800000e+01  5.837836057699e-02
 5.444007413903e+04  1.467089400000e+01  5.776333560486e-02
 5.444008066366e+04  1.461814300000e+01  5.745905795528e-02
 5.440617977606e+04  1.497680300000e+01  5.978079250441e-02
 5.440618629317e+04  1.498806300000e+01  5.983815775221e-02
 5.440619279500e+04  1.497490200000e+01  5.974163256332e-02
 5.440619929509e+04  1.499947900000e+01  5.990023250980e-02
 5.441517205910e+04  1.473506300000e+01  5.824062562466e-02
 5.441517918955e+04  1.474355500000e+01  5.829495005873e-02
 5.441518627497e+04  1.477644400000e+01  5.849742756889e-02
 5.441519341352e+04  1.478914100000e+01  5.857831937559e-02
 5.437726215329e+04  1.502106900000e+01  6.024423294050e-02
 5.437726864909e+04  1.504649500000e+01  6.042136410504e-02
 5.437727515184e+04  1.503500600000e+01  6.031237982111e-02
 5.437728166825e+04  1.507439600000e+01  6.062765685722e-02
 5.438417959781e+04  1.520005400000e+01  6.154103362899e-02
 5.438418619860e+04  1.520732700000e+01  6.150619615999e-02
 5.438419283852e+04  1.521201100000e+01  6.152497430760e-02
 5.438419946396e+04  1.520549400000e+01  6.146355963846e-02
 5.438825710682e+04  1.519771800000e+01  6.142655055341e-02
 5.438826570319e+04  1.517731200000e+01  6.127460647246e-02
 5.438827429865e+04  1.520323700000e+01  6.147343715164e-02
 5.438828290810e+04  1.521496300000e+01  6.160256161478e-02
 5.434834378623e+04  1.509111800000e+01  6.385702542228e-02
 5.434835196510e+04  1.510817500000e+01  6.491756335576e-02
 5.434836020835e+04  1.513014600000e+01  6.449879357296e-02
 5.434836860668e+04  1.516762400000e+01  6.404723180254e-02
 5.435731518632e+04  1.483886500000e+01  6.010231979643e-02
 5.435732291078e+04  1.488785500000e+01  5.952265314372e-02
 5.435733064646e+04  1.490558000000e+01  5.963346689606e-02
 5.435733837334e+04  1.492252100000e+01  5.969324946561e-02
 5.480210498347e+04  1.515836900000e+01  6.239748295444e-02
 5.480211146852e+04  1.518452400000e+01  6.379916506789e-02
 5.480211790750e+04  1.513926700000e+01  6.366935571569e-02
 5.480212434427e+04  1.520081600000e+01  6.294202008869e-02
 5.477616079282e+04  1.526522000000e+01  6.161621466779e-02
 5.477616804262e+04  1.529103900000e+01  6.185080761599e-02
 5.477617538777e+04  1.532568100000e+01  6.211111838648e-02
 5.477618260329e+04  1.532995500000e+01  6.217221181623e-02
 5.479111873279e+04  1.471859700000e+01  5.820743227811e-02
 5.479112537154e+04  1.474780800000e+01  5.846158333970e-02
 5.479113201723e+04  1.474647100000e+01  5.853458187261e-02
 5.479113858273e+04  1.479319300000e+01  5.966536219170e-02
 5.474131223193e+04  1.512011300000e+01  6.092136171132e-02
 5.474132074508e+04  1.516419000000e+01  6.127065770701e-02
 5.474132921461e+04  1.516721200000e+01  6.129786212130e-02
 5.474133775866e+04  1.515877500000e+01  6.126941965514e-02
 5.474818346638e+04  1.518026200000e+01  6.086677523018e-02
 5.474819083398e+04  1.519854100000e+01  6.124912561644e-02
 5.474819812359e+04  1.518600400000e+01  6.112339269808e-02
 5.474820539293e+04  1.525772100000e+01  6.168752709060e-02
 5.476619055884e+04  1.490279800000e+01  5.909554727528e-02
 5.476619911308e+04  1.492084700000e+01  5.923225914578e-02
 5.476620759591e+04  1.494758700000e+01  5.942319199572e-02
 5.476621610652e+04  1.496036700000e+01  5.952274537278e-02
 5.471531434562e+04  1.523454300000e+01  6.183947993380e-02
 5.471532077487e+04  1.523221200000e+01  6.179044812211e-02
 5.471532725216e+04  1.523941000000e+01  6.181946238399e-02
 5.471533368466e+04  1.523613400000e+01  6.183835965696e-02
 5.472934992885e+04  1.506196000000e+01  6.059812876845e-02
 5.472935647721e+04  1.507152500000e+01  6.068340166186e-02
 5.472936303378e+04  1.508158600000e+01  6.077762751885e-02
 5.472936958909e+04  1.511185800000e+01  6.107670043987e-02
 5.518107744793e+04  1.530694300000e+01  6.717289258453e-02
 5.518108150323e+04  1.534898100000e+01  6.835127715987e-02
 5.518108558609e+04  1.528083000000e+01  6.664456367749e-02
 5.518108961302e+04  1.530839200000e+01  6.756070970346e-02
 5.514618163222e+04  1.508279100000e+01  6.107451211979e-02
 5.514618888363e+04  1.511274200000e+01  6.137025340519e-02
 5.514619620530e+04  1.511144600000e+01  6.148099753606e-02
 5.514620346152e+04  1.513636700000e+01  6.160709654900e-02
 5.515311447359e+04  1.522498500000e+01  6.205098037909e-02
 5.515312180602e+04  1.524429200000e+01  6.221001792304e-02
 5.515312905199e+04  1.524192800000e+01  6.216399197872e-02
 5.515313621723e+04  1.522607200000e+01  6.201990634631e-02
 5.512415468800e+04  1.522858100000e+01  6.240432018134e-02
 5.512416336957e+04  1.521657300000e+01  6.231111552276e-02
 5.512417191145e+04  1.522938300000e+01  6.235334927810e-02
 5.512418055958e+04  1.521590500000e+01  6.219411349598e-02
 5.553617048800e+04  1.478270600000e+01  5.914757055739e-02
 5.553618193801e+04  1.482819300000e+01  5.945219184260e-02
 5.553618772490e+04  1.483380000000e+01  5.955673964476e-02
 5.550411948341e+04  1.521173000000e+01  6.255989925671e-02
 5.550412981079e+04  1.520744400000e+01  6.245677013386e-02
 5.550413501429e+04  1.518116600000e+01  6.227333326212e-02
 5.551016635846e+04  1.505206800000e+01  6.076595186403e-02
 5.551018019713e+04  1.507726000000e+01  6.096050267242e-02
 5.551018712282e+04  1.507930800000e+01  6.098101108719e-02
 5.557708012072e+04  1.488027800000e+01  6.276716898691e-02
 5.557708688844e+04  1.485841500000e+01  6.264904484180e-02
 5.557709365730e+04  1.490573000000e+01  6.310525906592e-02
 5.557710045127e+04  1.487390100000e+01  6.288744566718e-02
 5.362629635513e+04  1.514628200000e+01  6.264800578361e-02
 5.362630554818e+04  1.491582500000e+01  6.071977023255e-02
 5.362631478903e+04  1.474763900000e+01  5.951154156007e-02
 5.362632404921e+04  1.459893300000e+01  5.856037577361e-02
 5.585730165425e+04  1.520942900000e+01  5.947890207458e-02
 5.585731199935e+04  1.519429900000e+01  5.941702918728e-02
 5.585732239418e+04  1.522927400000e+01  5.969732314647e-02
 5.585733275357e+04  1.521250700000e+01  5.964065577048e-02
 5.585730165425e+04  1.521777100000e+01  5.982434520490e-02
 5.585731199935e+04  1.521957100000e+01  5.987763079116e-02
 5.585732239418e+04  1.523653300000e+01  6.003018843149e-02
 5.585733275357e+04  1.521797900000e+01  5.996203272570e-02
 5.582435630821e+04  1.523382800000e+01  6.215990609076e-02
 5.582436316816e+04  1.523011700000e+01  6.214735164067e-02
 5.582436994242e+04  1.524327900000e+01  6.223766019332e-02
 5.582437684678e+04  1.524813500000e+01  6.233784205669e-02
 5.583330877603e+04  1.509236700000e+01  6.119225096542e-02
 5.583331217365e+04  1.534011200000e+01  6.922561513310e-02
 5.583331552348e+04  1.512976000000e+01  6.145592119484e-02
 5.583331896197e+04  1.511932800000e+01  6.135060574110e-02
 5.584929166926e+04  1.516508800000e+01  6.145071967982e-02
 5.584930017453e+04  1.521941300000e+01  6.192327232688e-02
 5.584930863131e+04  1.522973900000e+01  6.204154577471e-02
 5.584931713965e+04  1.520311900000e+01  6.186636248804e-02
 5.588214651109e+04  1.512923700000e+01  6.116954270518e-02
 5.588215213117e+04  1.515419500000e+01  6.138173039204e-02
 5.588215774709e+04  1.515292500000e+01  6.137052662033e-02
 5.588216342920e+04  1.515755300000e+01  6.136108454483e-02
 5.592910388532e+04  1.468872000000e+01  5.815523951987e-02
 5.592910896928e+04  1.467946600000e+01  5.811588494640e-02
 5.592911408412e+04  1.474671400000e+01  5.853957098041e-02
 5.592911920719e+04  1.474931900000e+01  5.858597232871e-02
 5.615234343588e+04  1.498288600000e+01  6.520564392098e-02
 5.615235879388e+04  1.598945800000e+01  2.039973648191e-01
 5.616731609698e+04  1.526531300000e+01  5.981985753755e-02
 5.616732384919e+04  1.526596300000e+01  5.974013163126e-02
 5.616733176891e+04  1.525082000000e+01  5.957789450998e-02
 5.616733971471e+04  1.515951400000e+01  5.896815210594e-02
 5.618530577530e+04  1.497044000000e+01  5.848677363007e-02
 5.618531728788e+04  1.499267500000e+01  5.859872190418e-02
 5.618532882970e+04  1.500875800000e+01  5.864834559025e-02
 5.618534039885e+04  1.503645800000e+01  5.879142750531e-02
 5.620827506521e+04  1.516936500000e+01  6.204069276097e-02
 5.620828009126e+04  1.518307000000e+01  6.216367423201e-02
 5.620828514473e+04  1.520146000000e+01  6.231074847674e-02
 5.620829020817e+04  1.520652700000e+01  6.237892006020e-02
 5.621824935152e+04  1.495966000000e+01  6.084375896550e-02
 5.621825387861e+04  1.497707400000e+01  6.118889271461e-02
 5.621825842825e+04  1.498476600000e+01  6.089352722147e-02
 5.621826298895e+04  1.497199600000e+01  6.085236188574e-02
