# time mag mag_err
 5.372839985631e+04  1.531134400000e+01  6.345099879606e-02
 5.372840896799e+04  1.532978500000e+01  6.342150729241e-02
 5.372841806485e+04  1.531515300000e+01  6.310962542904e-02
 5.372842717907e+04  1.532232700000e+01  6.296331923993e-02
 5.373343438782e+04  1.534525700000e+01  6.195359741109e-02
 5.373344025328e+04  1.535549700000e+01  6.199323762460e-02
 5.373344612359e+04  1.534536900000e+01  6.191921371476e-02
 5.373345201324e+04  1.534417100000e+01  6.191307575597e-02
 5.352715939657e+04  1.501771400000e+01  5.994071363926e-02
 5.352716591623e+04  1.508998800000e+01  6.047871162625e-02
 5.352717244398e+04  1.505251100000e+01  6.024412459804e-02
 5.352717893516e+04  1.508328300000e+01  6.054673892519e-02
 5.350017060990e+04  1.549793500000e+01  6.340173003478e-02
 5.350017826929e+04  1.551553800000e+01  6.353566243104e-02
 5.350018593611e+04  1.544626100000e+01  6.294338885616e-02
 5.350019362260e+04  1.540388300000e+01  6.260141596146e-02
 5.368747680497e+04  1.540980400000e+01  6.281734038880e-02
 5.368748746383e+04  1.533898500000e+01  6.215788442940e-02
 5.368749816332e+04  1.545229200000e+01  6.315062822735e-02
 5.368750885031e+04  1.547467700000e+01  6.329940706572e-02
 5.370443589347e+04  1.478605800000e+01  5.829316082014e-02
 5.370444297009e+04  1.477535200000e+01  5.821800819675e-02
 5.370445008282e+04  1.478152700000e+01  5.822950101144e-02
 5.370445721154e+04  1.480027500000e+01  5.831437852037e-02
 5.367247740034e+04  1.536952200000e+01  6.299628995897e-02
 5.367248285951e+04  1.538098700000e+01  6.303881484411e-02
 5.367248822124e+04  1.536166400000e+01  6.281225404894e-02
 5.367249359315e+04  1.536774800000e+01  6.281305717366e-02
 5.384319791272e+04  1.506108200000e+01  6.058961709594e-02
 5.384320597354e+04  1.498902800000e+01  6.011758977586e-02
 5.384321401005e+04  1.497267900000e+01  6.003158333450e-02
 5.384322205270e+04  1.491306700000e+01  5.962978258399e-02
 5.408347504721e+04  1.501663600000e+01  6.044723693243e-02
 5.408348044030e+04  1.502263500000e+01  5.936786271463e-02
 5.408348584659e+04  1.497697200000e+01  5.896415556844e-02
 5.408349126527e+04  1.494188700000e+01  5.873473930241e-02
 5.409249461265e+04  1.525171400000e+01  6.088612087356e-02
 5.409249944912e+04  1.525836800000e+01  6.084443472014e-02
 5.409250426615e+04  1.524125700000e+01  6.069154592573e-02
 5.409250910075e+04  1.525869900000e+01  6.073238417581e-02
 5.378633446571e+04  1.532957400000e+01  6.185069577602e-02
 5.378633824089e+04  1.536028500000e+01  6.260695986787e-02
 5.378634202569e+04  1.529891000000e+01  6.166331050782e-02
 5.378634582611e+04  1.533078300000e+01  6.303621758153e-02
 5.374440221248e+04  1.504160300000e+01  6.022325497502e-02
 5.374440820282e+04  1.500625200000e+01  5.996386507021e-02
 5.374441419444e+04  1.503639900000e+01  6.016429119896e-02
 5.374442018606e+04  1.506102200000e+01  6.031982718975e-02
 5.375540566105e+04  1.540722100000e+01  6.243604724735e-02
 5.375541233662e+04  1.531796600000e+01  6.169689654022e-02
 5.375541908140e+04  1.522860600000e+01  6.099951343511e-02
 5.375542586391e+04  1.507120600000e+01  5.984980425330e-02
 5.376138057291e+04  1.530470100000e+01  6.174337178979e-02
 5.376138876035e+04  1.523160100000e+01  6.117170710371e-02
 5.376139693946e+04  1.526828600000e+01  6.147507403025e-02
 5.376140510387e+04  1.532478900000e+01  6.196849977824e-02
 5.379730401413e+04  1.504692300000e+01  8.706151771395e-02
 5.379730424644e+04  1.504208400000e+01  8.696436984415e-02
 5.379730447816e+04  1.505579900000e+01  8.725869907164e-02
 5.379730471856e+04  1.502553400000e+01  8.652139259126e-02
 5.381720051050e+04  1.499636300000e+01  5.956650135000e-02
 5.381720921661e+04  1.500009500000e+01  5.960536901696e-02
 5.381721780140e+04  1.503335700000e+01  5.986066012916e-02
 5.381722640183e+04  1.503697300000e+01  6.025222239415e-02
 5.387519173049e+04  1.514084900000e+01  6.153606267355e-02
 5.387519816958e+04  1.518443100000e+01  6.189266595917e-02
 5.387520461770e+04  1.518856200000e+01  6.202918654596e-02
 5.387521105205e+04  1.515568500000e+01  6.181195255990e-02
 5.388118729302e+04  1.501006900000e+01  6.028298123933e-02
 5.388120687628e+04  1.481183400000e+01  5.905026055405e-02
 5.388121669402e+04  1.477067100000e+01  5.887657833601e-02
 5.405048982343e+04  1.501181000000e+01  6.032654296813e-02
 5.405049857733e+04  1.500767600000e+01  6.026647506860e-02
 5.405050742013e+04  1.490487100000e+01  5.950534261852e-02
 5.405051617948e+04  1.482793200000e+01  5.900475138994e-02
 5.402849662874e+04  1.536157700000e+01  6.168683763516e-02
 5.402850474905e+04  1.533958500000e+01  6.144393111281e-02
 5.402851293615e+04  1.534787100000e+01  6.141869123571e-02
 5.402852110148e+04  1.538129800000e+01  6.150283399136e-02
 5.419716803448e+04  1.533943900000e+01  6.263947805075e-02
 5.419717339748e+04  1.531766300000e+01  6.205195192688e-02
 5.419717876291e+04  1.534967700000e+01  6.217320543163e-02
 5.419718412556e+04  1.535399200000e+01  6.216252352432e-02
 5.420521274929e+04  1.529735900000e+01  6.136950313819e-02
 5.420522034331e+04  1.532505700000e+01  6.160870446568e-02
 5.420522795722e+04  1.533377000000e+01  6.165995340207e-02
 5.420523551559e+04  1.534150000000e+01  6.172784608072e-02
 5.443747440419e+04  1.535299500000e+01  6.131896123690e-02
 5.443748032150e+04  1.532764900000e+01  6.116528197681e-02
 5.443748626832e+04  1.531280600000e+01  6.102923014262e-02
 5.443749220462e+04  1.534208200000e+01  6.124146967851e-02
 5.445447350238e+04  1.497192600000e+01  5.870947732678e-02
 5.445447944955e+04  1.494257600000e+01  5.851945351592e-02
 5.445448542716e+04  1.489785300000e+01  5.821944461241e-02
 5.445449146172e+04  1.484363300000e+01  5.791493549451e-02
 5.446551419500e+04  1.534520400000e+01  6.136237844894e-02
 5.446552144154e+04  1.536657500000e+01  6.156784022153e-02
 5.446552874711e+04  1.534957600000e+01  6.141418132194e-02
 5.446553604920e+04  1.536630900000e+01  6.156876203070e-02
 5.413925430250e+04  1.532638600000e+01  6.627003178258e-02
 5.413926137530e+04  1.531212600000e+01  6.350273692723e-02
 5.413926848284e+04  1.533251000000e+01  6.342641254952e-02
 5.413927568806e+04  1.535698000000e+01  6.430284496486e-02
 5.414038665823e+04  1.513569200000e+01  9.162210651587e-02
 5.414038769255e+04  1.526106500000e+01  9.526779118880e-02
 5.414038872373e+04  1.507352900000e+01  9.186593925729e-02
 5.414038976059e+04  1.517992700000e+01  9.473707589153e-02
 5.411039824674e+04  1.500456700000e+01  5.920264299240e-02
 5.411040536885e+04  1.504120100000e+01  5.950518220243e-02
 5.411041257245e+04  1.502130900000e+01  5.982042414644e-02
 5.411041978740e+04  1.504342800000e+01  5.938114877835e-02
 5.412439899322e+04  1.536236700000e+01  6.157145775740e-02
 5.412440736412e+04  1.533906500000e+01  6.135989271445e-02
 5.412441576813e+04  1.535653400000e+01  6.150717683537e-02
 5.412442414991e+04  1.537071700000e+01  6.161428229584e-02
 5.416822799424e+04  1.487106900000e+01  5.822958478484e-02
 5.416823609916e+04  1.486477600000e+01  5.820149036630e-02
 5.416824424470e+04  1.490019700000e+01  5.840929681773e-02
 5.416825233039e+04  1.494066400000e+01  5.864418637097e-02
 5.417429686396e+04  1.549111500000e+01  6.263826761639e-02
 5.417430402485e+04  1.547177800000e+01  6.250359793103e-02
 5.417431115206e+04  1.546185600000e+01  6.243567177751e-02
 5.417431829662e+04  1.541704300000e+01  6.207161488022e-02
 5.418426294100e+04  1.553400400000e+01  6.463938573758e-02
 5.418426727443e+04  1.552203400000e+01  6.458958424313e-02
 5.418427162755e+04  1.539738800000e+01  6.353480368346e-02
 5.418427598332e+04  1.547129200000e+01  6.557389184851e-02
 5.422920481762e+04  1.480240800000e+01  5.841840257747e-02
 5.422921343980e+04  1.486412000000e+01  5.883378948792e-02
 5.422922211084e+04  1.484501900000e+01  5.870455371506e-02
 5.422923077308e+04  1.485402600000e+01  5.883676095584e-02
 5.440949790958e+04  1.534248200000e+01  6.148204356987e-02
 5.440950232427e+04  1.534187600000e+01  6.146536715891e-02
 5.440950678583e+04  1.533108300000e+01  6.138361144195e-02
 5.440951129659e+04  1.535237200000e+01  6.149307460466e-02
 5.482940438413e+04  1.509233600000e+01  5.942170671745e-02
 5.482941160810e+04  1.510657400000e+01  5.953356235788e-02
 5.482941888451e+04  1.513635200000e+01  5.971168262992e-02
 5.482942620652e+04  1.513510400000e+01  5.972341186966e-02
 5.448239041558e+04  1.547589900000e+01  6.477658445993e-02
 5.449540430176e+04  1.536473400000e+01  6.148542693106e-02
 5.449541076655e+04  1.536189300000e+01  6.146540178142e-02
 5.449541725102e+04  1.538502900000e+01  6.164003302024e-02
 5.449542373190e+04  1.538954300000e+01  6.173944972948e-02
 5.476949746727e+04  1.477584200000e+01  6.095987395924e-02
 5.476950196807e+04  1.476772300000e+01  6.087121872123e-02
 5.476950640961e+04  1.479948100000e+01  6.110478008024e-02
 5.476951082395e+04  1.479172200000e+01  6.097101418208e-02
 5.493919859013e+04  1.532877700000e+01  6.152810493335e-02
 5.493920528779e+04  1.532729100000e+01  6.151857813373e-02
 5.493921183953e+04  1.532378100000e+01  6.147716389958e-02
 5.493921842029e+04  1.534741500000e+01  6.171575791586e-02
 5.485926571338e+04  1.509270300000e+01  5.934172283920e-02
 5.485927261326e+04  1.509279100000e+01  5.941633210148e-02
 5.485927936927e+04  1.510204100000e+01  5.942006467465e-02
 5.485928617759e+04  1.511051600000e+01  5.937684886852e-02
 5.490620893884e+04  1.534579500000e+01  6.146616625457e-02
 5.490621472616e+04  1.533071000000e+01  6.123369237958e-02
 5.490622045515e+04  1.534870500000e+01  6.111923639628e-02
 5.490622611087e+04  1.535489700000e+01  6.111644569503e-02
 5.496715407995e+04  1.531250900000e+01  6.195512394477e-02
 5.496716514128e+04  1.533425000000e+01  6.221390080017e-02
 5.496717622866e+04  1.531490800000e+01  6.210856483187e-02
 5.496718713964e+04  1.533462500000e+01  6.229735419183e-02
 5.515147612053e+04  1.535000800000e+01  6.191970689408e-02
 5.515148295351e+04  1.535651000000e+01  6.192046526515e-02
 5.515148977308e+04  1.536660500000e+01  6.200335776817e-02
 5.515149673847e+04  1.536260300000e+01  6.195127043732e-02
 5.512251683572e+04  1.500875400000e+01  7.193896537802e-02
 5.512251830095e+04  1.497461000000e+01  7.139415433847e-02
 5.512251982117e+04  1.496188800000e+01  7.108011718321e-02
 5.512252130250e+04  1.499530600000e+01  7.135110946268e-02
 5.529017604595e+04  1.528690400000e+01  6.137974722405e-02
 5.529018287744e+04  1.531268200000e+01  6.157504245597e-02
 5.529018967942e+04  1.529912300000e+01  6.146654921265e-02
 5.529019655846e+04  1.531555000000e+01  6.157862963851e-02
 5.553949653328e+04  1.478190500000e+01  5.800314318993e-02
 5.553950665649e+04  1.479960000000e+01  5.847400648389e-02
 5.553951171013e+04  1.481087700000e+01  5.856220119560e-02
 5.523639029351e+04  1.494660700000e+01  6.124329938892e-02
 5.525928756936e+04  1.539214000000e+01  6.185863570839e-02
 5.525929327559e+04  1.535041800000e+01  6.149227063074e-02
 5.525929904868e+04  1.526246800000e+01  6.087146533181e-02
 5.525930483781e+04  1.513853200000e+01  5.989013167117e-02
 5.526720487742e+04  1.534420800000e+01  6.175684781881e-02
 5.526720945712e+04  1.533914200000e+01  6.170788463781e-02
 5.526721409924e+04  1.535237400000e+01  6.180092940910e-02
 5.526721873292e+04  1.533267500000e+01  6.160988420070e-02
 5.551149177354e+04  1.478255600000e+01  5.805880003870e-02
 5.551150229664e+04  1.481303100000e+01  5.820390267790e-02
 5.551150756867e+04  1.482894000000e+01  5.829993011201e-02
 5.553044632388e+04  1.525267700000e+01  6.109672717962e-02
 5.553045786277e+04  1.528157800000e+01  6.132883356262e-02
 5.553046370543e+04  1.528861800000e+01  6.135216921413e-02
 5.559840201116e+04  1.521619600000e+01  6.056197305893e-02
 5.559841002742e+04  1.536662300000e+01  5.859391550071e-02
 5.559841815770e+04  1.534937100000e+01  5.811564108036e-02
 5.559842618773e+04  1.535013200000e+01  6.040814472683e-02
 5.561525305171e+04  1.539383800000e+01  6.008007199372e-02
 5.561526207963e+04  1.539622200000e+01  6.006151950618e-02
 5.561527109479e+04  1.540725200000e+01  6.013306871952e-02
 5.561528007301e+04  1.543394800000e+01  6.032695613247e-02
 5.556339593152e+04  1.522760200000e+01  6.108111142930e-02
 5.556340347427e+04  1.525159700000e+01  6.125629277879e-02
 5.556341107618e+04  1.524152000000e+01  6.116616698324e-02
 5.556341858896e+04  1.524630900000e+01  6.112807323335e-02
 5.557445568324e+04  1.499636900000e+01  5.988973071163e-02
 5.557446090584e+04  1.497349000000e+01  5.990269250108e-02
 5.557446613631e+04  1.503511300000e+01  6.034340209301e-02
 5.557447133463e+04  1.503951800000e+01  6.018532204620e-02
 5.562430134898e+04  1.511878200000e+01  5.845139965668e-02
 5.562431094245e+04  1.512258400000e+01  5.852225396138e-02
 5.562432060792e+04  1.514664300000e+01  5.863913836092e-02
 5.562433030007e+04  1.513865400000e+01  5.864303095522e-02
 5.564511371712e+04  1.537906600000e+01  6.316919747285e-02
 5.564512048332e+04  1.538768600000e+01  6.323226121703e-02
 5.564512730604e+04  1.535047200000e+01  6.286548194319e-02
 5.564513415023e+04  1.539706100000e+01  6.317983547623e-02
 5.568813388101e+04  1.548268500000e+01  6.407116330356e-02
 5.568814522395e+04  1.550749400000e+01  6.438170321984e-02
 5.568815095885e+04  1.545874500000e+01  6.389205029922e-02
 5.586648599580e+04  1.520044800000e+01  6.091637410274e-02
 5.586649290542e+04  1.518912800000e+01  6.079364301062e-02
 5.586649983597e+04  1.519911600000e+01  6.082253215157e-02
 5.586650665300e+04  1.522161500000e+01  6.096685693210e-02
 5.584952393597e+04  1.482261500000e+01  9.214088205768e-02
 5.584952510131e+04  1.504714000000e+01  8.395417654236e-02
 5.584952624106e+04  1.507593300000e+01  8.870560006667e-02
 5.584952736890e+04  1.501278500000e+01  8.152807814698e-02
 5.592447867412e+04  1.529775400000e+01  6.136735422864e-02
 5.592448604418e+04  1.529454000000e+01  6.134225213322e-02
 5.592449345707e+04  1.529918600000e+01  6.143013885687e-02
 5.592450087436e+04  1.528825700000e+01  6.132490900927e-02
 5.596933118127e+04  1.531041800000e+01  6.171185646126e-02
 5.596933626176e+04  1.536032500000e+01  6.210656227232e-02
 5.596934139083e+04  1.537739800000e+01  6.221470180266e-02
 5.596934654111e+04  1.534772000000e+01  6.201052618348e-02
 5.597630132241e+04  1.545321200000e+01  6.041482021055e-02
 5.597630950397e+04  1.543554000000e+01  6.029073719202e-02
 5.597631772315e+04  1.544428300000e+01  6.035577454158e-02
 5.597632642615e+04  1.545717500000e+01  6.020932288995e-02
 5.597830768042e+04  1.476195100000e+01  5.815786910112e-02
 5.597831105466e+04  1.472723900000e+01  5.824775674354e-02
 5.597831447025e+04  1.474580100000e+01  5.857511236051e-02
 5.597831787436e+04  1.476009700000e+01  5.958300624025e-02
 5.622748278210e+04  1.510484300000e+01  6.260124395674e-02
 5.622748988444e+04  1.513847300000e+01  6.288708382520e-02
 5.622749698249e+04  1.514459100000e+01  6.284073220721e-02
 5.622750411432e+04  1.514715100000e+01  6.285666527957e-02
