# time mag mag_err
 5.347041734190e+04  1.512108600000e+01  6.105380541533e-02
 5.347042453682e+04  1.513197100000e+01  6.110270892166e-02
 5.347043171622e+04  1.514021100000e+01  6.118159103784e-02
 5.347043892734e+04  1.513770500000e+01  6.117236320542e-02
 5.355827998141e+04  1.508859300000e+01  6.014052346277e-02
 5.355828705341e+04  1.510856300000e+01  6.025290010022e-02
 5.355829400179e+04  1.511165100000e+01  6.023177484621e-02
 5.355830091937e+04  1.509703600000e+01  6.014510309912e-02
 5.356723175905e+04  1.492261600000e+01  5.981470936893e-02
 5.356723824525e+04  1.491173100000e+01  6.026758987459e-02
 5.356724472392e+04  1.501043100000e+01  6.013172188032e-02
 5.356725121672e+04  1.511190500000e+01  6.242059749288e-02
 5.354928670701e+04  1.509270400000e+01  6.045937671550e-02
 5.354929328627e+04  1.510997000000e+01  6.052396372524e-02
 5.354929979933e+04  1.511429100000e+01  6.057342365114e-02
 5.354930635868e+04  1.508876800000e+01  6.039233587777e-02
 5.349735748389e+04  1.497392400000e+01  5.867572080014e-02
 5.349736557816e+04  1.497747700000e+01  5.881985934230e-02
 5.349737361883e+04  1.501289500000e+01  5.895875129548e-02
 5.349738169296e+04  1.501072300000e+01  5.960806966162e-02
 5.350638881795e+04  1.496699900000e+01  6.012114508825e-02
 5.350639555926e+04  1.500951600000e+01  6.043887913922e-02
 5.350640240207e+04  1.502414100000e+01  6.058775407951e-02
 5.350640914998e+04  1.501321300000e+01  6.050716171060e-02
 5.365409242036e+04  1.516231700000e+01  6.139076523120e-02
 5.365409717917e+04  1.515545000000e+01  6.134863465763e-02
 5.365410193137e+04  1.517266900000e+01  6.155753214388e-02
 5.365410669966e+04  1.515334600000e+01  6.142627432342e-02
 5.385037723025e+04  1.510850100000e+01  6.139933623288e-02
 5.385038546875e+04  1.509086600000e+01  6.056965206236e-02
 5.385039365064e+04  1.511911300000e+01  6.223331838591e-02
 5.385040170775e+04  1.510205700000e+01  6.034688626777e-02
 5.392534219949e+04  1.431082200000e+01  7.465056532091e-02
 5.392534377781e+04  1.429266200000e+01  7.431496603972e-02
 5.392534532881e+04  1.432825400000e+01  7.492155739749e-02
 5.392534690562e+04  1.431439200000e+01  7.471539282653e-02
 5.390030026020e+04  1.495358600000e+01  8.914400646154e-02
 5.390030123721e+04  1.498262900000e+01  8.993108930912e-02
 5.390030222024e+04  1.492383600000e+01  8.872302928055e-02
 5.390030321081e+04  1.496508800000e+01  8.929137076348e-02
 5.381949010491e+04  1.482395300000e+01  5.825356926682e-02
 5.381949677503e+04  1.481535900000e+01  5.878746491264e-02
 5.381950359586e+04  1.486425700000e+01  6.042254504933e-02
 5.381951049840e+04  1.481357800000e+01  6.056350809558e-02
 5.385941686022e+04  1.505241000000e+01  6.004384510372e-02
 5.385942490240e+04  1.511609200000e+01  6.053077639813e-02
 5.385943297062e+04  1.513161900000e+01  6.066058838992e-02
 5.385944107323e+04  1.510545700000e+01  6.047782986072e-02
 5.386638400552e+04  1.457517200000e+01  7.799018227073e-02
 5.386638479365e+04  1.456181900000e+01  7.768152254369e-02
 5.386638557725e+04  1.456932900000e+01  7.785821319873e-02
 5.386638637381e+04  1.457316000000e+01  7.786356018884e-02
 5.387940286296e+04  1.514344300000e+01  6.051939934700e-02
 5.387941239874e+04  1.510011800000e+01  6.022379374885e-02
 5.387942190164e+04  1.512974600000e+01  6.046184220032e-02
 5.387943135304e+04  1.517987400000e+01  6.086837907365e-02
 5.388625781762e+04  1.456132100000e+01  5.619960168212e-02
 5.388626848435e+04  1.458082100000e+01  5.628548715299e-02
 5.388627917354e+04  1.461279500000e+01  5.645375086506e-02
 5.388628981516e+04  1.463706000000e+01  5.655555458787e-02
 5.399812810900e+04  1.527378000000e+01  6.057679147707e-02
 5.399813301110e+04  1.528473600000e+01  6.067485657279e-02
 5.399813787373e+04  1.526666000000e+01  6.053209964476e-02
 5.399814271980e+04  1.527283600000e+01  6.062114411470e-02
 5.400810805487e+04  1.499693500000e+01  6.191027406989e-02
 5.400811528984e+04  1.502220000000e+01  6.215206059590e-02
 5.400812252434e+04  1.500994000000e+01  6.207266788905e-02
 5.400812977344e+04  1.501937700000e+01  6.219483208516e-02
 5.420442532009e+04  1.494559900000e+01  5.849868494760e-02
 5.420443322465e+04  1.496556300000e+01  5.861142100562e-02
 5.420444112562e+04  1.499178400000e+01  5.878839254106e-02
 5.420444898713e+04  1.500336500000e+01  5.887630215324e-02
 5.421346008404e+04  1.496061600000e+01  5.902856041405e-02
 5.421346895612e+04  1.497356700000e+01  5.911670185520e-02
 5.421347789280e+04  1.498929600000e+01  5.926180381291e-02
 5.421348673282e+04  1.501044500000e+01  5.936324319076e-02
 5.425836267994e+04  1.506418100000e+01  5.932274994540e-02
 5.425836954926e+04  1.488549900000e+01  5.822447798237e-02
 5.425837643977e+04  1.472483800000e+01  5.731955253040e-02
 5.425838331071e+04  1.465112700000e+01  5.672213496251e-02
 5.426727209247e+04  1.513472500000e+01  6.079100063419e-02
 5.426727976183e+04  1.510820100000e+01  6.549360793092e-02
 5.426930295075e+04  1.450984400000e+01  5.640097937258e-02
 5.426931155488e+04  1.452886200000e+01  5.650191783665e-02
 5.426932011897e+04  1.457703100000e+01  5.675613005450e-02
 5.426932871834e+04  1.459916400000e+01  5.687501478531e-02
 5.417148293456e+04  1.515031900000e+01  5.969943307486e-02
 5.417148787324e+04  1.514111100000e+01  5.964041910967e-02
 5.417149280624e+04  1.512946300000e+01  5.956357062840e-02
 5.417149771817e+04  1.513560300000e+01  5.959004261518e-02
 5.418547116301e+04  1.524746000000e+01  6.054786420460e-02
 5.418547985684e+04  1.516461500000e+01  5.992244471564e-02
 5.418548856722e+04  1.501125800000e+01  5.887669714652e-02
 5.418549721059e+04  1.478400200000e+01  5.749521879806e-02
 5.423037218794e+04  1.503359200000e+01  5.927991714505e-02
 5.423038064264e+04  1.505711700000e+01  5.944795634847e-02
 5.423038908993e+04  1.506312000000e+01  5.949661039460e-02
 5.423039754568e+04  1.508066100000e+01  5.964027721161e-02
 5.423635178843e+04  1.496823300000e+01  5.918943494895e-02
 5.423635932006e+04  1.497663300000e+01  5.927641484561e-02
 5.423636691291e+04  1.499223800000e+01  5.935291226973e-02
 5.423637454199e+04  1.502392400000e+01  5.958782072109e-02
 5.424240850811e+04  1.504057100000e+01  5.959861325710e-02
 5.424241660238e+04  1.504553600000e+01  5.963263999709e-02
 5.424242470058e+04  1.507504800000e+01  5.986957353223e-02
 5.424243278432e+04  1.506638000000e+01  5.984821646259e-02
 5.438008771142e+04  1.433304900000e+01  5.751300651527e-02
 5.438009107050e+04  1.433979000000e+01  5.751529285671e-02
 5.438009445366e+04  1.435786300000e+01  5.831749748765e-02
 5.438009780972e+04  1.436728700000e+01  5.846883273492e-02
 5.438707866608e+04  1.508777200000e+01  6.277274614493e-02
 5.438708379964e+04  1.510563000000e+01  6.299965314860e-02
 5.438708893520e+04  1.514792900000e+01  6.338610366664e-02
 5.438709404888e+04  1.512241200000e+01  6.321822585577e-02
 5.439308152238e+04  1.512185700000e+01  6.640897434795e-02
 5.439308367678e+04  1.509430200000e+01  6.612044239372e-02
 5.439308583499e+04  1.509261100000e+01  6.617225051483e-02
 5.439308799285e+04  1.511758900000e+01  6.641774306094e-02
 5.434715374649e+04  1.486685100000e+01  5.649107493712e-02
 5.434716365718e+04  1.489749400000e+01  5.664851954096e-02
 5.434717354123e+04  1.492967300000e+01  5.685315758849e-02
 5.434718345110e+04  1.496764800000e+01  5.708860503320e-02
 5.435714408081e+04  1.500701600000e+01  5.909644322220e-02
 5.435714888290e+04  1.489945200000e+01  5.845836339337e-02
 5.435715370722e+04  1.475013200000e+01  5.761403063125e-02
 5.435715851648e+04  1.472166900000e+01  5.723782548963e-02
 5.456046733995e+04  1.508015200000e+01  5.934437382310e-02
 5.456047173740e+04  1.510042600000e+01  5.950876250751e-02
 5.456047611863e+04  1.508030200000e+01  5.938045794274e-02
 5.456048048726e+04  1.510629500000e+01  5.953187675044e-02
 5.456531320920e+04  1.512247100000e+01  6.039842948748e-02
 5.456531980420e+04  1.511589700000e+01  6.029669909222e-02
 5.456532637618e+04  1.513418400000e+01  6.034008614280e-02
 5.456533291852e+04  1.511083000000e+01  6.008652608644e-02
 5.457237550972e+04  1.483797600000e+01  5.778520837236e-02
 5.457238249769e+04  1.484009600000e+01  5.779010159980e-02
 5.457238950405e+04  1.486656900000e+01  5.793594214954e-02
 5.457239649850e+04  1.488560400000e+01  5.804524617917e-02
 5.458244557862e+04  1.433564800000e+01  5.553067092030e-02
 5.458245313109e+04  1.434131600000e+01  5.558420016178e-02
 5.458246073852e+04  1.435745900000e+01  5.565689946919e-02
 5.458246830545e+04  1.437315600000e+01  5.573236338504e-02
 5.450850410929e+04  1.478262000000e+01  5.738424620984e-02
 5.450851007463e+04  1.478906900000e+01  5.741424771543e-02
 5.450851602551e+04  1.478838600000e+01  5.739274983665e-02
 5.450852196573e+04  1.480852600000e+01  5.750090928242e-02
 5.448352430078e+04  1.512248000000e+01  6.316597159944e-02
 5.448352949815e+04  1.514141700000e+01  6.329848519819e-02
 5.448353472664e+04  1.513781300000e+01  6.321832117599e-02
 5.448354012737e+04  1.515189700000e+01  6.334264443524e-02
 5.462534980120e+04  1.477434800000e+01  5.763861616249e-02
 5.462535753736e+04  1.478771600000e+01  5.772755395680e-02
 5.462536526378e+04  1.480729200000e+01  5.785235530935e-02
 5.462537295722e+04  1.482553300000e+01  5.798081079894e-02
 5.464036025338e+04  1.468921600000e+01  5.739321548248e-02
 5.464036672870e+04  1.470256600000e+01  5.750567434955e-02
 5.464037327174e+04  1.469876900000e+01  5.762566953560e-02
 5.464037978317e+04  1.472182500000e+01  5.779275200046e-02
 5.452750457630e+04  1.515678400000e+01  5.964153134148e-02
 5.452751109248e+04  1.517658200000e+01  5.983103596439e-02
 5.452751758678e+04  1.519475000000e+01  5.996740414086e-02
 5.452752406962e+04  1.521595500000e+01  6.013452174813e-02
 5.453745643147e+04  1.487725800000e+01  6.041835790653e-02
 5.453745868390e+04  1.484857600000e+01  6.019026726587e-02
 5.453746096421e+04  1.487021500000e+01  6.062140807322e-02
 5.453746325866e+04  1.485889600000e+01  6.031386244165e-02
 5.454849805483e+04  1.511326800000e+01  6.134734424416e-02
 5.454850295981e+04  1.515923000000e+01  6.174891191461e-02
 5.454850783541e+04  1.510727400000e+01  6.132680351566e-02
 5.454851272734e+04  1.509862500000e+01  6.126741328360e-02
 5.458931148093e+04  1.500635900000e+01  5.881964557015e-02
 5.458931960876e+04  1.500518000000e+01  5.880194254254e-02
 5.458932775500e+04  1.502022100000e+01  5.889149764195e-02
 5.458933588515e+04  1.504219200000e+01  5.901146090913e-02
 5.459633765253e+04  1.446884700000e+01  5.626571414087e-02
 5.459634508716e+04  1.450114300000e+01  5.641922186742e-02
 5.459635255235e+04  1.452330000000e+01  5.649555122449e-02
 5.459636001939e+04  1.455072900000e+01  5.662492647917e-02
 5.474610663770e+04  1.512589800000e+01  5.932565297176e-02
 5.474611147659e+04  1.515312000000e+01  5.955950332831e-02
 5.474611634338e+04  1.511069900000e+01  5.928970169378e-02
 5.474612120462e+04  1.513523000000e+01  5.947045065943e-02
 5.494445778219e+04  1.443686300000e+01  5.588641794600e-02
 5.494446511359e+04  1.446442100000e+01  5.600480956418e-02
 5.494447238203e+04  1.449242500000e+01  5.613420303533e-02
 5.494447967060e+04  1.451651300000e+01  5.624407795575e-02
 5.505820462067e+04  1.517236000000e+01  5.848117142744e-02
 5.505821185259e+04  1.502066300000e+01  5.769828541693e-02
 5.505821909147e+04  1.482090800000e+01  5.657053879494e-02
 5.505822632366e+04  1.470256300000e+01  5.602837154477e-02
 5.487652419843e+04  1.479855200000e+01  5.879963613280e-02
 5.487652959488e+04  1.480269500000e+01  5.881194059016e-02
 5.487653502432e+04  1.482924000000e+01  5.896776868593e-02
 5.487654051914e+04  1.482510100000e+01  5.893454058100e-02
 5.488849913297e+04  1.461870800000e+01  5.639143453938e-02
 5.488850737679e+04  1.463233100000e+01  5.644990301459e-02
 5.488851569097e+04  1.465365800000e+01  5.654986922155e-02
 5.488852406106e+04  1.469408400000e+01  5.673338283911e-02
 5.492037967060e+04  1.448592900000e+01  5.613015169146e-02
 5.492038763063e+04  1.453322800000e+01  5.633177527127e-02
 5.492039554954e+04  1.455158600000e+01  5.640402040936e-02
 5.492040349867e+04  1.456341900000e+01  5.644646774079e-02
 5.495432801532e+04  1.509561800000e+01  6.653702955665e-02
 5.495434976516e+04  1.504824200000e+01  6.037173844753e-02
 5.495527893005e+04  1.431895800000e+01  5.758922008533e-02
 5.495528473278e+04  1.435543800000e+01  6.185077033586e-02
 5.495529053237e+04  1.439011300000e+01  5.998659823732e-02
 5.495529642157e+04  1.440773400000e+01  5.816880187093e-02
 5.496643895273e+04  1.512415000000e+01  5.989927936830e-02
 5.498030101207e+04  1.510844100000e+01  5.987600823511e-02
 5.498030909698e+04  1.510505300000e+01  5.985062332219e-02
 5.498031716708e+04  1.510665600000e+01  5.984963076559e-02
 5.498032517120e+04  1.511850000000e+01  5.990163784399e-02
 5.511808878120e+04  1.490059300000e+01  6.177054209683e-02
 5.511809274483e+04  1.490981600000e+01  6.187774863421e-02
 5.511809673093e+04  1.490505900000e+01  6.185589993691e-02
 5.511810064697e+04  1.492548300000e+01  6.207391698496e-02
 5.510109821060e+04  1.460613800000e+01  5.952012008876e-02
 5.510110108691e+04  1.460454500000e+01  5.952256091662e-02
 5.510110403335e+04  1.458549000000e+01  5.940172684853e-02
 5.510110696307e+04  1.462095800000e+01  5.967186468698e-02
 5.529637797477e+04  1.492399200000e+01  5.842994711991e-02
 5.529638317352e+04  1.492071800000e+01  5.839160390769e-02
 5.529638837913e+04  1.494284400000e+01  5.852610572093e-02
 5.529639357130e+04  1.495624200000e+01  5.860028861082e-02
 5.538123835441e+04  1.481887200000e+01  5.797324511886e-02
 5.538124635699e+04  1.481892600000e+01  5.802705494920e-02
 5.538125442580e+04  1.483631800000e+01  5.815653803159e-02
 5.538126245792e+04  1.486198600000e+01  5.828405718891e-02
 5.535130621242e+04  1.511466200000e+01  5.963746192756e-02
 5.535131359833e+04  1.508338700000e+01  5.994940696044e-02
 5.535132104037e+04  1.510382600000e+01  5.968953850834e-02
 5.535132855095e+04  1.511649100000e+01  5.970865319669e-02
 5.535928293235e+04  1.520413300000e+01  6.052902218965e-02
 5.535929043110e+04  1.522104000000e+01  6.060607057212e-02
 5.535929782733e+04  1.525340200000e+01  6.082880184704e-02
 5.535930534242e+04  1.524387800000e+01  6.076897382447e-02
 5.536527672352e+04  1.512869400000e+01  5.972826177796e-02
 5.536528182416e+04  1.515175500000e+01  5.987121859171e-02
 5.536528698112e+04  1.515323100000e+01  5.990445032296e-02
 5.536529217432e+04  1.516494100000e+01  5.999658489214e-02
 5.528047105149e+04  1.470735000000e+01  5.726319784622e-02
 5.528047793427e+04  1.463460900000e+01  5.685902742378e-02
 5.528048487095e+04  1.453059200000e+01  5.635360007603e-02
 5.528049176164e+04  1.441929900000e+01  5.584758927401e-02
 5.532927899082e+04  1.438395900000e+01  5.578581058338e-02
 5.532928589756e+04  1.434595800000e+01  5.571638714000e-02
 5.532929275475e+04  1.432372000000e+01  5.533753425320e-02
 5.532929964860e+04  1.434129900000e+01  5.540017706866e-02
 5.534029896280e+04  1.481801800000e+01  5.782790919822e-02
 5.534030404358e+04  1.482443000000e+01  5.785817441682e-02
 5.534030913075e+04  1.485366500000e+01  5.801242972203e-02
 5.534031429061e+04  1.487344200000e+01  5.806586775172e-02
 5.545415822471e+04  1.481169500000e+01  5.787783582145e-02
 5.545417317282e+04  1.489013400000e+01  5.845175465517e-02
 5.545418056800e+04  1.494020400000e+01  5.878393071015e-02
 5.567640095947e+04  1.485748800000e+01  5.987755569603e-02
 5.567640843579e+04  1.488012400000e+01  6.204371907172e-02
 5.567642349014e+04  1.491882500000e+01  6.423802616905e-02
 5.571328797050e+04  1.510104600000e+01  6.043515641086e-02
 5.571329248845e+04  1.521811000000e+01  6.941371392156e-02
 5.571329741196e+04  1.510793800000e+01  6.252029724087e-02
 5.571331104449e+04  1.510827200000e+01  6.293267557243e-02
 5.564849368449e+04  1.440478300000e+01  5.601215477211e-02
 5.564849820543e+04  1.436532000000e+01  5.583383444913e-02
 5.564850281159e+04  1.433493800000e+01  5.571018015900e-02
 5.564850738693e+04  1.433030700000e+01  5.569870837609e-02
 5.568832354420e+04  1.455771000000e+01  5.701127642201e-02
 5.568832932782e+04  1.456404100000e+01  5.703912873679e-02
 5.568833513531e+04  1.456374800000e+01  5.704693953326e-02
 5.568834089347e+04  1.459941100000e+01  5.721247768315e-02
 5.438710308346e+04  1.514033400000e+01  6.351701268627e-02
 5.438710824634e+04  1.514410000000e+01  6.359848848800e-02
 5.438711335725e+04  1.512426100000e+01  6.351157953716e-02
 5.438711850889e+04  1.513981300000e+01  6.369169691007e-02
 5.495436186255e+04  1.506633500000e+01  6.065866754319e-02
 5.495438387443e+04  1.511885700000e+01  6.390346500283e-02
 5.495535115471e+04  1.463452700000e+01  5.936377602449e-02
 5.495535702804e+04  1.462534700000e+01  5.929406712339e-02
 5.495536290287e+04  1.467301500000e+01  5.962515794349e-02
 5.495536884913e+04  1.469400800000e+01  5.974870949922e-02
 5.496644477385e+04  1.509865700000e+01  5.973894552697e-02
 5.496645263329e+04  1.511688100000e+01  5.990671139113e-02
 5.496646043117e+04  1.510323400000e+01  5.985335399006e-02
 5.496646836628e+04  1.512948400000e+01  6.002685803654e-02
 5.583012931753e+04  1.508355800000e+01  5.969602865193e-02
 5.583013741560e+04  1.505018700000e+01  5.930285508400e-02
 5.583014481701e+04  1.508991000000e+01  5.960299861439e-02
 5.583015219157e+04  1.506838000000e+01  5.954792647050e-02
 5.600843694156e+04  1.511531700000e+01  5.972741686723e-02
 5.600844437861e+04  1.509570200000e+01  5.959985549578e-02
 5.600845183181e+04  1.511942200000e+01  6.059063648957e-02
 5.600845924384e+04  1.512360300000e+01  6.009642011993e-02
 5.601945174170e+04  1.522746300000e+01  6.063905985230e-02
 5.601946068037e+04  1.518271500000e+01  6.028830516361e-02
 5.601946975965e+04  1.501075600000e+01  5.910165509495e-02
 5.601947885582e+04  1.481273600000e+01  5.787824739223e-02
 5.603844515485e+04  1.500100100000e+01  5.927909081359e-02
 5.603845077824e+04  1.502007300000e+01  5.942096449081e-02
 5.603845641243e+04  1.501842900000e+01  5.941085242290e-02
 5.603846206982e+04  1.504599400000e+01  5.960670766390e-02
 5.604634295392e+04  1.507901600000e+01  5.800159748654e-02
 5.604635326177e+04  1.508435200000e+01  5.803116958238e-02
 5.604636350480e+04  1.508734600000e+01  5.804373084195e-02
 5.604637377479e+04  1.508853300000e+01  5.805695908414e-02
 5.606041127522e+04  1.523451600000e+01  6.028145355054e-02
 5.606041922227e+04  1.516122000000e+01  5.978639074649e-02
 5.606042720241e+04  1.501376800000e+01  5.875385328771e-02
 5.606043512162e+04  1.476612000000e+01  5.731944824258e-02
 5.607234147417e+04  1.515063300000e+01  5.969533357388e-02
 5.607234645649e+04  1.516966400000e+01  5.982436977974e-02
 5.607235157689e+04  1.512030100000e+01  5.949157613420e-02
 5.607235663713e+04  1.510223500000e+01  5.937135257471e-02
 5.608642548197e+04  1.452506100000e+01  5.637162796489e-02
 5.608643055801e+04  1.454212400000e+01  5.648758319646e-02
 5.608643576163e+04  1.456955400000e+01  5.663493465547e-02
 5.608644088127e+04  1.458470400000e+01  5.671172854646e-02
 5.609329250418e+04  1.506855300000e+01  5.953714317703e-02
 5.609330098781e+04  1.509456400000e+01  5.976771704934e-02
 5.609330948861e+04  1.508787700000e+01  5.985017645064e-02
 5.609331803929e+04  1.508926300000e+01  5.988945543919e-02
 5.609924372132e+04  1.494146800000e+01  5.883351543776e-02
 5.609925225956e+04  1.494694100000e+01  5.884523828144e-02
 5.609926085265e+04  1.500040300000e+01  5.922241368645e-02
 5.609926943154e+04  1.500300400000e+01  5.921092134933e-02
 5.618713860601e+04  1.484571800000e+01  5.668796143940e-02
 5.618714345139e+04  1.485275000000e+01  5.670004957860e-02
 5.618714834244e+04  1.486896400000e+01  5.682882714138e-02
 5.618715315345e+04  1.489436000000e+01  5.698311489410e-02
 5.619609544620e+04  1.466648800000e+01  5.753099518666e-02
 5.619610223149e+04  1.469592800000e+01  5.776848074785e-02
 5.619610906797e+04  1.472302800000e+01  5.793357278240e-02
 5.619611594958e+04  1.474702200000e+01  5.820743227811e-02
 5.620908713584e+04  1.512085800000e+01  6.034766112192e-02
 5.620909224918e+04  1.514388400000e+01  6.053218618832e-02
 5.620909731113e+04  1.512837100000e+01  6.045467516412e-02
 5.620910242644e+04  1.514451000000e+01  6.057775025986e-02
