# time mag mag_err
 5.372936620413e+04  1.570240600000e+01  6.577270863387e-02
 5.372937499576e+04  1.569409100000e+01  6.559775053762e-02
 5.372938380975e+04  1.569452600000e+01  6.559245695960e-02
 5.372939247211e+04  1.572036200000e+01  6.582912287837e-02
 5.349726619961e+04  1.535934900000e+01  6.305875210827e-02
 5.349727251797e+04  1.537362500000e+01  6.320450935364e-02
 5.349727878160e+04  1.542870800000e+01  6.385000247919e-02
 5.349728509707e+04  1.546215300000e+01  6.429221449061e-02
 5.350017443647e+04  1.569587300000e+01  6.573556740749e-02
 5.350018211093e+04  1.570898300000e+01  6.590513543771e-02
 5.350018979510e+04  1.567680800000e+01  6.556348382721e-02
 5.350019745081e+04  1.567952700000e+01  6.557799029745e-02
 5.368747091232e+04  1.556941100000e+01  6.471954745022e-02
 5.368748162593e+04  1.555659700000e+01  6.450741293087e-02
 5.368749232160e+04  1.553998700000e+01  6.421812949742e-02
 5.368750297711e+04  1.547693500000e+01  6.364339654863e-02
 5.370440708671e+04  1.566372200000e+01  6.599843545082e-02
 5.370441462725e+04  1.571231600000e+01  6.650206595737e-02
 5.370442212762e+04  1.572604200000e+01  6.653129725032e-02
 5.370442973726e+04  1.568145600000e+01  6.601344113937e-02
 5.367450005983e+04  1.576783400000e+01  6.692803263325e-02
 5.367450276609e+04  1.574491600000e+01  6.668924834524e-02
 5.367450545882e+04  1.575829100000e+01  6.678768796042e-02
 5.367450814924e+04  1.577028800000e+01  6.691552092036e-02
 5.384320267060e+04  1.578779400000e+01  6.801093056338e-02
 5.384321073824e+04  1.578213100000e+01  6.800434341768e-02
 5.384321877858e+04  1.581559400000e+01  6.844808883075e-02
 5.384322683892e+04  1.584994200000e+01  6.892635428429e-02
 5.407042841560e+04  1.571722500000e+01  6.493508639674e-02
 5.407043634678e+04  1.572631400000e+01  6.497649421716e-02
 5.407044415713e+04  1.569952400000e+01  6.468198269873e-02
 5.407045190948e+04  1.568957400000e+01  6.453791088534e-02
 5.409338760984e+04  1.569178700000e+01  6.466827772078e-02
 5.409339577772e+04  1.566760400000e+01  6.442500222038e-02
 5.409340407547e+04  1.570101000000e+01  6.471112724370e-02
 5.409341230134e+04  1.568407500000e+01  6.452806480148e-02
 5.377336188450e+04  1.563029700000e+01  6.520143696492e-02
 5.377336942782e+04  1.566374300000e+01  6.558855912458e-02
 5.377337701014e+04  1.570742200000e+01  6.606535899868e-02
 5.377338456700e+04  1.566118000000e+01  6.556272146760e-02
 5.378623816392e+04  1.570295000000e+01  6.635634976881e-02
 5.378624587682e+04  1.573018900000e+01  6.625860704451e-02
 5.378625359329e+04  1.572164300000e+01  6.596896119993e-02
 5.378626130073e+04  1.574669300000e+01  6.629301468121e-02
 5.374340468648e+04  1.567532300000e+01  6.562533086232e-02
 5.374341010933e+04  1.567179300000e+01  6.560842089575e-02
 5.374341556295e+04  1.570281200000e+01  6.594957653361e-02
 5.374342107041e+04  1.572343000000e+01  6.618983241832e-02
 5.375540776972e+04  1.557460500000e+01  6.431269216687e-02
 5.375541444471e+04  1.559200900000e+01  6.446531132658e-02
 5.375542121854e+04  1.557331800000e+01  6.431137414062e-02
 5.375542798867e+04  1.565388400000e+01  6.510638163958e-02
 5.376636606237e+04  1.558171000000e+01  6.448035329485e-02
 5.376637198269e+04  1.563375500000e+01  6.501292454036e-02
 5.376637791065e+04  1.568991500000e+01  6.556528647522e-02
 5.376638381337e+04  1.568784400000e+01  6.555586136462e-02
 5.390317292712e+04  1.578555800000e+01  1.228599403195e-01
 5.390317394846e+04  1.571007500000e+01  1.193213695536e-01
 5.390317494400e+04  1.574657700000e+01  1.210799117462e-01
 5.390317593294e+04  1.569426000000e+01  1.190822314394e-01
 5.379729730373e+04  1.564031500000e+01  1.057272707806e-01
 5.379729753591e+04  1.561367300000e+01  1.047750922341e-01
 5.379729777262e+04  1.558859000000e+01  1.039323626305e-01
 5.379729801603e+04  1.561241300000e+01  1.049201774554e-01
 5.381720156854e+04  1.542217200000e+01  6.328661331962e-02
 5.381721026978e+04  1.541267600000e+01  6.325335446194e-02
 5.381721886720e+04  1.539634800000e+01  6.308520795546e-02
 5.381722746566e+04  1.543331900000e+01  6.378489068716e-02
 5.387417756304e+04  1.560499000000e+01  6.646340725410e-02
 5.387418450934e+04  1.554408200000e+01  6.586423582725e-02
 5.387419144394e+04  1.562905200000e+01  6.691065661578e-02
 5.387419841662e+04  1.559849000000e+01  6.664941616218e-02
 5.388118783124e+04  1.549483600000e+01  6.483300907253e-02
 5.388119764052e+04  1.553955500000e+01  6.542675421363e-02
 5.388120741462e+04  1.555717500000e+01  6.569042745275e-02
 5.388121722101e+04  1.559163600000e+01  6.625255654242e-02
 5.405048884131e+04  1.558582500000e+01  6.577042217479e-02
 5.405049762902e+04  1.559690600000e+01  6.576149576619e-02
 5.405050646858e+04  1.557075000000e+01  6.547517251783e-02
 5.405051523059e+04  1.564738500000e+01  6.623764453161e-02
 5.402849822384e+04  1.559023200000e+01  6.401508436794e-02
 5.402850636013e+04  1.556623400000e+01  6.368491380632e-02
 5.402851455255e+04  1.552495000000e+01  6.320923719038e-02
 5.402852269520e+04  1.560498200000e+01  6.367865425800e-02
 5.419719386678e+04  1.540664800000e+01  6.271849063129e-02
 5.419720029638e+04  1.541318900000e+01  6.280494490672e-02
 5.419720674878e+04  1.539167400000e+01  6.259188646346e-02
 5.419721317411e+04  1.541975600000e+01  6.284404997020e-02
 5.443846408350e+04  1.568147600000e+01  6.454295854870e-02
 5.443847122946e+04  1.565649300000e+01  6.430690743302e-02
 5.443847837507e+04  1.561347800000e+01  6.385958178812e-02
 5.443848546882e+04  1.553986200000e+01  6.317299446735e-02
 5.444842951410e+04  1.570572700000e+01  7.239827646799e-02
 5.444843492559e+04  1.567414700000e+01  6.446642674930e-02
 5.444844030850e+04  1.568983400000e+01  6.453963281382e-02
 5.444844569882e+04  1.568686400000e+01  6.449826237862e-02
 5.445447081000e+04  1.548853200000e+01  6.276062449308e-02
 5.445447677442e+04  1.549664900000e+01  6.284288428631e-02
 5.445448271244e+04  1.549046100000e+01  6.278218733041e-02
 5.445448870464e+04  1.548166500000e+01  6.271993866230e-02
 5.446545010789e+04  1.543527500000e+01  6.234916008192e-02
 5.446545721473e+04  1.546582700000e+01  6.263381499125e-02
 5.446546431138e+04  1.546406600000e+01  6.262224658780e-02
 5.446547144229e+04  1.548821600000e+01  6.278840114445e-02
 5.413925053390e+04  1.560340700000e+01  6.892103291694e-02
 5.413925760856e+04  1.561026400000e+01  6.879337054378e-02
 5.413926470393e+04  1.560749000000e+01  6.777882647461e-02
 5.413927178936e+04  1.558727200000e+01  6.567850071569e-02
 5.414038615925e+04  1.544895300000e+01  1.024962015998e-01
 5.414038718454e+04  1.541330700000e+01  9.804489009793e-02
 5.414038821572e+04  1.549934900000e+01  1.063763422581e-01
 5.414038924759e+04  1.532524800000e+01  1.022292839329e-01
 5.414636885277e+04  1.569530100000e+01  6.529820025451e-02
 5.414637667052e+04  1.569120600000e+01  6.547161515279e-02
 5.414638449428e+04  1.571086200000e+01  6.578651885653e-02
 5.414639233600e+04  1.571372000000e+01  6.597609744031e-02
 5.412440330652e+04  1.541294300000e+01  6.223488618868e-02
 5.412441171619e+04  1.544222800000e+01  6.248707522598e-02
 5.412442008848e+04  1.543034200000e+01  6.236824059770e-02
 5.412442851367e+04  1.542002300000e+01  6.231833644155e-02
 5.416823389916e+04  1.573247000000e+01  6.540490973244e-02
 5.416824203625e+04  1.577091000000e+01  6.580868583701e-02
 5.416825014811e+04  1.577361700000e+01  6.576349344163e-02
 5.416825822803e+04  1.579677700000e+01  6.604407042989e-02
 5.422720034372e+04  1.541247300000e+01  6.277797468598e-02
 5.422720950910e+04  1.542666900000e+01  6.290681907162e-02
 5.422721870007e+04  1.539616200000e+01  6.276084545585e-02
 5.422722787830e+04  1.541988700000e+01  6.301584963770e-02
 5.424118111177e+04  1.551423500000e+01  6.456927029696e-02
 5.424119024811e+04  1.550971900000e+01  6.450900777921e-02
 5.424119940100e+04  1.541314800000e+01  6.366347484131e-02
 5.424120855006e+04  1.546721000000e+01  6.452379812749e-02
 5.440949629110e+04  1.567779800000e+01  6.482059346282e-02
 5.440950070428e+04  1.568821600000e+01  6.490542665905e-02
 5.440950513297e+04  1.569863500000e+01  6.496640294852e-02
 5.440950959431e+04  1.569894700000e+01  6.494614084027e-02
 5.442344017914e+04  1.561080600000e+01  6.424023479020e-02
 5.442344954384e+04  1.561999400000e+01  6.415629998358e-02
 5.442345885044e+04  1.562210000000e+01  6.420674017907e-02
 5.442346823088e+04  1.562996300000e+01  6.425514810854e-02
 5.439248725453e+04  1.572667100000e+01  6.617270510861e-02
 5.439249154883e+04  1.569653300000e+01  6.561875844093e-02
 5.439249591016e+04  1.567158900000e+01  6.528394980571e-02
 5.439250031501e+04  1.559892200000e+01  6.447988337748e-02
 5.456814980712e+04  1.548084400000e+01  6.301520256436e-02
 5.456815472611e+04  1.548276200000e+01  6.298534036624e-02
 5.456815971455e+04  1.544288900000e+01  6.263225985335e-02
 5.456816466793e+04  1.546932300000e+01  6.286296100410e-02
 5.458022325293e+04  1.575635100000e+01  6.583950784687e-02
 5.458022969201e+04  1.571170200000e+01  6.496202839459e-02
 5.458023611641e+04  1.569705700000e+01  6.527577170214e-02
 5.458024253941e+04  1.568857900000e+01  6.522414515530e-02
 5.482247450828e+04  1.549525600000e+01  6.267788751716e-02
 5.482248115850e+04  1.549614500000e+01  6.266588096944e-02
 5.482248794309e+04  1.548831900000e+01  6.260584208206e-02
 5.482249470720e+04  1.552260600000e+01  6.288315445960e-02
 5.450437229745e+04  1.538962800000e+01  5.875132517210e-02
 5.450438104523e+04  1.539843300000e+01  5.881213497208e-02
 5.450438978329e+04  1.542587000000e+01  5.898635041907e-02
 5.450439850432e+04  1.544067700000e+01  5.909090462746e-02
 5.447545942898e+04  1.575039500000e+01  6.530326986895e-02
 5.447546605894e+04  1.576535500000e+01  6.546764839414e-02
 5.447547260660e+04  1.574003500000e+01  6.515925397334e-02
 5.447547912231e+04  1.575883200000e+01  6.539928978164e-02
 5.462315618193e+04  1.539817600000e+01  6.019711956289e-02
 5.462316348601e+04  1.542041900000e+01  6.039865292093e-02
 5.462317081079e+04  1.545405300000e+01  6.069907837313e-02
 5.462317810803e+04  1.545804100000e+01  6.080331470831e-02
 5.463116369468e+04  1.560108700000e+01  7.043251129567e-02
 5.463116953490e+04  1.576182400000e+01  7.310151767821e-02
 5.463117544885e+04  1.567646000000e+01  7.190689423146e-02
 5.463118132391e+04  1.558936300000e+01  7.085252639521e-02
 5.454922586266e+04  1.562032100000e+01  6.448606285933e-02
 5.454923250594e+04  1.558036300000e+01  6.406537827041e-02
 5.454923913612e+04  1.560605400000e+01  6.433496007327e-02
 5.454924579398e+04  1.554297600000e+01  6.369910967542e-02
 5.459418705867e+04  1.576303400000e+01  6.612337358548e-02
 5.459419350238e+04  1.576502800000e+01  6.617944465556e-02
 5.459419992042e+04  1.577678600000e+01  6.634742259503e-02
 5.459420636507e+04  1.577670500000e+01  6.632913692095e-02
 5.477149992764e+04  1.560362100000e+01  6.418396653612e-02
 5.477150535743e+04  1.562629200000e+01  6.430387514245e-02
 5.477151088860e+04  1.560326600000e+01  6.405486905363e-02
 5.477151639490e+04  1.563078600000e+01  6.427806765552e-02
 5.494424294025e+04  1.569931900000e+01  6.566391992028e-02
 5.494424957808e+04  1.567421000000e+01  6.545201235083e-02
 5.495023500892e+04  1.550924100000e+01  6.387082979163e-02
 5.495024155441e+04  1.554225000000e+01  6.422812624378e-02
 5.495025458668e+04  1.555081800000e+01  6.445944510695e-02
 5.495122056885e+04  1.579447800000e+01  6.655792971401e-02
 5.495122118080e+04  1.583259200000e+01  6.698913012712e-02
 5.495122178431e+04  1.574739900000e+01  6.605977000713e-02
 5.495122239777e+04  1.578172400000e+01  6.643185913141e-02
 5.487834617955e+04  1.571324000000e+01  6.474812659633e-02
 5.487835292468e+04  1.569867100000e+01  6.468987943524e-02
 5.487835952523e+04  1.576664600000e+01  6.530427069783e-02
 5.487836617395e+04  1.574917200000e+01  6.585620074021e-02
 5.484851065002e+04  1.544747400000e+01  6.264155489602e-02
 5.484851788406e+04  1.542361500000e+01  6.245522190813e-02
 5.484852518189e+04  1.542217800000e+01  6.246217269246e-02
 5.484853235944e+04  1.543052100000e+01  6.257642585495e-02
 5.490523524620e+04  1.581261600000e+01  6.616884531819e-02
 5.490524076535e+04  1.575029300000e+01  6.546723849410e-02
 5.490524619490e+04  1.577246500000e+01  6.569155738375e-02
 5.490525167006e+04  1.573210000000e+01  6.525547094488e-02
 5.496714797907e+04  1.575945200000e+01  6.667113088331e-02
 5.496715903497e+04  1.573892300000e+01  6.648836539295e-02
 5.496717008808e+04  1.578617900000e+01  6.714065217119e-02
 5.496718106294e+04  1.587305000000e+01  6.824324204145e-02
 5.515046648512e+04  1.581534100000e+01  6.707692795862e-02
 5.515047264007e+04  1.579960600000e+01  6.678455486515e-02
 5.515047864927e+04  1.577965300000e+01  6.652326242859e-02
 5.515048472174e+04  1.579630900000e+01  6.661785260946e-02
 5.529620305267e+04  1.542342300000e+01  6.266666357534e-02
 5.529620872843e+04  1.542572000000e+01  6.267958635574e-02
 5.529621435069e+04  1.541283000000e+01  6.255742622845e-02
 5.529622007575e+04  1.540489900000e+01  6.250212066095e-02
 5.553152242147e+04  1.565981700000e+01  7.038826589468e-02
 5.553152792140e+04  1.563129200000e+01  6.998107327160e-02
 5.553153066552e+04  1.564506300000e+01  7.018594723862e-02
 5.553949942115e+04  1.544505400000e+01  6.339019065529e-02
 5.553950951300e+04  1.544039000000e+01  6.349541153908e-02
 5.553951464221e+04  1.543588700000e+01  6.376870730980e-02
 5.555937156611e+04  1.541812500000e+01  6.302417329553e-02
 5.555938554598e+04  1.541062000000e+01  6.290559446832e-02
 5.523635343795e+04  1.557234100000e+01  6.483083463204e-02
 5.520340043741e+04  1.571085400000e+01  6.546853770769e-02
 5.520340499481e+04  1.575816900000e+01  6.581680999719e-02
 5.520340953743e+04  1.569132400000e+01  6.502238409974e-02
 5.520341409160e+04  1.572023900000e+01  6.534341982333e-02
 5.525931380699e+04  1.549618900000e+01  6.301547961499e-02
 5.525931957534e+04  1.554520200000e+01  6.350635246356e-02
 5.525932536297e+04  1.555983800000e+01  6.361560288666e-02
 5.525933117553e+04  1.554380400000e+01  6.344637140859e-02
 5.526722024417e+04  1.570379500000e+01  6.539178222008e-02
 5.526722600544e+04  1.571156100000e+01  6.543232932410e-02
 5.526723404198e+04  1.573871100000e+01  6.580724890076e-02
 5.526723980058e+04  1.573541800000e+01  6.580186304702e-02
 5.532617620419e+04  1.555021100000e+01  6.426224841566e-02
 5.532618362436e+04  1.550406400000e+01  6.384851329733e-02
 5.532619109966e+04  1.547011800000e+01  6.357664258645e-02
 5.532619855872e+04  1.550705600000e+01  6.394647626531e-02
 5.533216274678e+04  1.557866000000e+01  6.443813740900e-02
 5.533216732192e+04  1.559868900000e+01  6.462571102990e-02
 5.533217190154e+04  1.557400800000e+01  6.437336780862e-02
 5.533217650848e+04  1.555041400000e+01  6.417280662965e-02
 5.534118524579e+04  1.569153600000e+01  7.113073134222e-02
 5.534119191122e+04  1.562211300000e+01  7.030260987415e-02
 5.534119669803e+04  1.561131800000e+01  7.021715005878e-02
 5.534120130429e+04  1.565345000000e+01  7.083554725209e-02
 5.551049112963e+04  1.567802500000e+01  6.549662838517e-02
 5.551050166177e+04  1.568497600000e+01  6.549326481299e-02
 5.551050694895e+04  1.567284600000e+01  6.533912545347e-02
 5.559635624308e+04  1.539136200000e+01  6.005834830213e-02
 5.559636844553e+04  1.538737800000e+01  6.004996231914e-02
 5.559638067791e+04  1.536483600000e+01  5.987745573351e-02
 5.559639288569e+04  1.538605000000e+01  6.003388321084e-02
 5.561528903921e+04  1.569483800000e+01  6.567455359271e-02
 5.561529657086e+04  1.568125800000e+01  6.554375226787e-02
 5.561530403028e+04  1.572197600000e+01  6.595434438522e-02
 5.561531156365e+04  1.569508800000e+01  6.565941946674e-02
 5.557439113323e+04  1.572282300000e+01  6.590054690027e-02
 5.557439696612e+04  1.568713600000e+01  6.538455337539e-02
 5.557440281352e+04  1.571461600000e+01  6.573507030064e-02
 5.557440864912e+04  1.568782500000e+01  6.540429990653e-02
 5.558552147022e+04  1.543691600000e+01  6.337420121054e-02
 5.558552854581e+04  1.539733400000e+01  6.312057777280e-02
 5.558553562292e+04  1.538874700000e+01  6.308600359142e-02
 5.558554275964e+04  1.545263500000e+01  6.373083550880e-02
 5.562127542410e+04  1.539105900000e+01  5.850684948579e-02
 5.562128353795e+04  1.537288500000e+01  5.841720588774e-02
 5.562129162493e+04  1.537563200000e+01  5.842042699867e-02
 5.562129966529e+04  1.536061700000e+01  5.849758892869e-02
 5.563125428502e+04  1.570218700000e+01  6.634432010564e-02
 5.563126116712e+04  1.572269000000e+01  6.658618464198e-02
 5.563126804339e+04  1.567187200000e+01  6.601617980700e-02
 5.563127497973e+04  1.571120600000e+01  6.642856350907e-02
 5.564417165005e+04  1.570257300000e+01  6.604362406589e-02
 5.564417681870e+04  1.564721200000e+01  6.547332544838e-02
 5.564418196910e+04  1.563407900000e+01  6.531234925274e-02
 5.564418712977e+04  1.559164900000e+01  6.488159470827e-02
 5.568813275491e+04  1.575281400000e+01  6.726561970230e-02
 5.568813842951e+04  1.572802800000e+01  6.701961319108e-02
 5.568814407146e+04  1.574534700000e+01  6.727538678608e-02
 5.568814981667e+04  1.576255900000e+01  6.748673711219e-02
 5.585052555471e+04  1.563595800000e+01  1.020007176440e-01
 5.585052661448e+04  1.575958600000e+01  1.050648421806e-01
 5.585052780007e+04  1.554893200000e+01  9.967269448620e-02
 5.585052898093e+04  1.501654800000e+01  8.713293177330e-02
 5.585052555471e+04  1.561324200000e+01  1.045230506595e-01
 5.585052661448e+04  1.562584700000e+01  1.047353206098e-01
 5.585052780007e+04  1.548723800000e+01  1.009718916688e-01
 5.585052898093e+04  1.506761900000e+01  9.037450500510e-02
 5.588749531672e+04  1.569790600000e+01  6.517736581684e-02
 5.588750385821e+04  1.564127400000e+01  6.458276685700e-02
 5.588751248670e+04  1.559384700000e+01  6.407772641845e-02
 5.588752107567e+04  1.555579200000e+01  6.371770935598e-02
 5.592447693457e+04  1.581034100000e+01  6.653392412145e-02
 5.592448436030e+04  1.584297800000e+01  6.687510947210e-02
 5.592449175583e+04  1.578584800000e+01  6.625010714344e-02
 5.592449920331e+04  1.579442500000e+01  6.636645480975e-02
 5.594444753522e+04  1.546680100000e+01  6.293326805547e-02
 5.594445521213e+04  1.545090500000e+01  6.287124613682e-02
 5.594446298637e+04  1.543055800000e+01  6.269708175143e-02
 5.594447060843e+04  1.543455800000e+01  6.274733856348e-02
 5.597630267481e+04  1.549942500000e+01  6.100195432891e-02
 5.597631089420e+04  1.547997200000e+01  6.085008726179e-02
 5.597631907993e+04  1.543720100000e+01  6.052838930590e-02
 5.597632779277e+04  1.541844300000e+01  6.015167601742e-02
 5.597830937287e+04  1.542285100000e+01  6.399403444321e-02
 5.597831275073e+04  1.544025200000e+01  6.451403265523e-02
 5.597831615726e+04  1.540799800000e+01  6.428399636242e-02
 5.597831956819e+04  1.542655000000e+01  6.567272054330e-02
 5.598424366185e+04  1.562994700000e+01  6.494860718822e-02
 5.598424934755e+04  1.558802400000e+01  6.448906625533e-02
 5.598425503315e+04  1.559745600000e+01  6.456593086870e-02
 5.598426069619e+04  1.561466700000e+01  6.472113618251e-02
 5.600025685882e+04  1.566861600000e+01  6.528767598253e-02
 5.600026130372e+04  1.566020100000e+01  6.521518454915e-02
 5.600026586483e+04  1.561813300000e+01  6.477405956694e-02
 5.600027042593e+04  1.563777400000e+01  6.496697397228e-02
 5.601115843343e+04  1.570545400000e+01  6.585424745617e-02
 5.601116407873e+04  1.569484100000e+01  6.571710691839e-02
 5.601116976134e+04  1.566421700000e+01  6.539056631383e-02
 5.601117537285e+04  1.572367500000e+01  6.601055618106e-02
 5.603014359164e+04  1.551607500000e+01  6.421683115750e-02
 5.603014919397e+04  1.554360300000e+01  6.446325753460e-02
 5.603015482932e+04  1.557206400000e+01  6.473470877549e-02
 5.603016046559e+04  1.558787300000e+01  6.531776256132e-02
 5.604018037138e+04  1.546414300000e+01  6.416177805105e-02
 5.604018550485e+04  1.541153900000e+01  6.384904495804e-02
 5.604019059650e+04  1.544172000000e+01  6.405910326679e-02
 5.604019568021e+04  1.542217500000e+01  6.388295469932e-02
