# time mag mag_err
 5.370629443034e+04  1.579151300000e+01  6.726474037673e-02
 5.370630376078e+04  1.581306000000e+01  6.750069450630e-02
 5.370631330836e+04  1.587526200000e+01  6.830034267712e-02
 5.370632261993e+04  1.581933900000e+01  6.774016923651e-02
 5.372711429852e+04  1.520505800000e+01  6.201944230496e-02
 5.372711910396e+04  1.522822400000e+01  6.318420983142e-02
 5.372712388233e+04  1.523871600000e+01  6.375329981184e-02
 5.372712867561e+04  1.525977300000e+01  6.363954299151e-02
 5.373314191251e+04  1.507423800000e+01  6.035264400636e-02
 5.373314828402e+04  1.494319200000e+01  5.944261682787e-02
 5.373315478411e+04  1.488842200000e+01  5.909200769134e-02
 5.373316117516e+04  1.484069900000e+01  5.878215534898e-02
 5.370223600051e+04  1.566934600000e+01  6.578107783681e-02
 5.370224256519e+04  1.568598400000e+01  6.599068642279e-02
 5.370224913727e+04  1.566234700000e+01  6.583590004390e-02
 5.370225572128e+04  1.569818800000e+01  6.613571203729e-02
 5.364632738903e+04  1.541610400000e+01  6.428382593855e-02
 5.364633461959e+04  1.542729000000e+01  6.438599107850e-02
 5.364634188905e+04  1.546818500000e+01  6.483008854868e-02
 5.364634918698e+04  1.547972500000e+01  6.493792718937e-02
 5.367127411411e+04  1.485811200000e+01  5.909513069721e-02
 5.367127946032e+04  1.488932000000e+01  5.932741345079e-02
 5.367128482760e+04  1.490078400000e+01  5.929424200467e-02
 5.367129020472e+04  1.493951900000e+01  5.969828220732e-02
 5.361941428135e+04  1.487161000000e+01  6.294161023463e-02
 5.361942073145e+04  1.488527600000e+01  6.306448139495e-02
 5.361942718490e+04  1.490269200000e+01  6.335252506627e-02
 5.361943369078e+04  1.492044400000e+01  6.318473293052e-02
 5.363832468306e+04  1.559129200000e+01  6.575906950073e-02
 5.363833064631e+04  1.546149600000e+01  6.440084616802e-02
 5.363833666038e+04  1.530122200000e+01  6.287602427998e-02
 5.363834261450e+04  1.520185300000e+01  6.198279187550e-02
 5.397541512353e+04  1.563291600000e+01  6.415859129852e-02
 5.397542159365e+04  1.564824500000e+01  6.431916882051e-02
 5.397542806595e+04  1.562806500000e+01  6.407574048622e-02
 5.397543453005e+04  1.565262900000e+01  6.428331246720e-02
 5.407928244914e+04  1.566638100000e+01  6.695311905539e-02
 5.407928821667e+04  1.553958200000e+01  8.038104905157e-02
 5.407929977662e+04  1.557013400000e+01  1.010715804340e-01
 5.408123664204e+04  1.536537100000e+01  6.214770706578e-02
 5.408124329144e+04  1.537744500000e+01  6.228796815741e-02
 5.408124995902e+04  1.540081100000e+01  6.252499882763e-02
 5.408125663979e+04  1.547195600000e+01  6.317532153312e-02
 5.378608707991e+04  1.580013700000e+01  6.716499312939e-02
 5.378609084086e+04  1.573384100000e+01  6.667088682131e-02
 5.378609461652e+04  1.569253100000e+01  6.618315847707e-02
 5.378609839367e+04  1.557139100000e+01  6.492808461099e-02
 5.375811265343e+04  1.569082200000e+01  6.610048492077e-02
 5.375812012995e+04  1.570878900000e+01  6.636878877297e-02
 5.375812754560e+04  1.574613900000e+01  6.676825497306e-02
 5.375813494943e+04  1.571618000000e+01  6.644537397723e-02
 5.405024219132e+04  1.568109100000e+01  6.460876217976e-02
 5.405025324568e+04  1.571074000000e+01  6.487489904209e-02
 5.405026436024e+04  1.570208100000e+01  6.483201519485e-02
 5.405027548152e+04  1.571231100000e+01  6.492537362825e-02
 5.399433730383e+04  1.556872300000e+01  6.344140015525e-02
 5.399434264715e+04  1.556341900000e+01  6.340973149534e-02
 5.399434797751e+04  1.558061300000e+01  6.354293566793e-02
 5.399435333924e+04  1.560301500000e+01  6.376445874779e-02
 5.443815670132e+04  1.548741700000e+01  6.295910760111e-02
 5.443816373512e+04  1.549486800000e+01  6.302107400364e-02
 5.443817071150e+04  1.552813700000e+01  6.329547900005e-02
 5.443817772100e+04  1.552826000000e+01  6.331962300950e-02
 5.444819135712e+04  1.547189200000e+01  6.283929852251e-02
 5.444819679870e+04  1.551561200000e+01  6.324027684928e-02
 5.444820221611e+04  1.556987800000e+01  6.375010815392e-02
 5.444820766291e+04  1.556168600000e+01  6.372562315400e-02
 5.414008775344e+04  1.572959400000e+01  6.712484189664e-02
 5.414009416370e+04  1.567992100000e+01  6.552793884157e-02
 5.414010058671e+04  1.579588800000e+01  6.776876809530e-02
 5.414010701550e+04  1.574593800000e+01  6.602447606586e-02
 5.411012241543e+04  1.492745200000e+01  5.934603152607e-02
 5.411012890325e+04  1.495047000000e+01  5.907619937878e-02
 5.411013538957e+04  1.498256600000e+01  5.939329164458e-02
 5.411014185691e+04  1.502091600000e+01  5.980146006811e-02
 5.412409500484e+04  1.506581000000e+01  5.976920308822e-02
 5.412410033415e+04  1.509474000000e+01  5.997579122030e-02
 5.412410565850e+04  1.513579400000e+01  6.029360794982e-02
 5.412411100575e+04  1.516943800000e+01  6.057722716027e-02
 5.413014147981e+04  1.532560000000e+01  6.197600476052e-02
 5.413014685473e+04  1.524786500000e+01  6.133906354300e-02
 5.413015225119e+04  1.513202500000e+01  6.047754541953e-02
 5.413015760910e+04  1.503631200000e+01  5.982308725839e-02
 5.427942500012e+04  1.564748700000e+01  6.845208354978e-02
 5.442132081900e+04  1.520135900000e+01  6.093745005979e-02
 5.442132991390e+04  1.523052400000e+01  6.117157640604e-02
 5.442133903728e+04  1.526114000000e+01  6.146220526373e-02
 5.442134815023e+04  1.530933600000e+01  6.155350029151e-02
 5.439330052425e+04  1.582863500000e+01  6.636917784095e-02
 5.439330865127e+04  1.566646800000e+01  6.469133858864e-02
 5.439331678640e+04  1.546025700000e+01  6.272006977451e-02
 5.439332490556e+04  1.521631300000e+01  6.071953120493e-02
 5.440323580127e+04  1.575578200000e+01  6.585229472202e-02
 5.440324420517e+04  1.575169300000e+01  6.577635485652e-02
 5.440325260571e+04  1.567703900000e+01  6.499755085809e-02
 5.440326100890e+04  1.573452500000e+01  6.555011496799e-02
 5.435140515182e+04  1.574458600000e+01  6.683591484916e-02
 5.435334639093e+04  1.537185500000e+01  6.277677745940e-02
 5.435335523824e+04  1.540619600000e+01  6.299044459085e-02
 5.435336409725e+04  1.544531900000e+01  6.356897238387e-02
 5.435337298600e+04  1.543259900000e+01  6.324575470307e-02
 5.482120886340e+04  1.544330900000e+01  6.247698329234e-02
 5.482121672478e+04  1.545652700000e+01  6.263074816261e-02
 5.482122466581e+04  1.547933800000e+01  6.285648620578e-02
 5.482123247071e+04  1.549041300000e+01  6.296249472818e-02
 5.450208980086e+04  1.483600900000e+01  5.831288855031e-02
 5.450209802743e+04  1.487033800000e+01  5.853182711496e-02
 5.450210213747e+04  1.486919200000e+01  5.853001573471e-02
 5.477416520682e+04  1.517400700000e+01  6.062651203099e-02
 5.477417198737e+04  1.502193400000e+01  5.947507319413e-02
 5.477417871906e+04  1.490361900000e+01  5.870288848658e-02
 5.477418550552e+04  1.485977300000e+01  5.842832297179e-02
 5.474535945192e+04  1.545132900000e+01  6.228123375807e-02
 5.474536603328e+04  1.541850200000e+01  6.199623725169e-02
 5.474537263082e+04  1.546577500000e+01  6.239864212885e-02
 5.474537924642e+04  1.545130300000e+01  6.227487226704e-02
 5.517813271660e+04  1.560499700000e+01  6.433875563697e-02
 5.517814074306e+04  1.562801900000e+01  6.450274723052e-02
 5.517814876118e+04  1.563036600000e+01  6.456509599291e-02
 5.517815679505e+04  1.563342000000e+01  6.463902414075e-02
 5.486710992140e+04  1.572043200000e+01  7.537043888568e-02
 5.486711514191e+04  1.564079600000e+01  7.428759355926e-02
 5.486712007734e+04  1.569644200000e+01  7.529982330078e-02
 5.486712510201e+04  1.565988400000e+01  7.474248974311e-02
 5.484913552682e+04  1.555262600000e+01  6.366259763509e-02
 5.484914278782e+04  1.555781100000e+01  6.375387638971e-02
 5.484915011447e+04  1.551099700000e+01  6.329625455474e-02
 5.484915739527e+04  1.559195000000e+01  6.412213839234e-02
 5.504236883859e+04  1.527187500000e+01  6.727609106258e-02
 5.504237535691e+04  1.514620900000e+01  6.565175928324e-02
 5.504238158002e+04  1.503911800000e+01  6.449324990059e-02
 5.504238802002e+04  1.492965800000e+01  6.329092338054e-02
 5.514123570355e+04  1.537875000000e+01  6.263658121471e-02
 5.514124223905e+04  1.539850700000e+01  6.283284965489e-02
 5.514124869422e+04  1.539912700000e+01  6.282126914092e-02
 5.514125534012e+04  1.540938300000e+01  6.289798442801e-02
 5.511833069920e+04  1.525806100000e+01  6.159140089594e-02
 5.511833871293e+04  1.528005800000e+01  6.174990360551e-02
 5.511834676955e+04  1.528996500000e+01  6.184976021356e-02
 5.511835472448e+04  1.531624100000e+01  6.196911189760e-02
 5.508530674866e+04  1.514642400000e+01  6.103698285375e-02
 5.508531285814e+04  1.501447800000e+01  6.004506252449e-02
 5.508531897603e+04  1.492948200000e+01  5.948029317204e-02
 5.508532509407e+04  1.487525200000e+01  5.916532505247e-02
 5.553225869337e+04  1.572314000000e+01  6.631143921675e-02
 5.553226907139e+04  1.573313000000e+01  6.644325064622e-02
 5.553227417495e+04  1.572106600000e+01  6.631761698603e-02
 5.554423863748e+04  1.483036200000e+01  5.870792324909e-02
 5.554425354961e+04  1.491219100000e+01  5.926980823116e-02
 5.554426109828e+04  1.494326100000e+01  5.949789269007e-02
 5.524013262652e+04  1.569615600000e+01  6.649786601175e-02
 5.524014008370e+04  1.570054600000e+01  6.659252347256e-02
 5.520813243772e+04  1.534625700000e+01  6.228910524169e-02
 5.520813817113e+04  1.538432200000e+01  6.260661636238e-02
 5.520814383750e+04  1.539172400000e+01  6.269384888370e-02
 5.520814954785e+04  1.539124400000e+01  6.272239602392e-02
 5.550126439124e+04  1.521467100000e+01  6.129023303932e-02
 5.550128126568e+04  1.490275900000e+01  5.906472940038e-02
 5.550128969431e+04  1.483295200000e+01  5.861628633218e-02
 5.550319534064e+04  1.553933400000e+01  6.431188990611e-02
 5.550320449250e+04  1.557943900000e+01  6.468908885219e-02
 5.550320905315e+04  1.558436700000e+01  6.476815113984e-02
 5.550913086666e+04  1.495177100000e+01  5.977869206045e-02
 5.550914116413e+04  1.503184600000e+01  6.037012602976e-02
 5.550914635639e+04  1.501162200000e+01  6.084133493414e-02
 5.551611639186e+04  1.569755000000e+01  6.613382982508e-02
 5.551612671971e+04  1.576317000000e+01  6.678200075974e-02
 5.551613182633e+04  1.567214200000e+01  6.574823489464e-02
 5.552725749269e+04  1.573169400000e+01  7.223575521584e-02
 5.552727119623e+04  1.576037400000e+01  7.265530601226e-02
 5.552727853745e+04  1.573215700000e+01  7.231356872815e-02
 5.547734320479e+04  1.496157800000e+01  5.951280539650e-02
 5.547735709094e+04  1.502540400000e+01  5.993522275435e-02
 5.547736404869e+04  1.507089100000e+01  6.025512346020e-02
 5.548226132804e+04  1.583585800000e+01  6.760610208330e-02
 5.548227276603e+04  1.582962200000e+01  6.755431228094e-02
 5.548227847731e+04  1.583466200000e+01  6.759149264814e-02
 5.549725445764e+04  1.573045400000e+01  6.649873799371e-02
 5.549726944324e+04  1.577339800000e+01  6.695598703595e-02
 5.549727702699e+04  1.574668200000e+01  6.661946380142e-02
 5.546936427032e+04  1.558809400000e+01  6.490486096834e-02
 5.546937796654e+04  1.560026500000e+01  6.503871369658e-02
 5.546938489304e+04  1.562564900000e+01  6.532364944306e-02
 5.559808683122e+04  1.564079400000e+01  6.256732325358e-02
 5.559809361014e+04  1.568620900000e+01  6.294129039072e-02
 5.559810051652e+04  1.567679300000e+01  6.281600148314e-02
 5.559810736965e+04  1.576233100000e+01  6.361360775775e-02
 5.556319375263e+04  1.485026200000e+01  5.937057429469e-02
 5.556320117569e+04  1.486257000000e+01  6.033983743342e-02
 5.556321157329e+04  1.493032800000e+01  6.008935054779e-02
 5.556321908444e+04  1.498369000000e+01  6.113852233001e-02
 5.557207754877e+04  1.534759400000e+01  6.706202268889e-02
 5.557208478918e+04  1.518769500000e+01  6.530213499487e-02
 5.557209196419e+04  1.507508100000e+01  6.412086094308e-02
 5.557209917221e+04  1.492787800000e+01  6.278462766026e-02
 5.558516660148e+04  1.560639300000e+01  6.791183861751e-02
 5.558517271125e+04  1.558216900000e+01  6.767660152110e-02
 5.558517889737e+04  1.562013600000e+01  6.817605262522e-02
 5.558518505219e+04  1.558637600000e+01  6.780832422446e-02
 5.582546511532e+04  1.549280900000e+01  6.331592468471e-02
 5.582547468883e+04  1.559773300000e+01  6.437747705038e-02
 5.582548428144e+04  1.553802300000e+01  6.387782348558e-02
 5.582549391995e+04  1.558619400000e+01  6.435730794446e-02
 5.585118941561e+04  1.561595500000e+01  6.482791508248e-02
 5.585119623956e+04  1.566459900000e+01  6.531181429353e-02
 5.585120303693e+04  1.568759400000e+01  6.552718045155e-02
 5.585120987525e+04  1.568769000000e+01  6.549628511455e-02
 5.589220348983e+04  1.501424200000e+01  5.958545937280e-02
 5.589220917747e+04  1.503999200000e+01  5.975708521669e-02
 5.589221481582e+04  1.505345200000e+01  5.985710507413e-02
 5.589222052266e+04  1.510128600000e+01  6.019018734421e-02
 5.594512087948e+04  1.511324900000e+01  6.034044493328e-02
 5.594512644168e+04  1.494212400000e+01  5.917000904844e-02
 5.594513225956e+04  1.493177800000e+01  5.912099596163e-02
 5.594513793162e+04  1.487900100000e+01  5.876605757064e-02
 5.618633987731e+04  1.565494300000e+01  6.262798481210e-02
 5.618634719300e+04  1.569492100000e+01  6.298446691359e-02
 5.618635450619e+04  1.567519000000e+01  6.279973666902e-02
 5.618636181569e+04  1.565989400000e+01  6.264276603925e-02
 5.619545135949e+04  1.571741100000e+01  6.354202652344e-02
 5.619545640303e+04  1.553920100000e+01  6.199577525664e-02
 5.619546147703e+04  1.534860500000e+01  6.049566991272e-02
 5.619546656721e+04  1.524074000000e+01  5.972794774633e-02
 5.620834853417e+04  1.492566200000e+01  5.943396518528e-02
 5.620835395723e+04  1.497144300000e+01  5.976676706410e-02
 5.620835897133e+04  1.496836600000e+01  5.970826873764e-02
 5.620836405595e+04  1.502272700000e+01  6.012011761172e-02
 5.621629857155e+04  1.543036000000e+01  6.336752323436e-02
 5.621630424685e+04  1.548896700000e+01  6.390593286844e-02
 5.621630989181e+04  1.542794500000e+01  6.334836560172e-02
 5.621631560438e+04  1.545025800000e+01  6.354258225971e-02
