# time mag mag_err
 5.346942149168e+04  1.592265400000e+01  6.830335938707e-02
 5.346943116067e+04  1.595018500000e+01  6.863584900723e-02
 5.346944088211e+04  1.591657200000e+01  6.815746804491e-02
 5.346945056766e+04  1.586767200000e+01  6.753032423286e-02
 5.348137121507e+04  1.570268600000e+01  6.551911549672e-02
 5.348137930807e+04  1.573529200000e+01  6.583150134861e-02
 5.348138746530e+04  1.572192600000e+01  6.561449493620e-02
 5.348139557242e+04  1.577346100000e+01  6.613789559161e-02
 5.355826121149e+04  1.584700000000e+01  6.063417789632e-02
 5.355826574587e+04  1.586052600000e+01  6.078523440432e-02
 5.355827025766e+04  1.584404200000e+01  6.067503433231e-02
 5.355827477166e+04  1.586783600000e+01  6.084640015691e-02
 5.356723016244e+04  1.551160800000e+01  6.539320171523e-02
 5.356723664321e+04  1.547010000000e+01  6.560346774501e-02
 5.356724313358e+04  1.541968300000e+01  6.588774403461e-02
 5.356724963262e+04  1.558727100000e+01  6.632434078936e-02
 5.352536345125e+04  1.584426700000e+01  6.779464505840e-02
 5.352537162284e+04  1.580001700000e+01  6.733488006469e-02
 5.352537975600e+04  1.586196800000e+01  6.796146850358e-02
 5.352538789876e+04  1.582496100000e+01  6.750005936205e-02
 5.349740317505e+04  1.586641600000e+01  7.238848805092e-02
 5.349741017679e+04  1.578008800000e+01  7.901111122083e-02
 5.349741714844e+04  1.582263900000e+01  6.967298311680e-02
 5.349742418293e+04  1.593113800000e+01  8.388195090919e-02
 5.350638642975e+04  1.578560100000e+01  6.893331110327e-02
 5.350639315601e+04  1.578191000000e+01  6.891473701606e-02
 5.350639999779e+04  1.577343700000e+01  6.877937885675e-02
 5.350640675345e+04  1.580596800000e+01  6.926989393840e-02
 5.364409542653e+04  1.562202000000e+01  6.627625095586e-02
 5.364410024888e+04  1.556331500000e+01  6.564796736016e-02
 5.364410514484e+04  1.562651400000e+01  6.637680769833e-02
 5.364410998825e+04  1.564328000000e+01  6.653774680457e-02
 5.365310973191e+04  1.523995600000e+01  6.302250778427e-02
 5.365311456016e+04  1.528636400000e+01  6.355933480456e-02
 5.365311941434e+04  1.529934700000e+01  6.377259170211e-02
 5.365312431979e+04  1.527588400000e+01  6.353631815930e-02
 5.367107390867e+04  1.577936800000e+01  6.752759272026e-02
 5.367107930789e+04  1.584563400000e+01  6.841354527548e-02
 5.367108464659e+04  1.579175300000e+01  6.783026148024e-02
 5.367108996676e+04  1.581828300000e+01  6.824424027016e-02
 5.384346060056e+04  1.560157000000e+01  6.551044198348e-02
 5.384346558459e+04  1.561047400000e+01  6.564319512680e-02
 5.384347054144e+04  1.564040500000e+01  6.595206965048e-02
 5.384347542733e+04  1.566914200000e+01  6.627210423633e-02
 5.385043476322e+04  1.581690700000e+01  6.756016149947e-02
 5.385044023177e+04  1.581634800000e+01  6.756628950915e-02
 5.385044566005e+04  1.583832500000e+01  6.783888272733e-02
 5.385045110245e+04  1.585244000000e+01  6.802654976407e-02
 5.392534836623e+04  1.584160600000e+01  1.213135458926e-01
 5.392534985022e+04  1.570600300000e+01  1.152823006124e-01
 5.392535138929e+04  1.593517000000e+01  1.259031763960e-01
 5.392535293174e+04  1.573822600000e+01  1.167907714510e-01
 5.390030445404e+04  1.576640800000e+01  1.208726790826e-01
 5.390030553684e+04  1.582382200000e+01  1.232299674677e-01
 5.390030662394e+04  1.567942800000e+01  1.167993008224e-01
 5.390030768927e+04  1.581182300000e+01  1.232007280555e-01
 5.385941846111e+04  1.577972400000e+01  6.762147740591e-02
 5.385942652771e+04  1.578772500000e+01  6.774447627384e-02
 5.385943458459e+04  1.579813200000e+01  6.792093451463e-02
 5.385944269600e+04  1.577027600000e+01  6.758130920616e-02
 5.386638781417e+04  1.593422100000e+01  1.227812312411e-01
 5.386638855760e+04  1.588176600000e+01  1.203077708232e-01
 5.386638949411e+04  1.586324900000e+01  1.193260315011e-01
 5.386639035896e+04  1.581112600000e+01  1.169833631815e-01
 5.387940764851e+04  1.552025000000e+01  6.447241645823e-02
 5.387941721495e+04  1.555855600000e+01  6.490881937727e-02
 5.387942667862e+04  1.558812800000e+01  6.523391088181e-02
 5.387943616080e+04  1.561743800000e+01  6.555433708320e-02
 5.388540352051e+04  1.523650300000e+01  6.218351016678e-02
 5.388541074459e+04  1.526252500000e+01  6.242280230669e-02
 5.388541793361e+04  1.528485900000e+01  6.262582702294e-02
 5.388542513941e+04  1.531032100000e+01  6.290033864603e-02
 5.402808561223e+04  1.528281300000e+01  6.286300670137e-02
 5.402809318600e+04  1.525730500000e+01  6.273210477588e-02
 5.402810082641e+04  1.530246700000e+01  6.320847305345e-02
 5.402810843339e+04  1.532702100000e+01  6.349636357632e-02
 5.399814689559e+04  1.502874800000e+01  5.945389181291e-02
 5.399815166538e+04  1.503460700000e+01  5.951492054462e-02
 5.399815642569e+04  1.499806700000e+01  5.930237384121e-02
 5.399816119861e+04  1.501407900000e+01  5.946169770804e-02
 5.400811012188e+04  1.559090600000e+01  6.892515967168e-02
 5.400811735742e+04  1.562309100000e+01  6.938702533563e-02
 5.400812460257e+04  1.564690900000e+01  6.975727680769e-02
 5.400813183997e+04  1.563424700000e+01  6.965660363400e-02
 5.420143507236e+04  1.570583900000e+01  6.585902249377e-02
 5.420144486266e+04  1.572059300000e+01  6.595390370936e-02
 5.420145461789e+04  1.576121500000e+01  6.643869202416e-02
 5.420146447856e+04  1.579476300000e+01  6.680841202494e-02
 5.421346172150e+04  1.531275800000e+01  6.231805022830e-02
 5.421347060458e+04  1.534697300000e+01  6.261625678891e-02
 5.421347950144e+04  1.537195000000e+01  6.283378945998e-02
 5.421348836253e+04  1.541730000000e+01  6.323034306634e-02
 5.429023399788e+04  1.520932500000e+01  6.418099197179e-02
 5.429023882440e+04  1.524325100000e+01  6.262587000189e-02
 5.429024363181e+04  1.528886100000e+01  6.459215841625e-02
 5.429024845068e+04  1.516842000000e+01  1.066810625372e-01
 5.425842065505e+04  1.598486600000e+01  6.902802322221e-02
 5.425842667547e+04  1.594653900000e+01  6.863857587347e-02
 5.425843268330e+04  1.593287600000e+01  6.846993355214e-02
 5.425843874193e+04  1.584654400000e+01  6.744564943995e-02
 5.426727371083e+04  1.567239300000e+01  6.681453353311e-02
 5.426728138043e+04  1.566814300000e+01  8.269046059944e-02
 5.426929922661e+04  1.582966400000e+01  6.729116497489e-02
 5.426930780088e+04  1.584341900000e+01  6.750377885081e-02
 5.426931635801e+04  1.581280700000e+01  6.715684131948e-02
 5.426932497626e+04  1.587099000000e+01  6.785511032568e-02
 5.427733391049e+04  1.588622900000e+01  6.843539860285e-02
 5.427734036554e+04  1.579852400000e+01  6.737367516864e-02
 5.427734683068e+04  1.571299100000e+01  6.642056451200e-02
 5.427735328124e+04  1.554997800000e+01  6.470667665175e-02
 5.417148024716e+04  1.557439400000e+01  6.390276831194e-02
 5.417148515435e+04  1.556580200000e+01  6.379621279976e-02
 5.417149010159e+04  1.554787100000e+01  6.365687726998e-02
 5.417149503424e+04  1.559500200000e+01  6.412525117006e-02
 5.418643584072e+04  1.583924100000e+01  8.656903465587e-02
 5.418643751025e+04  1.590403200000e+01  8.539973418772e-02
 5.418643917284e+04  1.599280000000e+01  8.886079141174e-02
 5.418644085718e+04  1.577988900000e+01  8.654012798946e-02
 5.423133457260e+04  1.576104600000e+01  6.640388992484e-02
 5.423134100914e+04  1.575569500000e+01  6.631692141752e-02
 5.423134746676e+04  1.574445300000e+01  6.619271621110e-02
 5.423135390123e+04  1.577686300000e+01  6.653487979731e-02
 5.424034339257e+04  1.549475600000e+01  6.391490203574e-02
 5.424035256929e+04  1.552385400000e+01  6.417639371934e-02
 5.424036178747e+04  1.549822100000e+01  6.393422637793e-02
 5.424037102358e+04  1.553390900000e+01  6.427949226187e-02
 5.424737666303e+04  1.581734400000e+01  6.815904763762e-02
 5.424738371351e+04  1.587105900000e+01  6.891256742927e-02
 5.424739067484e+04  1.587335200000e+01  6.908398268789e-02
 5.424739756338e+04  1.590245200000e+01  6.956977423245e-02
 5.438008646970e+04  1.588728000000e+01  9.188974185551e-02
 5.438008981280e+04  1.575543100000e+01  7.141944113386e-02
 5.438009320626e+04  1.570551800000e+01  7.101315980471e-02
 5.438009655596e+04  1.570610400000e+01  7.120760706266e-02
 5.438910548119e+04  1.548091400000e+01  6.809119738226e-02
 5.438910935429e+04  1.546841200000e+01  6.805115625495e-02
 5.438911327139e+04  1.547171300000e+01  6.812986957582e-02
 5.438911715666e+04  1.547502700000e+01  6.821047091764e-02
 5.439408772463e+04  1.569930700000e+01  7.596716051030e-02
 5.439409023262e+04  1.570696600000e+01  7.622955788058e-02
 5.439409274698e+04  1.565055400000e+01  7.528490326715e-02
 5.439409525486e+04  1.566779100000e+01  7.556517289514e-02
 5.434818028192e+04  1.527567500000e+01  6.227957183837e-02
 5.434818851335e+04  1.533691700000e+01  6.286012759543e-02
 5.434819689767e+04  1.531460100000e+01  6.284633736584e-02
 5.434820527494e+04  1.533751100000e+01  6.292421046348e-02
 5.435714032299e+04  1.588408800000e+01  6.763614510094e-02
 5.435714515031e+04  1.585474300000e+01  6.738626351072e-02
 5.435714996919e+04  1.585738200000e+01  6.745998266075e-02
 5.435715478088e+04  1.584976200000e+01  6.730777163316e-02
 5.456046678866e+04  1.552701600000e+01  6.366775594546e-02
 5.456047117140e+04  1.554578800000e+01  6.385069423091e-02
 5.456047555286e+04  1.552965600000e+01  6.366476419311e-02
 5.456047993583e+04  1.557506700000e+01  6.412225019527e-02
 5.456534303823e+04  1.554629300000e+01  6.463528686482e-02
 5.456534960847e+04  1.557874000000e+01  6.487414912510e-02
 5.456535611330e+04  1.559017700000e+01  6.489086557070e-02
 5.456536268019e+04  1.557581200000e+01  6.474150575495e-02
 5.457237283552e+04  1.596908700000e+01  7.106729850393e-02
 5.457237981793e+04  1.588266600000e+01  6.728040759797e-02
 5.457238682649e+04  1.593285600000e+01  6.783272345071e-02
 5.457239381608e+04  1.595420200000e+01  6.811581110610e-02
 5.458244393444e+04  1.563752700000e+01  6.500896649060e-02
 5.458245151179e+04  1.566218300000e+01  6.528934023923e-02
 5.458245908300e+04  1.563682200000e+01  6.504358813249e-02
 5.458246668025e+04  1.564093000000e+01  6.512922163005e-02
 5.450553024984e+04  1.542583400000e+01  6.424675126948e-02
 5.450553602918e+04  1.540336300000e+01  6.399610387568e-02
 5.450554178709e+04  1.541332100000e+01  6.409397066588e-02
 5.450554755012e+04  1.544385300000e+01  6.439840703247e-02
 5.452351402230e+04  1.585286800000e+01  6.890985625344e-02
 5.452351745720e+04  1.588740500000e+01  6.934772314831e-02
 5.452352091384e+04  1.588160900000e+01  6.921356946218e-02
 5.452352442247e+04  1.586450300000e+01  6.902516415434e-02
 5.448352302919e+04  1.515493900000e+01  6.446889214755e-02
 5.448352823049e+04  1.517532100000e+01  6.468957553595e-02
 5.448353342693e+04  1.516359700000e+01  6.442290333711e-02
 5.448353881169e+04  1.522328400000e+01  6.501873872688e-02
 5.462534698903e+04  1.580316600000e+01  6.670186792907e-02
 5.462535471186e+04  1.580947200000e+01  6.677327331880e-02
 5.462536243679e+04  1.582824200000e+01  6.701348926883e-02
 5.462537010963e+04  1.580395400000e+01  6.682024524742e-02
 5.464140908756e+04  1.503260700000e+01  6.077496310720e-02
 5.464141621616e+04  1.503783500000e+01  6.091562627668e-02
 5.464142336814e+04  1.509232700000e+01  6.140568805147e-02
 5.464143052786e+04  1.514946500000e+01  6.186474909448e-02
 5.452850305211e+04  1.590175300000e+01  6.719219985759e-02
 5.452850964595e+04  1.594039900000e+01  6.762424268011e-02
 5.452851625773e+04  1.599362200000e+01  6.826222993202e-02
 5.452852286906e+04  1.594467600000e+01  6.768756323819e-02
 5.453750365188e+04  1.580627800000e+01  6.786100239604e-02
 5.453750474071e+04  1.585432100000e+01  6.845044460273e-02
 5.453750582328e+04  1.582357800000e+01  6.797476928598e-02
 5.453750690852e+04  1.579189100000e+01  6.670684002961e-02
 5.454850097083e+04  1.583841800000e+01  6.996495401750e-02
 5.454850585395e+04  1.586525800000e+01  7.032256806441e-02
 5.454851072190e+04  1.584698600000e+01  7.008714326433e-02
 5.454851559274e+04  1.586436800000e+01  7.034372774443e-02
 5.458931739140e+04  1.583429900000e+01  6.679866194293e-02
 5.458932553684e+04  1.585504200000e+01  6.700558706453e-02
 5.458933367624e+04  1.585403000000e+01  6.696197862884e-02
 5.458934180326e+04  1.577530400000e+01  6.604838238826e-02
 5.459633927183e+04  1.527050200000e+01  6.192740968138e-02
 5.459634669615e+04  1.526088900000e+01  6.187703380357e-02
 5.459635415995e+04  1.530419900000e+01  6.216300005038e-02
 5.459636163498e+04  1.529755100000e+01  6.208829672167e-02
 5.474511520448e+04  1.527189500000e+01  6.097230592522e-02
 5.474511995216e+04  1.529542500000e+01  6.118902450719e-02
 5.474512469731e+04  1.529732900000e+01  6.120828470302e-02
 5.474512956515e+04  1.531207500000e+01  6.135819058366e-02
 5.493843883730e+04  1.545347800000e+01  6.288622608594e-02
 5.493844371012e+04  1.542557700000e+01  6.265012810353e-02
 5.493844850620e+04  1.544087200000e+01  6.281836657340e-02
 5.493845338434e+04  1.545986900000e+01  6.296153354333e-02
 5.494445959236e+04  1.518207100000e+01  6.078265699150e-02
 5.494446691275e+04  1.523447800000e+01  6.117554690236e-02
 5.494447414659e+04  1.523804300000e+01  6.120049211589e-02
 5.494448152602e+04  1.527803600000e+01  6.152040509648e-02
 5.505920183498e+04  1.551019300000e+01  6.374859109562e-02
 5.505920914375e+04  1.548464500000e+01  6.353212963734e-02
 5.505921646715e+04  1.548166100000e+01  6.352446501472e-02
 5.505922362779e+04  1.551646800000e+01  6.390384114414e-02
 5.487552539240e+04  1.508066000000e+01  6.151991313168e-02
 5.487553011844e+04  1.506382600000e+01  6.136098211103e-02
 5.487553493257e+04  1.506955200000e+01  6.139477506990e-02
 5.487553975689e+04  1.508023200000e+01  6.143597623282e-02
 5.488850155937e+04  1.555061100000e+01  6.329009933493e-02
 5.488850981557e+04  1.554550700000e+01  6.321162634583e-02
 5.488851811830e+04  1.557526600000e+01  6.346954246275e-02
 5.488852652219e+04  1.558413800000e+01  6.356151498133e-02
 5.484953117253e+04  1.557809600000e+01  6.416552713432e-02
 5.484953852835e+04  1.566752200000e+01  6.511681856083e-02
 5.484954586308e+04  1.565705900000e+01  6.477024341860e-02
 5.484955326773e+04  1.570199600000e+01  6.515442371467e-02
 5.502335333410e+04  1.576100600000e+01  6.730856790597e-02
 5.502335805601e+04  1.575583800000e+01  6.733461399275e-02
 5.502336282905e+04  1.569618400000e+01  6.673707349156e-02
 5.502336763175e+04  1.582431900000e+01  6.845843939078e-02
 5.503422299889e+04  1.555827700000e+01  7.163714125773e-02
 5.503422687038e+04  1.555512800000e+01  7.064900833331e-02
 5.503423064735e+04  1.559866800000e+01  7.132013931958e-02
 5.503423446513e+04  1.556693100000e+01  7.075745092278e-02
 5.500331800294e+04  1.580059500000e+01  6.703699167223e-02
 5.500332272701e+04  1.579451100000e+01  6.699421615023e-02
 5.500332761466e+04  1.578474900000e+01  6.686677033097e-02
 5.500333240078e+04  1.580225800000e+01  6.711078845304e-02
 5.492041210225e+04  1.581271000000e+01  6.661495368076e-02
 5.492042057096e+04  1.586410500000e+01  6.717254567435e-02
 5.492042913704e+04  1.586867400000e+01  6.715224936460e-02
 5.492043781502e+04  1.586630700000e+01  6.713900884025e-02
 5.495528138782e+04  1.597219000000e+01  7.556167735635e-02
 5.495528717943e+04  1.590913100000e+01  8.738815152304e-02
 5.495529301052e+04  1.587328300000e+01  7.690648384881e-02
 5.495529883766e+04  1.589882500000e+01  7.487737852419e-02
 5.496741537751e+04  1.587507700000e+01  6.794482531344e-02
 5.496742225635e+04  1.585418100000e+01  6.774054398336e-02
 5.496742895416e+04  1.574953900000e+01  6.647903548561e-02
 5.496743575403e+04  1.582344900000e+01  6.740173770144e-02
 5.498033605383e+04  1.592110600000e+01  6.838484022329e-02
 5.498034349216e+04  1.581566800000e+01  6.711526910532e-02
 5.498035092890e+04  1.569189300000e+01  6.568188518049e-02
 5.498035835729e+04  1.546919400000e+01  6.351852266231e-02
 5.512608221596e+04  1.559091000000e+01  7.010936375562e-02
 5.512608945963e+04  1.541835600000e+01  6.798152482796e-02
 5.512609690191e+04  1.532013300000e+01  6.692190040609e-02
 5.512610413666e+04  1.524750700000e+01  6.621392676678e-02
 5.509216670135e+04  1.558047300000e+01  6.511454821221e-02
 5.509217211183e+04  1.561201800000e+01  6.552704171426e-02
 5.509217759118e+04  1.558371400000e+01  6.529733442653e-02
 5.509218310014e+04  1.562894200000e+01  6.583042006063e-02
 5.510313071014e+04  1.553798500000e+01  7.008103702375e-02
 5.510313468557e+04  1.560611500000e+01  7.105755747652e-02
 5.510313866378e+04  1.562512400000e+01  7.138521192490e-02
 5.510314263447e+04  1.562211500000e+01  7.136447598914e-02
 5.529346987736e+04  1.578000700000e+01  6.607625138188e-02
 5.529347457377e+04  1.578113500000e+01  6.606289943966e-02
 5.529347916729e+04  1.581551300000e+01  6.641978079176e-02
 5.529348376897e+04  1.579168800000e+01  6.617429456831e-02
 5.530145779918e+04  1.574938800000e+01  6.610993125568e-02
 5.530146252860e+04  1.580017800000e+01  6.664472553322e-02
 5.530146718369e+04  1.584725100000e+01  6.719429043819e-02
 5.530147181381e+04  1.580836000000e+01  6.674608602991e-02
 5.538123664459e+04  1.573256700000e+01  6.619514585291e-02
 5.538124461975e+04  1.573102100000e+01  6.616718100421e-02
 5.538125269851e+04  1.576649900000e+01  6.655361759700e-02
 5.538126071756e+04  1.576343500000e+01  6.657856971966e-02
 5.534940611072e+04  1.544164500000e+01  6.320307748657e-02
 5.534941238339e+04  1.547655100000e+01  6.354784111236e-02
 5.534941875096e+04  1.549494700000e+01  6.374979449542e-02
 5.534942516749e+04  1.554105000000e+01  6.423887546176e-02
 5.535633885523e+04  1.584564300000e+01  6.704672024368e-02
 5.535634630794e+04  1.588426100000e+01  6.755303397461e-02
 5.535635377278e+04  1.583535900000e+01  6.698057604323e-02
 5.535636129354e+04  1.588495500000e+01  6.754025732825e-02
 5.536333527030e+04  1.513124900000e+01  6.052353289358e-02
 5.536334041963e+04  1.518319300000e+01  6.094183271278e-02
 5.536334558473e+04  1.516986500000e+01  6.089964012558e-02
 5.536335075837e+04  1.520526400000e+01  6.117541546342e-02
 5.528046704687e+04  1.536103600000e+01  6.236288813061e-02
 5.528047394296e+04  1.538017900000e+01  6.245325577847e-02
 5.528048080720e+04  1.538556200000e+01  6.255269722032e-02
 5.528048775488e+04  1.542158400000e+01  6.284557509064e-02
 5.532244472066e+04  1.514724300000e+01  6.042507593662e-02
 5.532245099664e+04  1.516933400000e+01  6.060466841986e-02
 5.532245738677e+04  1.517063600000e+01  6.071017460582e-02
 5.532246389255e+04  1.518157100000e+01  6.310014592235e-02
 5.533241858146e+04  1.563063700000e+01  6.479169416490e-02
 5.533242606343e+04  1.567307500000e+01  6.524104509112e-02
 5.533243358628e+04  1.564640400000e+01  6.498055939493e-02
 5.533244113031e+04  1.570399700000e+01  6.561673144377e-02
 5.533931474419e+04  1.585422400000e+01  6.695421521367e-02
 5.533931986771e+04  1.584437600000e+01  6.693425456519e-02
 5.533932502316e+04  1.584069500000e+01  6.691300441498e-02
 5.533933020745e+04  1.585871200000e+01  6.713399579298e-02
 5.548807801081e+04  1.578597200000e+01  7.342072658642e-02
 5.548808618034e+04  1.580926300000e+01  7.394342107747e-02
 5.548809020137e+04  1.585663800000e+01  7.479709511592e-02
 5.544918354016e+04  1.601872300000e+01  6.944846616370e-02
 5.544919382983e+04  1.605079000000e+01  6.995144259585e-02
 5.544919902664e+04  1.604931000000e+01  7.008651990707e-02
 5.567732801881e+04  1.503235300000e+01  6.054440127059e-02
 5.567733663778e+04  1.508006600000e+01  6.091509696535e-02
 5.567734535502e+04  1.512174900000e+01  6.118869535398e-02
 5.567735409516e+04  1.513597400000e+01  6.128090499361e-02
 5.558951590097e+04  1.509723200000e+01  6.448370806442e-02
 5.558952154583e+04  1.508821400000e+01  6.433553504598e-02
 5.558952721660e+04  1.511638400000e+01  6.461212515249e-02
 5.558953283667e+04  1.515664300000e+01  6.495309889056e-02
 5.564849649505e+04  1.578272200000e+01  6.708731018329e-02
 5.564850109299e+04  1.580897500000e+01  6.737769055978e-02
 5.564850563696e+04  1.587151900000e+01  6.811433797665e-02
 5.564851029436e+04  1.582817200000e+01  6.759893162089e-02
 5.568637366025e+04  1.605407500000e+01  8.070623984097e-02
 5.568637937664e+04  1.597189700000e+01  7.092145019736e-02
 5.568638508896e+04  1.593660800000e+01  7.214621038558e-02
 5.568639079633e+04  1.591969400000e+01  7.032333736477e-02
 5.495535362045e+04  1.562437100000e+01  6.985417549907e-02
 5.495535942817e+04  1.551088000000e+01  6.840671653461e-02
 5.495536538472e+04  1.543529100000e+01  6.744411841929e-02
 5.495537120480e+04  1.535172000000e+01  6.648876100182e-02
 5.544918354016e+04  1.591147900000e+01  6.822111352581e-02
 5.544919382983e+04  1.596484600000e+01  6.900649186715e-02
 5.544919902664e+04  1.597305000000e+01  6.927850540762e-02
 5.582413233693e+04  1.589496300000e+01  6.759525697291e-02
 5.582413907058e+04  1.589261700000e+01  6.757865157735e-02
 5.582414585413e+04  1.589261000000e+01  6.765731862335e-02
 5.582415278829e+04  1.585410200000e+01  6.722737587423e-02
 5.585609395753e+04  1.549930100000e+01  6.477726306408e-02
 5.585610012288e+04  1.548756400000e+01  6.480615858613e-02
 5.585610844903e+04  1.553753900000e+01  6.601899331372e-02
 5.585611468660e+04  1.550524700000e+01  6.525957873377e-02
 5.600746306816e+04  1.571751800000e+01  6.271743782860e-02
 5.600747134381e+04  1.580119300000e+01  6.348594156302e-02
 5.600747954703e+04  1.581642600000e+01  6.361406826683e-02
 5.600748767313e+04  1.580686000000e+01  6.348984731742e-02
 5.603844794376e+04  1.558342500000e+01  6.487871469476e-02
 5.603845359134e+04  1.559933300000e+01  6.505032882165e-02
 5.603845923449e+04  1.561331600000e+01  6.520400036329e-02
 5.603846487979e+04  1.561209300000e+01  6.516663680562e-02
 5.604633747575e+04  1.552965800000e+01  6.179451981212e-02
 5.604634778476e+04  1.557340000000e+01  6.213525947809e-02
 5.604635804862e+04  1.554257200000e+01  6.185608725338e-02
 5.604636834385e+04  1.553913200000e+01  6.182620068865e-02
 5.607435026532e+04  1.540564600000e+01  6.228395140032e-02
 5.607435587730e+04  1.539771000000e+01  6.223512724824e-02
 5.607436152943e+04  1.544997800000e+01  6.268398768365e-02
 5.607436715787e+04  1.544415300000e+01  6.266735884514e-02
 5.608638677032e+04  1.551206200000e+01  6.348779386056e-02
 5.608639190032e+04  1.547371100000e+01  6.313456972501e-02
 5.608639705102e+04  1.545213700000e+01  6.296574606567e-02
 5.608640215000e+04  1.537496000000e+01  6.230378244587e-02
 5.609333386418e+04  1.559608400000e+01  6.524488050437e-02
 5.609334064831e+04  1.561844900000e+01  6.544464962214e-02
 5.609334738712e+04  1.561817700000e+01  6.571313756326e-02
 5.609335418097e+04  1.560099100000e+01  6.553794727090e-02
 5.618715773426e+04  1.539054500000e+01  6.055948377725e-02
 5.618716279343e+04  1.542639200000e+01  6.087733459550e-02
 5.618716787079e+04  1.543014200000e+01  6.093350913254e-02
 5.618717287369e+04  1.541917500000e+01  6.085910130387e-02
 5.621010193859e+04  1.589711400000e+01  6.886282496441e-02
 5.621010818242e+04  1.592452900000e+01  6.924704730446e-02
 5.621011384716e+04  1.591503500000e+01  6.919098953147e-02
 5.621011947203e+04  1.585907500000e+01  6.856071640136e-02
