# time mag mag_err
 5.355732806753e+04  1.505426600000e+01  6.017123757131e-02
 5.355733220072e+04  1.506119400000e+01  6.024485503476e-02
 5.355733633866e+04  1.503965600000e+01  6.010266110434e-02
 5.355734048088e+04  1.506576000000e+01  6.029155722771e-02
 5.356222308711e+04  1.555332100000e+01  6.406818725431e-02
 5.356222963639e+04  1.551805300000e+01  6.372150937370e-02
 5.356223615488e+04  1.552431500000e+01  6.379173409879e-02
 5.356224267384e+04  1.553505000000e+01  6.388723329997e-02
 5.352630395958e+04  1.557738900000e+01  6.429495662484e-02
 5.352631453072e+04  1.554709300000e+01  6.398348326404e-02
 5.352632497580e+04  1.555758600000e+01  6.409850846901e-02
 5.352633524448e+04  1.559828900000e+01  6.453886049731e-02
 5.353431689473e+04  1.487577300000e+01  5.867634103558e-02
 5.353432540477e+04  1.484557800000e+01  5.849690635247e-02
 5.353433379245e+04  1.486469700000e+01  5.860333163771e-02
 5.353434209530e+04  1.488765700000e+01  5.875883786130e-02
 5.354925603141e+04  1.555194800000e+01  6.489764012581e-02
 5.354926268267e+04  1.555726100000e+01  6.491964141401e-02
 5.354926922513e+04  1.561332200000e+01  6.545651514889e-02
 5.354927579131e+04  1.558983700000e+01  6.518529238829e-02
 5.365709556155e+04  1.563361300000e+01  6.701740158313e-02
 5.365710044848e+04  1.556660700000e+01  6.629162916099e-02
 5.365710532882e+04  1.568793000000e+01  6.776182016360e-02
 5.365711023253e+04  1.565666200000e+01  6.760941441595e-02
 5.384821448822e+04  1.553024900000e+01  6.649723240144e-02
 5.384822043597e+04  1.554468300000e+01  6.648045777942e-02
 5.384822643986e+04  1.557966400000e+01  6.709040167140e-02
 5.384823240068e+04  1.562392500000e+01  6.766083769968e-02
 5.385446613660e+04  1.564370000000e+01  6.583936406308e-02
 5.385447213794e+04  1.565696100000e+01  6.608319926440e-02
 5.385447808813e+04  1.560922800000e+01  6.562330328227e-02
 5.385448407778e+04  1.561721300000e+01  6.567765382732e-02
 5.385544383024e+04  1.539914700000e+01  6.327259179597e-02
 5.385545123270e+04  1.540642300000e+01  6.333502578041e-02
 5.385545835480e+04  1.544852200000e+01  6.374681401390e-02
 5.385546498222e+04  1.546701600000e+01  6.397544496018e-02
 5.389131661225e+04  1.529518500000e+01  1.002468574527e-01
 5.389131777885e+04  1.535238300000e+01  1.024914049214e-01
 5.389131892867e+04  1.543075300000e+01  1.052930500112e-01
 5.389132007190e+04  1.529469900000e+01  1.008815692251e-01
 5.390029219220e+04  1.522238000000e+01  9.830373552141e-02
 5.390029316794e+04  1.516103500000e+01  9.664872950674e-02
 5.390029414659e+04  1.526790200000e+01  1.001219572171e-01
 5.390029511307e+04  1.534135400000e+01  1.025237903153e-01
 5.379647822890e+04  1.529262700000e+01  6.199050908013e-02
 5.379648469439e+04  1.531906000000e+01  6.231731602829e-02
 5.379649115223e+04  1.531138300000e+01  6.197332314557e-02
 5.379649763543e+04  1.532297000000e+01  6.217702245171e-02
 5.386238238616e+04  1.558237700000e+01  6.503762304737e-02
 5.386239016050e+04  1.557393600000e+01  6.496830572938e-02
 5.386239734315e+04  1.564491400000e+01  6.538354053089e-02
 5.386240440381e+04  1.563788100000e+01  6.564368699843e-02
 5.388340988792e+04  1.518052300000e+01  6.138785436722e-02
 5.388341728389e+04  1.521220800000e+01  6.165036150849e-02
 5.388342470093e+04  1.522237500000e+01  6.178785868478e-02
 5.388343208219e+04  1.526878800000e+01  6.220933718046e-02
 5.399415177493e+04  1.553464900000e+01  6.289196621026e-02
 5.399415658605e+04  1.554099400000e+01  6.295480795993e-02
 5.399416141535e+04  1.549337000000e+01  6.257646845637e-02
 5.399416622171e+04  1.553194200000e+01  6.295133432777e-02
 5.400315482135e+04  1.552618700000e+01  6.317009922083e-02
 5.400316124101e+04  1.553041800000e+01  6.326559356076e-02
 5.400316769630e+04  1.556687400000e+01  6.364241988069e-02
 5.400317412590e+04  1.557080300000e+01  6.375801218191e-02
 5.421635051324e+04  1.554399300000e+01  6.383767833274e-02
 5.421635709459e+04  1.560486000000e+01  6.439980119538e-02
 5.421636368809e+04  1.556035700000e+01  6.395306980211e-02
 5.421637038785e+04  1.556283400000e+01  6.397815928809e-02
 5.429526634060e+04  1.525651000000e+01  6.235930932252e-02
 5.429527061073e+04  1.525374800000e+01  6.250676483224e-02
 5.429527489381e+04  1.531418300000e+01  6.278294115518e-02
 5.429527917597e+04  1.521106200000e+01  6.284239128526e-02
 5.426132423091e+04  1.556294800000e+01  6.404761574756e-02
 5.426133267265e+04  1.560095800000e+01  6.443620989887e-02
 5.426134088162e+04  1.558639500000e+01  6.430868300046e-02
 5.426134909360e+04  1.557634900000e+01  6.424340696588e-02
 5.427041407869e+04  1.492039500000e+01  5.949036447912e-02
 5.427041891689e+04  1.486441600000e+01  5.914386059436e-02
 5.427042375058e+04  1.487058700000e+01  5.918903053699e-02
 5.427042859735e+04  1.483927700000e+01  5.901595382992e-02
 5.427931244637e+04  1.570332100000e+01  6.603886969414e-02
 5.427931893847e+04  1.568052200000e+01  6.579612275639e-02
 5.427932542051e+04  1.563403900000e+01  6.536021999526e-02
 5.427933192674e+04  1.568834000000e+01  6.598176751501e-02
 5.417742198626e+04  1.524894000000e+01  6.107937209897e-02
 5.417743089260e+04  1.527154300000e+01  6.123100320723e-02
 5.417743982824e+04  1.529030100000e+01  6.131062590375e-02
 5.417744950453e+04  1.533123400000e+01  6.159179257000e-02
 5.423143132856e+04  1.547617500000e+01  6.324325492040e-02
 5.423143784417e+04  1.545889400000e+01  6.313400321024e-02
 5.423144435572e+04  1.548047800000e+01  6.333517258564e-02
 5.423145087873e+04  1.549129300000e+01  6.339704261253e-02
 5.423936408948e+04  1.554193200000e+01  6.494898642402e-02
 5.423937392087e+04  1.553848600000e+01  6.486240351684e-02
 5.423938365932e+04  1.553611500000e+01  6.483052405692e-02
 5.423939333317e+04  1.553569200000e+01  6.481259769177e-02
 5.440607803976e+04  1.564222000000e+01  6.466319092445e-02
 5.440608232990e+04  1.562761000000e+01  6.457577593571e-02
 5.440608663774e+04  1.558724200000e+01  6.422377566591e-02
 5.440609095000e+04  1.563588000000e+01  6.477104277245e-02
 5.438508930856e+04  1.541995400000e+01  6.403187638083e-02
 5.438509415625e+04  1.542288100000e+01  6.409861876669e-02
 5.438509901205e+04  1.543728000000e+01  6.423672480694e-02
 5.438510386727e+04  1.542444400000e+01  6.417258229952e-02
 5.435818915675e+04  1.545689500000e+01  6.374054323700e-02
 5.435819455088e+04  1.545216800000e+01  6.374587257596e-02
 5.435819991828e+04  1.545724600000e+01  6.389783507117e-02
 5.435820530662e+04  1.548712500000e+01  6.424794174518e-02
 5.455948735292e+04  1.517558200000e+01  6.039462674080e-02
 5.455949067634e+04  1.517827700000e+01  6.040719178173e-02
 5.455949395255e+04  1.520293700000e+01  6.059862453065e-02
 5.455949723072e+04  1.518050600000e+01  6.043882238667e-02
 5.456834825008e+04  1.508820900000e+01  5.978560823972e-02
 5.456835807500e+04  1.509951000000e+01  5.981862539985e-02
 5.456836787306e+04  1.509080200000e+01  5.977771540401e-02
 5.456837769542e+04  1.510936400000e+01  5.988040287957e-02
 5.458428874736e+04  1.543566600000e+01  6.273412756448e-02
 5.458429632737e+04  1.542042800000e+01  6.255729802733e-02
 5.458430411537e+04  1.546822800000e+01  6.292948824515e-02
 5.458431179168e+04  1.544682400000e+01  6.272160564287e-02
 5.453147956979e+04  1.533179700000e+01  6.161067037373e-02
 5.453148728453e+04  1.532985200000e+01  6.157511388405e-02
 5.453149502391e+04  1.534971300000e+01  6.172346038862e-02
 5.453150291273e+04  1.533740400000e+01  6.159927831911e-02
 5.459443381388e+04  1.549094400000e+01  6.311385371411e-02
 5.459444088020e+04  1.550496700000e+01  6.309963036894e-02
 5.459444794074e+04  1.551497200000e+01  6.318035818305e-02
 5.459445497199e+04  1.549814600000e+01  6.308909125372e-02
 5.474111627659e+04  1.563085600000e+01  6.448317812591e-02
 5.474112114836e+04  1.557327500000e+01  6.392334508031e-02
 5.474112603645e+04  1.545322500000e+01  6.281515349808e-02
 5.474113083297e+04  1.525810900000e+01  6.125069126144e-02
 5.474808775572e+04  1.537814700000e+01  6.572150398749e-02
 5.474809502124e+04  1.538439500000e+01  6.583813708332e-02
 5.474810232368e+04  1.539695100000e+01  6.605158085954e-02
 5.474810966607e+04  1.539324300000e+01  6.607901468464e-02
 5.494235211148e+04  1.562259000000e+01  6.416631089057e-02
 5.494235760575e+04  1.564225800000e+01  6.436562220785e-02
 5.494236309259e+04  1.561555200000e+01  6.408761164688e-02
 5.494236844808e+04  1.564507500000e+01  6.433381028495e-02
 5.503416125064e+04  1.520754200000e+01  6.570676259285e-02
 5.503416423227e+04  1.521485200000e+01  6.606849092331e-02
 5.503416713822e+04  1.518773700000e+01  6.577857341635e-02
 5.503417010573e+04  1.521191700000e+01  6.604704401115e-02
 5.500138565203e+04  1.593930500000e+01  8.582931335417e-02
 5.500320449617e+04  1.497369500000e+01  5.974609059892e-02
 5.500320900263e+04  1.498158500000e+01  6.005203785371e-02
 5.500321382197e+04  1.498162400000e+01  5.959753522719e-02
 5.500322263704e+04  1.503506700000e+01  6.471252925472e-02
 5.491942519889e+04  1.565884600000e+01  6.673191693154e-02
 5.491942885463e+04  1.572642700000e+01  7.245914916978e-02
 5.495532730360e+04  1.560539100000e+01  6.916243083816e-02
 5.495533309984e+04  1.557906700000e+01  6.879443955201e-02
 5.495533896184e+04  1.558736700000e+01  6.888722650442e-02
 5.495534480624e+04  1.559758800000e+01  6.900967350286e-02
 5.496734523585e+04  1.506172600000e+01  5.990246644717e-02
 5.496735517131e+04  1.509335900000e+01  6.011516816873e-02
 5.496736518352e+04  1.514481000000e+01  6.050704711308e-02
 5.496737402447e+04  1.518697400000e+01  6.081645355387e-02
 5.497935521087e+04  1.559452100000e+01  6.426031611512e-02
 5.497936245729e+04  1.556656900000e+01  6.397848487545e-02
 5.497936973487e+04  1.561603500000e+01  6.444334083930e-02
 5.497937697299e+04  1.557734500000e+01  6.405926874168e-02
 5.508915878531e+04  1.480926100000e+01  1.141940168671e-01
 5.508916492138e+04  1.491554900000e+01  6.477067373479e-02
 5.508917101829e+04  1.524707000000e+01  6.163090880639e-02
 5.508917715806e+04  1.525396200000e+01  6.168379109181e-02
 5.529937223543e+04  1.567135700000e+01  6.473171023022e-02
 5.529937916427e+04  1.562308000000e+01  6.429124420832e-02
 5.529938616245e+04  1.559068400000e+01  6.394301975203e-02
 5.529939308583e+04  1.543518700000e+01  6.253976556926e-02
 5.535531656000e+04  1.550175900000e+01  6.804434034608e-02
 5.535532110502e+04  1.560442100000e+01  6.969475256650e-02
 5.535532563727e+04  1.555297200000e+01  6.597528811338e-02
 5.535533020370e+04  1.556121700000e+01  6.561288930488e-02
 5.536430446557e+04  1.559750000000e+01  6.408672656634e-02
 5.536431019212e+04  1.559432700000e+01  6.409524260264e-02
 5.536431590319e+04  1.559871400000e+01  6.414379501119e-02
 5.536432162708e+04  1.560061300000e+01  6.414909530466e-02
 5.536826141552e+04  1.554311400000e+01  6.377779220302e-02
 5.536826831019e+04  1.556701100000e+01  6.398696150207e-02
 5.536827522038e+04  1.557831700000e+01  6.412892292484e-02
 5.536828207991e+04  1.561446400000e+01  6.445569333334e-02
 5.527345559328e+04  1.558822800000e+01  6.397761632689e-02
 5.527346082324e+04  1.561625000000e+01  6.424544809642e-02
 5.527346605012e+04  1.557769400000e+01  6.388503930850e-02
 5.527347128877e+04  1.558362900000e+01  6.390148095179e-02
 5.532743536860e+04  1.542689600000e+01  6.283804368828e-02
 5.532744117567e+04  1.536436900000e+01  6.232879625446e-02
 5.532744699008e+04  1.532152900000e+01  6.198985623723e-02
 5.532745280316e+04  1.526610500000e+01  6.157199000205e-02
 5.534032378497e+04  1.561123700000e+01  6.423780059472e-02
 5.534032904057e+04  1.553918200000e+01  6.351640821291e-02
 5.534033431618e+04  1.559350000000e+01  6.404882457872e-02
 5.534033967385e+04  1.543928800000e+01  6.261130547726e-02
 5.565237401524e+04  1.480749900000e+01  5.855133388389e-02
 5.565238094733e+04  1.483853300000e+01  5.872961344279e-02
 5.565238790315e+04  1.485649800000e+01  5.882631128762e-02
 5.565239486090e+04  1.486928200000e+01  5.889104159400e-02
 5.567737317255e+04  1.552166000000e+01  6.428325566452e-02
 5.567738027199e+04  1.553463200000e+01  6.439683853995e-02
 5.567738773131e+04  1.553909200000e+01  6.442471063564e-02
 5.567739608719e+04  1.553309100000e+01  6.439271785178e-02
 5.568837096991e+04  1.513062600000e+01  6.099346499499e-02
 5.568837709648e+04  1.514446900000e+01  6.109172097449e-02
 5.568838325524e+04  1.513896500000e+01  6.104234930482e-02
 5.568838942559e+04  1.517042600000e+01  6.131106388267e-02
 5.585809155552e+04  1.573228400000e+01  7.127373585686e-02
 5.585810249347e+04  1.566057900000e+01  7.043679208474e-02
 5.585810747406e+04  1.563123000000e+01  7.015862729462e-02
 5.585208509356e+04  1.501593500000e+01  5.918798640280e-02
 5.585209025587e+04  1.479033600000e+01  5.783393003419e-02
 5.585209546568e+04  1.466483600000e+01  5.716963879445e-02
 5.585210059997e+04  1.458197200000e+01  5.676377426124e-02
 5.600843411932e+04  1.555918600000e+01  6.385058724308e-02
 5.600844151492e+04  1.555792400000e+01  6.383237368110e-02
 5.600844896615e+04  1.556961400000e+01  6.436429308625e-02
 5.600845641339e+04  1.555333500000e+01  6.407342347114e-02
 5.601937371924e+04  1.503827500000e+01  5.716056694552e-02
 5.601938565862e+04  1.504886800000e+01  5.716823086565e-02
 5.601939751030e+04  1.512913100000e+01  5.760823927262e-02
 5.601940947774e+04  1.513467900000e+01  5.762514365425e-02
 5.604230337659e+04  1.475300600000e+01  5.811923526164e-02
 5.604230845924e+04  1.469296700000e+01  5.778254840108e-02
 5.604231356090e+04  1.466053600000e+01  5.761278373123e-02
 5.604231869970e+04  1.465317500000e+01  5.755698828281e-02
 5.604825154744e+04  1.559203400000e+01  6.513305796783e-02
 5.604826128061e+04  1.552268200000e+01  6.439138416204e-02
 5.604827102432e+04  1.561663000000e+01  6.523952573998e-02
 5.604828078231e+04  1.523596900000e+01  6.170213258567e-02
 5.606538673875e+04  1.499454500000e+01  5.887574907287e-02
 5.606539358100e+04  1.502182100000e+01  5.908192600365e-02
 5.606540042920e+04  1.504617400000e+01  5.926486109138e-02
 5.606540726722e+04  1.509428500000e+01  5.958791388646e-02
 5.607238426744e+04  1.559796200000e+01  6.385191693270e-02
 5.607238936181e+04  1.561020600000e+01  6.394156262899e-02
 5.607239445662e+04  1.559511800000e+01  6.377810730991e-02
 5.607239959069e+04  1.562470700000e+01  6.412208303459e-02
 5.608837968222e+04  1.498136500000e+01  5.902812970062e-02
 5.608838527567e+04  1.495122000000e+01  5.883678005496e-02
 5.608839099362e+04  1.500754100000e+01  5.920888764346e-02
 5.608839661558e+04  1.503099600000e+01  5.938913609433e-02
 5.609928693622e+04  1.554453400000e+01  6.405190081420e-02
 5.609929425644e+04  1.556785600000e+01  6.432186556235e-02
 5.609930160934e+04  1.558705700000e+01  6.447012520536e-02
 5.609930901848e+04  1.557125500000e+01  6.427015361412e-02
 5.618818463553e+04  1.518958300000e+01  5.913033256198e-02
 5.618819000466e+04  1.499764800000e+01  5.796719454820e-02
 5.618819541581e+04  1.487717100000e+01  5.733547806236e-02
 5.618820084528e+04  1.481240600000e+01  5.702175026272e-02
 5.621112452513e+04  1.565707900000e+01  6.599718011897e-02
 5.621113288552e+04  1.565421600000e+01  6.599673745417e-02
 5.621114080665e+04  1.563678500000e+01  6.587960869583e-02
 5.621114813737e+04  1.563777700000e+01  6.596557990525e-02
 5.622207632207e+04  1.532157800000e+01  6.237054771997e-02
 5.622208135983e+04  1.539890000000e+01  6.312373169429e-02
 5.622208644587e+04  1.540140700000e+01  6.313009069881e-02
 5.622209149900e+04  1.541844800000e+01  6.334142280458e-02
