# time mag mag_err
 5.346443723051e+04  1.548509400000e+01  6.243258753443e-02
 5.346444534538e+04  1.546392900000e+01  6.223207278674e-02
 5.346445353561e+04  1.548734700000e+01  6.240349097516e-02
 5.346446175662e+04  1.544693100000e+01  6.210452059576e-02
 5.348140165096e+04  1.528317600000e+01  6.112752071093e-02
 5.348141037500e+04  1.533260400000e+01  6.152398955270e-02
 5.348141918620e+04  1.533145500000e+01  6.150658142737e-02
 5.348142805042e+04  1.532674600000e+01  6.150479493264e-02
 5.355324806568e+04  1.489353300000e+01  5.909021790064e-02
 5.355325453858e+04  1.489096200000e+01  5.911496435993e-02
 5.355326101969e+04  1.493091700000e+01  5.938500679850e-02
 5.355326748147e+04  1.495189400000e+01  5.960654300515e-02
 5.356329180297e+04  1.530475100000e+01  6.313211706778e-02
 5.356329823339e+04  1.535865400000e+01  6.374080439004e-02
 5.356330470767e+04  1.535287400000e+01  6.376954671911e-02
 5.356331113900e+04  1.534641100000e+01  6.379452569635e-02
 5.352832439003e+04  1.517491500000e+01  6.053869327670e-02
 5.352833252019e+04  1.518658000000e+01  6.064633370070e-02
 5.352834068378e+04  1.519000200000e+01  6.064916351443e-02
 5.352834880317e+04  1.521250800000e+01  6.079674343629e-02
 5.349439529122e+04  1.544001300000e+01  6.288505087501e-02
 5.349440488071e+04  1.536021300000e+01  6.225869723719e-02
 5.349441450664e+04  1.523079800000e+01  6.113383263325e-02
 5.349442412459e+04  1.501854400000e+01  5.956261701379e-02
 5.352133105142e+04  1.449344500000e+01  5.642049438783e-02
 5.352134081476e+04  1.441328400000e+01  5.606920936766e-02
 5.352135056686e+04  1.441446200000e+01  5.607875210550e-02
 5.352136033170e+04  1.444420400000e+01  5.624254248791e-02
 5.362611306049e+04  1.523046600000e+01  6.199562201813e-02
 5.362611948152e+04  1.523918500000e+01  6.211379063024e-02
 5.362612593844e+04  1.527370200000e+01  6.248219533084e-02
 5.362613237094e+04  1.522613500000e+01  6.210785760013e-02
 5.384638186608e+04  1.452330400000e+01  5.690600730761e-02
 5.385232226367e+04  1.542627000000e+01  6.317993017243e-02
 5.385233103807e+04  1.540900100000e+01  6.307077576951e-02
 5.385233982416e+04  1.544920600000e+01  6.343891608659e-02
 5.385234868733e+04  1.549377100000e+01  6.382172442831e-02
 5.397615454167e+04  1.522095400000e+01  6.391350508431e-02
 5.397615833676e+04  1.517068600000e+01  6.346984183953e-02
 5.397616212479e+04  1.520721200000e+01  6.393616732037e-02
 5.397616590763e+04  1.520892000000e+01  6.397962509804e-02
 5.376853523234e+04  1.532189500000e+01  6.183746346081e-02
 5.376853960258e+04  1.534024800000e+01  6.198567018290e-02
 5.376854406495e+04  1.536335000000e+01  6.214782606097e-02
 5.376854844619e+04  1.532832500000e+01  6.185462694573e-02
 5.393723323922e+04  1.539744000000e+01  6.469881999476e-02
 5.393723968839e+04  1.538951800000e+01  6.441288427537e-02
 5.393724612632e+04  1.542970500000e+01  6.438877425122e-02
 5.393725254088e+04  1.540812700000e+01  6.422812624378e-02
 5.388938808421e+04  1.521364600000e+01  6.254176255408e-02
 5.388939455838e+04  1.522584800000e+01  6.276287940834e-02
 5.388940096830e+04  1.518748700000e+01  6.251995902543e-02
 5.388940748193e+04  1.521153000000e+01  6.285864336271e-02
 5.390334528198e+04  1.493017800000e+01  8.854267122100e-02
 5.390334630750e+04  1.501301400000e+01  9.054932606310e-02
 5.390334734495e+04  1.495354500000e+01  8.894129891868e-02
 5.390334837242e+04  1.501101700000e+01  9.049882518099e-02
 5.387535907966e+04  1.522366400000e+01  6.173684881133e-02
 5.387536546319e+04  1.523025600000e+01  6.184695451850e-02
 5.387537187312e+04  1.524669400000e+01  6.201014053253e-02
 5.387537823316e+04  1.525322500000e+01  6.207411211092e-02
 5.388229309442e+04  1.544599500000e+01  6.324878346752e-02
 5.388230175920e+04  1.549171700000e+01  6.365955609744e-02
 5.388231041241e+04  1.547035000000e+01  6.344363670489e-02
 5.388231907140e+04  1.544690400000e+01  6.325749530020e-02
 5.398911940324e+04  1.529780000000e+01  6.857475052768e-02
 5.398912195823e+04  1.528904200000e+01  6.846059285125e-02
 5.398912454922e+04  1.527949700000e+01  6.838859991918e-02
 5.398912711463e+04  1.529008100000e+01  6.859162402343e-02
 5.399411142212e+04  1.542462400000e+01  6.182474861212e-02
 5.399411621135e+04  1.545458200000e+01  6.208176647328e-02
 5.399412097641e+04  1.543345100000e+01  6.197834329329e-02
 5.399412577098e+04  1.544167200000e+01  6.206035326948e-02
 5.420539216238e+04  1.534070600000e+01  6.157831043032e-02
 5.420539868470e+04  1.534135200000e+01  6.158179294269e-02
 5.420540515701e+04  1.532615100000e+01  6.144005615930e-02
 5.420541167088e+04  1.535927600000e+01  6.168295769263e-02
 5.421238489817e+04  1.477614600000e+01  5.774341631125e-02
 5.421239364536e+04  1.480070000000e+01  5.791361152035e-02
 5.421240243075e+04  1.483403600000e+01  5.813286423078e-02
 5.421241117865e+04  1.486812100000e+01  5.832146026809e-02
 5.415648401804e+04  1.533043900000e+01  6.117128106807e-02
 5.415649516652e+04  1.531378900000e+01  6.102821039496e-02
 5.415650639763e+04  1.531460400000e+01  6.102534277932e-02
 5.415651763894e+04  1.528745400000e+01  6.081978215068e-02
 5.411654150206e+04  1.495261200000e+01  6.194090640109e-02
 5.411654620461e+04  1.496577500000e+01  6.196482778995e-02
 5.411655053237e+04  1.498729500000e+01  6.204973735762e-02
 5.411655419066e+04  1.497956900000e+01  6.200489858550e-02
 5.425631114080e+04  1.454531000000e+01  5.731437300618e-02
 5.425631866837e+04  1.458937300000e+01  5.718655406787e-02
 5.425632620705e+04  1.461878200000e+01  5.718604042766e-02
 5.425633373498e+04  1.463402800000e+01  5.725605702657e-02
 5.417548388120e+04  1.531224500000e+01  6.118129510937e-02
 5.417549040387e+04  1.536224800000e+01  6.158563426483e-02
 5.417549698891e+04  1.539111400000e+01  6.176976820961e-02
 5.417550358172e+04  1.542919800000e+01  6.176346976543e-02
 5.418446668273e+04  1.518638900000e+01  6.026413691813e-02
 5.418447159142e+04  1.518289900000e+01  6.025666953052e-02
 5.418447650255e+04  1.521396300000e+01  6.167346831151e-02
 5.418448135499e+04  1.520722600000e+01  6.080651234673e-02
 5.422740037322e+04  1.531474700000e+01  6.337169620600e-02
 5.422740926787e+04  1.531912000000e+01  6.352950603517e-02
 5.422741818290e+04  1.537456100000e+01  6.405481429170e-02
 5.422742709214e+04  1.539661300000e+01  6.426742226948e-02
 5.423736941345e+04  1.453324900000e+01  5.717274337876e-02
 5.423737537000e+04  1.456486500000e+01  5.734764165634e-02
 5.423738132990e+04  1.458946200000e+01  5.751146411730e-02
 5.423738724281e+04  1.461335100000e+01  5.763613446127e-02
 5.424433035669e+04  1.518494000000e+01  6.059620376056e-02
 5.424433632473e+04  1.517446600000e+01  6.054581510985e-02
 5.424434237361e+04  1.518540800000e+01  6.059970455916e-02
 5.424434837980e+04  1.519882200000e+01  6.073889919991e-02
 5.456739911331e+04  1.496346700000e+01  5.877534988825e-02
 5.456740345137e+04  1.500865100000e+01  5.906078185866e-02
 5.456740777462e+04  1.499534000000e+01  5.897104152927e-02
 5.456741211013e+04  1.502046100000e+01  5.911358305732e-02
 5.457246070424e+04  1.527559900000e+01  6.090113102215e-02
 5.457246711637e+04  1.528144900000e+01  6.160413256048e-02
 5.457247355175e+04  1.525807900000e+01  6.270399054810e-02
 5.457247999038e+04  1.530710300000e+01  6.129944294018e-02
 5.458241340446e+04  1.549385000000e+01  6.320427068477e-02
 5.458241940661e+04  1.547653600000e+01  6.311498104248e-02
 5.458242533931e+04  1.542627900000e+01  6.259858065140e-02
 5.458243132780e+04  1.535888600000e+01  6.201345788743e-02
 5.449651098272e+04  1.490006500000e+01  6.150815838204e-02
 5.449651760713e+04  1.493713000000e+01  6.159767332017e-02
 5.449652402619e+04  1.499109900000e+01  6.146846171551e-02
 5.449653044608e+04  1.499483800000e+01  6.196582192837e-02
 5.453043603456e+04  1.539800000000e+01  6.201021735931e-02
 5.453044625579e+04  1.543082400000e+01  6.222893925013e-02
 5.453045646035e+04  1.544434700000e+01  6.231042285329e-02
 5.453046669176e+04  1.543865500000e+01  6.222781462942e-02
 5.455542809619e+04  1.525791000000e+01  6.075192446337e-02
 5.455543516252e+04  1.528841300000e+01  6.100893389769e-02
 5.455544224910e+04  1.527561000000e+01  6.088971400739e-02
 5.455544935351e+04  1.529379100000e+01  6.110892434869e-02
 5.460033348242e+04  1.485411400000e+01  5.829263246251e-02
 5.460034002464e+04  1.484342600000e+01  5.821436836110e-02
 5.460034655402e+04  1.487253800000e+01  5.840559361787e-02
 5.460035306997e+04  1.489862200000e+01  5.855696464576e-02
 5.506217070837e+04  1.474939800000e+01  6.082140104945e-02
 5.506217606396e+04  1.480462000000e+01  6.131315550708e-02
 5.506218141409e+04  1.482175400000e+01  6.149569624043e-02
 5.506218676505e+04  1.484174400000e+01  6.170744785713e-02
 5.486351560204e+04  1.441888500000e+01  5.689645806822e-02
 5.486352044903e+04  1.441648900000e+01  5.685024875129e-02
 5.486352514360e+04  1.443013100000e+01  5.691222750993e-02
 5.486353001873e+04  1.445682500000e+01  5.702817006736e-02
 5.504020754964e+04  1.486728500000e+01  5.854720295250e-02
 5.504021290896e+04  1.487746100000e+01  5.864198722024e-02
 5.504021833527e+04  1.491029200000e+01  5.889816300224e-02
 5.504022373071e+04  1.491662800000e+01  5.889871913505e-02
 5.500333619728e+04  1.542700300000e+01  6.308965249126e-02
 5.500333940138e+04  1.543272000000e+01  6.315346668331e-02
 5.500334259019e+04  1.540453900000e+01  6.293581927862e-02
 5.500334578782e+04  1.538300100000e+01  6.275960869319e-02
 5.491143893733e+04  1.518489100000e+01  6.062771533850e-02
 5.491144502861e+04  1.520325300000e+01  6.023309749393e-02
 5.491145102034e+04  1.521759000000e+01  6.052551515524e-02
 5.491145685049e+04  1.520001400000e+01  6.011256396820e-02
 5.492139265216e+04  1.531848000000e+01  6.144839831097e-02
 5.492140041194e+04  1.534309400000e+01  6.164650859822e-02
 5.492140826258e+04  1.536563800000e+01  6.185455160007e-02
 5.492141609457e+04  1.540035800000e+01  6.206748179409e-02
 5.498229087169e+04  1.518741700000e+01  6.022031965611e-02
 5.498229571396e+04  1.515422400000e+01  6.001541466850e-02
 5.498230052021e+04  1.517217700000e+01  6.013174818390e-02
 5.498230540196e+04  1.514893300000e+01  5.996215992711e-02
 5.508911047079e+04  1.497308000000e+01  6.250304967958e-02
 5.508911348008e+04  1.497033300000e+01  6.256787869979e-02
 5.508911643304e+04  1.499121800000e+01  6.295307132783e-02
 5.508911927427e+04  1.498000000000e+01  6.288171007786e-02
 5.529448199417e+04  1.517503600000e+01  6.395929189355e-02
 5.529448389727e+04  1.518513400000e+01  6.406185458509e-02
 5.529448576565e+04  1.516274000000e+01  6.384877912191e-02
 5.529448766690e+04  1.521058200000e+01  6.429227137365e-02
 5.538418351721e+04  1.499923500000e+01  6.338442986427e-02
 5.534830434319e+04  1.529277200000e+01  6.149066374270e-02
 5.534831126854e+04  1.526019600000e+01  6.129355843591e-02
 5.534831815918e+04  1.527220500000e+01  6.137185758809e-02
 5.534832503611e+04  1.528234700000e+01  6.144936869111e-02
 5.535627217042e+04  1.531133700000e+01  6.154947089212e-02
 5.535627957171e+04  1.532755300000e+01  6.197133225893e-02
 5.535628700995e+04  1.530590800000e+01  6.153888256455e-02
 5.535629446878e+04  1.533199000000e+01  6.229202912514e-02
 5.536324780027e+04  1.444370300000e+01  5.612269978741e-02
 5.536325356470e+04  1.446158400000e+01  5.624014344661e-02
 5.536325930919e+04  1.450044400000e+01  5.641216749061e-02
 5.536326500845e+04  1.452587300000e+01  5.655879317730e-02
 5.527045992896e+04  1.472073300000e+01  5.759778559296e-02
 5.527046687954e+04  1.470679200000e+01  5.747474092881e-02
 5.527047382825e+04  1.474832600000e+01  5.767632823326e-02
 5.527048085096e+04  1.477639400000e+01  5.780462783809e-02
 5.527648516426e+04  1.441838100000e+01  5.603756404255e-02
 5.527649040280e+04  1.441068100000e+01  5.606592151262e-02
 5.527649565480e+04  1.443544100000e+01  5.609151538989e-02
 5.527650089124e+04  1.445336100000e+01  5.619740164160e-02
 5.545412444446e+04  1.536670500000e+01  6.206070376906e-02
 5.545413470646e+04  1.514743300000e+01  6.050289886578e-02
 5.545413984829e+04  1.542156600000e+01  6.275307292269e-02
 5.565647444618e+04  1.440062300000e+01  5.613566549453e-02
 5.565647909144e+04  1.441944500000e+01  5.621531496034e-02
 5.565648375868e+04  1.444560300000e+01  5.632826007139e-02
 5.565648840799e+04  1.445092700000e+01  5.636304600267e-02
 5.566442397575e+04  1.445734000000e+01  5.642671739225e-02
 5.566442977872e+04  1.447357900000e+01  5.648984342893e-02
 5.566443561454e+04  1.449178700000e+01  5.659893647164e-02
 5.566444141797e+04  1.452430100000e+01  5.727776878496e-02
 5.560352814844e+04  1.503459600000e+01  5.962030214948e-02
 5.560353337057e+04  1.504632800000e+01  5.970584211396e-02
 5.560353859757e+04  1.508988100000e+01  5.999261319853e-02
 5.560354385697e+04  1.512003900000e+01  6.019476287141e-02
 5.562846477663e+04  1.474354300000e+01  5.956543123283e-02
 5.562847111226e+04  1.473714200000e+01  5.903604823016e-02
 5.562847740319e+04  1.477891800000e+01  6.138025996931e-02
 5.562848370828e+04  1.488354000000e+01  6.733638914288e-02
 5.564845936466e+04  1.542364800000e+01  6.026987502769e-02
 5.564846910962e+04  1.535594900000e+01  5.980897694441e-02
 5.564847880882e+04  1.520177100000e+01  5.876323294554e-02
 5.564848853826e+04  1.497825600000e+01  5.748654288684e-02
 5.565044896083e+04  1.471962700000e+01  5.829246212594e-02
 5.565045649882e+04  1.473150700000e+01  5.840080773739e-02
 5.565046406172e+04  1.477142300000e+01  5.818287594017e-02
 5.565047157855e+04  1.479487700000e+01  5.831352206815e-02
 5.570535923429e+04  1.446856900000e+01  5.533078509106e-02
 5.570536892079e+04  1.448316300000e+01  5.543505743040e-02
 5.570537861736e+04  1.453761000000e+01  5.567428093028e-02
 5.570538833835e+04  1.458996600000e+01  5.595397820307e-02
 5.600249029791e+04  1.513968900000e+01  6.026748098456e-02
 5.600249919487e+04  1.513048200000e+01  6.007652248616e-02
 5.600250775013e+04  1.518017700000e+01  6.040677147456e-02
 5.600251627877e+04  1.515865800000e+01  6.027172533303e-02
 5.601050376278e+04  1.519862200000e+01  6.062698150845e-02
 5.601050712301e+04  1.522409500000e+01  6.080136658396e-02
 5.601051047549e+04  1.520513900000e+01  6.068753157583e-02
 5.601051388322e+04  1.524458300000e+01  6.094794363882e-02
 5.604736799358e+04  1.542523100000e+01  6.290604779777e-02
 5.604737592987e+04  1.544681800000e+01  6.304814725645e-02
 5.604738376719e+04  1.538047200000e+01  6.244360033939e-02
 5.604739173817e+04  1.531114400000e+01  6.187376282884e-02
 5.605936719729e+04  1.520648300000e+01  6.017846120800e-02
 5.605937397390e+04  1.521438000000e+01  6.023504182437e-02
 5.605938080545e+04  1.520433600000e+01  6.012628541664e-02
 5.605938757568e+04  1.522460000000e+01  6.029634365330e-02
 5.606635275640e+04  1.484551100000e+01  5.787332527910e-02
 5.606635949483e+04  1.472842300000e+01  5.725108804762e-02
 5.606636627259e+04  1.460365400000e+01  5.661900850254e-02
 5.606637319875e+04  1.448847700000e+01  5.607574367645e-02
 5.607432475661e+04  1.441479100000e+01  5.580922321473e-02
 5.607433078897e+04  1.442609600000e+01  5.584840142521e-02
 5.607433689072e+04  1.441721700000e+01  5.581339173508e-02
 5.607434299310e+04  1.446080700000e+01  5.600181683851e-02
 5.608730276549e+04  1.493065300000e+01  5.847373870789e-02
 5.608730787315e+04  1.492093000000e+01  5.840031777331e-02
 5.608731302175e+04  1.497308300000e+01  5.870090264978e-02
 5.608731819179e+04  1.497533600000e+01  5.872164142591e-02
 5.609729272052e+04  1.528681800000e+01  5.900613748983e-02
 5.609730051350e+04  1.529138300000e+01  5.906220786775e-02
 5.609730833740e+04  1.528387600000e+01  5.901961352647e-02
 5.609731628378e+04  1.533945500000e+01  5.936937371100e-02
 5.615219139912e+04  1.519615600000e+01  6.248535005137e-02
 5.615219652472e+04  1.517176200000e+01  6.246167024943e-02
 5.615220176611e+04  1.519482900000e+01  6.245275332611e-02
 5.615220684274e+04  1.518158100000e+01  6.228289618347e-02
 5.616714335712e+04  1.519429600000e+01  5.884276934777e-02
 5.616714957436e+04  1.502239000000e+01  5.783916166060e-02
 5.616715580453e+04  1.488480200000e+01  5.710258571471e-02
 5.616716199665e+04  1.476967700000e+01  5.654939574203e-02
