# time mag mag_err
 5.370626046881e+04  1.473795300000e+01  5.848743624600e-02
 5.370626922803e+04  1.476249100000e+01  5.862021228560e-02
 5.370627797986e+04  1.480944000000e+01  5.936839569122e-02
 5.370628662392e+04  1.483400100000e+01  5.914025837223e-02
 5.371211725562e+04  1.523906000000e+01  6.197880303580e-02
 5.371212275369e+04  1.522981800000e+01  6.179677896182e-02
 5.371212827619e+04  1.523501500000e+01  6.181473972144e-02
 5.371213377601e+04  1.522538700000e+01  6.173194313644e-02
 5.372810297962e+04  1.520429200000e+01  6.252300784184e-02
 5.372811153294e+04  1.526993000000e+01  6.322449695742e-02
 5.372812008568e+04  1.523886700000e+01  6.295961076161e-02
 5.372812861632e+04  1.523068400000e+01  6.240241254594e-02
 5.369915619145e+04  1.497727100000e+01  6.012681295606e-02
 5.369916469431e+04  1.496532500000e+01  6.005437396198e-02
 5.369917321498e+04  1.499556800000e+01  6.029809492064e-02
 5.369918173971e+04  1.501579000000e+01  6.042355713120e-02
 5.364433249330e+04  1.475783000000e+01  5.898971899482e-02
 5.364434168275e+04  1.477392600000e+01  5.908890815148e-02
 5.364435087060e+04  1.480588800000e+01  5.930616114906e-02
 5.364436005591e+04  1.483506300000e+01  5.947924412803e-02
 5.365127914328e+04  1.526688100000e+01  6.352658231650e-02
 5.365128616990e+04  1.525116300000e+01  6.337906746123e-02
 5.365129318043e+04  1.523205900000e+01  6.320150339687e-02
 5.365130020219e+04  1.537546300000e+01  6.617315899206e-02
 5.367119815002e+04  1.523886600000e+01  6.292539285451e-02
 5.367120295895e+04  1.527262900000e+01  6.381590479056e-02
 5.367120778049e+04  1.523978000000e+01  6.333605063116e-02
 5.367121259056e+04  1.524247300000e+01  6.327544193059e-02
 5.363638400356e+04  1.523832600000e+01  6.279471033604e-02
 5.363639150324e+04  1.522729800000e+01  6.269564042614e-02
 5.363639897225e+04  1.526151300000e+01  6.302921975452e-02
 5.363640649762e+04  1.527285400000e+01  6.312161357059e-02
 5.397634056295e+04  1.522545000000e+01  6.098180036881e-02
 5.397634649900e+04  1.522568100000e+01  6.101993069929e-02
 5.397635243218e+04  1.521723000000e+01  6.093560413196e-02
 5.397635838015e+04  1.522947000000e+01  6.100576014476e-02
 5.408120921266e+04  1.492159100000e+01  5.907729854385e-02
 5.408121586497e+04  1.493795200000e+01  5.920095456267e-02
 5.408122255962e+04  1.495548000000e+01  5.936439738644e-02
 5.408122923588e+04  1.495938200000e+01  5.940118926552e-02
 5.409417791487e+04  1.527152300000e+01  6.138337159616e-02
 5.409418836887e+04  1.526159100000e+01  6.132135970471e-02
 5.409419883247e+04  1.519362900000e+01  6.087798421901e-02
 5.409420927604e+04  1.522182500000e+01  6.123475495630e-02
 5.377209984791e+04  1.487893400000e+01  6.290319295251e-02
 5.377210368769e+04  1.488065300000e+01  6.396497842990e-02
 5.377210752780e+04  1.486142100000e+01  6.270972469509e-02
 5.377211140346e+04  1.486675100000e+01  6.278533759796e-02
 5.377307983542e+04  1.482888700000e+01  6.214043323296e-02
 5.377308399801e+04  1.482241500000e+01  6.220098060940e-02
 5.377308816234e+04  1.472610100000e+01  6.142868948324e-02
 5.377309230524e+04  1.464360800000e+01  6.109201164568e-02
 5.375810996775e+04  1.538264600000e+01  6.341848719085e-02
 5.375811747403e+04  1.533150500000e+01  6.299569184446e-02
 5.375812489488e+04  1.526306500000e+01  6.241793647788e-02
 5.375813229190e+04  1.512009600000e+01  6.126063135550e-02
 5.405321157855e+04  1.522284800000e+01  6.087541882891e-02
 5.405321816419e+04  1.522349000000e+01  6.086036391327e-02
 5.405322472852e+04  1.524209300000e+01  6.100915588875e-02
 5.405323128440e+04  1.523991900000e+01  6.125035804934e-02
 5.406418671066e+04  1.512821100000e+01  6.027897152858e-02
 5.406419216336e+04  1.517494400000e+01  6.061569471023e-02
 5.406419760576e+04  1.514872800000e+01  6.040761212652e-02
 5.406420302941e+04  1.518210600000e+01  6.064424134613e-02
 5.399431413891e+04  1.464845500000e+01  5.712545634881e-02
 5.399432064410e+04  1.467047700000e+01  5.723528340620e-02
 5.399432713852e+04  1.468921400000e+01  5.733380361104e-02
 5.399433364741e+04  1.472144700000e+01  5.748874417061e-02
 5.400828891016e+04  1.503658600000e+01  5.959172714856e-02
 5.400829829106e+04  1.506423800000e+01  5.979787810533e-02
 5.400830772834e+04  1.507615700000e+01  5.989737271276e-02
 5.400831715091e+04  1.510727500000e+01  6.008103848036e-02
 5.446512854816e+04  1.522526500000e+01  6.103516291181e-02
 5.446513502927e+04  1.520566900000e+01  6.086535679179e-02
 5.446514153120e+04  1.520994800000e+01  6.092569893583e-02
 5.446514818559e+04  1.523723600000e+01  6.116495437852e-02
 5.411009840000e+04  1.517321500000e+01  6.079257971717e-02
 5.411010513309e+04  1.516368100000e+01  6.063047566115e-02
 5.411011113571e+04  1.518881400000e+01  6.081443937100e-02
 5.411011715834e+04  1.518803600000e+01  6.098407457583e-02
 5.411616422392e+04  1.515346800000e+01  6.067002658355e-02
 5.411617085249e+04  1.514186900000e+01  6.063647149170e-02
 5.411617752447e+04  1.517808200000e+01  6.095792570373e-02
 5.411618412758e+04  1.518854900000e+01  6.106076197523e-02
 5.427643922795e+04  1.501278700000e+01  6.254678058161e-02
 5.427644363650e+04  1.500210100000e+01  6.243412944097e-02
 5.427644806138e+04  1.500984100000e+01  6.244218136136e-02
 5.427645244817e+04  1.500695000000e+01  6.236646926835e-02
 5.441228142844e+04  1.454788600000e+01  5.725520073482e-02
 5.441228639789e+04  1.454561900000e+01  5.707275709007e-02
 5.441229134490e+04  1.452504300000e+01  5.741466291898e-02
 5.441229630267e+04  1.452134500000e+01  5.696463354584e-02
 5.438126727656e+04  1.530786900000e+01  6.161782541070e-02
 5.438127620929e+04  1.521050600000e+01  6.083587628753e-02
 5.438128510175e+04  1.499525400000e+01  5.930594214736e-02
 5.438129404873e+04  1.483465300000e+01  5.828635232454e-02
 5.440319929519e+04  1.508441700000e+01  1.605841271691e-01
 5.434645733316e+04  1.487777200000e+01  5.877667965235e-02
 5.434646277314e+04  1.483021300000e+01  5.849776853689e-02
 5.434646825280e+04  1.478448900000e+01  5.823830730861e-02
 5.434647376454e+04  1.471294900000e+01  5.781525330406e-02
 5.435531739414e+04  1.460839600000e+01  5.976202066310e-02
 5.435532387016e+04  1.460946600000e+01  5.727188145926e-02
 5.435533042975e+04  1.454589400000e+01  5.696834954842e-02
 5.435533696329e+04  1.450853000000e+01  5.673243409425e-02
 5.482116585663e+04  1.514801300000e+01  6.034116367616e-02
 5.482117340828e+04  1.516924900000e+01  6.049532696100e-02
 5.482118093088e+04  1.517757000000e+01  6.056944928798e-02
 5.482118852269e+04  1.518713200000e+01  6.064875059721e-02
 5.448312305142e+04  1.469361700000e+01  5.781955710931e-02
 5.448312950927e+04  1.471207900000e+01  5.793840628715e-02
 5.448313595161e+04  1.475855300000e+01  5.823084160743e-02
 5.448314242774e+04  1.475385300000e+01  5.823176354139e-02
 5.449510437214e+04  1.524228500000e+01  6.142189571119e-02
 5.449511029061e+04  1.525254200000e+01  6.151921060246e-02
 5.449511627054e+04  1.528907200000e+01  6.186587497297e-02
 5.449512222905e+04  1.527141200000e+01  6.173966945329e-02
 5.477225017456e+04  1.450434100000e+01  5.657136760926e-02
 5.477225687674e+04  1.449735800000e+01  5.652681176392e-02
 5.477226351284e+04  1.453170300000e+01  5.652050569569e-02
 5.477227013712e+04  1.454398800000e+01  5.677286087036e-02
 5.478926679463e+04  1.524694100000e+01  6.113627489943e-02
 5.478927498809e+04  1.527115100000e+01  6.134958625704e-02
 5.478928325238e+04  1.533498000000e+01  6.187188370264e-02
 5.478929150789e+04  1.530971300000e+01  6.166601976812e-02
 5.480015506775e+04  1.516971800000e+01  6.043180302326e-02
 5.480016486627e+04  1.517425600000e+01  6.048081752707e-02
 5.480017461745e+04  1.517138300000e+01  6.047461644910e-02
 5.480018430752e+04  1.516676900000e+01  6.042620121259e-02
 5.474134829600e+04  1.473193200000e+01  5.778220726744e-02
 5.474135668600e+04  1.476402600000e+01  5.796056112753e-02
 5.474136522461e+04  1.479299500000e+01  5.814301962379e-02
 5.474137377260e+04  1.480048600000e+01  5.817348719241e-02
 5.476324116391e+04  1.523309800000e+01  6.071980003897e-02
 5.476325033543e+04  1.525021300000e+01  6.084486468531e-02
 5.476325959492e+04  1.524116400000e+01  6.078068695218e-02
 5.476326885487e+04  1.525963700000e+01  6.089228690475e-02
 5.504433946284e+04  1.466118500000e+01  6.108646155693e-02
 5.504434647235e+04  1.469259800000e+01  6.129638227557e-02
 5.504435335834e+04  1.470559600000e+01  6.133164273633e-02
 5.504436026461e+04  1.477911900000e+01  6.153637997183e-02
 5.506136442132e+04  1.535316700000e+01  6.265285918820e-02
 5.506137107838e+04  1.536359600000e+01  6.275117604715e-02
 5.506137770744e+04  1.527811200000e+01  6.201492471852e-02
 5.506138417814e+04  1.524544400000e+01  6.173794769384e-02
 5.517611418030e+04  1.509483100000e+01  6.011290604135e-02
 5.517612152954e+04  1.510253800000e+01  6.015061526606e-02
 5.517612887148e+04  1.510364500000e+01  6.017190349347e-02
 5.517613623829e+04  1.515621300000e+01  6.053356716591e-02
 5.487509161087e+04  1.465560800000e+01  5.740311487600e-02
 5.487509702456e+04  1.458429900000e+01  5.706011882120e-02
 5.487510238559e+04  1.454203100000e+01  5.687213209185e-02
 5.487510787985e+04  1.455120100000e+01  5.677560086806e-02
 5.484910551768e+04  1.456469800000e+01  5.688848162398e-02
 5.484911286262e+04  1.452762900000e+01  5.672097224855e-02
 5.484912014828e+04  1.452434000000e+01  5.673037356037e-02
 5.484912731530e+04  1.453173600000e+01  5.677475000524e-02
 5.514523513019e+04  1.521079600000e+01  5.918764617913e-02
 5.514524307979e+04  1.519999400000e+01  5.911251674321e-02
 5.514525104862e+04  1.521984200000e+01  5.925426830669e-02
 5.514525900052e+04  1.521607800000e+01  5.922071814128e-02
 5.515810871838e+04  1.535507800000e+01  6.247261565049e-02
 5.515811543425e+04  1.537909500000e+01  6.267714757286e-02
 5.515812218204e+04  1.537284600000e+01  6.260064240019e-02
 5.515812885785e+04  1.535984000000e+01  6.245677013386e-02
 5.515813545921e+04  1.535934000000e+01  6.245911536684e-02
 5.511336447535e+04  1.513031600000e+01  6.096122603738e-02
 5.511337241512e+04  1.491815200000e+01  5.943877460252e-02
 5.511338045164e+04  1.483881700000e+01  5.894557336964e-02
 5.511338849361e+04  1.473940300000e+01  5.834933025971e-02
 5.512823254154e+04  1.531083100000e+01  6.214130218106e-02
 5.512824228649e+04  1.533232500000e+01  6.232896000939e-02
 5.512825199856e+04  1.534441300000e+01  6.240000950777e-02
 5.512826167325e+04  1.537268000000e+01  6.264012687668e-02
 5.508443859043e+04  1.525374400000e+01  6.602477282726e-02
 5.508444453760e+04  1.523345100000e+01  6.588839774347e-02
 5.508445036929e+04  1.519676900000e+01  6.547510434599e-02
 5.508445624181e+04  1.522959800000e+01  6.589196050847e-02
 5.553917396075e+04  1.452527800000e+01  5.702689191856e-02
 5.553918957644e+04  1.455075300000e+01  5.716779493106e-02
 5.553919743562e+04  1.459427400000e+01  5.740921849928e-02
 5.520907548918e+04  1.451233000000e+01  5.667065376694e-02
 5.520908232539e+04  1.451222400000e+01  5.669464622112e-02
 5.520908918322e+04  1.455579000000e+01  5.691064793758e-02
 5.520909606231e+04  1.443639700000e+01  5.743623015987e-02
 5.550624854137e+04  1.516660400000e+01  5.811339812857e-02
 5.550626579169e+04  1.519259500000e+01  5.828037098734e-02
 5.550627444017e+04  1.518149900000e+01  5.823523523906e-02
 5.552825008203e+04  1.491617600000e+01  6.279804567044e-02
 5.552826399525e+04  1.496376600000e+01  6.328850171563e-02
 5.552827089559e+04  1.497093900000e+01  6.341769542965e-02
 5.549719256427e+04  1.466455600000e+01  5.797394933102e-02
 5.549720633685e+04  1.471973200000e+01  5.827309330402e-02
 5.549721327539e+04  1.473888700000e+01  5.842062028173e-02
 5.546932452047e+04  1.531136700000e+01  6.249781804172e-02
 5.546934063441e+04  1.527301500000e+01  6.220357811848e-02
 5.546934872186e+04  1.530157400000e+01  6.243613114117e-02
 5.556411444428e+04  1.470127000000e+01  5.808479823822e-02
 5.556412178006e+04  1.473562400000e+01  5.830399423258e-02
 5.556412916135e+04  1.476107700000e+01  5.844524571919e-02
 5.556413650588e+04  1.477224900000e+01  5.878591959080e-02
 5.558709040064e+04  1.524177500000e+01  6.278059076470e-02
 5.558709554649e+04  1.521294500000e+01  6.265502739184e-02
 5.558710070948e+04  1.522270100000e+01  6.221334001203e-02
 5.558710577588e+04  1.522960100000e+01  6.214897364998e-02
 5.440320424972e+04  1.520944300000e+01  6.120484929077e-02
 5.440321201769e+04  1.518157900000e+01  6.094139414920e-02
 5.440321849671e+04  1.523501400000e+01  6.132825790364e-02
 5.440322496694e+04  1.522284400000e+01  6.123322732943e-02
 5.582343908450e+04  1.475630400000e+01  5.640748703773e-02
 5.582344729244e+04  1.480091600000e+01  5.663959060160e-02
 5.582345561418e+04  1.479645400000e+01  5.663969649862e-02
 5.582346383201e+04  1.482659800000e+01  5.680636398484e-02
 5.582528400751e+04  1.517981600000e+01  6.080843158267e-02
 5.582529131344e+04  1.519949600000e+01  6.092747832386e-02
 5.582529868848e+04  1.516474300000e+01  6.065087372670e-02
 5.582530606214e+04  1.520941900000e+01  6.096471724516e-02
 5.586223531125e+04  1.496530500000e+01  5.943168671489e-02
 5.586224438142e+04  1.498963600000e+01  5.959889436662e-02
 5.586225353639e+04  1.501869600000e+01  5.979790253428e-02
 5.586226274069e+04  1.502091000000e+01  5.982859092521e-02
 5.583130094331e+04  1.507731300000e+01  6.095770539188e-02
 5.583130432128e+04  1.505031800000e+01  6.008250109486e-02
 5.583130772804e+04  1.505778600000e+01  6.005452964365e-02
 5.583131113667e+04  1.507294400000e+01  6.015854990225e-02
 5.585036567809e+04  1.532475500000e+01  7.094861800811e-02
 5.585037385708e+04  1.536501100000e+01  7.156292739538e-02
 5.585038222152e+04  1.534742700000e+01  7.127857855599e-02
 5.585039067460e+04  1.540728700000e+01  7.224554632086e-02
 5.588419452197e+04  1.456252200000e+01  5.714845910971e-02
 5.588420012975e+04  1.456786300000e+01  5.857436180863e-02
 5.588420577296e+04  1.455645000000e+01  5.768345886581e-02
 5.588421142924e+04  1.457635500000e+01  6.007198499655e-02
 5.589412094384e+04  1.487397400000e+01  6.044483534132e-02
 5.589412438035e+04  1.482852700000e+01  6.200840544684e-02
 5.589412785438e+04  1.481434500000e+01  6.044695432878e-02
 5.589413124506e+04  1.475356200000e+01  5.876279187055e-02
 5.591906380164e+04  1.460443800000e+01  5.748083466076e-02
 5.591907285811e+04  1.465251700000e+01  5.772913424823e-02
 5.591908200639e+04  1.468123800000e+01  5.789032862109e-02
 5.591909104830e+04  1.472468400000e+01  5.813683509586e-02
 5.595812767542e+04  1.525691500000e+01  6.193470477105e-02
 5.595813276525e+04  1.524175200000e+01  6.186013520060e-02
 5.595813782470e+04  1.524567300000e+01  6.193858421703e-02
 5.595814293375e+04  1.522376300000e+01  6.178382895035e-02
 5.618622910354e+04  1.494444100000e+01  5.793182440894e-02
 5.618623425082e+04  1.493263400000e+01  5.786994631742e-02
 5.618623946278e+04  1.494483800000e+01  5.791436578426e-02
 5.618624461479e+04  1.496038400000e+01  5.799934323314e-02
 5.620636789747e+04  1.520203300000e+01  6.219164046726e-02
 5.620637459826e+04  1.525147300000e+01  6.284701035547e-02
 5.620638135234e+04  1.523107800000e+01  6.194501879274e-02
 5.620638809432e+04  1.523052400000e+01  6.225841412709e-02
 5.621727958780e+04  1.508180800000e+01  6.071827431298e-02
 5.621728408017e+04  1.500069600000e+01  6.104423558661e-02
 5.621729425027e+04  1.511162500000e+01  6.095042163230e-02
 5.621729876692e+04  1.512577900000e+01  6.140716582066e-02
 5.622523381007e+04  1.529698800000e+01  6.452877561151e-02
 5.622524089909e+04  1.530925500000e+01  6.461362662921e-02
 5.622524792015e+04  1.530952600000e+01  6.462625289930e-02
 5.622525497633e+04  1.533596600000e+01  6.493249943588e-02
