# time mag mag_err
 5.371013280139e+04  1.503669000000e+01  6.013682090933e-02
 5.371013927508e+04  1.504437100000e+01  6.016532809609e-02
 5.371014575295e+04  1.507454900000e+01  6.038686427334e-02
 5.371015224193e+04  1.506189300000e+01  6.029423669858e-02
 5.372913346177e+04  1.550548200000e+01  6.405602345445e-02
 5.372913964216e+04  1.552426000000e+01  6.427015361412e-02
 5.372914582245e+04  1.551605700000e+01  6.416530306558e-02
 5.372915201431e+04  1.545852900000e+01  6.362128418607e-02
 5.367524332005e+04  1.506956500000e+01  6.045764821260e-02
 5.367524920159e+04  1.505196700000e+01  6.034467372355e-02
 5.367525504726e+04  1.508691100000e+01  6.059769117265e-02
 5.367526093262e+04  1.509365000000e+01  6.063074013440e-02
 5.370309238186e+04  1.488847200000e+01  5.942076192798e-02
 5.370309894862e+04  1.491423900000e+01  5.958751657786e-02
 5.370310545091e+04  1.493823800000e+01  5.973115984189e-02
 5.370311189557e+04  1.493778000000e+01  5.971965097972e-02
 5.364635303509e+04  1.533973900000e+01  6.374294606526e-02
 5.364635961539e+04  1.532558300000e+01  6.364391054245e-02
 5.364636620924e+04  1.530931700000e+01  6.350690489409e-02
 5.364637277635e+04  1.535542600000e+01  6.397175496769e-02
 5.365130966887e+04  1.466717200000e+01  6.510482694114e-02
 5.365131618505e+04  1.489021500000e+01  1.000801288431e-01
 5.365132280204e+04  1.486471400000e+01  6.015117202655e-02
 5.365132941047e+04  1.489107500000e+01  6.031084191351e-02
 5.366726289473e+04  1.528226900000e+01  6.220809705706e-02
 5.366727456337e+04  1.531623800000e+01  6.250503353449e-02
 5.366728595306e+04  1.529791200000e+01  6.232037783793e-02
 5.366729747260e+04  1.533289400000e+01  6.265064865128e-02
 5.362728384359e+04  1.538020300000e+01  6.619636061572e-02
 5.362729194990e+04  1.544587300000e+01  6.687519340023e-02
 5.362730002471e+04  1.547336700000e+01  6.716933264279e-02
 5.362730808183e+04  1.548804300000e+01  6.729584280962e-02
 5.363744150464e+04  1.505094600000e+01  6.102193528941e-02
 5.363744988237e+04  1.508366500000e+01  6.131494345932e-02
 5.363745830362e+04  1.507621800000e+01  6.131480899481e-02
 5.363746678137e+04  1.509731900000e+01  6.151257628839e-02
 5.409014962951e+04  1.535700600000e+01  6.189700592226e-02
 5.409015738661e+04  1.534044700000e+01  6.177135282109e-02
 5.409016514256e+04  1.537909600000e+01  6.210640507512e-02
 5.409017289919e+04  1.536062300000e+01  6.204336967859e-02
 5.405523499932e+04  1.532845700000e+01  6.029992975395e-02
 5.405524692641e+04  1.532917400000e+01  6.030708293414e-02
 5.405525888834e+04  1.531446100000e+01  6.022247375947e-02
 5.405527083640e+04  1.536887900000e+01  6.064147365912e-02
 5.402423546360e+04  1.508295600000e+01  5.984581138331e-02
 5.402424351424e+04  1.511177900000e+01  6.001598082213e-02
 5.402425153546e+04  1.512712400000e+01  6.011182803253e-02
 5.402425959825e+04  1.513741700000e+01  6.015637257757e-02
 5.403030728382e+04  1.536428300000e+01  6.186700109081e-02
 5.403031372188e+04  1.536751000000e+01  6.195848415614e-02
 5.403032019685e+04  1.538308200000e+01  6.207883616425e-02
 5.403032669751e+04  1.534820400000e+01  6.181392156583e-02
 5.399047475090e+04  1.505748200000e+01  5.994628747496e-02
 5.399047902252e+04  1.504403600000e+01  5.988993118692e-02
 5.399048328038e+04  1.506545100000e+01  6.002889732992e-02
 5.399048753175e+04  1.508532400000e+01  6.018371933055e-02
 5.399630765726e+04  1.505604800000e+01  5.960722415449e-02
 5.399631408951e+04  1.510950900000e+01  5.995262975563e-02
 5.399632051889e+04  1.510707200000e+01  5.990862152607e-02
 5.399632699977e+04  1.512264600000e+01  6.001417902992e-02
 5.400438473969e+04  1.494326700000e+01  5.885561871769e-02
 5.400439351432e+04  1.496739200000e+01  5.901229817410e-02
 5.400440228409e+04  1.496367000000e+01  5.899272521357e-02
 5.400441105685e+04  1.498216600000e+01  5.912886249741e-02
 5.444008752314e+04  1.511561800000e+01  6.014478551010e-02
 5.444009403260e+04  1.510474900000e+01  6.004122971221e-02
 5.444010053825e+04  1.511303400000e+01  6.011151222757e-02
 5.444010701022e+04  1.512332000000e+01  6.016306758744e-02
 5.412708935791e+04  1.492808200000e+01  6.038940380884e-02
 5.412709755958e+04  1.491148100000e+01  6.028904258957e-02
 5.412710576799e+04  1.493592500000e+01  6.051343415032e-02
 5.412711398668e+04  1.493942100000e+01  6.062888970056e-02
 5.441120210428e+04  1.535578000000e+01  6.238404043154e-02
 5.441121071084e+04  1.535385600000e+01  6.235100765081e-02
 5.441121927966e+04  1.534186000000e+01  6.226382730459e-02
 5.441122785984e+04  1.537315700000e+01  6.251082093458e-02
 5.442125449580e+04  1.550406000000e+01  6.357969315230e-02
 5.442126370448e+04  1.548257700000e+01  6.343946229890e-02
 5.442127298573e+04  1.544036900000e+01  6.309274301176e-02
 5.442128217692e+04  1.530314400000e+01  6.189017694679e-02
 5.437735968256e+04  1.521295000000e+01  6.104897037297e-02
 5.437736616760e+04  1.525844500000e+01  6.143507789747e-02
 5.437737698608e+04  1.525154800000e+01  6.160856138021e-02
 5.438423591867e+04  1.504636400000e+01  5.970173618094e-02
 5.438424387196e+04  1.507860100000e+01  5.988913031699e-02
 5.438425115310e+04  1.509275700000e+01  5.996541770293e-02
 5.438425827672e+04  1.509533700000e+01  5.996704747275e-02
 5.439224467476e+04  1.489726700000e+01  5.873479665735e-02
 5.439225125517e+04  1.483543100000e+01  5.833888555513e-02
 5.439225783837e+04  1.481342400000e+01  5.820596722845e-02
 5.439226441196e+04  1.481748100000e+01  5.823290382703e-02
 5.440423933602e+04  1.535426400000e+01  6.224917655676e-02
 5.440424580150e+04  1.535168500000e+01  6.217706207296e-02
 5.440425442520e+04  1.537243600000e+01  6.231927491100e-02
 5.440426088385e+04  1.536434300000e+01  6.227657310993e-02
 5.434841654726e+04  1.535447500000e+01  6.296327273526e-02
 5.434842471387e+04  1.533956000000e+01  6.282135899768e-02
 5.434843301914e+04  1.536236500000e+01  6.334679987109e-02
 5.434844133043e+04  1.537530200000e+01  6.323907629062e-02
 5.435535338355e+04  1.533031400000e+01  6.203185697319e-02
 5.435536097850e+04  1.534136300000e+01  6.211280786455e-02
 5.435536848141e+04  1.533329600000e+01  6.205249622235e-02
 5.435537604822e+04  1.535500100000e+01  6.220034156869e-02
 5.483111962036e+04  1.533553200000e+01  6.178183363750e-02
 5.483112817135e+04  1.534809400000e+01  6.186133480733e-02
 5.483113663949e+04  1.535287200000e+01  6.191947955209e-02
 5.483114510588e+04  1.533890500000e+01  6.181949944427e-02
 5.446614262486e+04  1.482145700000e+01  5.820019321386e-02
 5.446614908189e+04  1.481638100000e+01  5.816626314098e-02
 5.446615558210e+04  1.486193400000e+01  5.845692313087e-02
 5.446616206749e+04  1.486157600000e+01  5.847673898849e-02
 5.448314649507e+04  1.509771900000e+01  6.049181689942e-02
 5.448315404174e+04  1.514017400000e+01  6.086384605047e-02
 5.448316160485e+04  1.517748700000e+01  6.119524969371e-02
 5.448316913925e+04  1.513644200000e+01  6.100464981240e-02
 5.477324573853e+04  1.484726100000e+01  5.846135186513e-02
 5.477325167668e+04  1.486070000000e+01  5.843837587318e-02
 5.477325770903e+04  1.486989000000e+01  5.857375732127e-02
 5.477326355539e+04  1.488384000000e+01  5.860368262953e-02
 5.478918522135e+04  1.527732200000e+01  6.124542947264e-02
 5.478919345476e+04  1.529314100000e+01  6.134758173501e-02
 5.478920171338e+04  1.530122000000e+01  6.141428415766e-02
 5.478920990696e+04  1.530628900000e+01  6.144427725754e-02
 5.474735202497e+04  1.534077200000e+01  6.150640623999e-02
 5.474736175404e+04  1.533267300000e+01  6.144431173830e-02
 5.474737141309e+04  1.536130600000e+01  6.167723299695e-02
 5.474738123742e+04  1.535054500000e+01  6.161600007972e-02
 5.476828827414e+04  1.534140500000e+01  6.170355187992e-02
 5.476829492598e+04  1.531494400000e+01  6.145838562833e-02
 5.476830163882e+04  1.534221200000e+01  6.171353334580e-02
 5.476830826565e+04  1.535600300000e+01  6.185578798926e-02
 5.471537751612e+04  1.534404100000e+01  6.199204620175e-02
 5.471538578899e+04  1.536042500000e+01  6.213001288100e-02
 5.471539411532e+04  1.536271800000e+01  6.213403617804e-02
 5.471540247315e+04  1.537395200000e+01  6.222829691748e-02
 5.473044462912e+04  1.524716800000e+01  6.117988182513e-02
 5.473045101300e+04  1.530191000000e+01  6.166598377666e-02
 5.473045744990e+04  1.530766700000e+01  6.172568989422e-02
 5.473046384466e+04  1.531784400000e+01  6.188384587266e-02
 5.473832134906e+04  1.483632600000e+01  5.807803227114e-02
 5.473832788804e+04  1.484832900000e+01  5.789890611593e-02
 5.473833446360e+04  1.481803800000e+01  5.796514837948e-02
 5.473834109726e+04  1.485055600000e+01  5.817852571797e-02
 5.506042102890e+04  1.547110600000e+01  6.347678632765e-02
 5.506042681623e+04  1.547663900000e+01  6.351796817391e-02
 5.506043275525e+04  1.546794000000e+01  6.346365453484e-02
 5.506043880207e+04  1.546011500000e+01  6.338069075435e-02
 5.507332622569e+04  1.487298500000e+01  6.353510635110e-02
 5.507333017323e+04  1.481358900000e+01  6.290495969063e-02
 5.507333396234e+04  1.483930600000e+01  6.328230641514e-02
 5.507333791809e+04  1.483572400000e+01  6.414206663449e-02
 5.518119466575e+04  1.546623100000e+01  7.928188128737e-02
 5.518210251308e+04  1.482740000000e+01  5.829152541028e-02
 5.518210817471e+04  1.480572400000e+01  5.821556994935e-02
 5.518211387742e+04  1.483884500000e+01  5.841440909461e-02
 5.518211961065e+04  1.485632600000e+01  5.857351912866e-02
 5.515318041313e+04  1.516148500000e+01  6.086390745858e-02
 5.515318859463e+04  1.517896000000e+01  6.101630460973e-02
 5.515319679897e+04  1.516583300000e+01  6.088974547922e-02
 5.515320504078e+04  1.520498300000e+01  6.118481271850e-02
 5.511329632359e+04  1.537721100000e+01  6.294452974510e-02
 5.511330355949e+04  1.541650700000e+01  6.325373992685e-02
 5.511331077779e+04  1.545399800000e+01  6.362743238625e-02
 5.511331791579e+04  1.542876600000e+01  6.334953993288e-02
 5.511927716367e+04  1.482226900000e+01  5.678005831237e-02
 5.511928514962e+04  1.480862300000e+01  5.673139833800e-02
 5.511929314413e+04  1.482422900000e+01  5.680839550451e-02
 5.511930106802e+04  1.483952600000e+01  5.686257972089e-02
 5.508441082611e+04  1.483523200000e+01  6.190040489125e-02
 5.508441679762e+04  1.484876400000e+01  6.200944612966e-02
 5.508442254698e+04  1.489708600000e+01  6.242958717822e-02
 5.508442851363e+04  1.489502600000e+01  6.241897572082e-02
 5.509032696888e+04  1.508444800000e+01  6.038100879974e-02
 5.509033739911e+04  1.509321300000e+01  6.043622792915e-02
 5.509034774931e+04  1.514103300000e+01  6.072045874533e-02
 5.509035819882e+04  1.511762300000e+01  6.064085500184e-02
 5.510130174237e+04  1.492547400000e+01  5.936348727139e-02
 5.510130920162e+04  1.495979700000e+01  5.965414295008e-02
 5.510131646150e+04  1.497873900000e+01  5.974461229155e-02
 5.510132380390e+04  1.498297400000e+01  5.972285704533e-02
 5.521209661387e+04  1.535168600000e+01  6.242837919540e-02
 5.521210340691e+04  1.534335000000e+01  6.223054580591e-02
 5.521211076821e+04  1.535942500000e+01  6.224732210416e-02
 5.521211766530e+04  1.538505600000e+01  6.245166606116e-02
 5.550628530788e+04  1.526309400000e+01  5.864224849206e-02
 5.550630350225e+04  1.528677100000e+01  5.879750504917e-02
 5.550631258291e+04  1.529985600000e+01  5.887699341664e-02
 5.551421998582e+04  1.486611600000e+01  5.906105055967e-02
 5.551423492514e+04  1.489677400000e+01  5.924603430555e-02
 5.551424244925e+04  1.490586800000e+01  5.930740950340e-02
 5.553018144318e+04  1.529448100000e+01  6.196154045969e-02
 5.553019174162e+04  1.530675600000e+01  6.206455924979e-02
 5.553019691480e+04  1.535125300000e+01  6.242979544979e-02
 5.547236056844e+04  1.482128000000e+01  5.892911503004e-02
 5.547237223316e+04  1.484061200000e+01  5.922254285080e-02
 5.547237809031e+04  1.488028300000e+01  5.942546640307e-02
 5.548028251672e+04  1.537779200000e+01  6.266888041836e-02
 5.548029640574e+04  1.539005100000e+01  6.289250856244e-02
 5.548030340494e+04  1.539723500000e+01  6.296799132221e-02
 5.549825943679e+04  1.538645800000e+01  6.286984963531e-02
 5.549827457071e+04  1.535918100000e+01  6.262500711197e-02
 5.549828209460e+04  1.539000600000e+01  6.287120125355e-02
 5.545536611881e+04  1.548455400000e+01  6.342606501281e-02
 5.545538212588e+04  1.539420900000e+01  6.259360220163e-02
 5.545538959584e+04  1.529579300000e+01  6.177297536457e-02
 5.557714482554e+04  1.505308000000e+01  6.370731165609e-02
 5.557715246760e+04  1.505371400000e+01  6.498303869838e-02
 5.557716030753e+04  1.507692000000e+01  6.422953956209e-02
 5.557716811218e+04  1.511269900000e+01  6.457022573744e-02
 5.558811207772e+04  1.491073400000e+01  5.958700241382e-02
 5.558811776053e+04  1.496428100000e+01  5.998649582416e-02
 5.558812352633e+04  1.495920300000e+01  5.996755686533e-02
 5.558812931154e+04  1.495252900000e+01  5.995334084510e-02
 5.582442048914e+04  1.526719000000e+01  6.157039343227e-02
 5.582442728966e+04  1.526247600000e+01  6.158755599397e-02
 5.582443407762e+04  1.528218000000e+01  6.175214366610e-02
 5.582444076300e+04  1.529028100000e+01  6.183231382489e-02
 5.586125267777e+04  1.543130900000e+01  6.353323932503e-02
 5.586125963459e+04  1.543782600000e+01  6.356115948514e-02
 5.586126652921e+04  1.542419000000e+01  6.330766008474e-02
 5.586127343006e+04  1.541142600000e+01  6.306788362371e-02
 5.583428619699e+04  1.525310000000e+01  6.176862594384e-02
 5.583429364793e+04  1.523764500000e+01  6.191485558231e-02
 5.583430108372e+04  1.524461400000e+01  6.274747117415e-02
 5.583430845397e+04  1.531041100000e+01  6.810472050795e-02
 5.588221162841e+04  1.546821300000e+01  6.334949024146e-02
 5.588221784470e+04  1.543945200000e+01  6.309278965678e-02
 5.588222408723e+04  1.547228400000e+01  6.340785412869e-02
 5.588223033003e+04  1.550541200000e+01  6.372249789112e-02
 5.585026534935e+04  1.552834600000e+01  7.347143921793e-02
 5.585027357612e+04  1.549838000000e+01  7.301785781376e-02
 5.585028181505e+04  1.544338300000e+01  7.220959103773e-02
 5.585029064593e+04  1.538777900000e+01  7.142450682480e-02
 5.585026534935e+04  1.552932100000e+01  7.374783222567e-02
 5.585027357612e+04  1.547774200000e+01  7.298523973014e-02
 5.585028181505e+04  1.540858200000e+01  7.193896537802e-02
 5.585029064593e+04  1.538735600000e+01  7.156895538748e-02
 5.589515803661e+04  1.482524000000e+01  5.850089475921e-02
 5.589516619361e+04  1.481846100000e+01  5.845381386874e-02
 5.589517424482e+04  1.485301400000e+01  5.867048237799e-02
 5.589518238449e+04  1.485844300000e+01  5.870150760496e-02
 5.618441052472e+04  1.517757400000e+01  6.137701345345e-02
 5.618441722390e+04  1.521744200000e+01  6.169740485754e-02
 5.618442399472e+04  1.524248700000e+01  6.189266595917e-02
 5.618443084124e+04  1.523834500000e+01  6.187782357549e-02
 5.619135106728e+04  1.516762200000e+01  6.156078907491e-02
 5.619135609883e+04  1.515354500000e+01  6.147921922273e-02
 5.619136116240e+04  1.517502300000e+01  6.162775185999e-02
 5.619136624620e+04  1.518048500000e+01  6.165894267473e-02
 5.621330871622e+04  1.484771800000e+01  5.903200533591e-02
 5.621331783345e+04  1.485500500000e+01  5.907130972010e-02
 5.621332694786e+04  1.486764600000e+01  5.914778147773e-02
 5.621333597831e+04  1.490468200000e+01  5.937001846719e-02
 5.622319918046e+04  1.485256300000e+01  5.908504143905e-02
 5.622320598230e+04  1.485855600000e+01  5.907756831708e-02
 5.622321107073e+04  1.487505600000e+01  5.917510132002e-02
 5.622321616553e+04  1.488983700000e+01  5.925903046280e-02
