# time mag mag_err
 5.355230104266e+04  1.556827300000e+01  5.997344441662e-02
 5.355231178012e+04  1.549337900000e+01  5.883423839052e-02
 5.355232253482e+04  1.555683600000e+01  5.929408845016e-02
 5.355233335376e+04  1.558122200000e+01  5.946774321464e-02
 5.353130589165e+04  1.607122600000e+01  7.364368688183e-02
 5.353131261769e+04  1.611451800000e+01  7.434845559269e-02
 5.353131934221e+04  1.609763000000e+01  7.410159184537e-02
 5.353132602888e+04  1.611289200000e+01  7.444602848196e-02
 5.383429312633e+04  1.616046500000e+01  8.068441722852e-02
 5.383430089326e+04  1.610002300000e+01  8.020335922692e-02
 5.383430867711e+04  1.600369700000e+01  7.825608898273e-02
 5.383431637124e+04  1.586359800000e+01  7.568206908455e-02
 5.384832293586e+04  1.620551900000e+01  7.347788705532e-02
 5.384833009802e+04  1.621499600000e+01  7.366921277167e-02
 5.384833734792e+04  1.620186300000e+01  7.336371134816e-02
 5.384834463532e+04  1.615376300000e+01  7.260367906658e-02
 5.385440835502e+04  1.572246600000e+01  6.734367180056e-02
 5.385441488729e+04  1.571876500000e+01  6.726975408337e-02
 5.385442140637e+04  1.574348900000e+01  6.756976700131e-02
 5.385442796873e+04  1.578834100000e+01  6.813223079633e-02
 5.390039493331e+04  1.621511100000e+01  1.576493817370e-01
 5.390039595315e+04  1.629640300000e+01  1.606056359688e-01
 5.390039693757e+04  1.594803100000e+01  1.394296148868e-01
 5.390039793472e+04  1.594520500000e+01  1.493187369265e-01
 5.388337308944e+04  1.564833600000e+01  6.624238253875e-02
 5.420445355483e+04  1.619598500000e+01  7.168124125847e-02
 5.420446170731e+04  1.619741400000e+01  7.170404062112e-02
 5.420446988723e+04  1.614248800000e+01  7.094422139592e-02
 5.420447810767e+04  1.618813600000e+01  7.159575613040e-02
 5.429530790043e+04  1.618998300000e+01  7.426802882053e-02
 5.429531513088e+04  1.618423800000e+01  7.468192273970e-02
 5.429532238008e+04  1.618207700000e+01  7.493247579322e-02
 5.429532959792e+04  1.619257000000e+01  7.492855941635e-02
 5.426135963186e+04  1.543270000000e+01  6.342220088543e-02
 5.426136644493e+04  1.546806100000e+01  6.377306447785e-02
 5.426137323520e+04  1.551276800000e+01  6.417062167080e-02
 5.426138004306e+04  1.553198400000e+01  6.445809618316e-02
 5.427327628826e+04  1.614500900000e+01  7.231118217887e-02
 5.427328287956e+04  1.617631300000e+01  7.285347868049e-02
 5.427328943741e+04  1.614480600000e+01  7.247823049300e-02
 5.427329601703e+04  1.614395300000e+01  7.254596677302e-02
 5.427928946709e+04  1.626800700000e+01  7.418092518359e-02
 5.427929609139e+04  1.633680500000e+01  7.539623174463e-02
 5.427930271243e+04  1.620625400000e+01  7.338694075021e-02
 5.427930930455e+04  1.622310600000e+01  7.363622252415e-02
 5.417840366598e+04  1.584028700000e+01  6.718958787693e-02
 5.417840964069e+04  1.584399100000e+01  6.687869804799e-02
 5.417841571659e+04  1.583222200000e+01  6.702710448835e-02
 5.417842177221e+04  1.585546000000e+01  6.768654024550e-02
 5.423142861050e+04  1.613962600000e+01  7.156042920053e-02
 5.423143515064e+04  1.616358200000e+01  7.198835404153e-02
 5.423144166774e+04  1.619284100000e+01  7.250335276812e-02
 5.423144817154e+04  1.616523000000e+01  7.213870832854e-02
 5.424535742987e+04  1.576909400000e+01  6.681420220398e-02
 5.424536520861e+04  1.577967800000e+01  6.696645447478e-02
 5.424537292693e+04  1.580186400000e+01  6.728851833443e-02
 5.424538062859e+04  1.581472700000e+01  6.741060757300e-02
 5.438909309990e+04  1.604969500000e+01  7.681129070085e-02
 5.438909580594e+04  1.602562700000e+01  7.642858574643e-02
 5.438909846822e+04  1.602364300000e+01  7.645696919057e-02
 5.438910116164e+04  1.593598400000e+01  7.499760198345e-02
 5.462737030487e+04  1.597292200000e+01  6.939656335622e-02
 5.462737905692e+04  1.597419600000e+01  6.975547716568e-02
 5.462738779556e+04  1.605244900000e+01  7.088821929635e-02
 5.462739646878e+04  1.605729300000e+01  7.080925848860e-02
 5.459626839330e+04  1.555535400000e+01  6.496152092212e-02
 5.459627608025e+04  1.556592800000e+01  6.500883808701e-02
 5.459628374973e+04  1.560895900000e+01  6.547708961799e-02
 5.459629144769e+04  1.561264600000e+01  6.548037695470e-02
 5.473310490076e+04  1.616098300000e+01  7.790078815821e-02
 5.473311076784e+04  1.617967200000e+01  7.830565490973e-02
 5.473311667981e+04  1.615263600000e+01  7.807888876005e-02
 5.473312248497e+04  1.616005500000e+01  7.820149888493e-02
 5.492341898456e+04  1.549413000000e+01  6.328971242346e-02
 5.492342397057e+04  1.550582400000e+01  6.340859535211e-02
 5.492342895324e+04  1.554787000000e+01  6.375146821049e-02
 5.492343417168e+04  1.554352300000e+01  6.373908057984e-02
 5.494341762823e+04  1.565010900000e+01  6.484781380585e-02
 5.494342310166e+04  1.562565900000e+01  6.462468736143e-02
 5.494342859753e+04  1.565664800000e+01  6.495101020624e-02
 5.494343409260e+04  1.569810500000e+01  6.541894431402e-02
 5.486543657997e+04  1.546412100000e+01  6.280000348587e-02
 5.486544636066e+04  1.545575300000e+01  6.269258320323e-02
 5.486545624321e+04  1.551334800000e+01  6.315947894329e-02
 5.486546608641e+04  1.552305000000e+01  6.321631229662e-02
 5.487548242625e+04  1.614675000000e+01  7.382131996852e-02
 5.487548734190e+04  1.618850700000e+01  7.450960626127e-02
 5.487549216701e+04  1.617767500000e+01  7.429806728632e-02
 5.487549709642e+04  1.621810500000e+01  7.492217474271e-02
 5.501728500006e+04  1.616553900000e+01  7.920877797564e-02
 5.501729239498e+04  1.626815400000e+01  8.149415079436e-02
 5.501729979800e+04  1.625738500000e+01  8.156460214449e-02
 5.501730712897e+04  1.632180400000e+01  8.326043113839e-02
 5.500535977068e+04  1.587362100000e+01  6.893918451684e-02
 5.500536708982e+04  1.596729100000e+01  7.040932552569e-02
 5.500537425580e+04  1.597712600000e+01  7.055895834525e-02
 5.500538138395e+04  1.597454100000e+01  7.059798667605e-02
 5.489244434560e+04  1.569250300000e+01  6.818734289356e-02
 5.489245193995e+04  1.564802000000e+01  6.694182845514e-02
 5.489245962807e+04  1.553214600000e+01  6.563562421529e-02
 5.489246716456e+04  1.545023100000e+01  6.486452631425e-02
 5.490548962645e+04  1.581587400000e+01  6.645237735342e-02
 5.490549454579e+04  1.581549800000e+01  6.642675845560e-02
 5.490549946652e+04  1.583084000000e+01  6.657800956347e-02
 5.490550434280e+04  1.579151400000e+01  6.612781012032e-02
 5.491341854132e+04  1.610837100000e+01  7.783311482324e-02
 5.491342517972e+04  1.615172900000e+01  7.483624038382e-02
 5.491343128167e+04  1.615873800000e+01  8.108359376378e-02
 5.491343732352e+04  1.614095800000e+01  7.290847446321e-02
 5.495538565856e+04  1.614369000000e+01  7.096732584277e-02
 5.495539297838e+04  1.614542100000e+01  7.958603935765e-02
 5.495540024659e+04  1.610241300000e+01  7.048115104998e-02
 5.495540754106e+04  1.614071100000e+01  7.096319566455e-02
 5.496537736306e+04  1.578533800000e+01  6.981228854738e-02
 5.496538303105e+04  1.583526300000e+01  7.055645845460e-02
 5.496538893727e+04  1.579184100000e+01  6.997737934569e-02
 5.496539487205e+04  1.580648400000e+01  7.021221665308e-02
 5.498128636804e+04  1.616706500000e+01  7.169524287445e-02
 5.498130100466e+04  1.595468300000e+01  6.861511788799e-02
 5.508914078672e+04  1.600147100000e+01  7.009425294740e-02
 5.508914554332e+04  1.641072300000e+01  9.398108841324e-02
 5.508915046177e+04  1.599099900000e+01  6.996274184937e-02
 5.508915538065e+04  1.583218400000e+01  7.258451213405e-02
 5.510409579074e+04  1.619203400000e+01  8.029775607393e-02
 5.510410071750e+04  1.615197400000e+01  7.965302719090e-02
 5.510410564844e+04  1.624049300000e+01  8.151556857929e-02
 5.510411061801e+04  1.616653800000e+01  8.066430566079e-02
 5.529736162436e+04  1.614599500000e+01  7.124756757095e-02
 5.529736807563e+04  1.616420000000e+01  7.142624314130e-02
 5.529737450708e+04  1.620789100000e+01  7.212122547071e-02
 5.529738089885e+04  1.612984100000e+01  7.094614506892e-02
 5.530343688934e+04  1.567110600000e+01  6.607699807378e-02
 5.530344563471e+04  1.569614700000e+01  6.633796406347e-02
 5.530345430773e+04  1.570064300000e+01  6.642032954054e-02
 5.530346307406e+04  1.575882200000e+01  6.719829802527e-02
 5.535331554509e+04  1.617761800000e+01  7.180755885780e-02
 5.535332185061e+04  1.616404800000e+01  7.170777135156e-02
 5.535332811855e+04  1.620155300000e+01  7.225866875379e-02
 5.535333441037e+04  1.619697800000e+01  7.223433572913e-02
 5.536229716598e+04  1.614552700000e+01  7.126932108922e-02
 5.536230528968e+04  1.621912200000e+01  7.235806612925e-02
 5.536231344438e+04  1.615826000000e+01  7.147196850121e-02
 5.536232169803e+04  1.616545100000e+01  7.168719657884e-02
 5.536825788789e+04  1.612788000000e+01  7.103810673763e-02
 5.536826485203e+04  1.620710500000e+01  7.224301932002e-02
 5.536827179892e+04  1.623968400000e+01  7.277840053447e-02
 5.536827862912e+04  1.623915000000e+01  7.277940160355e-02
 5.527449374390e+04  1.574084600000e+01  6.639646533175e-02
 5.527450014862e+04  1.577661200000e+01  6.675650542716e-02
 5.527450657265e+04  1.580935700000e+01  6.717688957424e-02
 5.527451293854e+04  1.578638200000e+01  6.697533005387e-02
 5.532638976418e+04  1.618606200000e+01  7.184853161041e-02
 5.532639722544e+04  1.620113400000e+01  7.205765555437e-02
 5.532640467743e+04  1.618555600000e+01  7.186339180286e-02
 5.532641219405e+04  1.622401100000e+01  7.236030508746e-02
 5.545713599742e+04  1.620783400000e+01  7.221967079960e-02
 5.545715076449e+04  1.620339500000e+01  7.239330032003e-02
 5.545715819613e+04  1.621843400000e+01  7.278107136790e-02
 5.565245899360e+04  1.551210600000e+01  6.430347400131e-02
 5.565246536938e+04  1.556736300000e+01  6.489826770897e-02
 5.565247173719e+04  1.558726300000e+01  6.506627628896e-02
 5.565247806667e+04  1.560621300000e+01  6.528042438794e-02
 5.567939654351e+04  1.623332700000e+01  7.335202955728e-02
 5.567940171818e+04  1.616984500000e+01  7.238897042369e-02
 5.567940692876e+04  1.608487800000e+01  7.115572216525e-02
 5.567941214905e+04  1.602095700000e+01  7.027759832494e-02
 5.568841951291e+04  1.618976200000e+01  7.342963651899e-02
 5.568842590847e+04  1.600799900000e+01  7.070674220197e-02
 5.568843229051e+04  1.585766700000e+01  6.873436542746e-02
 5.568843872719e+04  1.582034200000e+01  6.822649078696e-02
 5.388337650501e+04  1.566372600000e+01  6.648804938513e-02
 5.388338373454e+04  1.568150600000e+01  6.672087907505e-02
 5.388339094230e+04  1.571501700000e+01  6.705389753213e-02
 5.388339812969e+04  1.571438600000e+01  6.708052951036e-02
 5.585008908139e+04  1.591034000000e+01  7.534770483709e-02
 5.585009311978e+04  1.577303700000e+01  7.263274711709e-02
 5.585009676744e+04  1.576283500000e+01  7.254384824250e-02
 5.585010036497e+04  1.570579300000e+01  7.177277576231e-02
 5.606439140259e+04  1.613913200000e+01  7.092843968407e-02
 5.606439817427e+04  1.617102600000e+01  7.125524003743e-02
 5.606440494243e+04  1.613376600000e+01  7.074655997560e-02
 5.606441164462e+04  1.615574800000e+01  7.103949469365e-02
 5.607633524201e+04  1.586771200000e+01  6.999019099628e-02
 5.607634273441e+04  1.588785300000e+01  7.030260987415e-02
 5.607635049873e+04  1.589347300000e+01  7.040622101452e-02
 5.607635818237e+04  1.588880800000e+01  7.034321493116e-02
 5.618916623682e+04  1.604164400000e+01  7.131727693596e-02
 5.618917111698e+04  1.608905700000e+01  7.204496107081e-02
 5.618917603296e+04  1.612179100000e+01  7.263192480034e-02
 5.618918097116e+04  1.610744800000e+01  7.246706895525e-02
