# time mag mag_err
 5.370508395127e+04  1.498887100000e+01  5.951855476085e-02
 5.370508829293e+04  1.497327800000e+01  5.946958576317e-02
 5.370509265112e+04  1.495436700000e+01  5.934355600154e-02
 5.370509698340e+04  1.493027100000e+01  5.920910167145e-02
 5.371205073079e+04  1.527898800000e+01  6.534073568438e-02
 5.371205576738e+04  1.519616000000e+01  6.469103462068e-02
 5.371206078186e+04  1.504352300000e+01  6.412886642017e-02
 5.371206593802e+04  1.511526600000e+01  6.393562804980e-02
 5.355332366887e+04  1.547756400000e+01  6.423327313777e-02
 5.355333074525e+04  1.551568900000e+01  6.446983154397e-02
 5.355333782709e+04  1.552173200000e+01  6.430702258384e-02
 5.355334488705e+04  1.552503200000e+01  6.438912195104e-02
 5.356230598683e+04  1.522533000000e+01  6.130237132078e-02
 5.356231407022e+04  1.519072100000e+01  6.099137675984e-02
 5.356232222005e+04  1.521219200000e+01  6.119070339566e-02
 5.356233032611e+04  1.523269700000e+01  6.147925461943e-02
 5.356335294734e+04  1.513210900000e+01  6.107988722979e-02
 5.356335950241e+04  1.514078300000e+01  6.112098970122e-02
 5.356336606951e+04  1.518990000000e+01  6.149646523361e-02
 5.356337258037e+04  1.521152500000e+01  6.164452909463e-02
 5.352543085216e+04  1.498456900000e+01  5.953379328931e-02
 5.352543520134e+04  1.500125000000e+01  5.962185755279e-02
 5.352543950282e+04  1.502600400000e+01  5.978467877364e-02
 5.352544377237e+04  1.503834500000e+01  5.987905393674e-02
 5.368610800912e+04  1.541718200000e+01  6.267697323209e-02
 5.368611443884e+04  1.544647400000e+01  6.296418859333e-02
 5.368612085490e+04  1.541957100000e+01  6.274328425406e-02
 5.368612727212e+04  1.547208500000e+01  6.322497595783e-02
 5.369906363593e+04  1.546325300000e+01  6.332795297124e-02
 5.369906999422e+04  1.546834100000e+01  6.334244972067e-02
 5.369907636687e+04  1.547507000000e+01  6.346659728405e-02
 5.369908272715e+04  1.546726600000e+01  6.340671737968e-02
 5.364617225955e+04  1.535797500000e+01  6.322765889705e-02
 5.364617980206e+04  1.539092700000e+01  6.357430506732e-02
 5.364618735694e+04  1.540169800000e+01  6.365888678238e-02
 5.364619490234e+04  1.541456100000e+01  6.379737211745e-02
 5.363714885225e+04  1.556684300000e+01  6.500182084023e-02
 5.363715530047e+04  1.557443000000e+01  7.253879651931e-02
 5.363716174096e+04  1.549464100000e+01  6.747072696977e-02
 5.363716818747e+04  1.555797700000e+01  8.378396655273e-02
 5.397619920649e+04  1.541717400000e+01  6.161857712204e-02
 5.397620402606e+04  1.540261800000e+01  6.153965802893e-02
 5.397620886091e+04  1.541954700000e+01  6.164503303758e-02
 5.397621371417e+04  1.542349100000e+01  6.165832956732e-02
 5.407007469142e+04  1.492354300000e+01  6.418604321360e-02
 5.407007979260e+04  1.490133700000e+01  6.400329592070e-02
 5.407008490350e+04  1.489397700000e+01  6.394426205934e-02
 5.407009002933e+04  1.487753600000e+01  6.380153862924e-02
 5.391734519980e+04  1.562298000000e+01  6.769881878241e-02
 5.391735000433e+04  1.566063100000e+01  6.825752849372e-02
 5.391735480062e+04  1.567626900000e+01  6.870904163078e-02
 5.391735959230e+04  1.568377600000e+01  6.834531013829e-02
 5.392538278900e+04  1.560858100000e+01  1.077725801123e-01
 5.392538437774e+04  1.550174200000e+01  1.041275554082e-01
 5.392538597771e+04  1.562005800000e+01  1.083814598525e-01
 5.392538760163e+04  1.559673100000e+01  1.074418058306e-01
 5.393730462947e+04  1.517310500000e+01  6.199916113996e-02
 5.393731163387e+04  1.518802500000e+01  6.215020033196e-02
 5.393731860204e+04  1.521429600000e+01  6.227981487928e-02
 5.393732559556e+04  1.521473000000e+01  6.230830319082e-02
 5.388735179309e+04  1.543554200000e+01  6.509259815269e-02
 5.388736094701e+04  1.545485600000e+01  6.509298576069e-02
 5.388736953205e+04  1.544716100000e+01  6.489061456961e-02
 5.388737816280e+04  1.545614700000e+01  6.478145297128e-02
 5.390338118285e+04  1.542837100000e+01  1.028417681374e-01
 5.390338226796e+04  1.542160300000e+01  1.024243874179e-01
 5.390338337138e+04  1.542893000000e+01  1.029112900133e-01
 5.390338446900e+04  1.541897900000e+01  1.023349486093e-01
 5.390636533458e+04  1.499353500000e+01  6.055497156364e-02
 5.390637221005e+04  1.499824200000e+01  6.053267513333e-02
 5.390637911316e+04  1.500592200000e+01  6.059305500706e-02
 5.390638596675e+04  1.505860100000e+01  6.096685693210e-02
 5.388142648095e+04  1.531667600000e+01  6.241108237436e-02
 5.388143511426e+04  1.529279100000e+01  6.215835977304e-02
 5.388144375404e+04  1.527240600000e+01  6.195447541301e-02
 5.388145234729e+04  1.529269600000e+01  6.207317541826e-02
 5.401012414297e+04  1.546048400000e+01  6.234300600147e-02
 5.401013016122e+04  1.548771800000e+01  6.258764210551e-02
 5.401013615735e+04  1.549366600000e+01  6.251784254439e-02
 5.401014216748e+04  1.549964200000e+01  6.278169956335e-02
 5.402812817338e+04  1.537327500000e+01  6.118435216840e-02
 5.402813684869e+04  1.542393100000e+01  6.157298394904e-02
 5.402814554866e+04  1.536974900000e+01  6.116393908803e-02
 5.402815421090e+04  1.541538800000e+01  6.153835371764e-02
 5.402911589772e+04  1.540516600000e+01  6.147194081977e-02
 5.402912565272e+04  1.540145400000e+01  6.142689552508e-02
 5.402913541617e+04  1.542367500000e+01  6.160731076978e-02
 5.399218577231e+04  1.558492100000e+01  6.316967196203e-02
 5.399219219172e+04  1.557077800000e+01  6.301261589941e-02
 5.399219864135e+04  1.557501000000e+01  6.307745006501e-02
 5.399220502928e+04  1.558785100000e+01  6.274042130343e-02
 5.443805154782e+04  1.554131900000e+01  6.704501246674e-02
 5.443805664565e+04  1.553888400000e+01  6.730397020341e-02
 5.443806174000e+04  1.553366800000e+01  6.730556116593e-02
 5.443806684037e+04  1.556957700000e+01  6.775665979931e-02
 5.445405526677e+04  1.551887800000e+01  6.707118499644e-02
 5.445405988494e+04  1.561615200000e+01  6.864928026475e-02
 5.445406471285e+04  1.554826000000e+01  6.799979345735e-02
 5.445406887740e+04  1.563385700000e+01  6.917641792247e-02
 5.425938945322e+04  1.560676700000e+01  6.458808837710e-02
 5.425939591604e+04  1.562530800000e+01  6.475591983243e-02
 5.425940235780e+04  1.563449000000e+01  6.476938166884e-02
 5.425940886066e+04  1.567187500000e+01  6.514360184332e-02
 5.426636970187e+04  1.563308800000e+01  6.561847858441e-02
 5.426637840394e+04  1.563335600000e+01  6.552904222788e-02
 5.426638716536e+04  1.564464600000e+01  6.561652127047e-02
 5.426639589427e+04  1.566890400000e+01  6.577814306090e-02
 5.427736804759e+04  1.513621600000e+01  6.076924601127e-02
 5.427737403042e+04  1.513972400000e+01  6.077605270175e-02
 5.427737999576e+04  1.519564700000e+01  6.142772301304e-02
 5.427738597510e+04  1.518583900000e+01  6.109278601168e-02
 5.422745117539e+04  1.559643200000e+01  6.716230423476e-02
 5.422745893505e+04  1.559160200000e+01  6.694662861501e-02
 5.422746670047e+04  1.557242800000e+01  6.657889049966e-02
 5.422747445144e+04  1.557349400000e+01  6.660481497973e-02
 5.423343242183e+04  1.504509800000e+01  6.050656080236e-02
 5.423343725818e+04  1.503573900000e+01  6.036254224830e-02
 5.423344212404e+04  1.504067400000e+01  6.035405668177e-02
 5.423344699072e+04  1.505021700000e+01  6.041030311475e-02
 5.424041514243e+04  1.493199400000e+01  5.972901016800e-02
 5.424042387458e+04  1.491098400000e+01  5.946762949740e-02
 5.424043262837e+04  1.490793500000e+01  5.938299939226e-02
 5.424044130427e+04  1.493667600000e+01  5.947844604549e-02
 5.424740887134e+04  1.495361700000e+01  6.053437334357e-02
 5.424741717650e+04  1.496776900000e+01  6.061346992478e-02
 5.424742553606e+04  1.501430300000e+01  6.087066283758e-02
 5.424743382653e+04  1.502455600000e+01  6.092594830400e-02
 5.440611989079e+04  1.542318100000e+01  6.194490495085e-02
 5.440612746501e+04  1.543156400000e+01  6.203960661482e-02
 5.440613502105e+04  1.541974500000e+01  6.192680159053e-02
 5.440614259667e+04  1.541972300000e+01  6.195325385241e-02
 5.441909661155e+04  1.512248800000e+01  5.962034953973e-02
 5.441910301962e+04  1.509560300000e+01  5.946137966481e-02
 5.441910947318e+04  1.503056100000e+01  5.906783194760e-02
 5.441911591668e+04  1.500354400000e+01  5.891946334814e-02
 5.437714869937e+04  1.529998200000e+01  6.098341077178e-02
 5.437715470407e+04  1.531755600000e+01  6.114840595398e-02
 5.437716069998e+04  1.533960000000e+01  6.132088717941e-02
 5.437716665131e+04  1.535967100000e+01  6.150304393456e-02
 5.438513022101e+04  1.531273900000e+01  6.096361610808e-02
 5.438513782729e+04  1.534511100000e+01  6.121195367040e-02
 5.438514559469e+04  1.535690300000e+01  6.129302089626e-02
 5.438515325826e+04  1.539188500000e+01  6.157987334956e-02
 5.434730891752e+04  1.524269100000e+01  6.924908036225e-02
 5.434732482306e+04  1.554176000000e+01  6.410548810262e-02
 5.434733295459e+04  1.561462800000e+01  6.476108012282e-02
 5.434734107792e+04  1.559308700000e+01  6.464373002335e-02
 5.435318352588e+04  1.525019900000e+01  6.112423795484e-02
 5.435319060321e+04  1.527443600000e+01  6.132135970471e-02
 5.435319771537e+04  1.530569400000e+01  6.150938523627e-02
 5.435320479292e+04  1.531493600000e+01  6.162212316815e-02
 5.462435383038e+04  1.552185400000e+01  6.128415743643e-02
 5.462436046763e+04  1.556156200000e+01  6.148549644761e-02
 5.462436708926e+04  1.556720400000e+01  6.150812347040e-02
 5.462437371956e+04  1.560227000000e+01  6.172302230655e-02
 5.463238194472e+04  1.559127500000e+01  6.455491042099e-02
 5.459645629431e+04  1.519226800000e+01  6.297060368823e-02
 5.459646038074e+04  1.521541500000e+01  6.261711833326e-02
 5.459646430050e+04  1.516534000000e+01  6.261285481490e-02
 5.459646823484e+04  1.519124100000e+01  6.277460699445e-02
 5.478806177822e+04  1.543044800000e+01  6.174601320743e-02
 5.478806780051e+04  1.546653900000e+01  6.209789181871e-02
 5.478807381065e+04  1.546604900000e+01  6.209616797108e-02
 5.478807978433e+04  1.548612800000e+01  6.227377846941e-02
 5.480006136900e+04  1.492759200000e+01  6.120428759032e-02
 5.480006580325e+04  1.490739000000e+01  6.110610716149e-02
 5.480007017384e+04  1.490841400000e+01  6.112479011442e-02
 5.480007460334e+04  1.489442800000e+01  6.103653575562e-02
 5.474018282218e+04  1.538468100000e+01  6.261380160918e-02
 5.474019136566e+04  1.532857500000e+01  6.197987692045e-02
 5.474019980497e+04  1.527812700000e+01  6.166226316364e-02
 5.474020831743e+04  1.524876700000e+01  6.129221436623e-02
 5.476512530448e+04  1.546775300000e+01  6.214454305983e-02
 5.476513418848e+04  1.551027100000e+01  6.250241657820e-02
 5.476514225035e+04  1.551374600000e+01  6.256348167812e-02
 5.476515029773e+04  1.554602600000e+01  6.287800908366e-02
 5.471623160397e+04  1.552612000000e+01  6.262871831235e-02
 5.471623862098e+04  1.533324800000e+01  6.360977321368e-02
 5.471624709698e+04  1.534414700000e+01  6.116895292625e-02
 5.471625413598e+04  1.521361400000e+01  6.015278986292e-02
 5.472916947925e+04  1.543257300000e+01  6.198993277339e-02
 5.472917595515e+04  1.540784300000e+01  6.179648231639e-02
 5.472918245987e+04  1.545289700000e+01  6.218833083365e-02
 5.472918894098e+04  1.542654200000e+01  6.195749138325e-02
 5.473613723398e+04  1.532806600000e+01  6.118412223015e-02
 5.473614317896e+04  1.532913400000e+01  6.105899780599e-02
 5.473614923516e+04  1.534197700000e+01  6.106538398666e-02
 5.473615519980e+04  1.537919000000e+01  6.148239229512e-02
 5.494846395976e+04  1.510949200000e+01  6.065911074731e-02
 5.494846942104e+04  1.510705700000e+01  6.059086975191e-02
 5.494847492848e+04  1.511665700000e+01  6.059506643965e-02
 5.494848043862e+04  1.513311900000e+01  6.094872764020e-02
 5.505826196757e+04  1.562444700000e+01  6.180627102292e-02
 5.505826923263e+04  1.563168600000e+01  6.188659611365e-02
 5.505827639748e+04  1.558984300000e+01  6.155282839184e-02
 5.505828365169e+04  1.553568000000e+01  6.110759651768e-02
 5.507216178191e+04  1.566392200000e+01  7.129412418689e-02
 5.507216752203e+04  1.563020000000e+01  7.072240698344e-02
 5.507217335345e+04  1.565959500000e+01  7.096250748500e-02
 5.507217924416e+04  1.559596000000e+01  7.006958223322e-02
 5.503929313882e+04  1.526690800000e+01  6.160116956696e-02
 5.503930160348e+04  1.528705100000e+01  6.181321603560e-02
 5.503930992176e+04  1.530906600000e+01  6.199950766400e-02
 5.503931845785e+04  1.534462600000e+01  6.224152353180e-02
 5.499742913269e+04  1.563303500000e+01  6.928326866086e-02
 5.499743161082e+04  1.561783800000e+01  6.907435299506e-02
 5.499743402494e+04  1.561832000000e+01  6.907081372354e-02
 5.499743647970e+04  1.559247500000e+01  6.875061798819e-02
 5.497842137142e+04  1.506756400000e+01  6.006281990131e-02
 5.497842922843e+04  1.510170600000e+01  6.024837458567e-02
 5.497843712488e+04  1.514885600000e+01  6.055173424284e-02
 5.497844506354e+04  1.516222600000e+01  6.060624579892e-02
 5.514109043866e+04  1.521972200000e+01  6.072015948162e-02
 5.514109712616e+04  1.516901000000e+01  6.038784089699e-02
 5.514110367463e+04  1.511969300000e+01  6.002856200618e-02
 5.514111023979e+04  1.507796600000e+01  5.973480917995e-02
 5.516107745139e+04  1.557479000000e+01  6.834996207488e-02
 5.516108134648e+04  1.556648000000e+01  6.827995986677e-02
 5.516108520503e+04  1.556702700000e+01  6.832642515005e-02
 5.516108908439e+04  1.560547900000e+01  6.886261019495e-02
 5.511810359851e+04  1.561585400000e+01  6.411519535525e-02
 5.511810980381e+04  1.551941000000e+01  6.327568351497e-02
 5.511811601271e+04  1.549652300000e+01  6.301524858838e-02
 5.511812212031e+04  1.545112900000e+01  6.262794181695e-02
 5.508423940108e+04  1.547328600000e+01  6.762719358593e-02
 5.508424483569e+04  1.551050200000e+01  6.808150980958e-02
 5.508425022865e+04  1.548335500000e+01  6.779917047166e-02
 5.508425569351e+04  1.555149400000e+01  6.863008496589e-02
 5.538330150705e+04  1.557538100000e+01  6.459856676875e-02
 5.538330660895e+04  1.558137400000e+01  6.463064713879e-02
 5.538331175503e+04  1.554791000000e+01  6.418902018340e-02
 5.538331696416e+04  1.554800000000e+01  6.412619714609e-02
 5.535241058769e+04  1.541962000000e+01  6.245258585240e-02
 5.535241864690e+04  1.540034900000e+01  6.222966245526e-02
 5.535242659671e+04  1.540917900000e+01  6.226770843325e-02
 5.535243466588e+04  1.540582500000e+01  6.221614374774e-02
 5.536034885024e+04  1.556528600000e+01  6.428981693865e-02
 5.536035755505e+04  1.554825700000e+01  6.404926333436e-02
 5.536036622166e+04  1.552451200000e+01  6.371307997165e-02
 5.536037490750e+04  1.547876500000e+01  6.324219825471e-02
 5.533340842801e+04  1.537243800000e+01  6.262582702294e-02
 5.533341366183e+04  1.534029200000e+01  6.229637817718e-02
 5.533341877321e+04  1.535447200000e+01  6.237615499084e-02
 5.533342402741e+04  1.537014900000e+01  6.248715907342e-02
 5.551708775331e+04  1.556460100000e+01  6.917697789641e-02
 5.551709958650e+04  1.558907200000e+01  6.962228505068e-02
 5.551710546348e+04  1.558654500000e+01  6.959233984306e-02
 5.547814120354e+04  1.545818800000e+01  6.270565282525e-02
 5.547815709657e+04  1.540022200000e+01  6.222247780879e-02
 5.547816508701e+04  1.541639800000e+01  6.237813577082e-02
 5.549907275172e+04  1.542901300000e+01  6.289640016553e-02
 5.549908632940e+04  1.518839400000e+01  6.088986894836e-02
 5.549909318402e+04  1.509206600000e+01  6.018759351504e-02
 5.545422777207e+04  1.499631700000e+01  5.898984113658e-02
 5.545424260343e+04  1.496063100000e+01  5.876073715988e-02
 5.545425003736e+04  1.493348700000e+01  5.868744377488e-02
 5.568146665157e+04  1.562925900000e+01  6.812386928594e-02
 5.568147023049e+04  1.566363900000e+01  6.848216337846e-02
 5.568147388275e+04  1.560423400000e+01  6.771503424392e-02
 5.568147750944e+04  1.562053000000e+01  6.775572192179e-02
 5.571542819916e+04  1.526949900000e+01  6.196306926816e-02
 5.571543333135e+04  1.529955100000e+01  6.221818722332e-02
 5.571543841531e+04  1.532660300000e+01  6.243496325900e-02
 5.571544352865e+04  1.533621200000e+01  6.253314146927e-02
 5.570841446144e+04  1.517214000000e+01  6.119030853941e-02
 5.570842141124e+04  1.519518500000e+01  6.131963678402e-02
 5.570842970264e+04  1.524371200000e+01  6.186129745260e-02
 5.570843670970e+04  1.526228900000e+01  6.199612156111e-02
 5.552808039824e+04  1.525692300000e+01  1.107896773149e-01
 5.552808092465e+04  1.525839700000e+01  1.108118155441e-01
 5.552808118485e+04  1.531563800000e+01  1.130941755366e-01
 5.552808529721e+04  1.534707900000e+01  1.143476575414e-01
 5.552808579192e+04  1.537666900000e+01  1.156093011138e-01
 5.552808606912e+04  1.535154100000e+01  1.148020174311e-01
 5.552809282686e+04  1.533779400000e+01  6.614121082592e-02
 5.552810370103e+04  1.534760700000e+01  6.634742259503e-02
 5.552810907971e+04  1.536825700000e+01  6.662704151772e-02
 5.582216725031e+04  1.543478700000e+01  6.215039823489e-02
 5.582217401951e+04  1.545375200000e+01  6.230268364882e-02
 5.582218078458e+04  1.544607300000e+01  6.224982135533e-02
 5.582218751546e+04  1.547293300000e+01  6.246359762089e-02
 5.583110330855e+04  1.536446400000e+01  6.222789539993e-02
 5.583110674359e+04  1.540702800000e+01  6.254486652096e-02
 5.583111752066e+04  1.539496500000e+01  6.241008596033e-02
 5.583112897277e+04  1.542434700000e+01  6.266240554512e-02
 5.585109629411e+04  1.546730700000e+01  6.244147119352e-02
 5.585110328543e+04  1.547297500000e+01  6.248896950774e-02
 5.585111013509e+04  1.545713600000e+01  6.230744775739e-02
 5.585111701845e+04  1.553320700000e+01  6.297822015885e-02
 5.606245124502e+04  1.556795600000e+01  6.371032555745e-02
 5.606245633948e+04  1.554097000000e+01  6.341957591331e-02
 5.606246170146e+04  1.553937500000e+01  6.342433053788e-02
 5.606246680900e+04  1.557567300000e+01  6.372166496286e-02
 5.607640403303e+04  1.567731800000e+01  6.727010552030e-02
 5.607641206758e+04  1.568270800000e+01  6.727160167399e-02
 5.607642012390e+04  1.566119300000e+01  6.696645447478e-02
 5.607642814741e+04  1.567716500000e+01  6.709873898376e-02
 5.609040136787e+04  1.543473200000e+01  6.356663785187e-02
 5.609040754562e+04  1.544475300000e+01  6.354768896011e-02
 5.609041375635e+04  1.549566900000e+01  6.492524807839e-02
 5.609041996520e+04  1.541042400000e+01  6.502923070577e-02
 5.609834633078e+04  1.561634000000e+01  6.416127557598e-02
 5.609835425815e+04  1.564281600000e+01  6.436388921480e-02
 5.609836223355e+04  1.561508400000e+01  6.407756045040e-02
 5.609837029622e+04  1.553480300000e+01  6.329475183310e-02
 5.612632581435e+04  1.540427000000e+01  6.006940579999e-02
 5.612633386030e+04  1.541477000000e+01  6.014573886039e-02
 5.612634207321e+04  1.542326800000e+01  6.019730685287e-02
 5.612635029185e+04  1.545810600000e+01  6.043653797693e-02
 5.615126251830e+04  1.552118800000e+01  7.508819495448e-02
 5.615126767735e+04  1.532752100000e+01  6.532612540789e-02
 5.615127284616e+04  1.539695100000e+01  6.527889477271e-02
 5.615127798426e+04  1.541740200000e+01  6.319940433794e-02
 5.616319493176e+04  1.526187000000e+01  6.242475764191e-02
 5.616319993678e+04  1.555017800000e+01  6.498424703058e-02
 5.616320498796e+04  1.539891200000e+01  6.358391605688e-02
 5.616321013096e+04  1.530824400000e+01  6.265086534876e-02
 5.618517557447e+04  1.544243400000e+01  6.054945222591e-02
 5.618518179957e+04  1.543509000000e+01  6.048688369305e-02
 5.618518797922e+04  1.540026600000e+01  6.022236645113e-02
 5.618519425325e+04  1.542210000000e+01  6.037607882085e-02
 5.619218594104e+04  1.512267400000e+01  6.072219448996e-02
 5.619219100154e+04  1.511777200000e+01  6.061789135017e-02
 5.619219614486e+04  1.510211800000e+01  6.052528563509e-02
 5.619220121286e+04  1.512093200000e+01  6.067791066185e-02
 5.620520663632e+04  1.519810300000e+01  5.877456066585e-02
 5.620520931620e+04  1.517593900000e+01  5.860901836867e-02
 5.620521197178e+04  1.519068200000e+01  5.865658361103e-02
 5.620521465617e+04  1.518889700000e+01  5.864993203382e-02
 5.622119165093e+04  1.516945200000e+01  5.883541126829e-02
 5.622119706728e+04  1.518552200000e+01  5.895458224598e-02
 5.622120253297e+04  1.519760800000e+01  5.900664714405e-02
 5.622120800604e+04  1.520905800000e+01  5.908130319692e-02
 5.622713984850e+04  1.543222100000e+01  6.515892751117e-02
 5.622714436330e+04  1.544304600000e+01  6.523655258033e-02
 5.622714890495e+04  1.544155500000e+01  6.527052443299e-02
 5.622715338596e+04  1.541827800000e+01  6.504025168061e-02
