# time mag mag_err
 5.346626160330e+04  1.486299000000e+01  5.836715991514e-02
 5.346626912473e+04  1.488622400000e+01  5.850006839064e-02
 5.346627666191e+04  1.488332800000e+01  5.846085351154e-02
 5.346628419852e+04  1.489648500000e+01  5.852708321260e-02
 5.371051712409e+04  1.501750700000e+01  5.977129952040e-02
 5.371052312485e+04  1.501767300000e+01  5.973838922183e-02
 5.371052915604e+04  1.504057600000e+01  5.989787428260e-02
 5.371053521434e+04  1.503368100000e+01  5.985417322477e-02
 5.373148172310e+04  1.542008300000e+01  6.294452974510e-02
 5.373148980036e+04  1.544476500000e+01  6.310751244016e-02
 5.373149787876e+04  1.534433400000e+01  6.234222681639e-02
 5.373150593565e+04  1.528598500000e+01  6.189081768753e-02
 5.355315973236e+04  1.531253400000e+01  6.299408039214e-02
 5.355316616300e+04  1.531949800000e+01  6.317294717530e-02
 5.355317264145e+04  1.532678500000e+01  6.323096677092e-02
 5.355317906515e+04  1.534106400000e+01  6.345089866952e-02
 5.352822018867e+04  1.536019300000e+01  6.271656078582e-02
 5.352822768915e+04  1.535871300000e+01  6.275806247238e-02
 5.352823513223e+04  1.537641500000e+01  6.297427267228e-02
 5.352824259894e+04  1.539055600000e+01  6.311789676910e-02
 5.349918647947e+04  1.522717800000e+01  6.121291283340e-02
 5.349919182209e+04  1.525770600000e+01  6.142706801963e-02
 5.349919719817e+04  1.524354100000e+01  6.128100582319e-02
 5.349920252737e+04  1.526138200000e+01  6.143943335832e-02
 5.352025653873e+04  1.517464100000e+01  6.328617747644e-02
 5.352026298963e+04  1.509943900000e+01  6.296176242490e-02
 5.352026941112e+04  1.516675200000e+01  6.181451683928e-02
 5.352027586816e+04  1.510454000000e+01  6.597300654544e-02
 5.370449486503e+04  1.536008200000e+01  6.324849508073e-02
 5.370450143191e+04  1.539964000000e+01  6.366337110069e-02
 5.370450795642e+04  1.543236100000e+01  6.449855735298e-02
 5.370451460884e+04  1.540115900000e+01  6.394226373424e-02
 5.383228955729e+04  1.499751700000e+01  6.158954936834e-02
 5.383229771140e+04  1.500838900000e+01  6.169518807656e-02
 5.383230576713e+04  1.501851900000e+01  6.179588979863e-02
 5.383231382632e+04  1.503037100000e+01  6.188064567578e-02
 5.384326588693e+04  1.515403800000e+01  6.167220200812e-02
 5.384327398514e+04  1.513082900000e+01  6.147664135254e-02
 5.384328209098e+04  1.515221600000e+01  6.166006125271e-02
 5.384329014740e+04  1.518340900000e+01  6.193390649977e-02
 5.408546281492e+04  1.509558200000e+01  6.026049718579e-02
 5.408547752641e+04  1.507475200000e+01  6.002301485760e-02
 5.408548789094e+04  1.507927000000e+01  5.995763406078e-02
 5.408549934231e+04  1.506259200000e+01  6.113894622256e-02
 5.377244756959e+04  1.542082700000e+01  6.283088050217e-02
 5.377245511975e+04  1.547052900000e+01  6.331091554519e-02
 5.377246274569e+04  1.549088800000e+01  6.347114093684e-02
 5.377247035117e+04  1.543969100000e+01  6.362912464307e-02
 5.377445609368e+04  1.509444400000e+01  6.068239191905e-02
 5.375845628162e+04  1.501259200000e+01  5.981968472892e-02
 5.375846344402e+04  1.499575500000e+01  5.967238891558e-02
 5.375847054054e+04  1.495742000000e+01  5.941105408021e-02
 5.375847757654e+04  1.492467200000e+01  5.919175815926e-02
 5.376544769043e+04  1.546002300000e+01  6.357460973716e-02
 5.376545424515e+04  1.540679600000e+01  6.312043716858e-02
 5.376546088252e+04  1.536567600000e+01  6.273324792748e-02
 5.376546737382e+04  1.532005300000e+01  6.235729435546e-02
 5.390523127125e+04  1.498623100000e+01  9.106403695837e-02
 5.390523231367e+04  1.496924200000e+01  9.088127218386e-02
 5.390523336997e+04  1.499362800000e+01  9.159384326937e-02
 5.390523441250e+04  1.495456600000e+01  9.051887930029e-02
 5.379734161148e+04  1.540266100000e+01  6.445721690285e-02
 5.379734944207e+04  1.533918800000e+01  6.288292869579e-02
 5.379735692150e+04  1.536637600000e+01  6.321817819577e-02
 5.379736454294e+04  1.535128400000e+01  6.330062001967e-02
 5.381643895041e+04  1.528875300000e+01  6.659115886265e-02
 5.381644396999e+04  1.524706500000e+01  6.617588438552e-02
 5.381644908598e+04  1.526940800000e+01  6.647098010304e-02
 5.381645412987e+04  1.525646100000e+01  6.641844851118e-02
 5.385725466635e+04  1.493370800000e+01  6.049761154339e-02
 5.385725952725e+04  1.496729000000e+01  6.074109239487e-02
 5.385726439045e+04  1.492724100000e+01  6.123465569519e-02
 5.385726928722e+04  1.495692300000e+01  6.124220122284e-02
 5.387621531426e+04  1.535472600000e+01  6.353677277424e-02
 5.387622291289e+04  1.537093900000e+01  6.366656974841e-02
 5.387623046999e+04  1.537519300000e+01  6.378515375308e-02
 5.387623802013e+04  1.534718800000e+01  6.349054892188e-02
 5.421222338343e+04  1.492066500000e+01  5.893482073421e-02
 5.421223269442e+04  1.487812900000e+01  5.864418637097e-02
 5.421224199639e+04  1.486257600000e+01  5.854276762065e-02
 5.421225127081e+04  1.483928900000e+01  5.839993186791e-02
 5.443850408375e+04  1.489944100000e+01  5.835885008762e-02
 5.443851013301e+04  1.488481600000e+01  5.848228102227e-02
 5.443851623400e+04  1.489240800000e+01  5.847163270453e-02
 5.443852231139e+04  1.492145500000e+01  5.864858832753e-02
 5.415942399769e+04  1.532684300000e+01  6.171480970468e-02
 5.415943199554e+04  1.532441400000e+01  6.179670516055e-02
 5.415943990705e+04  1.533526900000e+01  6.174425211472e-02
 5.415944776878e+04  1.536969600000e+01  6.204208901631e-02
 5.412737375608e+04  1.535775500000e+01  6.333282986312e-02
 5.412738284808e+04  1.536219700000e+01  6.331023488204e-02
 5.412739197747e+04  1.536339600000e+01  6.332653923643e-02
 5.412740106657e+04  1.531841500000e+01  6.282667702707e-02
 5.426520120616e+04  1.532788100000e+01  6.311394734391e-02
 5.426520936328e+04  1.535710200000e+01  6.340587798569e-02
 5.426521754157e+04  1.534168400000e+01  6.329766104016e-02
 5.426522568168e+04  1.534681700000e+01  6.340824885718e-02
 5.417133530778e+04  1.504375400000e+01  5.953120728868e-02
 5.417134371271e+04  1.503000300000e+01  5.944940560918e-02
 5.417135212400e+04  1.506895500000e+01  5.968496957602e-02
 5.417136052443e+04  1.508597200000e+01  5.979473985075e-02
 5.417937886297e+04  1.537271900000e+01  6.209832363215e-02
 5.417938721407e+04  1.540625800000e+01  6.241664825059e-02
 5.417939556715e+04  1.540150400000e+01  6.234682104018e-02
 5.417940390021e+04  1.540950300000e+01  6.243850838858e-02
 5.423325865971e+04  1.543931300000e+01  6.364714910892e-02
 5.423326565161e+04  1.546283000000e+01  6.382087779681e-02
 5.423327268193e+04  1.547390800000e+01  6.393810887523e-02
 5.423327971620e+04  1.547853600000e+01  6.403631435621e-02
 5.424219153228e+04  1.538532800000e+01  6.321583400458e-02
 5.424219884444e+04  1.540915100000e+01  6.343067661072e-02
 5.424220607976e+04  1.539057800000e+01  6.326930844978e-02
 5.424221330732e+04  1.541683800000e+01  6.346275640928e-02
 5.442351346346e+04  1.533996400000e+01  6.202856676167e-02
 5.442351618258e+04  1.535577000000e+01  6.214976512573e-02
 5.442351902427e+04  1.533353600000e+01  6.191891086903e-02
 5.442352190068e+04  1.534187100000e+01  6.196624249524e-02
 5.456238863098e+04  1.519125400000e+01  5.909596389509e-02
 5.456239475050e+04  1.520551600000e+01  5.922853741849e-02
 5.456240086770e+04  1.521153900000e+01  5.929282268836e-02
 5.456240697448e+04  1.521378800000e+01  5.935900586863e-02
 5.456827560214e+04  1.531615100000e+01  6.155144964770e-02
 5.456828635892e+04  1.530551400000e+01  6.148274104403e-02
 5.456829709627e+04  1.529069200000e+01  6.137629621515e-02
 5.456830780734e+04  1.532806800000e+01  6.168818049185e-02
 5.450240767419e+04  1.535320600000e+01  6.167267259606e-02
 5.450241608225e+04  1.540727200000e+01  6.208638036143e-02
 5.450242449829e+04  1.543058800000e+01  6.230036354138e-02
 5.450243289917e+04  1.540673300000e+01  6.206249463777e-02
 5.450942253865e+04  1.535219500000e+01  6.171411664294e-02
 5.450942901211e+04  1.532443900000e+01  6.147799954117e-02
 5.450943546428e+04  1.537265300000e+01  6.186133480733e-02
 5.450944195859e+04  1.534517300000e+01  6.163460707806e-02
 5.447646476635e+04  1.513424800000e+01  5.975011619916e-02
 5.447647136541e+04  1.511948800000e+01  5.988797864515e-02
 5.447647798692e+04  1.514250700000e+01  6.005297205167e-02
 5.447648465682e+04  1.514807900000e+01  6.010704502506e-02
 5.449641518837e+04  1.523617300000e+01  6.066801291802e-02
 5.449642059096e+04  1.522974300000e+01  6.063679488871e-02
 5.449642599458e+04  1.524441000000e+01  6.069723109484e-02
 5.449643143698e+04  1.524701900000e+01  6.071959081471e-02
 5.452931835352e+04  1.538949800000e+01  6.212181684339e-02
 5.452932548906e+04  1.539955200000e+01  6.212508607241e-02
 5.452933263676e+04  1.539970900000e+01  6.209166346300e-02
 5.452933981547e+04  1.542110600000e+01  6.228906479755e-02
 5.453541109156e+04  1.511464400000e+01  5.796656971815e-02
 5.453541950459e+04  1.513189400000e+01  5.811208205789e-02
 5.453542787839e+04  1.513721600000e+01  5.813467712181e-02
 5.453543633854e+04  1.513477300000e+01  5.814603439378e-02
 5.455430805716e+04  1.537204900000e+01  6.203174126751e-02
 5.455431562954e+04  1.539491600000e+01  6.220170010740e-02
 5.455432321625e+04  1.540510500000e+01  6.231437782077e-02
 5.455433080807e+04  1.541125300000e+01  6.231388867122e-02
 5.458718247471e+04  1.484109100000e+01  5.835997671336e-02
 5.458718785819e+04  1.486791500000e+01  5.849836144275e-02
 5.458719324087e+04  1.489174000000e+01  5.866946878863e-02
 5.458719863292e+04  1.487920100000e+01  5.859424696275e-02
 5.479452179980e+04  1.529788100000e+01  6.140101797126e-02
 5.479452831610e+04  1.530774100000e+01  6.140462327549e-02
 5.479453420749e+04  1.532304600000e+01  6.239855961183e-02
 5.479454038869e+04  1.533582900000e+01  6.261569651972e-02
 5.492429925535e+04  1.486605400000e+01  5.846587401643e-02
 5.492430397181e+04  1.488366700000e+01  5.862755666371e-02
 5.492430874751e+04  1.487925000000e+01  5.863776049697e-02
 5.492431365877e+04  1.485610300000e+01  5.850980280111e-02
 5.518548884108e+04  1.533609700000e+01  6.156713114292e-02
 5.518549467368e+04  1.535760200000e+01  6.180538025741e-02
 5.518550050362e+04  1.535914200000e+01  6.178490088645e-02
 5.518550633204e+04  1.536167100000e+01  6.204480529211e-02
 5.488244501181e+04  1.541994300000e+01  6.215020033196e-02
 5.488245197014e+04  1.540726100000e+01  6.203309661796e-02
 5.488245910372e+04  1.541788800000e+01  6.213735213942e-02
 5.488246627652e+04  1.542394100000e+01  6.219319552355e-02
 5.485646294351e+04  1.507417800000e+01  5.929592379298e-02
 5.485647071855e+04  1.507935600000e+01  5.932847026000e-02
 5.485647842958e+04  1.507127000000e+01  5.987081980774e-02
 5.485648636100e+04  1.510184100000e+01  5.948278026841e-02
 5.490833822366e+04  1.500068100000e+01  5.914042697705e-02
 5.490834308953e+04  1.499296100000e+01  5.902731002794e-02
 5.490834790642e+04  1.501525400000e+01  5.933638187442e-02
 5.490835278884e+04  1.503614600000e+01  5.927347994000e-02
 5.491731125979e+04  1.502689500000e+01  5.949002154372e-02
 5.491731724645e+04  1.501134300000e+01  5.936744046060e-02
 5.491732319097e+04  1.500233200000e+01  5.931780587724e-02
 5.491732920377e+04  1.504605600000e+01  5.961505237742e-02
 5.496724166142e+04  1.489125200000e+01  5.903169765109e-02
 5.496724764251e+04  1.489740000000e+01  5.911511069047e-02
 5.496725363310e+04  1.488471900000e+01  5.903645891376e-02
 5.496725972380e+04  1.491610400000e+01  5.924342216724e-02
 5.515651535097e+04  1.522984900000e+01  6.150076852711e-02
 5.515652131059e+04  1.525326200000e+01  6.158150895082e-02
 5.515652744260e+04  1.523941000000e+01  6.142882766175e-02
 5.515653352598e+04  1.526436300000e+01  6.157326747376e-02
 5.529037406014e+04  1.508005200000e+01  6.010287123146e-02
 5.529038040619e+04  1.511784600000e+01  6.037193345252e-02
 5.529038678520e+04  1.515651400000e+01  6.073382468731e-02
 5.529039315137e+04  1.515669700000e+01  6.067269272088e-02
 5.529940584159e+04  1.518238900000e+01  6.103356734963e-02
 5.529941238024e+04  1.519726900000e+01  6.121559235488e-02
 5.529941900909e+04  1.519905000000e+01  6.127249803216e-02
 5.529942565918e+04  1.521609700000e+01  6.151054252613e-02
 5.524644061769e+04  1.537256400000e+01  6.268176488543e-02
 5.524644968223e+04  1.537099100000e+01  6.228265300515e-02
 5.524645879210e+04  1.537031100000e+01  6.229243538773e-02
 5.524646794152e+04  1.539481000000e+01  6.247227950523e-02
 5.534915575277e+04  1.496595200000e+01  5.620439233607e-02
 5.534916377321e+04  1.492655300000e+01  5.600245974154e-02
 5.534917185001e+04  1.487947300000e+01  5.582616809417e-02
 5.535325929302e+04  1.516356600000e+01  6.100750545675e-02
 5.535326685013e+04  1.521279600000e+01  6.141604007814e-02
 5.535327432134e+04  1.521605000000e+01  6.152659193813e-02
 5.535328186907e+04  1.522541700000e+01  6.165966440150e-02
 5.526744499684e+04  1.525508300000e+01  6.143957182712e-02
 5.526745080388e+04  1.527460000000e+01  6.162387924845e-02
 5.526745664329e+04  1.527849600000e+01  6.164251451374e-02
 5.526746248228e+04  1.530802000000e+01  6.192475239024e-02
 5.527538854178e+04  1.542417400000e+01  6.261156353058e-02
 5.527539488087e+04  1.540658500000e+01  6.245936646728e-02
 5.527540124359e+04  1.539715500000e+01  6.236029579349e-02
 5.527540765655e+04  1.528587500000e+01  6.147890610703e-02
 5.532525085080e+04  1.531085100000e+01  6.181555727748e-02
 5.532525834597e+04  1.532885600000e+01  6.197979977923e-02
 5.532526581987e+04  1.532969000000e+01  6.201399829187e-02
 5.532527332352e+04  1.533768700000e+01  6.207555595762e-02
 5.533416342854e+04  1.530575400000e+01  6.199139317121e-02
 5.533416970284e+04  1.534988800000e+01  6.232675172321e-02
 5.533417597398e+04  1.534152100000e+01  6.219084285575e-02
 5.533418593039e+04  1.529848800000e+01  6.197183028481e-02
 5.565534098206e+04  1.537539400000e+01  6.032444973441e-02
 5.565534796281e+04  1.536389600000e+01  6.023925655349e-02
 5.565535495339e+04  1.540207500000e+01  6.056272580976e-02
 5.565536194656e+04  1.540001000000e+01  6.053949976169e-02
 5.566318833351e+04  1.494334100000e+01  5.982770162641e-02
 5.566319352311e+04  1.496275000000e+01  5.994147330195e-02
 5.566319873693e+04  1.492724900000e+01  5.968327261764e-02
 5.566320388557e+04  1.489169800000e+01  5.944358896400e-02
 5.567617360466e+04  1.510159700000e+01  6.347388831028e-02
 5.567617965904e+04  1.509958900000e+01  6.335815724212e-02
 5.567618567797e+04  1.510844800000e+01  6.330445478697e-02
 5.567619171775e+04  1.510043500000e+01  6.332288508787e-02
 5.560341219348e+04  1.534657200000e+01  5.989090777681e-02
 5.560342126653e+04  1.534533500000e+01  5.985221148366e-02
 5.560343027858e+04  1.536535100000e+01  6.000690172907e-02
 5.560343932801e+04  1.538247100000e+01  6.011861617130e-02
 5.557744963205e+04  1.502817100000e+01  6.294046992580e-02
 5.557745695532e+04  1.504154800000e+01  6.304717168555e-02
 5.557746435302e+04  1.505196500000e+01  6.321258228128e-02
 5.557747178122e+04  1.507602700000e+01  6.352381058460e-02
 5.562443125515e+04  1.529234000000e+01  5.980986251343e-02
 5.562443954795e+04  1.529648800000e+01  5.985313041227e-02
 5.562444780993e+04  1.529603700000e+01  5.986237675433e-02
 5.562445615771e+04  1.531137300000e+01  5.998008039796e-02
 5.563136900682e+04  1.515487400000e+01  5.891946334814e-02
 5.563137729684e+04  1.514990900000e+01  5.889925517315e-02
 5.563138562689e+04  1.517078700000e+01  5.901887701429e-02
 5.563139401966e+04  1.519489100000e+01  5.917809541984e-02
 5.564427483959e+04  1.527163400000e+01  6.229747570947e-02
 5.564428144705e+04  1.528919000000e+01  6.246959435313e-02
 5.564428805867e+04  1.528203900000e+01  6.239036418982e-02
 5.564429470821e+04  1.528316800000e+01  6.240975440267e-02
 5.564826825289e+04  1.534655400000e+01  5.735788528171e-02
 5.564827751275e+04  1.535734700000e+01  5.739127328107e-02
 5.564828671149e+04  1.534518800000e+01  5.733082309528e-02
 5.564829592159e+04  1.537755000000e+01  5.748432964956e-02
 5.570518410144e+04  1.530658800000e+01  6.019018734421e-02
 5.570519570821e+04  1.532106900000e+01  6.027308655702e-02
 5.570520735924e+04  1.529083800000e+01  6.005941375518e-02
 5.570521904794e+04  1.533577800000e+01  6.041771169838e-02
 5.556549162288e+04  1.528786700000e+01  6.175034393875e-02
 5.556549922708e+04  1.529667100000e+01  6.185275459591e-02
 5.556550681434e+04  1.533014800000e+01  6.211320094936e-02
 5.556551441735e+04  1.528889300000e+01  6.173996290996e-02
 5.589251223304e+04  1.542454600000e+01  6.286066693255e-02
 5.589251682853e+04  1.542611200000e+01  6.291793836783e-02
 5.589252149490e+04  1.547094700000e+01  6.324421603252e-02
 5.589252619549e+04  1.542424600000e+01  6.277279025870e-02
 5.592045464488e+04  1.524510100000e+01  6.145647687663e-02
 5.592046385220e+04  1.524493200000e+01  6.140012575650e-02
 5.592047312491e+04  1.525246600000e+01  6.143542344438e-02
 5.592048229767e+04  1.522214700000e+01  6.114501131249e-02
 5.593043877587e+04  1.501433700000e+01  5.980939521464e-02
 5.593044676968e+04  1.499015300000e+01  5.960525163549e-02
 5.593045484476e+04  1.493044100000e+01  5.919263167284e-02
 5.593046290976e+04  1.488312400000e+01  5.885065054803e-02
 5.597547253826e+04  1.510581300000e+01  6.039991177672e-02
 5.597547986619e+04  1.509894600000e+01  6.031578561602e-02
 5.597548716796e+04  1.511761700000e+01  6.050678997695e-02
 5.597549446334e+04  1.512991400000e+01  6.060323701702e-02
 5.598243918461e+04  1.494919300000e+01  5.916035042591e-02
 5.598244483824e+04  1.494346900000e+01  5.913752216778e-02
 5.598245055797e+04  1.492873500000e+01  5.904274698252e-02
 5.598245620976e+04  1.497050400000e+01  5.929356469963e-02
 5.598833735228e+04  1.514374600000e+01  6.061001729615e-02
 5.598834300419e+04  1.516030000000e+01  6.073472507862e-02
 5.598834871075e+04  1.516221600000e+01  6.072138646372e-02
 5.598835441396e+04  1.515191900000e+01  6.064556708869e-02
 5.599938362962e+04  1.532938500000e+01  6.197424255416e-02
 5.599938945807e+04  1.528396200000e+01  6.162560020854e-02
 5.599939527480e+04  1.531534400000e+01  6.189942289108e-02
 5.599940114236e+04  1.532096000000e+01  6.195882805187e-02
 5.600736904601e+04  1.488733200000e+01  5.700709626168e-02
 5.600737932130e+04  1.486081200000e+01  5.687825346893e-02
 5.600738963255e+04  1.486932400000e+01  5.693251367115e-02
 5.600739996682e+04  1.486108100000e+01  5.692001948410e-02
 5.601633791367e+04  1.490368700000e+01  5.906977707095e-02
 5.601634478013e+04  1.486861300000e+01  5.885760400338e-02
 5.601635176716e+04  1.486268600000e+01  5.881871073569e-02
 5.601635870700e+04  1.485947400000e+01  5.878061206124e-02
 5.602922060168e+04  1.497174100000e+01  5.954359574414e-02
 5.602922571987e+04  1.497649400000e+01  5.960199005944e-02
 5.602923085483e+04  1.498144200000e+01  5.963476662425e-02
 5.602923600334e+04  1.497752400000e+01  5.961427581567e-02
 5.603533632339e+04  1.531769700000e+01  6.226948843609e-02
 5.603534192691e+04  1.532427400000e+01  6.235704785549e-02
 5.603534753609e+04  1.533872900000e+01  6.247299363354e-02
 5.603535319865e+04  1.532285200000e+01  6.236931155504e-02
