# time mag mag_err
 5.346942465966e+04  1.493958200000e+01  5.871571599227e-02
 5.346943433572e+04  1.497611900000e+01  5.893820834787e-02
 5.346944406433e+04  1.502700600000e+01  5.922716182501e-02
 5.346945376111e+04  1.502900300000e+01  5.925985373013e-02
 5.355828265597e+04  1.557934800000e+01  6.429855623360e-02
 5.355828971396e+04  1.562551500000e+01  6.483655137167e-02
 5.355829664336e+04  1.550463900000e+01  6.360660556782e-02
 5.355830356512e+04  1.538438900000e+01  6.262789882170e-02
 5.352533780494e+04  1.513822700000e+01  6.031029293694e-02
 5.352534424578e+04  1.517292000000e+01  6.055977317489e-02
 5.352535066358e+04  1.515283600000e+01  6.044500471481e-02
 5.352535712130e+04  1.516068700000e+01  6.052965459613e-02
 5.349736014699e+04  1.498873200000e+01  5.880811332317e-02
 5.349736823350e+04  1.501614100000e+01  5.927558834838e-02
 5.349737627406e+04  1.504928000000e+01  5.932653312019e-02
 5.349738435097e+04  1.505260000000e+01  5.955260896190e-02
 5.350731804865e+04  1.515356200000e+01  6.084686089265e-02
 5.350732611410e+04  1.518762000000e+01  6.195478028775e-02
 5.350733414296e+04  1.520137500000e+01  7.054370918399e-02
 5.350734215644e+04  1.516382200000e+01  6.565204050351e-02
 5.363612323677e+04  1.542794500000e+01  6.377521755819e-02
 5.363612808412e+04  1.553234600000e+01  6.485298545701e-02
 5.363613294339e+04  1.543440500000e+01  6.383905809023e-02
 5.363613777535e+04  1.547913500000e+01  6.426776334470e-02
 5.382747348806e+04  1.547146300000e+01  6.324719704513e-02
 5.382747668949e+04  1.547890600000e+01  6.345602770128e-02
 5.382748011326e+04  1.546914600000e+01  6.319930932503e-02
 5.382748335995e+04  1.557416900000e+01  6.408043102274e-02
 5.384342780066e+04  1.513893000000e+01  6.061303092206e-02
 5.384344447150e+04  1.518266100000e+01  6.095789379182e-02
 5.384345264935e+04  1.513967400000e+01  6.066756889167e-02
 5.385031095243e+04  1.477438300000e+01  5.814261024654e-02
 5.385031717970e+04  1.477806400000e+01  5.816012265138e-02
 5.385032323764e+04  1.489260600000e+01  5.886590803413e-02
 5.385032929257e+04  1.489369700000e+01  5.984402657255e-02
 5.391728777125e+04  1.512303200000e+01  7.135757484706e-02
 5.391729261709e+04  1.510306100000e+01  7.303292400836e-02
 5.391729744454e+04  1.510706300000e+01  6.212752889988e-02
 5.391730227221e+04  1.517113500000e+01  6.243800808776e-02
 5.392532384881e+04  1.481262400000e+01  8.450371545780e-02
 5.392532530929e+04  1.486207300000e+01  8.576801773472e-02
 5.392532680058e+04  1.473051400000e+01  8.277170483665e-02
 5.392532829637e+04  1.488433600000e+01  8.628139217928e-02
 5.394021510880e+04  1.546120600000e+01  6.458378269754e-02
 5.394022153609e+04  1.547629700000e+01  6.740281241738e-02
 5.394022797079e+04  1.545757800000e+01  6.523721316818e-02
 5.394023442330e+04  1.548051700000e+01  6.580215046666e-02
 5.390530580552e+04  1.542575100000e+01  9.995408322515e-02
 5.390530684642e+04  1.542728800000e+01  1.000640637622e-01
 5.390530791789e+04  1.548728300000e+01  1.019960282864e-01
 5.390530900752e+04  1.551392500000e+01  1.029969678345e-01
 5.381949389885e+04  1.482319300000e+01  5.890698862699e-02
 5.381950080150e+04  1.487709700000e+01  5.884034167713e-02
 5.381950761816e+04  1.486284300000e+01  6.079817232836e-02
 5.381951448043e+04  1.493016000000e+01  6.064144375949e-02
 5.385934294716e+04  1.545932500000e+01  6.344179809120e-02
 5.385935216140e+04  1.551525500000e+01  6.398946415801e-02
 5.385936132968e+04  1.545786600000e+01  6.343370291948e-02
 5.385937054287e+04  1.546135700000e+01  6.345308919931e-02
 5.386636750053e+04  1.551930200000e+01  1.024040803214e-01
 5.386636825995e+04  1.540472700000e+01  9.867676242074e-02
 5.386636903997e+04  1.531210700000e+01  9.585190235309e-02
 5.386636985655e+04  1.542768100000e+01  9.926585837688e-02
 5.387645850135e+04  1.494396700000e+01  6.009254389909e-02
 5.387646237133e+04  1.479702900000e+01  5.917429446544e-02
 5.387646621030e+04  1.488005900000e+01  5.976630475113e-02
 5.387647004486e+04  1.487929600000e+01  5.972765825381e-02
 5.388328783625e+04  1.546248700000e+01  6.336929005927e-02
 5.388329170484e+04  1.545312900000e+01  6.322684462126e-02
 5.388329560017e+04  1.548645300000e+01  6.357379698841e-02
 5.388329948463e+04  1.545868300000e+01  6.333912720456e-02
 5.400912358905e+04  1.498680400000e+01  5.900145162594e-02
 5.400912573071e+04  1.500873300000e+01  5.918790155220e-02
 5.400912787284e+04  1.497221400000e+01  5.893528169818e-02
 5.400913001403e+04  1.498160100000e+01  5.900942028937e-02
 5.399214303002e+04  1.559799800000e+01  6.810364209101e-02
 5.399214678438e+04  1.554628500000e+01  6.752886766037e-02
 5.399215050655e+04  1.545328600000e+01  6.650373129068e-02
 5.399215423880e+04  1.543200400000e+01  6.626941803320e-02
 5.411753063806e+04  1.544446800000e+01  6.198686018595e-02
 5.411753734777e+04  1.545852200000e+01  6.209945998805e-02
 5.411754407251e+04  1.549866500000e+01  6.204713462246e-02
 5.411755086013e+04  1.542256200000e+01  6.176277024450e-02
 5.426431421760e+04  1.548372100000e+01  6.291652953362e-02
 5.426432185363e+04  1.540192200000e+01  6.224708050475e-02
 5.426432952080e+04  1.522082700000e+01  6.079282297271e-02
 5.426433715775e+04  1.512929800000e+01  6.011138077699e-02
 5.427230900313e+04  1.549178200000e+01  6.341002883955e-02
 5.427231628554e+04  1.547228800000e+01  6.321879967134e-02
 5.427232358534e+04  1.547791000000e+01  6.327375111800e-02
 5.427233087736e+04  1.545153500000e+01  6.304903040291e-02
 5.423133778063e+04  1.515304100000e+01  6.012420212673e-02
 5.423134423072e+04  1.512990100000e+01  5.996264342441e-02
 5.423135067236e+04  1.516941800000e+01  6.026082284144e-02
 5.423135710230e+04  1.512469700000e+01  5.994091640121e-02
 5.424139923571e+04  1.544280900000e+01  6.271397413207e-02
 5.424140786600e+04  1.544888800000e+01  6.283764121954e-02
 5.424141652626e+04  1.538665800000e+01  6.235988447473e-02
 5.424142518838e+04  1.545118100000e+01  6.297142936373e-02
 5.438208648559e+04  1.534818600000e+01  6.953077976387e-02
 5.438208901975e+04  1.533125100000e+01  6.933846800564e-02
 5.438209155795e+04  1.538636600000e+01  7.010724006966e-02
 5.438209410772e+04  1.537447100000e+01  7.007157275620e-02
 5.439109706896e+04  1.554632400000e+01  6.344378622687e-02
 5.439110151432e+04  1.555258700000e+01  6.353606572004e-02
 5.439110596141e+04  1.547579600000e+01  6.289101677652e-02
 5.439111043455e+04  1.538557200000e+01  6.221414093195e-02
 5.434616681166e+04  1.546929900000e+01  6.264735604696e-02
 5.434617222720e+04  1.543997400000e+01  6.244970119325e-02
 5.434617764750e+04  1.547574700000e+01  6.283916375032e-02
 5.434618306455e+04  1.548173500000e+01  6.295384805949e-02
 5.435512140442e+04  1.483997200000e+01  5.797185237209e-02
 5.435512691396e+04  1.486898100000e+01  5.818108885551e-02
 5.435513225010e+04  1.490533400000e+01  5.838390361050e-02
 5.435513757387e+04  1.486876500000e+01  5.820954888125e-02
 5.456642523941e+04  1.536216500000e+01  6.161746742467e-02
 5.456643225145e+04  1.536774700000e+01  6.164881310912e-02
 5.456643926789e+04  1.535420600000e+01  6.153666149591e-02
 5.456644629127e+04  1.538327500000e+01  6.173695825996e-02
 5.457141260652e+04  1.510388200000e+01  5.925632403377e-02
 5.457142023213e+04  1.502971800000e+01  5.877972539019e-02
 5.457142785311e+04  1.494646800000e+01  5.827016242604e-02
 5.457143550685e+04  1.487422800000e+01  5.784500459001e-02
 5.458044721198e+04  1.542107600000e+01  6.205755161628e-02
 5.458045374633e+04  1.541781900000e+01  6.201523306030e-02
 5.458046031297e+04  1.547268800000e+01  6.252991727889e-02
 5.458046690462e+04  1.542794100000e+01  6.217968858085e-02
 5.450449071862e+04  1.564625800000e+01  6.226136266106e-02
 5.450449915574e+04  1.560617200000e+01  6.192076894004e-02
 5.450450766553e+04  1.549678000000e+01  6.097835990249e-02
 5.450451621006e+04  1.535541500000e+01  5.992612786704e-02
 5.452347495948e+04  1.542033000000e+01  6.159539206693e-02
 5.452348410299e+04  1.549437600000e+01  6.219910349550e-02
 5.452349328690e+04  1.546246100000e+01  6.186077232056e-02
 5.452350244001e+04  1.542383700000e+01  6.157514925191e-02
 5.448350481336e+04  1.552783700000e+01  6.753615508822e-02
 5.448350997692e+04  1.558485700000e+01  6.818912791150e-02
 5.448351522637e+04  1.552008400000e+01  6.736752202682e-02
 5.448352038832e+04  1.559031200000e+01  6.811787452662e-02
 5.464828624834e+04  1.505265500000e+01  6.025930242741e-02
 5.464829474784e+04  1.509106300000e+01  6.062953549312e-02
 5.464830320347e+04  1.511487300000e+01  6.084931888512e-02
 5.464831169532e+04  1.509460900000e+01  6.072111695674e-02
 5.462432903725e+04  1.511200000000e+01  5.780844044801e-02
 5.462433440893e+04  1.510052100000e+01  5.776177024265e-02
 5.462433980399e+04  1.503182000000e+01  5.738842897441e-02
 5.462434519118e+04  1.496264400000e+01  5.702886252659e-02
 5.452850188677e+04  1.508549200000e+01  5.916056199175e-02
 5.452850849855e+04  1.511700000000e+01  5.937397770933e-02
 5.452851510142e+04  1.512835600000e+01  5.944548926114e-02
 5.452852170789e+04  1.512466900000e+01  5.940961813685e-02
 5.453747362712e+04  1.548384400000e+01  6.459659023641e-02
 5.453747901245e+04  1.549812400000e+01  6.731697448938e-02
 5.453748444675e+04  1.554214100000e+01  6.747615030099e-02
 5.453748986265e+04  1.548744400000e+01  6.239417098350e-02
 5.458734916726e+04  1.532621800000e+01  6.102238107122e-02
 5.458735461973e+04  1.534700300000e+01  6.117791082435e-02
 5.458736004292e+04  1.537295900000e+01  6.140750948677e-02
 5.458736550997e+04  1.536528200000e+01  6.132379364222e-02
 5.459335324856e+04  1.550307500000e+01  6.301178429898e-02
 5.459335974715e+04  1.545421700000e+01  6.247656319312e-02
 5.459336620373e+04  1.548596500000e+01  6.275196971007e-02
 5.459337265382e+04  1.546884200000e+01  6.259034291643e-02
 5.460036898106e+04  1.550589100000e+01  6.281091634013e-02
 5.460037661164e+04  1.556023500000e+01  6.331918471597e-02
 5.460038423274e+04  1.555137000000e+01  6.327776098417e-02
 5.460039185523e+04  1.559097600000e+01  6.367824129125e-02
 5.460132648156e+04  1.532413600000e+01  6.161574985443e-02
 5.460133308954e+04  1.537370300000e+01  6.198797394507e-02
 5.460133967644e+04  1.537114800000e+01  6.194025885289e-02
 5.460134628777e+04  1.539976000000e+01  6.215301107685e-02
 5.471516298786e+04  1.504074000000e+01  5.918207094471e-02
 5.471516939571e+04  1.500661000000e+01  5.902249773370e-02
 5.471517581698e+04  1.498298000000e+01  5.891822624073e-02
 5.471518225051e+04  1.505336500000e+01  5.943146118075e-02
 5.506221622631e+04  1.558393600000e+01  6.912784432402e-02
 5.506222114905e+04  1.553022600000e+01  6.848329546793e-02
 5.506222585981e+04  1.551485500000e+01  6.830778636093e-02
 5.506223072176e+04  1.540420900000e+01  6.710803240138e-02
 5.486454105881e+04  1.490654400000e+01  5.785805297968e-02
 5.486454470957e+04  1.489113500000e+01  5.774535615035e-02
 5.486454829655e+04  1.484534400000e+01  5.751940168200e-02
 5.486455186977e+04  1.483697600000e+01  5.744587538978e-02
 5.504222455333e+04  1.539165800000e+01  6.681983117036e-02
 5.504222999373e+04  1.546661900000e+01  6.767743734145e-02
 5.504223536332e+04  1.545005800000e+01  6.745177573352e-02
 5.504224066772e+04  1.537466500000e+01  6.675461753648e-02
 5.499630425424e+04  1.547255900000e+01  6.241706382737e-02
 5.499631076880e+04  1.542217400000e+01  6.196842354883e-02
 5.499631737679e+04  1.546977900000e+01  6.239044739245e-02
 5.499632397869e+04  1.547662500000e+01  6.243633965934e-02
 5.500431380932e+04  1.530618900000e+01  6.115876666975e-02
 5.500432052169e+04  1.530673200000e+01  6.114843847706e-02
 5.500432714390e+04  1.531682300000e+01  6.126717951992e-02
 5.500433380177e+04  1.533899300000e+01  6.148902257393e-02
 5.491844114068e+04  1.550919600000e+01  6.265706592721e-02
 5.491844651919e+04  1.549743800000e+01  6.258580017381e-02
 5.491845192398e+04  1.549861200000e+01  6.255486942015e-02
 5.491845741847e+04  1.549445200000e+01  6.253785391510e-02
 5.495433160971e+04  1.547128000000e+01  7.079519825879e-02
 5.495435335389e+04  1.542181800000e+01  6.365244904658e-02
 5.495526045572e+04  1.494070800000e+01  6.194273349096e-02
 5.495526630603e+04  1.492753300000e+01  6.179333456191e-02
 5.495527211617e+04  1.484319900000e+01  6.131632785817e-02
 5.495527807815e+04  1.483812500000e+01  6.096657412772e-02
 5.496730516330e+04  1.547045400000e+01  6.274914629307e-02
 5.496731369128e+04  1.549340200000e+01  6.296148794663e-02
 5.496732216832e+04  1.546487800000e+01  6.272248346947e-02
 5.496733067120e+04  1.548593800000e+01  6.284701035547e-02
 5.498036151232e+04  1.506465500000e+01  5.960609721923e-02
 5.498036911873e+04  1.503236100000e+01  5.941478206187e-02
 5.498037680468e+04  1.511411300000e+01  6.002507812130e-02
 5.498038456582e+04  1.510548500000e+01  6.001793776354e-02
 5.509810471091e+04  1.548111900000e+01  6.774784788116e-02
 5.509810907490e+04  1.550236900000e+01  6.806578175687e-02
 5.509811334271e+04  1.546541800000e+01  6.773249822917e-02
 5.509811765117e+04  1.544954400000e+01  6.756290469636e-02
 5.529346641819e+04  1.543327900000e+01  6.190845808867e-02
 5.529347103957e+04  1.546949500000e+01  6.220993741742e-02
 5.529347574733e+04  1.543410900000e+01  6.193968794576e-02
 5.529348029646e+04  1.546813500000e+01  6.221093795960e-02
 5.538222190830e+04  1.506510500000e+01  5.954243859977e-02
 5.538223043340e+04  1.505013800000e+01  5.946044873628e-02
 5.538223898671e+04  1.510760100000e+01  5.981559559793e-02
 5.538224758948e+04  1.514532700000e+01  6.006214375121e-02
 5.535529463532e+04  1.562430500000e+01  6.831080589946e-02
 5.535529909978e+04  1.559525200000e+01  6.884247531085e-02
 5.535530368116e+04  1.567800700000e+01  6.933755476127e-02
 5.535530819667e+04  1.568696400000e+01  7.074750083950e-02
 5.536331073538e+04  1.568237000000e+01  6.462047687386e-02
 5.536331591723e+04  1.551564300000e+01  6.301839170415e-02
 5.536332112792e+04  1.552081800000e+01  6.311897802591e-02
 5.536332626418e+04  1.549386100000e+01  6.287823465318e-02
 5.536817388078e+04  1.489368800000e+01  5.846263314195e-02
 5.536818067488e+04  1.485260900000e+01  5.820568365209e-02
 5.536818748633e+04  1.484064800000e+01  5.812286597031e-02
 5.536819433963e+04  1.487515200000e+01  5.828351349133e-02
 5.527548744936e+04  1.545902700000e+01  6.212942142679e-02
 5.527549491103e+04  1.547572200000e+01  6.228512727257e-02
 5.527550238400e+04  1.547557800000e+01  6.229670296667e-02
 5.527550986852e+04  1.549873500000e+01  6.248943248806e-02
 5.532534972708e+04  1.534393500000e+01  6.141349311491e-02
 5.532535727506e+04  1.533675800000e+01  6.138771796105e-02
 5.532536480553e+04  1.535992800000e+01  6.151064731133e-02
 5.532537231389e+04  1.536972700000e+01  6.159621155911e-02
 5.533233901760e+04  1.534212900000e+01  6.136145904492e-02
 5.533234596578e+04  1.537179600000e+01  6.158101113481e-02
 5.533235293973e+04  1.536693500000e+01  6.154018700947e-02
 5.533235991583e+04  1.538100700000e+01  6.165155073277e-02
 5.534024222907e+04  1.506519400000e+01  5.953896901591e-02
 5.534024906240e+04  1.504129700000e+01  5.935780853367e-02
 5.534025594157e+04  1.493690700000e+01  5.865783649651e-02
 5.534026284226e+04  1.487817900000e+01  5.828732166254e-02
 5.567544785245e+04  1.530256400000e+01  6.415166316414e-02
 5.567545399524e+04  1.530821400000e+01  6.423315933020e-02
 5.567546009488e+04  1.533939600000e+01  6.463884276110e-02
 5.567546623731e+04  1.532925100000e+01  6.451770104811e-02
 5.568743049927e+04  1.511842100000e+01  6.070065741198e-02
 5.568743731883e+04  1.507642100000e+01  6.033544754896e-02
 5.568744419193e+04  1.499902100000e+01  5.978815260822e-02
 5.568745098094e+04  1.493517200000e+01  5.934353399382e-02
 5.570637770943e+04  1.544498600000e+01  6.306420107586e-02
 5.570638707103e+04  1.545802800000e+01  6.319239802874e-02
 5.570639633065e+04  1.548863700000e+01  6.349696602392e-02
 5.570640566699e+04  1.549073600000e+01  6.354844778192e-02
 5.495436553219e+04  1.577660900000e+01  6.727477027468e-02
 5.495438746815e+04  1.542799900000e+01  6.432220960066e-02
 5.583410094549e+04  1.501653300000e+01  5.936684034998e-02
 5.583410598517e+04  1.504178000000e+01  5.955279469958e-02
 5.583411119585e+04  1.503528900000e+01  5.957013262037e-02
 5.583411643612e+04  1.506485700000e+01  5.979515678448e-02
 5.598844624444e+04  1.539948000000e+01  6.209844077900e-02
 5.598845341448e+04  1.540679000000e+01  6.215360511563e-02
 5.598846059153e+04  1.540006700000e+01  6.211418378662e-02
 5.598846773159e+04  1.542381000000e+01  6.223315747007e-02
 5.601245467816e+04  1.560397900000e+01  6.472718456799e-02
 5.601245973878e+04  1.564011000000e+01  6.497878088090e-02
 5.601246477005e+04  1.559474400000e+01  6.450103521523e-02
 5.601246989301e+04  1.560355800000e+01  6.453755496225e-02
 5.604630213604e+04  1.486796200000e+01  5.687321419251e-02
 5.604631237728e+04  1.486007500000e+01  5.683837048718e-02
 5.604632264922e+04  1.489078000000e+01  5.696504363364e-02
 5.604633296052e+04  1.493907500000e+01  5.719879937632e-02
 5.608739403850e+04  1.543016900000e+01  6.197604367760e-02
 5.608739919522e+04  1.550896700000e+01  6.268337719960e-02
 5.608740433588e+04  1.550876200000e+01  6.272942344209e-02
 5.608740940178e+04  1.543147400000e+01  6.207653195528e-02
 5.609325488959e+04  1.551612800000e+01  6.297275947030e-02
 5.609326328896e+04  1.554063600000e+01  6.323168608042e-02
 5.609327169813e+04  1.554417900000e+01  6.331227710843e-02
 5.609328019369e+04  1.553057400000e+01  6.313117422582e-02
 5.609921289644e+04  1.484996600000e+01  5.866373290921e-02
 5.609922137082e+04  1.485546100000e+01  5.846972427127e-02
 5.609922987125e+04  1.485516000000e+01  5.834628860657e-02
 5.609923836045e+04  1.488504300000e+01  5.850217151486e-02
 5.618711410427e+04  1.505024800000e+01  5.650011470168e-02
 5.618711964545e+04  1.508538700000e+01  5.666262195690e-02
 5.618712518554e+04  1.508887000000e+01  5.670201460982e-02
 5.618713072405e+04  1.510645400000e+01  5.678875858547e-02
