# time mag mag_err
 5.371152062329e+04  1.580210200000e+01  6.713995966441e-02
 5.371152522988e+04  1.579970900000e+01  6.707461299683e-02
 5.371152988382e+04  1.581770600000e+01  6.726368515037e-02
 5.371153462248e+04  1.582605200000e+01  6.739287908106e-02
 5.352724179650e+04  1.614747500000e+01  7.217330051330e-02
 5.352725199133e+04  1.613867400000e+01  7.213199278280e-02
 5.352726200353e+04  1.600881900000e+01  7.036571155328e-02
 5.352727203632e+04  1.576413100000e+01  6.735033876701e-02
 5.383322703708e+04  1.556439200000e+01  6.765047050007e-02
 5.383323580905e+04  1.566493500000e+01  6.883215741807e-02
 5.383324452314e+04  1.580645400000e+01  7.073340218521e-02
 5.383325325147e+04  1.567644500000e+01  6.897856262134e-02
 5.385219113655e+04  1.603064500000e+01  7.107412399059e-02
 5.385219894179e+04  1.602424200000e+01  7.093035999605e-02
 5.385220671997e+04  1.596497100000e+01  7.008639572719e-02
 5.385221453852e+04  1.597644300000e+01  7.021398682322e-02
 5.409651742520e+04  1.589923100000e+01  7.646099526047e-02
 5.409651924242e+04  1.592584100000e+01  7.673944125178e-02
 5.409652104228e+04  1.590068900000e+01  7.619549491267e-02
 5.409652282199e+04  1.585103400000e+01  7.499179729184e-02
 5.374047314128e+04  1.548549000000e+01  6.369802063132e-02
 5.374048106969e+04  1.552230000000e+01  6.406014883904e-02
 5.374048897552e+04  1.557620800000e+01  6.458569571664e-02
 5.374049700683e+04  1.558636100000e+01  6.470527590910e-02
 5.390228463619e+04  1.595271800000e+01  1.334509762347e-01
 5.390228561853e+04  1.603218800000e+01  1.376671809780e-01
 5.390228659334e+04  1.599814500000e+01  1.361624429358e-01
 5.390228757684e+04  1.594594100000e+01  1.334182374736e-01
 5.379739780432e+04  1.604896100000e+01  7.219449285527e-02
 5.379740474413e+04  1.609386100000e+01  7.430525097808e-02
 5.379741143937e+04  1.609483900000e+01  7.488045483223e-02
 5.379741801956e+04  1.610390900000e+01  7.478041963800e-02
 5.381738050071e+04  1.590353200000e+01  6.877351190763e-02
 5.381739000325e+04  1.592653800000e+01  6.919637606704e-02
 5.381739951646e+04  1.596272900000e+01  6.998464484776e-02
 5.381740906439e+04  1.595414000000e+01  6.963954488555e-02
 5.382323762645e+04  1.600543900000e+01  7.210019537124e-02
 5.382324624227e+04  1.575217300000e+01  6.845218662057e-02
 5.382325489594e+04  1.544894600000e+01  6.605574839517e-02
 5.382326353410e+04  1.508249900000e+01  6.466845874786e-02
 5.386119987527e+04  1.509135000000e+01  6.104804217861e-02
 5.386120766721e+04  1.498128300000e+01  6.022492569417e-02
 5.386121495044e+04  1.495806000000e+01  6.008710115593e-02
 5.386122220022e+04  1.500123700000e+01  6.040761212652e-02
 5.386630970843e+04  1.617498100000e+01  1.394167210182e-01
 5.386631063775e+04  1.619837200000e+01  1.408532388071e-01
 5.386631137749e+04  1.626769100000e+01  1.457509159002e-01
 5.386631212671e+04  1.603911600000e+01  1.328270416388e-01
 5.388521719087e+04  1.563821100000e+01  6.332668583012e-02
 5.388522905801e+04  1.567909100000e+01  6.375932182265e-02
 5.388524101718e+04  1.570226500000e+01  6.401655897305e-02
 5.388525286324e+04  1.577267000000e+01  6.478657215313e-02
 5.420929459647e+04  1.562716200000e+01  6.540700948819e-02
 5.420930264154e+04  1.566291500000e+01  6.544573954629e-02
 5.420931072192e+04  1.569496400000e+01  6.580739272105e-02
 5.420931881353e+04  1.573112200000e+01  6.625439433243e-02
 5.445243159332e+04  1.590650100000e+01  6.781219706962e-02
 5.445243769304e+04  1.591374900000e+01  6.784836810303e-02
 5.445244376545e+04  1.591532100000e+01  6.778579064472e-02
 5.445244981737e+04  1.589767500000e+01  6.758039249285e-02
 5.414142901434e+04  1.588324100000e+01  7.106103521496e-02
 5.414143530979e+04  1.582549200000e+01  7.662036915957e-02
 5.414144158429e+04  1.576206000000e+01  7.610492840858e-02
 5.414144787801e+04  1.586393600000e+01  7.372908550750e-02
 5.415626654415e+04  1.499351100000e+01  6.092360754600e-02
 5.415627525025e+04  1.507250400000e+01  6.149807393546e-02
 5.415628398600e+04  1.514253000000e+01  6.204771711292e-02
 5.415629270575e+04  1.518446600000e+01  6.237867258972e-02
 5.427216013391e+04  1.593293900000e+01  6.581091409944e-02
 5.427216801787e+04  1.599692900000e+01  6.658057286970e-02
 5.427217591225e+04  1.597731000000e+01  6.640740952567e-02
 5.427218379366e+04  1.599350600000e+01  6.667259146027e-02
 5.416931152589e+04  1.609604300000e+01  7.060777125793e-02
 5.416932192282e+04  1.603100700000e+01  6.939575828298e-02
 5.416933232369e+04  1.586157000000e+01  6.859777842713e-02
 5.416934282780e+04  1.544788500000e+01  6.302412720075e-02
 5.417640977921e+04  1.503805300000e+01  5.981461080297e-02
 5.417642112897e+04  1.513986500000e+01  6.054275748537e-02
 5.417643242792e+04  1.520742800000e+01  6.108062825596e-02
 5.417644372847e+04  1.529219900000e+01  6.176840428546e-02
 5.423522005667e+04  1.599659600000e+01  7.319894684273e-02
 5.423522571134e+04  1.609447300000e+01  7.401134249100e-02
 5.423523131314e+04  1.607238800000e+01  7.153270441652e-02
 5.423523693668e+04  1.605414400000e+01  7.324802072526e-02
 5.424424574877e+04  1.609512400000e+01  7.101606755474e-02
 5.424425431865e+04  1.608070700000e+01  7.084491497652e-02
 5.424426293019e+04  1.597906700000e+01  6.951572261427e-02
 5.424427155654e+04  1.570005100000e+01  6.617225051483e-02
 5.441149514535e+04  1.496872600000e+01  5.725175178803e-02
 5.441150090617e+04  1.498775400000e+01  5.719100301684e-02
 5.441150667394e+04  1.499456000000e+01  5.942992768621e-02
 5.441151242584e+04  1.505157100000e+01  5.850675947209e-02
 5.455736274507e+04  1.596872700000e+01  6.879989325903e-02
 5.455737142466e+04  1.599689000000e+01  6.914567740700e-02
 5.455738004454e+04  1.600530100000e+01  6.927884642058e-02
 5.455738873235e+04  1.600918200000e+01  6.938553260051e-02
 5.456435833834e+04  1.586918000000e+01  6.765130257743e-02
 5.456436521935e+04  1.593426700000e+01  6.855417570960e-02
 5.456437207468e+04  1.590281400000e+01  6.816033141097e-02
 5.456437902628e+04  1.594717200000e+01  6.876168462319e-02
 5.457116784898e+04  1.536535200000e+01  6.229475213691e-02
 5.457117485292e+04  1.510673700000e+01  6.021878568005e-02
 5.457118185859e+04  1.498048900000e+01  5.933856573076e-02
 5.457118886484e+04  1.494570600000e+01  5.906990160274e-02
 5.480745745171e+04  1.600648100000e+01  6.896982001698e-02
 5.480746294817e+04  1.595458700000e+01  6.829461388648e-02
 5.480746838050e+04  1.589510200000e+01  6.755339880082e-02
 5.480747380253e+04  1.601194000000e+01  6.927079981606e-02
 5.449940000804e+04  1.603342800000e+01  6.900506594257e-02
 5.449940552058e+04  1.604702000000e+01  6.920210398034e-02
 5.449941100049e+04  1.601814000000e+01  6.882035156915e-02
 5.449941651940e+04  1.599687000000e+01  6.855012985468e-02
 5.450734462455e+04  1.604416800000e+01  7.563027890567e-02
 5.450735218269e+04  1.601937500000e+01  7.433520320272e-02
 5.450735970412e+04  1.600751800000e+01  7.491455796507e-02
 5.450736721792e+04  1.604338100000e+01  7.356424052405e-02
 5.451429494880e+04  1.597156200000e+01  7.076633366591e-02
 5.451430094851e+04  1.591161000000e+01  6.950651393711e-02
 5.451430694094e+04  1.600915100000e+01  6.994248784078e-02
 5.451431292515e+04  1.604770200000e+01  7.067682924880e-02
 5.448249051465e+04  1.597597600000e+01  7.125225491978e-02
 5.448249484472e+04  1.597155800000e+01  7.036983170897e-02
 5.448249913649e+04  1.605726500000e+01  7.073058564387e-02
 5.448250342189e+04  1.602299200000e+01  6.947012946396e-02
 5.464020754613e+04  1.582603000000e+01  6.857641606367e-02
 5.464021406625e+04  1.582292800000e+01  6.858860150941e-02
 5.464022062120e+04  1.585119700000e+01  6.910105595820e-02
 5.464022720093e+04  1.588858600000e+01  6.970798499948e-02
 5.452729371060e+04  1.565361500000e+01  6.482208232895e-02
 5.452730028824e+04  1.567599100000e+01  6.501848279019e-02
 5.452730688093e+04  1.572058400000e+01  6.547455766287e-02
 5.452731345441e+04  1.572538000000e+01  6.550349744428e-02
 5.453250136586e+04  1.581251300000e+01  6.690839305192e-02
 5.453251258227e+04  1.590783100000e+01  6.853634485715e-02
 5.453544676036e+04  1.605676300000e+01  6.967333931647e-02
 5.453545408363e+04  1.604511100000e+01  6.950325290121e-02
 5.453546139059e+04  1.599447600000e+01  6.894811263458e-02
 5.453546872256e+04  1.604098400000e+01  6.956320443582e-02
 5.454942246503e+04  1.601768300000e+01  7.293897292805e-02
 5.454942921387e+04  1.601455200000e+01  7.293354373548e-02
 5.454943601397e+04  1.605466200000e+01  7.361205046267e-02
 5.454944281813e+04  1.598034900000e+01  7.252317275847e-02
 5.458924861183e+04  1.605266300000e+01  6.971228032354e-02
 5.458925430574e+04  1.603686100000e+01  6.951245687961e-02
 5.458925995024e+04  1.605394300000e+01  6.975295877276e-02
 5.458926560503e+04  1.605501400000e+01  6.978094759112e-02
 5.492318951396e+04  1.599648800000e+01  6.909395603770e-02
 5.492319557630e+04  1.602256800000e+01  6.967393340192e-02
 5.492320149468e+04  1.594638800000e+01  6.833147017025e-02
 5.492320758942e+04  1.653214500000e+01  7.713916883305e-02
 5.494221332756e+04  1.557468300000e+01  6.411025641432e-02
 5.494221882321e+04  1.560818100000e+01  6.445053925594e-02
 5.494222432535e+04  1.562519000000e+01  6.456903262376e-02
 5.494222990966e+04  1.567028800000e+01  6.501969764296e-02
 5.518249727285e+04  1.572760800000e+01  6.561722005169e-02
 5.518250188617e+04  1.572130400000e+01  6.555877021157e-02
 5.518250654902e+04  1.574140000000e+01  6.575151188286e-02
 5.518251120053e+04  1.578088100000e+01  6.621065380693e-02
 5.488832931620e+04  1.548600200000e+01  6.288997655423e-02
 5.488833782368e+04  1.553936800000e+01  6.337228518502e-02
 5.488834640038e+04  1.556390400000e+01  6.358844730713e-02
 5.488835496424e+04  1.560534100000e+01  6.396438266254e-02
 5.490743438265e+04  1.497411000000e+01  5.922698969756e-02
 5.490743910730e+04  1.496087000000e+01  5.913901666295e-02
 5.490744394377e+04  1.493356700000e+01  5.898043098222e-02
 5.490744882781e+04  1.494243900000e+01  5.908080534299e-02
 5.491428400145e+04  1.601980800000e+01  6.891712443788e-02
 5.491429002154e+04  1.601820000000e+01  6.899443232623e-02
 5.491429617429e+04  1.601481700000e+01  6.885969977146e-02
 5.491430228641e+04  1.603515000000e+01  6.916645626459e-02
 5.495425535025e+04  1.533151600000e+01  6.275113124018e-02
 5.495427894891e+04  1.500205800000e+01  6.298382335407e-02
 5.496919612701e+04  1.622844200000e+01  7.655090466719e-02
 5.496920228230e+04  1.609274600000e+01  7.263899867721e-02
 5.496920829302e+04  1.612010300000e+01  7.191360546980e-02
 5.496921438949e+04  1.605217300000e+01  7.130798034764e-02
 5.497714558448e+04  1.604343100000e+01  7.665815311720e-02
 5.497714607351e+04  1.610647000000e+01  7.791340307358e-02
 5.497714655709e+04  1.611435200000e+01  7.805848476158e-02
 5.497714705203e+04  1.609626700000e+01  7.779875615741e-02
 5.529333439230e+04  1.498448800000e+01  5.942940945191e-02
 5.529334015972e+04  1.495715500000e+01  5.924745909996e-02
 5.529334594567e+04  1.496565500000e+01  5.928710588426e-02
 5.529335172825e+04  1.499778000000e+01  5.952922295336e-02
 5.530214736875e+04  1.598833300000e+01  6.987458709585e-02
 5.530215417580e+04  1.606202400000e+01  7.153563442898e-02
 5.530216104948e+04  1.605806500000e+01  7.382187553725e-02
 5.530216792061e+04  1.611734700000e+01  7.861081177552e-02
 5.524440138786e+04  1.597795700000e+01  6.894212333352e-02
 5.524441004069e+04  1.595172500000e+01  6.857568741317e-02
 5.524441842372e+04  1.602344100000e+01  6.957376626506e-02
 5.524442670943e+04  1.599058600000e+01  6.918336448864e-02
 5.526045111964e+04  1.604344600000e+01  7.011899398838e-02
 5.526045701715e+04  1.605260500000e+01  7.028460980594e-02
 5.526046297905e+04  1.596810900000e+01  6.919783536075e-02
 5.526046892066e+04  1.604561700000e+01  7.027950999027e-02
 5.527628498382e+04  1.603175400000e+01  6.980251278962e-02
 5.527629044497e+04  1.602956300000e+01  6.978046702331e-02
 5.527629594253e+04  1.605173400000e+01  7.011711717938e-02
 5.527630135229e+04  1.604048100000e+01  6.993390959042e-02
 5.532531431713e+04  1.568121300000e+01  6.590659279472e-02
 5.532532122488e+04  1.569150500000e+01  6.609172424512e-02
 5.532532811243e+04  1.567929400000e+01  6.605626969347e-02
 5.532533505933e+04  1.572283000000e+01  6.649279791872e-02
 5.533118013208e+04  1.607312900000e+01  8.408983117418e-02
 5.533118360471e+04  1.596105600000e+01  7.473115834120e-02
 5.533118709782e+04  1.604845500000e+01  9.129202469472e-02
 5.533119057997e+04  1.592226000000e+01  8.249210293752e-02
 5.533824103572e+04  1.612619500000e+01  7.126035766250e-02
 5.533824889630e+04  1.611044300000e+01  7.090940197686e-02
 5.533825692484e+04  1.610280700000e+01  7.083486875321e-02
 5.533826496483e+04  1.591321300000e+01  6.847383683873e-02
 5.560435502159e+04  1.524177400000e+01  6.168868796203e-02
 5.560436138429e+04  1.526187100000e+01  6.186245996014e-02
 5.560436774534e+04  1.529428200000e+01  6.210020518120e-02
 5.560437413211e+04  1.531768600000e+01  6.230622571436e-02
 5.562130717888e+04  1.569703200000e+01  6.606088744961e-02
 5.562131352043e+04  1.568028000000e+01  6.588265842027e-02
 5.562131985940e+04  1.573685000000e+01  6.650095672313e-02
 5.562132624804e+04  1.573886100000e+01  6.649311413509e-02
 5.564635856978e+04  1.600003600000e+01  7.025672414811e-02
 5.564636604448e+04  1.600207500000e+01  7.039187970964e-02
 5.564637362796e+04  1.598999200000e+01  7.024440128645e-02
 5.564638120937e+04  1.606722000000e+01  7.137627818712e-02
 5.565035219008e+04  1.572005200000e+01  6.369890299504e-02
 5.565035970792e+04  1.572897100000e+01  6.377663558168e-02
 5.565036718632e+04  1.576982500000e+01  6.418267526547e-02
 5.565037472905e+04  1.577976300000e+01  6.433737598477e-02
 5.568324934711e+04  1.597782100000e+01  6.996544622169e-02
 5.568325801035e+04  1.595293200000e+01  6.969713514497e-02
 5.568326667961e+04  1.599532100000e+01  7.024516375022e-02
 5.568327537126e+04  1.603840100000e+01  7.083731132434e-02
 5.588149387693e+04  1.606759300000e+01  7.051420715742e-02
 5.588149899663e+04  1.615473700000e+01  7.187933984938e-02
 5.588150428117e+04  1.615868400000e+01  7.189805597880e-02
 5.588150940804e+04  1.610132300000e+01  7.095549158368e-02
 5.593542643049e+04  1.509841500000e+01  6.033619301529e-02
 5.593543320518e+04  1.510819300000e+01  6.038792428998e-02
 5.593543996580e+04  1.514533800000e+01  6.063517754855e-02
 5.593544666093e+04  1.516552000000e+01  6.077157469090e-02
 5.597829277897e+04  1.600126800000e+01  7.212855829368e-02
 5.597829566557e+04  1.601558900000e+01  7.472185763649e-02
 5.597829854303e+04  1.598499100000e+01  7.317406583298e-02
 5.597830136678e+04  1.594971400000e+01  7.147109599335e-02
 5.598346453247e+04  1.602401200000e+01  6.971944478963e-02
 5.598347157949e+04  1.601453600000e+01  6.964676747806e-02
 5.598347860797e+04  1.600507600000e+01  6.957799423028e-02
 5.598348571662e+04  1.601110600000e+01  6.967892559014e-02
 5.599025889748e+04  1.538536600000e+01  6.294585363845e-02
 5.599026521815e+04  1.534174000000e+01  6.252677940162e-02
 5.599027137977e+04  1.541069400000e+01  6.308923201489e-02
 5.599027763957e+04  1.541605100000e+01  6.315498072247e-02
 5.600142544557e+04  1.517174400000e+01  6.098397956500e-02
 5.600143054150e+04  1.503327700000e+01  5.997000265001e-02
 5.600143570080e+04  1.497228800000e+01  5.955202914953e-02
 5.600144086125e+04  1.494733800000e+01  5.938618911711e-02
 5.600822566443e+04  1.593507900000e+01  6.512317891258e-02
 5.600823452480e+04  1.596954800000e+01  6.548064985690e-02
 5.600824335321e+04  1.593557700000e+01  6.513013194078e-02
 5.600825215656e+04  1.600778000000e+01  6.585236745422e-02
 5.601526328184e+04  1.594350000000e+01  6.899552791812e-02
 5.601527112554e+04  1.601597400000e+01  6.996839763253e-02
 5.601527913392e+04  1.599758100000e+01  6.973175761252e-02
 5.601528709917e+04  1.595154000000e+01  6.911438394200e-02
 5.603718972603e+04  1.575490000000e+01  6.759387943472e-02
 5.603719655403e+04  1.572476800000e+01  6.702574217403e-02
 5.603720332289e+04  1.573416400000e+01  6.705227323227e-02
 5.603721014667e+04  1.579917500000e+01  6.779219516545e-02
 5.607120815575e+04  1.522082500000e+01  5.891730898066e-02
 5.607121579993e+04  1.500116200000e+01  5.762618105353e-02
 5.607122334822e+04  1.498292300000e+01  5.749567052803e-02
 5.607123087014e+04  1.493541500000e+01  5.725960031970e-02
 5.608816025978e+04  1.546028500000e+01  6.328738770588e-02
 5.608816529486e+04  1.547499300000e+01  6.350539785149e-02
 5.608817037512e+04  1.550580800000e+01  6.372322717811e-02
 5.608817540488e+04  1.551919500000e+01  6.390722116322e-02
 5.609721122258e+04  1.595023000000e+01  6.594950277780e-02
 5.609721798565e+04  1.599506900000e+01  6.651881190055e-02
 5.609722473138e+04  1.601196300000e+01  6.672578272724e-02
 5.609723153138e+04  1.599455600000e+01  6.660151940211e-02
