# time mag mag_err
 5.372511125975e+04  1.518011900000e+01  6.087795282273e-02
 5.372511866498e+04  1.518566400000e+01  6.105396560082e-02
 5.372512608235e+04  1.520390100000e+01  6.123093643386e-02
 5.372513348735e+04  1.524891900000e+01  6.163701369836e-02
 5.356040899053e+04  1.568156000000e+01  6.593660966139e-02
 5.356041609539e+04  1.565791200000e+01  6.563072107874e-02
 5.356042318302e+04  1.564452600000e+01  6.545828963869e-02
 5.356043026485e+04  1.558903800000e+01  6.482717054582e-02
 5.367517865549e+04  1.523662700000e+01  6.144098982647e-02
 5.367518513428e+04  1.524393700000e+01  6.150854379626e-02
 5.367519160336e+04  1.526398700000e+01  6.165609268965e-02
 5.367519809060e+04  1.527284400000e+01  6.174898576515e-02
 5.368214281064e+04  1.518032600000e+01  7.212325426819e-02
 5.370208286859e+04  1.506821600000e+01  5.999768753460e-02
 5.370208942748e+04  1.504718000000e+01  5.987950370175e-02
 5.370209596125e+04  1.504463400000e+01  5.990018252016e-02
 5.370210253113e+04  1.501774600000e+01  5.974803023579e-02
 5.364423723174e+04  1.552494700000e+01  6.486177936776e-02
 5.364424577694e+04  1.554533800000e+01  6.504371596054e-02
 5.364425429728e+04  1.553774400000e+01  6.499474762019e-02
 5.364426282084e+04  1.553609900000e+01  6.495563092009e-02
 5.363623668941e+04  1.523863700000e+01  6.239884923661e-02
 5.363624312306e+04  1.517827000000e+01  6.187391260056e-02
 5.363624958241e+04  1.514322300000e+01  6.155519734839e-02
 5.363625602995e+04  1.506511500000e+01  6.094722222302e-02
 5.397530105779e+04  1.499763900000e+01  5.893462039931e-02
 5.397531007791e+04  1.502466600000e+01  5.910653900381e-02
 5.397531918381e+04  1.504833300000e+01  5.924525673456e-02
 5.397532824883e+04  1.505783400000e+01  5.931482076341e-02
 5.408116498211e+04  1.525012700000e+01  6.111988564977e-02
 5.408117043920e+04  1.525482700000e+01  6.117594059802e-02
 5.408117588786e+04  1.527762700000e+01  6.139378085005e-02
 5.408118137759e+04  1.527618500000e+01  6.143107139185e-02
 5.374407419351e+04  1.551245100000e+01  6.483748400368e-02
 5.374407896573e+04  1.553051100000e+01  6.505013563278e-02
 5.374408373495e+04  1.551831600000e+01  6.502660645871e-02
 5.374408850926e+04  1.553538500000e+01  6.523278770239e-02
 5.393738214686e+04  1.552903000000e+01  6.597779043068e-02
 5.393739099881e+04  1.552723600000e+01  6.596278780367e-02
 5.393739985596e+04  1.552714200000e+01  6.607080307967e-02
 5.393740874274e+04  1.556969700000e+01  6.640709629635e-02
 5.389044580247e+04  1.557178100000e+01  6.820093331015e-02
 5.389045066810e+04  1.553099900000e+01  6.754709930014e-02
 5.389045548883e+04  1.556080300000e+01  6.775919190428e-02
 5.389046040076e+04  1.557490300000e+01  6.779332614318e-02
 5.405015913464e+04  1.544801000000e+01  6.219335526119e-02
 5.405016884403e+04  1.548036900000e+01  6.249486696408e-02
 5.405017859451e+04  1.551406800000e+01  6.274024499701e-02
 5.405018831074e+04  1.552824400000e+01  6.287313948315e-02
 5.405717572939e+04  1.538808600000e+01  6.171105416758e-02
 5.405718293542e+04  1.540584700000e+01  6.187993045488e-02
 5.405719011263e+04  1.542946500000e+01  6.210707223695e-02
 5.405719728637e+04  1.543734500000e+01  6.215990609076e-02
 5.406611062184e+04  1.558669100000e+01  6.345702406702e-02
 5.406612037117e+04  1.554699000000e+01  6.308576973073e-02
 5.406613011807e+04  1.555180600000e+01  6.314925661819e-02
 5.406613990802e+04  1.551693700000e+01  6.286350148837e-02
 5.400917293479e+04  1.549363100000e+01  6.303357531518e-02
 5.400917937458e+04  1.547138000000e+01  6.279542153629e-02
 5.400918581830e+04  1.551417700000e+01  6.317608134598e-02
 5.400919224652e+04  1.555057700000e+01  6.381426591948e-02
 5.402414923617e+04  1.516707200000e+01  6.009107806417e-02
 5.402415567896e+04  1.517862700000e+01  6.018951877264e-02
 5.402416210521e+04  1.521038200000e+01  6.037839003746e-02
 5.402416856132e+04  1.520462000000e+01  6.035222856305e-02
 5.403020999669e+04  1.547496300000e+01  6.243775713982e-02
 5.403021588737e+04  1.548064400000e+01  6.249511968738e-02
 5.403022175075e+04  1.544794500000e+01  6.224897502371e-02
 5.403022762222e+04  1.548986800000e+01  6.257933520239e-02
 5.399037784875e+04  1.553899700000e+01  6.350313800055e-02
 5.399038525686e+04  1.543296700000e+01  6.615086300781e-02
 5.399039263223e+04  1.549997000000e+01  6.316289006505e-02
 5.399039999580e+04  1.551628000000e+01  6.328806573248e-02
 5.443913804630e+04  1.551748800000e+01  6.313202314539e-02
 5.443914503310e+04  1.552970300000e+01  6.325282519474e-02
 5.443915201181e+04  1.551403400000e+01  6.312599132513e-02
 5.443915903819e+04  1.553276000000e+01  6.331894133938e-02
 5.444905905582e+04  1.540261100000e+01  6.193189167492e-02
 5.444906455552e+04  1.544394600000e+01  6.236029579349e-02
 5.444907005498e+04  1.541997500000e+01  6.213340498048e-02
 5.444907555965e+04  1.542844800000e+01  6.217328461829e-02
 5.445412969951e+04  1.492343200000e+01  5.875306752366e-02
 5.445413618086e+04  1.497064300000e+01  5.901760959424e-02
 5.445414265063e+04  1.495134300000e+01  5.895361592129e-02
 5.445414911067e+04  1.497385300000e+01  5.910117516693e-02
 5.446507537387e+04  1.552825800000e+01  6.307371493990e-02
 5.446508143968e+04  1.554678700000e+01  6.327698786431e-02
 5.446508747748e+04  1.552788400000e+01  6.313376740899e-02
 5.446509349907e+04  1.552922000000e+01  6.314750678411e-02
 5.411007252314e+04  1.544777700000e+01  6.260304817413e-02
 5.411007786449e+04  1.542706900000e+01  6.241515259546e-02
 5.411008321707e+04  1.548800400000e+01  6.298800642889e-02
 5.411008858736e+04  1.544193400000e+01  6.267423041697e-02
 5.412707565052e+04  1.533568600000e+01  7.021373356594e-02
 5.412707717038e+04  1.528142400000e+01  6.956015615178e-02
 5.412707867336e+04  1.539065500000e+01  7.111616093485e-02
 5.412708018894e+04  1.538116300000e+01  7.103117014294e-02
 5.426143896313e+04  1.497834800000e+01  5.996015096091e-02
 5.426144222417e+04  1.502851000000e+01  6.032877438298e-02
 5.426144546552e+04  1.501495200000e+01  6.018321233729e-02
 5.426144870538e+04  1.503225500000e+01  6.027883521558e-02
 5.426942987755e+04  1.556901200000e+01  6.482189574785e-02
 5.426943421596e+04  1.555585000000e+01  6.470497128477e-02
 5.426943852427e+04  1.553706400000e+01  6.446713072347e-02
 5.426944279694e+04  1.554537700000e+01  6.453713877731e-02
 5.427640102223e+04  1.553855600000e+01  6.505636943478e-02
 5.427641013333e+04  1.553762400000e+01  6.493249943588e-02
 5.427641928610e+04  1.553117500000e+01  6.474015847062e-02
 5.427642847615e+04  1.554804600000e+01  6.485541694130e-02
 5.424747944315e+04  1.497772500000e+01  7.706249913132e-02
 5.424748060201e+04  1.506640500000e+01  7.778413779651e-02
 5.424748173736e+04  1.557040200000e+01  8.773425729105e-02
 5.424748288383e+04  1.486429900000e+01  7.735765527538e-02
 5.441717759425e+04  1.509957500000e+01  5.983553538439e-02
 5.441718415568e+04  1.510663500000e+01  5.982903515879e-02
 5.441719579446e+04  1.515691900000e+01  6.017950182510e-02
 5.441720249306e+04  1.517764200000e+01  6.032940789674e-02
 5.442110480190e+04  1.563467900000e+01  6.471783868624e-02
 5.442111076505e+04  1.563381400000e+01  6.469809012568e-02
 5.442111673235e+04  1.566157900000e+01  6.504268964271e-02
 5.442112272293e+04  1.566352700000e+01  6.510871373933e-02
 5.438816696125e+04  1.554623500000e+01  6.807564459637e-02
 5.438817011130e+04  1.554522100000e+01  6.805992828272e-02
 5.438817313135e+04  1.557246800000e+01  6.840050307569e-02
 5.438817610824e+04  1.558236100000e+01  6.851948383069e-02
 5.440413907698e+04  1.515658300000e+01  6.019939685461e-02
 5.440414785728e+04  1.506847900000e+01  5.974919461571e-02
 5.434631349719e+04  1.548109300000e+01  6.293404211226e-02
 5.434631964021e+04  1.547925000000e+01  6.292967050795e-02
 5.434632576354e+04  1.552199200000e+01  6.328133904791e-02
 5.434633188479e+04  1.548735500000e+01  6.292052804901e-02
 5.482110772642e+04  1.552284700000e+01  6.289038361362e-02
 5.482111383598e+04  1.549033200000e+01  6.263001355366e-02
 5.482111995539e+04  1.551754500000e+01  6.290169749357e-02
 5.482112599343e+04  1.554247700000e+01  6.317138025712e-02
 5.447508079476e+04  1.553706800000e+01  6.330411434434e-02
 5.447508564002e+04  1.554531300000e+01  6.339235889481e-02
 5.447509045750e+04  1.550097000000e+01  6.298442113474e-02
 5.447509527962e+04  1.553783500000e+01  6.338275653442e-02
 5.462744401478e+04  1.498269100000e+01  6.121311114809e-02
 5.462744730407e+04  1.497799900000e+01  6.066443239005e-02
 5.462745052552e+04  1.495420500000e+01  6.169820506025e-02
 5.462745372152e+04  1.496485000000e+01  6.160631091697e-02
 5.477706545112e+04  1.554261800000e+01  6.339038791030e-02
 5.477707205817e+04  1.552762300000e+01  6.323250103003e-02
 5.477707821079e+04  1.552870000000e+01  6.322986362678e-02
 5.477708423354e+04  1.554433400000e+01  6.335884345607e-02
 5.474022031513e+04  1.498708000000e+01  5.974320686644e-02
 5.474023255150e+04  1.491237000000e+01  5.901852957305e-02
 5.474024463012e+04  1.493132700000e+01  5.909748507445e-02
 5.474025694439e+04  1.493412800000e+01  5.911186810040e-02
 5.474815114220e+04  1.549304400000e+01  6.264952212805e-02
 5.474815766787e+04  1.549745400000e+01  6.268525228647e-02
 5.474816415269e+04  1.552126000000e+01  6.285181384714e-02
 5.474817079954e+04  1.554173300000e+01  6.299979084899e-02
 5.476916255223e+04  1.522537100000e+01  6.071301247952e-02
 5.476916984414e+04  1.526765200000e+01  6.102715849389e-02
 5.476917704647e+04  1.525893900000e+01  6.096471724516e-02
 5.476918424289e+04  1.530070200000e+01  6.128516385125e-02
 5.471527770583e+04  1.555507900000e+01  6.346455182164e-02
 5.471528513711e+04  1.556859400000e+01  6.355325588730e-02
 5.471529253181e+04  1.555830500000e+01  6.342552003080e-02
 5.471529992500e+04  1.558310700000e+01  6.364889815627e-02
 5.505838096213e+04  1.548947100000e+01  6.086517191297e-02
 5.505838895007e+04  1.548574900000e+01  6.084698328305e-02
 5.505839691322e+04  1.547428500000e+01  6.073883876465e-02
 5.505840489209e+04  1.550754300000e+01  6.099729582409e-02
 5.507040083083e+04  1.500795000000e+01  5.965955864572e-02
 5.507040813133e+04  1.495198800000e+01  5.926844117036e-02
 5.507041534512e+04  1.492695200000e+01  5.916646949025e-02
 5.507042260676e+04  1.487102300000e+01  5.883087817444e-02
 5.500642166759e+04  1.500496100000e+01  6.008365080333e-02
 5.500642887062e+04  1.502730900000e+01  6.022338966259e-02
 5.500643599309e+04  1.503934300000e+01  6.022309346044e-02
 5.500644315990e+04  1.507712200000e+01  6.041945359083e-02
 5.515110217650e+04  1.534904200000e+01  6.203867667238e-02
 5.515110766244e+04  1.535179900000e+01  6.211304432600e-02
 5.515111307000e+04  1.535131700000e+01  6.210632609467e-02
 5.515111842885e+04  1.536267200000e+01  6.218653746571e-02
 5.511321337997e+04  1.566241200000e+01  6.509440886893e-02
 5.511321943955e+04  1.563437400000e+01  6.485703802787e-02
 5.511322545223e+04  1.566302400000e+01  6.512844218846e-02
 5.511323146921e+04  1.561045800000e+01  6.459874701556e-02
 5.508431526676e+04  1.552912400000e+01  6.854152411081e-02
 5.508432107978e+04  1.556594900000e+01  6.911249428741e-02
 5.508432702137e+04  1.553146200000e+01  6.866031410217e-02
 5.508433290464e+04  1.554100200000e+01  6.878578399204e-02
 5.510123547222e+04  1.546621200000e+01  6.325788103673e-02
 5.510124351755e+04  1.549183200000e+01  6.347768657182e-02
 5.510125160731e+04  1.547879100000e+01  6.338383871441e-02
 5.510125967311e+04  1.547928900000e+01  6.337439793353e-02
 5.553808450144e+04  1.491752500000e+01  6.236848759931e-02
 5.553809448799e+04  1.486598900000e+01  6.192706780725e-02
 5.553809947890e+04  1.486899900000e+01  6.195646002023e-02
 5.538337277184e+04  1.556138500000e+01  6.506782196012e-02
 5.538337915516e+04  1.557659600000e+01  6.511305618482e-02
 5.538338549669e+04  1.555721700000e+01  6.488622788493e-02
 5.538339189778e+04  1.552855600000e+01  6.452042337491e-02
 5.536441904956e+04  1.543236200000e+01  6.320054927051e-02
 5.536442484395e+04  1.544206200000e+01  6.326786066418e-02
 5.536443061786e+04  1.544432700000e+01  6.319654345328e-02
 5.536443642567e+04  1.546940600000e+01  6.335458102969e-02
 5.536842518199e+04  1.525473800000e+01  6.184280423558e-02
 5.536842859260e+04  1.527581000000e+01  6.200963892666e-02
 5.536843208780e+04  1.526573700000e+01  6.191072871668e-02
 5.536843557779e+04  1.527235400000e+01  6.195298706912e-02
 5.550309523781e+04  1.547169800000e+01  6.827114032133e-02
 5.550310431495e+04  1.550264100000e+01  6.863186634494e-02
 5.550310889238e+04  1.549363800000e+01  6.843856877302e-02
 5.545031311597e+04  1.556241200000e+01  6.331286018868e-02
 5.545032571397e+04  1.554955200000e+01  6.316118425443e-02
 5.545033208940e+04  1.555397500000e+01  6.322387394142e-02
 5.545438221314e+04  1.552642800000e+01  6.342839554318e-02
 5.545438333866e+04  1.551297400000e+01  6.332142406231e-02
 5.545438390986e+04  1.553929700000e+01  6.353929794462e-02
 5.546829525951e+04  1.513486900000e+01  6.045473210786e-02
 5.546830904125e+04  1.517760800000e+01  6.079236732395e-02
 5.546831588317e+04  1.520795300000e+01  6.100756868637e-02
 5.557407575626e+04  1.532406000000e+01  6.676726809639e-02
 5.557408292410e+04  1.530880000000e+01  6.666545303103e-02
 5.557409014125e+04  1.526111300000e+01  6.615056087757e-02
 5.557409747902e+04  1.532166500000e+01  6.696865174032e-02
 5.367522775677e+04  1.535255300000e+01  6.240938071463e-02
 5.367522970468e+04  1.531832800000e+01  6.211135400648e-02
 5.367523165905e+04  1.533776400000e+01  6.229865528626e-02
 5.367523359954e+04  1.532809600000e+01  6.220657678749e-02
 5.582229407013e+04  1.556521700000e+01  6.367271187158e-02
 5.582230132292e+04  1.557053400000e+01  6.371890664310e-02
 5.582230872812e+04  1.554998800000e+01  6.347963691515e-02
 5.582231604091e+04  1.559184500000e+01  6.388552087430e-02
 5.586213524260e+04  1.556087700000e+01  6.375356151428e-02
 5.586214322475e+04  1.554858600000e+01  6.364092958699e-02
 5.586215111394e+04  1.556032000000e+01  6.377390448842e-02
 5.586215911887e+04  1.556056800000e+01  6.374540191147e-02
 5.588113402786e+04  1.559293500000e+01  6.390539624597e-02
 5.588113920557e+04  1.564498700000e+01  6.456432176295e-02
 5.588114429899e+04  1.556258100000e+01  6.380164373029e-02
 5.588114938451e+04  1.550752400000e+01  6.330523152519e-02
 5.584925934831e+04  1.560132900000e+01  6.501592646152e-02
 5.584926620701e+04  1.555768500000e+01  6.377616355430e-02
 5.584927304753e+04  1.556696400000e+01  6.391017404601e-02
 5.584927986466e+04  1.556756000000e+01  6.389729915665e-02
 5.589208995797e+04  1.549888400000e+01  6.312976024935e-02
 5.589209575203e+04  1.552458700000e+01  6.340212531987e-02
 5.589210148102e+04  1.549469300000e+01  6.315214152895e-02
 5.589210719108e+04  1.554531300000e+01  6.361693300765e-02
 5.592012448414e+04  1.526099800000e+01  6.147733809374e-02
 5.592013122921e+04  1.528651900000e+01  6.177220111918e-02
 5.592013813016e+04  1.529729200000e+01  6.186103524644e-02
 5.592014503676e+04  1.532152800000e+01  6.211178613124e-02
 5.592908359481e+04  1.555148800000e+01  6.376403886808e-02
 5.592908810384e+04  1.554178400000e+01  6.370191169775e-02
 5.592909264214e+04  1.548946100000e+01  6.323427651368e-02
 5.592909716265e+04  1.553379200000e+01  6.362241148639e-02
 5.609643552897e+04  1.535229200000e+01  6.246590316285e-02
 5.609644115281e+04  1.536679900000e+01  6.252254205744e-02
 5.609644679419e+04  1.537801500000e+01  6.256676869642e-02
 5.609645243944e+04  1.539506000000e+01  6.264081887158e-02
 5.612645072939e+04  1.543973600000e+01  6.315914774686e-02
 5.612645752475e+04  1.545634700000e+01  6.331947659130e-02
 5.612646431909e+04  1.545081900000e+01  6.326390558019e-02
 5.612647111288e+04  1.549220400000e+01  6.364015899389e-02
 5.616435806472e+04  1.515233600000e+01  6.094565482482e-02
 5.616436408388e+04  1.506124300000e+01  6.024361040140e-02
 5.616437014510e+04  1.500553200000e+01  5.983612911149e-02
 5.616437627168e+04  1.491713500000e+01  5.926299597324e-02
 5.618934789098e+04  1.549505000000e+01  6.397549902281e-02
 5.618935312735e+04  1.549157300000e+01  6.396183728113e-02
 5.618935838668e+04  1.548886700000e+01  6.393320191748e-02
 5.618936366449e+04  1.552938700000e+01  6.437649244262e-02
 5.619530670705e+04  1.551957200000e+01  6.155495004235e-02
 5.619531217064e+04  1.557333100000e+01  6.202829619520e-02
 5.619531759821e+04  1.555508900000e+01  6.190505396464e-02
 5.619532302336e+04  1.554383500000e+01  6.185305368855e-02
 5.621318737654e+04  1.503303300000e+01  5.994750469913e-02
 5.621319640722e+04  1.505164600000e+01  6.011209096317e-02
 5.621320535455e+04  1.509053700000e+01  6.037488233056e-02
 5.621321437032e+04  1.510541600000e+01  6.048742532586e-02
