# time mag mag_err
 5.347041782514e+04  1.597934300000e+01  7.006373604699e-02
 5.347042502249e+04  1.593096800000e+01  6.935103829683e-02
 5.347043219656e+04  1.588399800000e+01  6.873447113425e-02
 5.347043941719e+04  1.570366200000e+01  6.661857791652e-02
 5.355828053573e+04  1.531533300000e+01  6.191122037030e-02
 5.355828758666e+04  1.532058500000e+01  6.195024102127e-02
 5.355829453087e+04  1.534941100000e+01  6.218849042866e-02
 5.355830144834e+04  1.537833800000e+01  6.238589974977e-02
 5.356723229600e+04  1.588141200000e+01  6.912650817199e-02
 5.356723878301e+04  1.595788500000e+01  7.319633398864e-02
 5.356724526829e+04  1.579247500000e+01  6.742164159032e-02
 5.356725174002e+04  1.568814700000e+01  6.839938363491e-02
 5.354928725993e+04  1.555611500000e+01  6.447059555049e-02
 5.354929383052e+04  1.557712100000e+01  6.460936241409e-02
 5.354930035098e+04  1.558665700000e+01  6.475850006429e-02
 5.354930690362e+04  1.561392500000e+01  6.502231914258e-02
 5.349735802709e+04  1.532702300000e+01  6.121357434278e-02
 5.349736610920e+04  1.535984500000e+01  6.161660821924e-02
 5.349737416157e+04  1.537542100000e+01  6.170682831720e-02
 5.349738223814e+04  1.538566900000e+01  6.202848967144e-02
 5.350638834976e+04  1.528447600000e+01  6.272156192673e-02
 5.350639507845e+04  1.528122600000e+01  6.269341217484e-02
 5.350640192740e+04  1.529802400000e+01  6.288586432115e-02
 5.350640867437e+04  1.528702900000e+01  6.277722065480e-02
 5.364409648515e+04  1.584234200000e+01  6.798403514160e-02
 5.364410131109e+04  1.580963400000e+01  6.758745420062e-02
 5.364410620439e+04  1.579197900000e+01  6.741293831450e-02
 5.364411104906e+04  1.586139900000e+01  6.787356057935e-02
 5.365311078903e+04  1.579129100000e+01  6.806265917020e-02
 5.365311561867e+04  1.575797300000e+01  6.781748881544e-02
 5.365312047341e+04  1.584305400000e+01  6.890075390449e-02
 5.365312537841e+04  1.582018300000e+01  6.868653974357e-02
 5.385037839814e+04  1.585174100000e+01  7.043432648192e-02
 5.385038654669e+04  1.582881300000e+01  6.722903872862e-02
 5.385039472292e+04  1.574533100000e+01  6.743440043217e-02
 5.385040278442e+04  1.572358400000e+01  6.593170749489e-02
 5.392535319795e+04  1.562219000000e+01  1.088620912680e-01
 5.392535472743e+04  1.563027700000e+01  1.092480309988e-01
 5.392535629775e+04  1.561765600000e+01  1.088557901553e-01
 5.392535783140e+04  1.555253100000e+01  1.065518286403e-01
 5.390030816858e+04  1.572934800000e+01  1.154625805766e-01
 5.390030916665e+04  1.560578600000e+01  1.106962320394e-01
 5.390031013869e+04  1.562091800000e+01  1.112274632071e-01
 5.390031112230e+04  1.562464800000e+01  1.110824215297e-01
 5.381948957329e+04  1.580653100000e+01  6.651603152138e-02
 5.381949624862e+04  1.579067800000e+01  6.792793103392e-02
 5.381950306933e+04  1.573960900000e+01  6.935263995292e-02
 5.381950997037e+04  1.572747200000e+01  7.007319054317e-02
 5.385941739797e+04  1.579057800000e+01  6.684571461401e-02
 5.385942544618e+04  1.581505200000e+01  6.717332688115e-02
 5.385943351741e+04  1.582613400000e+01  6.729813839872e-02
 5.385944162152e+04  1.584078200000e+01  6.749761052494e-02
 5.386638426005e+04  1.543858900000e+01  9.989877438467e-02
 5.386638505060e+04  1.544018100000e+01  9.994449887922e-02
 5.386638583929e+04  1.544180100000e+01  9.997539399737e-02
 5.386638662521e+04  1.536855400000e+01  9.760617279997e-02
 5.387940445633e+04  1.588348500000e+01  6.761723961620e-02
 5.387941399546e+04  1.589401500000e+01  6.775572192179e-02
 5.387942348240e+04  1.587019100000e+01  6.753433257833e-02
 5.387943294941e+04  1.585170500000e+01  6.730865600169e-02
 5.388625842402e+04  1.592605700000e+01  6.645505402557e-02
 5.388626909191e+04  1.593419900000e+01  6.651380814555e-02
 5.388627976929e+04  1.592660800000e+01  6.645332226451e-02
 5.388629041090e+04  1.596365900000e+01  6.683475269001e-02
 5.399814635853e+04  1.538546500000e+01  6.150850888200e-02
 5.399815113260e+04  1.541344100000e+01  6.176188680961e-02
 5.399815589257e+04  1.540284400000e+01  6.171327839612e-02
 5.399816066583e+04  1.545780300000e+01  6.221354023096e-02
 5.400810971201e+04  1.576251200000e+01  7.019503145203e-02
 5.400811694628e+04  1.571047200000e+01  6.950546508108e-02
 5.400812418009e+04  1.581216800000e+01  7.098579758458e-02
 5.400813142907e+04  1.580787800000e+01  7.098717754659e-02
 5.420442586525e+04  1.549913700000e+01  6.263900246182e-02
 5.420443377317e+04  1.554395200000e+01  6.304201705376e-02
 5.420444166801e+04  1.554566000000e+01  6.303630996511e-02
 5.420444953021e+04  1.555338200000e+01  6.312326093344e-02
 5.421346064575e+04  1.542797000000e+01  6.261182159536e-02
 5.421346950685e+04  1.543368800000e+01  6.266470811299e-02
 5.421347842894e+04  1.548411800000e+01  6.314292369590e-02
 5.421348727069e+04  1.546429400000e+01  6.294357156112e-02
 5.429023292525e+04  1.575799600000e+01  6.738099387655e-02
 5.429023775385e+04  1.571444000000e+01  6.663963395602e-02
 5.429024256255e+04  1.569396300000e+01  6.899706134972e-02
 5.429024737782e+04  1.567654500000e+01  8.914937705504e-02
 5.425836215005e+04  1.515004300000e+01  5.993550084427e-02
 5.425836901046e+04  1.506025600000e+01  5.934707050935e-02
 5.425837590825e+04  1.496174200000e+01  5.873966215296e-02
 5.425838277897e+04  1.496258400000e+01  5.873584557886e-02
 5.426727263972e+04  1.572326300000e+01  6.635813639113e-02
 5.426728030098e+04  1.576737600000e+01  7.399662909676e-02
 5.426930242039e+04  1.543463500000e+01  6.248366731064e-02
 5.426931101758e+04  1.543670600000e+01  6.252597389233e-02
 5.426931958213e+04  1.544970500000e+01  6.263999761246e-02
 5.426932818638e+04  1.547295700000e+01  6.286687737705e-02
 5.417148239900e+04  1.567059800000e+01  6.409745641522e-02
 5.417148732726e+04  1.569843400000e+01  6.432680155811e-02
 5.417149225865e+04  1.566950300000e+01  6.404102978005e-02
 5.417149718597e+04  1.571985600000e+01  6.453268879993e-02
 5.418647871252e+04  1.583351600000e+01  6.835886957161e-02
 5.418648259524e+04  1.583626600000e+01  6.826683443624e-02
 5.418648646697e+04  1.584012200000e+01  6.832057713102e-02
 5.418649037515e+04  1.584949900000e+01  6.840946723711e-02
 5.423040691906e+04  1.596161300000e+01  6.787908607037e-02
 5.423041451007e+04  1.588261400000e+01  6.694544967112e-02
 5.423042210697e+04  1.572991100000e+01  6.526939638610e-02
 5.423042969844e+04  1.554072200000e+01  6.343196621301e-02
 5.423635125819e+04  1.553222200000e+01  6.375021339164e-02
 5.423635877269e+04  1.557141000000e+01  6.414240094580e-02
 5.423636629367e+04  1.557808000000e+01  6.417079013802e-02
 5.423637400157e+04  1.557814000000e+01  6.422784361835e-02
 5.424240905096e+04  1.546257300000e+01  6.298635133139e-02
 5.424241714604e+04  1.543607100000e+01  6.277345459749e-02
 5.424242524112e+04  1.542968800000e+01  6.266827156971e-02
 5.424243332196e+04  1.538617200000e+01  6.236733475118e-02
 5.440706950237e+04  1.509585100000e+01  6.344075477985e-02
 5.440707338890e+04  1.508855100000e+01  6.340306254063e-02
 5.440707721861e+04  1.512465800000e+01  6.379378882871e-02
 5.440708105178e+04  1.506239500000e+01  6.324806205704e-02
 5.438008813841e+04  1.577175100000e+01  7.051918385404e-02
 5.438009149182e+04  1.575651700000e+01  7.033513048311e-02
 5.438009487486e+04  1.579016200000e+01  7.278140568062e-02
 5.438009823058e+04  1.577997900000e+01  7.375243263531e-02
 5.438707908701e+04  1.592902000000e+01  7.270455596356e-02
 5.438708422222e+04  1.592584100000e+01  7.279209831110e-02
 5.438708935640e+04  1.581961900000e+01  7.124273985039e-02
 5.438709447007e+04  1.579994800000e+01  7.106047950254e-02
 5.439308331275e+04  1.560809400000e+01  7.281787843301e-02
 5.439308547721e+04  1.569131400000e+01  7.411435911706e-02
 5.439308763543e+04  1.565312600000e+01  7.361658974994e-02
 5.439308978889e+04  1.567817300000e+01  7.283935693389e-02
 5.434818354435e+04  1.576663600000e+01  6.627371689555e-02
 5.434819183260e+04  1.577902300000e+01  6.667413319092e-02
 5.434820031637e+04  1.578322800000e+01  6.680584958673e-02
 5.434820865706e+04  1.578507900000e+01  6.678702774098e-02
 5.435714354884e+04  1.551853400000e+01  6.307950559317e-02
 5.435714834527e+04  1.553664800000e+01  6.326921229658e-02
 5.435715316993e+04  1.558216200000e+01  6.372833363011e-02
 5.435715798417e+04  1.562214400000e+01  6.416664650438e-02
 5.456046789034e+04  1.550679200000e+01  6.272503028163e-02
 5.456047227990e+04  1.551283700000e+01  6.278573724813e-02
 5.456047665940e+04  1.554911300000e+01  6.310272529349e-02
 5.456048103161e+04  1.552188300000e+01  6.284889567525e-02
 5.456534194721e+04  1.583382800000e+01  6.681089297018e-02
 5.456534853700e+04  1.582002000000e+01  6.651881190055e-02
 5.456535503397e+04  1.586475600000e+01  6.697812238436e-02
 5.456536160432e+04  1.584977600000e+01  6.670382340791e-02
 5.457237605258e+04  1.534669800000e+01  6.092657269463e-02
 5.457238303638e+04  1.531302700000e+01  6.100766415203e-02
 5.457239004691e+04  1.536641100000e+01  6.139957683035e-02
 5.457239704020e+04  1.534800100000e+01  6.126651093741e-02
 5.458244504006e+04  1.575935300000e+01  6.542947281684e-02
 5.458245260015e+04  1.572276100000e+01  6.509673675843e-02
 5.458246018572e+04  1.564228800000e+01  6.428913129520e-02
 5.458246777348e+04  1.561014400000e+01  6.401077034212e-02
 5.450850465781e+04  1.528770400000e+01  6.071366967611e-02
 5.450851061390e+04  1.529861300000e+01  6.077006266400e-02
 5.450851656280e+04  1.531888800000e+01  6.092523071873e-02
 5.450852250928e+04  1.531731400000e+01  6.088014864378e-02
 5.448352386951e+04  1.540653600000e+01  6.620540447029e-02
 5.448352907486e+04  1.545753200000e+01  6.670993915798e-02
 5.448353430625e+04  1.541063700000e+01  6.615274977029e-02
 5.448353971081e+04  1.543083700000e+01  6.634781050103e-02
 5.462535035402e+04  1.529674500000e+01  6.074966578131e-02
 5.462535807824e+04  1.529978000000e+01  6.118958385975e-02
 5.462536580362e+04  1.529500700000e+01  6.116551169233e-02
 5.462537350319e+04  1.532417600000e+01  6.142761990674e-02
 5.464140478966e+04  1.560908500000e+01  6.505553323435e-02
 5.464141192404e+04  1.554941600000e+01  6.471918133330e-02
 5.464141903875e+04  1.559401200000e+01  6.517396137647e-02
 5.464142619628e+04  1.558268300000e+01  6.529326978354e-02
 5.452649511152e+04  1.573306000000e+01  6.977397201944e-02
 5.452649899933e+04  1.578507400000e+01  7.047267822558e-02
 5.452650282683e+04  1.576036300000e+01  7.014330445691e-02
 5.452650667286e+04  1.575362800000e+01  7.002960990335e-02
 5.453745698590e+04  1.583279700000e+01  7.039575357134e-02
 5.453745923520e+04  1.578313900000e+01  7.017422802332e-02
 5.453746151159e+04  1.575988800000e+01  6.888398325260e-02
 5.453746381402e+04  1.582750100000e+01  7.018720833471e-02
 5.454849853471e+04  1.545991200000e+01  6.457285043737e-02
 5.454850342523e+04  1.548005700000e+01  6.474224173492e-02
 5.454850830927e+04  1.542359800000e+01  6.420116540780e-02
 5.454851320627e+04  1.547063400000e+01  6.466615783326e-02
 5.458931093866e+04  1.567701200000e+01  6.424012196287e-02
 5.458931907066e+04  1.561210200000e+01  6.360604386934e-02
 5.458932722269e+04  1.558239500000e+01  6.329770934999e-02
 5.458933535376e+04  1.553071700000e+01  6.281899179080e-02
 5.459633819492e+04  1.542374400000e+01  6.250216269863e-02
 5.459634562584e+04  1.541943800000e+01  6.250228963697e-02
 5.459635308964e+04  1.543592500000e+01  6.257775166773e-02
 5.459636055737e+04  1.545868400000e+01  6.275152848521e-02
 5.474908581819e+04  1.550333300000e+01  6.667738101014e-02
 5.474909158735e+04  1.557425100000e+01  6.756125883922e-02
 5.474909740118e+04  1.558755600000e+01  6.780605896898e-02
 5.474910326142e+04  1.563149300000e+01  6.836505066802e-02
 5.493844249894e+04  1.580610900000e+01  6.556105757337e-02
 5.493844727939e+04  1.580815700000e+01  6.556521739453e-02
 5.493845216507e+04  1.583737400000e+01  6.592264389489e-02
 5.493845693995e+04  1.584318100000e+01  6.594869652736e-02
 5.494445838383e+04  1.556625100000e+01  6.330241527074e-02
 5.494446571918e+04  1.557472500000e+01  6.338142858741e-02
 5.494447300926e+04  1.558852300000e+01  6.349505995060e-02
 5.494448028163e+04  1.558101000000e+01  6.345473286990e-02
 5.505820389795e+04  1.543833600000e+01  6.029513963884e-02
 5.505821112617e+04  1.541033800000e+01  6.019594106671e-02
 5.505821836727e+04  1.537666000000e+01  5.986840254411e-02
 5.505822560545e+04  1.537705800000e+01  5.987530927408e-02
 5.487652365697e+04  1.536159700000e+01  6.316004701667e-02
 5.487652905573e+04  1.532971700000e+01  6.286053253267e-02
 5.487653445160e+04  1.535961000000e+01  6.311610950737e-02
 5.487653995720e+04  1.534443500000e+01  6.297179656764e-02
 5.488849858851e+04  1.510711200000e+01  5.916621459218e-02
 5.488850676727e+04  1.514325400000e+01  5.941377123934e-02
 5.488851507972e+04  1.516490500000e+01  5.954098130791e-02
 5.488852344970e+04  1.518109100000e+01  5.964769024257e-02
 5.484952871488e+04  1.577683100000e+01  6.641837046479e-02
 5.484953606931e+04  1.569830400000e+01  6.439649041639e-02
 5.484954338784e+04  1.572103900000e+01  6.453755496225e-02
 5.484955079851e+04  1.574474200000e+01  6.471448209445e-02
 5.502335210904e+04  1.583618000000e+01  6.721566175378e-02
 5.502335687007e+04  1.583761400000e+01  6.742658078060e-02
 5.502336169149e+04  1.575066100000e+01  6.650856921189e-02
 5.502336641722e+04  1.578330000000e+01  6.698226903809e-02
 5.492041331666e+04  1.530816300000e+01  6.107876017573e-02
 5.492042179094e+04  1.532992800000e+01  6.123505404891e-02
 5.492043037494e+04  1.534739800000e+01  6.133669045892e-02
 5.492043903176e+04  1.536168200000e+01  6.146324747618e-02
 5.495527941630e+04  1.557484300000e+01  6.845198148041e-02
 5.495528518199e+04  1.573734200000e+01  8.405247460745e-02
 5.495529103112e+04  1.558773100000e+01  7.304715363728e-02
 5.495529691720e+04  1.556885300000e+01  6.853789828295e-02
 5.496643833221e+04  1.579615400000e+01  6.581084180119e-02
 5.498030162286e+04  1.543592000000e+01  6.249040133576e-02
 5.498030964875e+04  1.547068000000e+01  6.280374284979e-02
 5.498031777858e+04  1.545704300000e+01  6.267001082626e-02
 5.498032578235e+04  1.548943900000e+01  6.290092779410e-02
 5.511808927532e+04  1.514746600000e+01  6.399120471875e-02
 5.511809319589e+04  1.517694200000e+01  6.428416790535e-02
 5.511809722643e+04  1.521081600000e+01  6.466676344430e-02
 5.511810114492e+04  1.522035500000e+01  6.477787916359e-02
 5.512807703303e+04  1.578371700000e+01  7.156822016200e-02
 5.512807994082e+04  1.578231900000e+01  7.163107035880e-02
 5.512808284258e+04  1.580171100000e+01  7.199112221170e-02
 5.512808574378e+04  1.580591000000e+01  7.209008633844e-02
 5.509014614311e+04  1.515180000000e+01  6.038304311794e-02
 5.509015304392e+04  1.524844400000e+01  6.215281307840e-02
 5.509016021757e+04  1.514084400000e+01  6.063788299473e-02
 5.509016696539e+04  1.508515400000e+01  6.384314632238e-02
 5.510110976911e+04  1.542835000000e+01  6.253980789178e-02
 5.510111403552e+04  1.550170900000e+01  6.323509182323e-02
 5.510111832588e+04  1.546194700000e+01  6.291589442916e-02
 5.510112262481e+04  1.543665500000e+01  6.273043383706e-02
 5.529637855627e+04  1.517906300000e+01  6.018214428752e-02
 5.529638375352e+04  1.519682600000e+01  6.027586501147e-02
 5.529638895833e+04  1.520850100000e+01  6.035982272127e-02
 5.529639415118e+04  1.522114300000e+01  6.044314083702e-02
 5.538123892365e+04  1.499962300000e+01  5.915141080948e-02
 5.538124693965e+04  1.500658400000e+01  5.924072572245e-02
 5.538125499631e+04  1.503999000000e+01  5.952122541959e-02
 5.538126303214e+04  1.506430400000e+01  5.968085972265e-02
 5.535038049274e+04  1.578397200000e+01  6.786394964449e-02
 5.535038622290e+04  1.585635900000e+01  6.852206761257e-02
 5.535039194507e+04  1.578372000000e+01  6.786404437580e-02
 5.535039773332e+04  1.577006200000e+01  6.871708630841e-02
 5.535633942645e+04  1.551812000000e+01  6.289472532043e-02
 5.535634688493e+04  1.552278200000e+01  6.298102107481e-02
 5.535635434560e+04  1.554630700000e+01  6.319449364160e-02
 5.535636187645e+04  1.556989000000e+01  6.339901581221e-02
 5.536333698265e+04  1.573907600000e+01  6.525282176227e-02
 5.536334214240e+04  1.576276600000e+01  6.552614605195e-02
 5.536334731248e+04  1.578505900000e+01  6.573158739519e-02
 5.536335246042e+04  1.577346400000e+01  6.567300262449e-02
 5.536820276020e+04  1.539495400000e+01  6.207969525121e-02
 5.536820840457e+04  1.540435700000e+01  6.214327828394e-02
 5.536821415431e+04  1.543605700000e+01  6.241826933941e-02
 5.536821991492e+04  1.542913900000e+01  6.235466372188e-02
 5.528046933799e+04  1.527255500000e+01  6.094355553869e-02
 5.528047623313e+04  1.528644200000e+01  6.104676236797e-02
 5.528048312120e+04  1.532528500000e+01  6.132967965518e-02
 5.528049003992e+04  1.535685700000e+01  6.159108020481e-02
 5.532927955706e+04  1.593647400000e+01  6.778033126209e-02
 5.532928647282e+04  1.592232200000e+01  6.739207386935e-02
 5.532929334574e+04  1.596346000000e+01  6.751422226169e-02
 5.532930022410e+04  1.593699500000e+01  6.698497880090e-02
 5.533931702637e+04  1.558558800000e+01  6.349811917032e-02
 5.533932215046e+04  1.561641100000e+01  6.378283895755e-02
 5.533932732027e+04  1.560184600000e+01  6.361100020119e-02
 5.533933243487e+04  1.559588800000e+01  6.352753933506e-02
 5.545012079679e+04  1.561501900000e+01  6.341586386024e-02
 5.545013102584e+04  1.553867200000e+01  6.272573278610e-02
 5.545013614368e+04  1.547192100000e+01  6.219060297228e-02
 5.567640038247e+04  1.529143100000e+01  6.360476702319e-02
 5.567640786307e+04  1.529038600000e+01  6.585460910782e-02
 5.567641545014e+04  1.540384000000e+01  7.526383633662e-02
 5.567642291836e+04  1.534997600000e+01  6.853924563821e-02
 5.558951499687e+04  1.580629000000e+01  7.206044405541e-02
 5.558952057343e+04  1.582413500000e+01  7.228480969458e-02
 5.558952628102e+04  1.582691700000e+01  7.228132134995e-02
 5.558953186845e+04  1.584250400000e+01  7.243510770222e-02
 5.571329191690e+04  1.586829900000e+01  7.707224224461e-02
 5.571329684133e+04  1.580712100000e+01  7.088262365730e-02
 5.571331047443e+04  1.571307100000e+01  7.035979181934e-02
 5.571331505154e+04  1.568668900000e+01  6.817387535472e-02
 5.564849425512e+04  1.522681200000e+01  6.097820214612e-02
 5.564849878868e+04  1.526659900000e+01  6.126607614519e-02
 5.564850336729e+04  1.525371600000e+01  6.121545986357e-02
 5.564850797087e+04  1.524614600000e+01  6.113474389137e-02
 5.568637252814e+04  1.580433900000e+01  7.744404330599e-02
 5.568637823284e+04  1.573319200000e+01  6.678595622044e-02
 5.568638394642e+04  1.582254700000e+01  6.911082749552e-02
 5.568638965345e+04  1.570590100000e+01  6.811964291846e-02
 5.438710352318e+04  1.570992200000e+01  6.905435559297e-02
 5.438710866870e+04  1.552432100000e+01  6.767057035758e-02
 5.438711378538e+04  1.540874400000e+01  6.639154528635e-02
 5.438711893216e+04  1.531836800000e+01  6.548496691203e-02
 5.495535164281e+04  1.562813900000e+01  6.876828917481e-02
 5.495535752344e+04  1.563858000000e+01  6.895530620822e-02
 5.495536339909e+04  1.563626700000e+01  6.891842705679e-02
 5.495536928677e+04  1.564362400000e+01  6.895737743133e-02
 5.496644415600e+04  1.576282700000e+01  6.554333774995e-02
 5.496645201485e+04  1.566379000000e+01  6.454206749509e-02
 5.496645980683e+04  1.566663500000e+01  6.463347905664e-02
 5.496646776012e+04  1.557736200000e+01  6.376136563048e-02
 5.583012874622e+04  1.541909500000e+01  6.229483310961e-02
 5.583013683987e+04  1.532250000000e+01  6.127989942588e-02
 5.583014423156e+04  1.523315900000e+01  6.063121002689e-02
 5.583015160682e+04  1.517324400000e+01  6.025626256415e-02
 5.600746102153e+04  1.541565300000e+01  5.973708262905e-02
 5.600746928214e+04  1.544668300000e+01  5.995280776547e-02
 5.600747755002e+04  1.545756300000e+01  6.001186349113e-02
 5.600748563946e+04  1.548044800000e+01  6.016713751135e-02
 5.601945117721e+04  1.553507500000e+01  6.326824708233e-02
 5.601946010395e+04  1.559395200000e+01  6.379373531694e-02
 5.601946917884e+04  1.559931300000e+01  6.385016242673e-02
 5.601947827953e+04  1.563917300000e+01  6.422541422784e-02
 5.603844570002e+04  1.577113300000e+01  6.600065103647e-02
 5.603845134736e+04  1.578255800000e+01  6.613360340471e-02
 5.603845696130e+04  1.577149800000e+01  6.601099972162e-02
 5.603846261141e+04  1.575467500000e+01  6.582508789424e-02
 5.604634227588e+04  1.571500700000e+01  6.263424709741e-02
 5.604635258326e+04  1.569579300000e+01  6.249136952990e-02
 5.604636282016e+04  1.570926700000e+01  6.259055729579e-02
 5.604637308691e+04  1.570005500000e+01  6.247022372263e-02
 5.606041015838e+04  1.534977600000e+01  6.122426939542e-02
 5.606041808714e+04  1.540002200000e+01  6.162051109250e-02
 5.606042606288e+04  1.542289400000e+01  6.175126201663e-02
 5.606043397087e+04  1.544105900000e+01  6.191201524519e-02
 5.607234204433e+04  1.546096300000e+01  6.210530558761e-02
 5.607234702828e+04  1.546825500000e+01  6.219563028274e-02
 5.607235212946e+04  1.548300100000e+01  6.232250137754e-02
 5.607235719583e+04  1.547999500000e+01  6.231486781110e-02
 5.608642492014e+04  1.594586700000e+01  6.748963534665e-02
 5.608642999028e+04  1.586003900000e+01  6.652238825003e-02
 5.608643517062e+04  1.594513000000e+01  6.748610313262e-02
 5.608644029861e+04  1.591907600000e+01  6.725024634107e-02
 5.609329196630e+04  1.552499400000e+01  6.314396255767e-02
 5.609330041834e+04  1.548007400000e+01  6.287661092776e-02
 5.609330891104e+04  1.544461600000e+01  6.272116678073e-02
 5.609331746207e+04  1.540678500000e+01  6.244982612040e-02
 5.609924316111e+04  1.559985800000e+01  6.415412079464e-02
 5.609925168488e+04  1.563345700000e+01  6.444456895370e-02
 5.609926028763e+04  1.564993100000e+01  6.465031035618e-02
 5.609926883534e+04  1.563663500000e+01  6.450723523744e-02
 5.618715841057e+04  1.581872500000e+01  6.350625238436e-02
 5.618716349439e+04  1.579276700000e+01  6.331008964611e-02
 5.618716856122e+04  1.580206300000e+01  6.340661896215e-02
 5.618717352870e+04  1.583523300000e+01  6.373318253115e-02
 5.619609601544e+04  1.564380500000e+01  6.508704156232e-02
 5.619610280432e+04  1.564687100000e+01  6.524540885307e-02
 5.619610964162e+04  1.563581500000e+01  6.517455060510e-02
 5.619611652288e+04  1.568812300000e+01  6.601395930114e-02
 5.621509005272e+04  1.584240300000e+01  6.716646845056e-02
 5.621509456645e+04  1.583568100000e+01  6.713970041399e-02
 5.621509906899e+04  1.585570300000e+01  6.736770047203e-02
 5.621510353598e+04  1.581024600000e+01  6.687444215543e-02
