# time mag mag_err
 5.346925030284e+04  1.556588500000e+01  6.405794829223e-02
 5.346925841273e+04  1.555939400000e+01  6.404514518885e-02
 5.346926653409e+04  1.556910200000e+01  6.413972477874e-02
 5.346927468403e+04  1.558327600000e+01  6.436764463342e-02
 5.370544420681e+04  1.530857700000e+01  6.248547578436e-02
 5.370545310447e+04  1.533160300000e+01  6.263295087871e-02
 5.370546187007e+04  1.532114600000e+01  6.266861971758e-02
 5.370547062987e+04  1.537470400000e+01  6.329446023434e-02
 5.372850024301e+04  1.517063000000e+01  6.188369508499e-02
 5.372850942646e+04  1.516171800000e+01  6.250131871415e-02
 5.372851861186e+04  1.520152200000e+01  6.277194956629e-02
 5.372852778883e+04  1.518479600000e+01  6.271485077314e-02
 5.352916289910e+04  1.538484100000e+01  6.285450887041e-02
 5.352916881003e+04  1.541698700000e+01  6.316298541270e-02
 5.352917473336e+04  1.540483500000e+01  6.307829116534e-02
 5.352918069106e+04  1.543496300000e+01  6.337356310605e-02
 5.349913661715e+04  1.538168900000e+01  6.256804968179e-02
 5.349914089514e+04  1.536848500000e+01  6.245292080531e-02
 5.349914516677e+04  1.539752300000e+01  6.270219720519e-02
 5.349914942751e+04  1.538180300000e+01  6.252597389233e-02
 5.367249783931e+04  1.557388200000e+01  6.539529915228e-02
 5.367250167203e+04  1.559808700000e+01  6.559489440703e-02
 5.367250549698e+04  1.557456300000e+01  6.529466863842e-02
 5.367250932981e+04  1.559430600000e+01  6.543539035268e-02
 5.382722666247e+04  1.539322300000e+01  6.315162134514e-02
 5.382723219064e+04  1.534809500000e+01  6.277066541640e-02
 5.382723763697e+04  1.534923800000e+01  6.277460699445e-02
 5.382724328760e+04  1.532364800000e+01  6.255214328211e-02
 5.384421788821e+04  1.521579900000e+01  6.201141358728e-02
 5.384422592067e+04  1.524876700000e+01  6.228253181626e-02
 5.384423397616e+04  1.523517300000e+01  6.217777840843e-02
 5.384424205781e+04  1.526215900000e+01  6.246280121991e-02
 5.385018164171e+04  1.560066500000e+01  6.528075684631e-02
 5.385019118247e+04  1.560544900000e+01  6.531983531511e-02
 5.385020030109e+04  1.562315300000e+01  6.548003450516e-02
 5.385020951648e+04  1.565330800000e+01  6.579547769213e-02
 5.409439100777e+04  1.532779200000e+01  6.219148078005e-02
 5.409439973227e+04  1.533494000000e+01  6.196999245564e-02
 5.409440843444e+04  1.537653400000e+01  6.203332884669e-02
 5.409441717608e+04  1.535394700000e+01  6.171944339377e-02
 5.378735810851e+04  1.532192200000e+01  6.222636958928e-02
 5.378736398889e+04  1.532301100000e+01  6.222135452138e-02
 5.378736989058e+04  1.533093400000e+01  6.230280528481e-02
 5.378737580186e+04  1.533290500000e+01  6.232356345555e-02
 5.379436381436e+04  1.547041700000e+01  6.463239414499e-02
 5.379437027706e+04  1.515457900000e+01  8.851165747325e-02
 5.379437678398e+04  1.550828200000e+01  6.454688042713e-02
 5.379438325745e+04  1.545355500000e+01  6.987251916725e-02
 5.373644448228e+04  1.563203700000e+01  6.484096676661e-02
 5.373645185324e+04  1.570963200000e+01  6.533208636694e-02
 5.373645931993e+04  1.571464100000e+01  6.566617262965e-02
 5.373646684358e+04  1.567714500000e+01  6.526667559141e-02
 5.374440651617e+04  1.553451400000e+01  6.479861390133e-02
 5.374441250199e+04  1.551259500000e+01  6.456921087753e-02
 5.374441848215e+04  1.551758300000e+01  6.462228103094e-02
 5.374442448049e+04  1.555455000000e+01  6.494506542212e-02
 5.376141902933e+04  1.562945100000e+01  6.507813399845e-02
 5.376142545234e+04  1.564929100000e+01  6.527284855024e-02
 5.376143188008e+04  1.562626800000e+01  6.504589820001e-02
 5.376143832751e+04  1.566380600000e+01  6.542661884285e-02
 5.390221441985e+04  1.566494000000e+01  1.173312279763e-01
 5.390221538263e+04  1.577598500000e+01  1.226792131821e-01
 5.390221635362e+04  1.564017600000e+01  1.170543152121e-01
 5.390221733122e+04  1.569733100000e+01  1.195249105481e-01
 5.381922072439e+04  1.525555600000e+01  6.318420983142e-02
 5.381922728513e+04  1.529403800000e+01  6.434865910077e-02
 5.381923385987e+04  1.527443200000e+01  6.332424941894e-02
 5.381924039781e+04  1.533639100000e+01  6.460246310320e-02
 5.385819924446e+04  1.557383600000e+01  6.566575061941e-02
 5.385820581586e+04  1.554901200000e+01  6.543545812525e-02
 5.385821237706e+04  1.550501800000e+01  6.496817811673e-02
 5.385821897125e+04  1.555627500000e+01  6.550672776657e-02
 5.387618479214e+04  1.533344200000e+01  6.333995718141e-02
 5.387619222168e+04  1.538326100000e+01  6.387552752221e-02
 5.387619965990e+04  1.537550700000e+01  6.385851667912e-02
 5.387620711478e+04  1.537620700000e+01  6.394415342650e-02
 5.405645866884e+04  1.557317200000e+01  6.379373531694e-02
 5.405646573703e+04  1.555028000000e+01  6.350203388785e-02
 5.405647270588e+04  1.561793200000e+01  6.408230736774e-02
 5.405647972649e+04  1.559908900000e+01  6.385729161723e-02
 5.419820881644e+04  1.532522200000e+01  6.272766576806e-02
 5.419821421926e+04  1.535440400000e+01  6.303960412873e-02
 5.419821959047e+04  1.534774200000e+01  6.288324441497e-02
 5.419822500463e+04  1.535155500000e+01  6.329402475600e-02
 5.420524097859e+04  1.554063600000e+01  6.384569689023e-02
 5.420524639241e+04  1.552773400000e+01  6.372671819080e-02
 5.420525175818e+04  1.552898300000e+01  6.372588366533e-02
 5.420525717743e+04  1.556313900000e+01  6.406427697090e-02
 5.421425545096e+04  1.568934200000e+01  6.541846975014e-02
 5.421426201251e+04  1.566170000000e+01  6.513748120482e-02
 5.421426856341e+04  1.562036300000e+01  6.475530581413e-02
 5.421427507971e+04  1.559525500000e+01  6.453417178164e-02
 5.444042033020e+04  1.560221000000e+01  6.414937439233e-02
 5.444042682149e+04  1.559012600000e+01  6.399098685594e-02
 5.444043329531e+04  1.561470200000e+01  6.419137951205e-02
 5.444043977851e+04  1.561816900000e+01  6.394053694501e-02
 5.413937452190e+04  1.525073700000e+01  6.248295180736e-02
 5.413937988397e+04  1.526417300000e+01  6.271257213165e-02
 5.413938525981e+04  1.525797600000e+01  6.243809119657e-02
 5.413939061020e+04  1.524758800000e+01  6.298865045618e-02
 5.414640234529e+04  1.549832300000e+01  6.409884044868e-02
 5.414640900245e+04  1.546345800000e+01  6.385697239231e-02
 5.414641562766e+04  1.547647200000e+01  6.405789350363e-02
 5.414642226722e+04  1.551147000000e+01  6.433001769368e-02
 5.411530817001e+04  1.563076900000e+01  6.436966770584e-02
 5.411531910887e+04  1.564451300000e+01  6.443796277927e-02
 5.411532999957e+04  1.566346800000e+01  6.451267328555e-02
 5.411534081897e+04  1.557587600000e+01  6.361980011245e-02
 5.412728951369e+04  1.573473000000e+01  6.742568250665e-02
 5.412729976559e+04  1.573756200000e+01  6.736137475931e-02
 5.412731000869e+04  1.573509400000e+01  6.722422720322e-02
 5.412732028235e+04  1.570002100000e+01  6.677788259319e-02
 5.416833579323e+04  1.548095000000e+01  6.295704894616e-02
 5.416834076569e+04  1.552590900000e+01  6.333282986312e-02
 5.416834566270e+04  1.549969000000e+01  6.313942927790e-02
 5.416835056005e+04  1.552395500000e+01  6.334308447477e-02
 5.417526419516e+04  1.557909600000e+01  6.401508436794e-02
 5.417527191221e+04  1.555430700000e+01  6.375099813380e-02
 5.417527958273e+04  1.559700000000e+01  6.416334472113e-02
 5.417528728115e+04  1.556679800000e+01  6.388012135372e-02
 5.418521119024e+04  1.552367500000e+01  6.380053613985e-02
 5.418522097337e+04  1.552755600000e+01  6.384240252128e-02
 5.418523074480e+04  1.551531200000e+01  6.368418912103e-02
 5.418524052399e+04  1.556198500000e+01  6.415065879254e-02
 5.422920961010e+04  1.569229700000e+01  6.591206060356e-02
 5.422921824954e+04  1.570346100000e+01  6.608103187350e-02
 5.422922691478e+04  1.570617400000e+01  6.608790925602e-02
 5.422923559426e+04  1.572719700000e+01  6.638210662735e-02
 5.439150066252e+04  1.543892200000e+01  6.337091067251e-02
 5.439150629475e+04  1.574929800000e+01  6.638756566702e-02
 5.439151186215e+04  1.546296800000e+01  6.336001891493e-02
 5.439151753189e+04  1.546066300000e+01  6.318206960977e-02
 5.458126040404e+04  1.570695800000e+01  6.612502759709e-02
 5.458126749848e+04  1.571360800000e+01  6.646687683165e-02
 5.458127459896e+04  1.573695700000e+01  6.676167938361e-02
 5.458128165255e+04  1.573988700000e+01  6.685136781280e-02
 5.450236447690e+04  1.558849200000e+01  6.374372986842e-02
 5.450237379889e+04  1.558400100000e+01  6.370097822173e-02
 5.450238318733e+04  1.559904400000e+01  6.382506040918e-02
 5.450239253432e+04  1.559482600000e+01  6.376487865651e-02
 5.452328296116e+04  1.521874300000e+01  6.038128746602e-02
 5.452329018119e+04  1.518073700000e+01  6.037710921077e-02
 5.452329737657e+04  1.522827500000e+01  6.072108714248e-02
 5.452330456409e+04  1.521339600000e+01  6.058472737646e-02
 5.448239943384e+04  1.565199300000e+01  6.638951633386e-02
 5.448240373186e+04  1.562687500000e+01  6.470631126332e-02
 5.448240802003e+04  1.559079900000e+01  6.562022617146e-02
 5.448241230208e+04  1.565353900000e+01  6.751504053099e-02
 5.449633260811e+04  1.502042000000e+01  5.901900002336e-02
 5.449634024737e+04  1.525391700000e+01  6.105278060074e-02
 5.449634674307e+04  1.521033400000e+01  6.096610200379e-02
 5.449635604770e+04  1.519594200000e+01  6.120980477563e-02
 5.452828447573e+04  1.516938100000e+01  6.029533093483e-02
 5.452829497903e+04  1.521613400000e+01  6.065710222908e-02
 5.452830547619e+04  1.521720000000e+01  6.065128682642e-02
 5.452831602903e+04  1.524955700000e+01  6.086097999738e-02
 5.453536479019e+04  1.548958400000e+01  6.048118722640e-02
 5.453537087347e+04  1.549690300000e+01  6.056006259013e-02
 5.453537695572e+04  1.549740600000e+01  6.059716588253e-02
 5.453538302304e+04  1.553099100000e+01  6.086529476329e-02
 5.454920100934e+04  1.559679300000e+01  6.431154643047e-02
 5.454920766384e+04  1.553297800000e+01  6.370964958250e-02
 5.454921429380e+04  1.554822200000e+01  6.385314091869e-02
 5.454922096531e+04  1.557677200000e+01  6.410776079831e-02
 5.459119849779e+04  1.557636400000e+01  6.408518013651e-02
 5.459120656972e+04  1.562024000000e+01  6.454806942033e-02
 5.459121460635e+04  1.561674400000e+01  6.453987055714e-02
 5.459122266277e+04  1.563448400000e+01  6.474138369853e-02
 5.492414101307e+04  1.526673400000e+01  6.135050351807e-02
 5.492414642250e+04  1.529397900000e+01  6.155537420038e-02
 5.492415183839e+04  1.528231400000e+01  6.141593653478e-02
 5.492415724620e+04  1.531986600000e+01  6.171480970468e-02
 5.493922304576e+04  1.537568400000e+01  6.215895439878e-02
 5.493922847243e+04  1.538781500000e+01  6.229215131804e-02
 5.493923390270e+04  1.538500700000e+01  6.226322110269e-02
 5.486341302552e+04  1.518592900000e+01  5.819780013568e-02
 5.486341956230e+04  1.515492400000e+01  5.801741448686e-02
 5.486342608994e+04  1.514216700000e+01  5.792601093918e-02
 5.486343254824e+04  1.515566100000e+01  5.801939442344e-02
 5.489035799938e+04  1.523570400000e+01  6.119067059710e-02
 5.489035861294e+04  1.523601500000e+01  6.105858128793e-02
 5.489035922166e+04  1.522627600000e+01  6.106612285420e-02
 5.489035983546e+04  1.523123100000e+01  6.125852808777e-02
 5.490538954323e+04  1.528809400000e+01  6.137752592375e-02
 5.490539513274e+04  1.533359300000e+01  6.176464758704e-02
 5.490540067862e+04  1.530672900000e+01  6.156759161743e-02
 5.490540629302e+04  1.528408000000e+01  6.138166160255e-02
 5.491127040337e+04  1.557731900000e+01  6.106923884599e-02
 5.491127735950e+04  1.558377800000e+01  6.111965802097e-02
 5.491128430024e+04  1.557850600000e+01  6.109094614375e-02
 5.491129125927e+04  1.558305800000e+01  6.114103247635e-02
 5.491820485512e+04  1.560562100000e+01  6.426759336024e-02
 5.491820966395e+04  1.559489200000e+01  6.409740127672e-02
 5.491821444774e+04  1.560176300000e+01  6.418744706111e-02
 5.491821932913e+04  1.562192700000e+01  6.437521980176e-02
 5.495224702985e+04  1.521032100000e+01  6.126865084379e-02
 5.495225489172e+04  1.520754000000e+01  6.124616159217e-02
 5.495226269848e+04  1.522141000000e+01  6.135363154652e-02
 5.495227051728e+04  1.522093400000e+01  6.141101593357e-02
 5.496819971596e+04  1.563666200000e+01  6.590222163920e-02
 5.496820697836e+04  1.560910100000e+01  6.570152509805e-02
 5.496821440426e+04  1.563711000000e+01  6.605031597096e-02
 5.496822181096e+04  1.562591800000e+01  6.601358928527e-02
 5.516049335478e+04  1.522818800000e+01  6.102155357766e-02
 5.516050147720e+04  1.522863400000e+01  6.101166483151e-02
 5.516050945120e+04  1.524681600000e+01  6.113269331745e-02
 5.516051744931e+04  1.524908100000e+01  6.114566392470e-02
 5.529029265986e+04  1.562341500000e+01  6.467458116607e-02
 5.529029957444e+04  1.559882300000e+01  6.445710013243e-02
 5.529030657586e+04  1.564329700000e+01  6.491636723483e-02
 5.529031352125e+04  1.561262900000e+01  6.460054508047e-02
 5.553150463505e+04  1.550502400000e+01  6.593053765814e-02
 5.553151513279e+04  1.553761500000e+01  6.396048355812e-02
 5.553152034763e+04  1.553237100000e+01  6.388209850264e-02
 5.554544985481e+04  1.564152600000e+01  6.502673395826e-02
 5.554546621633e+04  1.564906600000e+01  6.507007634525e-02
 5.554547438473e+04  1.567222600000e+01  6.528434870821e-02
 5.524225827031e+04  1.570478900000e+01  6.577242243643e-02
 5.524226740706e+04  1.564515700000e+01  6.506132100600e-02
 5.524227664413e+04  1.558518300000e+01  6.447047853437e-02
 5.524228596713e+04  1.547927700000e+01  6.338620174454e-02
 5.520845292242e+04  1.570656300000e+01  6.528614471081e-02
 5.520845989002e+04  1.573516500000e+01  6.557500270398e-02
 5.520846693273e+04  1.570443700000e+01  6.525692792447e-02
 5.520847388980e+04  1.572725600000e+01  6.554119400400e-02
 5.535417692682e+04  1.570563800000e+01  6.593024487225e-02
 5.535418371081e+04  1.567597800000e+01  6.568491980648e-02
 5.535419057360e+04  1.570796900000e+01  7.320539515615e-02
 5.535419748297e+04  1.569548900000e+01  7.714595751382e-02
 5.537016063042e+04  1.550350000000e+01  6.890432865912e-02
 5.537016601008e+04  1.549440500000e+01  6.887987719014e-02
 5.537017147277e+04  1.554071800000e+01  6.957482363243e-02
 5.537017696332e+04  1.552421200000e+01  6.935767365072e-02
 5.525933747569e+04  1.530698100000e+01  6.141924221935e-02
 5.525934393995e+04  1.530301000000e+01  6.138224333683e-02
 5.525935037662e+04  1.530193700000e+01  6.137602269008e-02
 5.525935681897e+04  1.532389900000e+01  6.158912170514e-02
 5.526826113382e+04  1.553684600000e+01  6.352265148423e-02
 5.526826686814e+04  1.552091400000e+01  6.351761623782e-02
 5.526827265251e+04  1.553946700000e+01  6.367286721950e-02
 5.526827835211e+04  1.555439100000e+01  6.380122230723e-02
 5.527128378013e+04  1.541756400000e+01  6.253258947057e-02
 5.527129129126e+04  1.540359000000e+01  6.241585857838e-02
 5.527129869227e+04  1.539799900000e+01  6.236922947611e-02
 5.527130616321e+04  1.543103200000e+01  6.265828126610e-02
 5.534120889334e+04  1.520070600000e+01  6.101334830415e-02
 5.534121466435e+04  1.526396200000e+01  6.155579908441e-02
 5.534122044475e+04  1.522544600000e+01  6.130755847730e-02
 5.534122623149e+04  1.524397300000e+01  6.147939348660e-02
 5.559840522971e+04  1.550951800000e+01  5.928039669493e-02
 5.559841329610e+04  1.549607100000e+01  5.931550061222e-02
 5.559842133946e+04  1.551264800000e+01  5.994976223732e-02
 5.559842938953e+04  1.553836100000e+01  6.023558197328e-02
 5.560246119932e+04  1.554588300000e+01  6.151949187699e-02
 5.560247016656e+04  1.542941900000e+01  6.062918333608e-02
 5.560247923056e+04  1.534732400000e+01  6.005177836012e-02
 5.560248828913e+04  1.530138900000e+01  5.974972811554e-02
 5.561744027654e+04  1.571863600000e+01  6.605552520190e-02
 5.561744834491e+04  1.569203400000e+01  6.580365786561e-02
 5.561745649010e+04  1.566755500000e+01  6.559580051103e-02
 5.561746459399e+04  1.559827000000e+01  6.494329648975e-02
 5.557447728353e+04  1.530092900000e+01  6.226503991031e-02
 5.557448297353e+04  1.531190900000e+01  6.208254815838e-02
 5.557448873435e+04  1.529566000000e+01  6.194463784104e-02
 5.557449457038e+04  1.532778500000e+01  6.215558571567e-02
 5.558749671909e+04  1.527569100000e+01  6.172214553903e-02
 5.558750368634e+04  1.524037500000e+01  6.144666642910e-02
 5.558751069031e+04  1.513891300000e+01  6.071423764523e-02
 5.558751773094e+04  1.520606300000e+01  6.121986302485e-02
 5.562525876074e+04  1.549513400000e+01  5.932935099162e-02
 5.562526760078e+04  1.549662300000e+01  5.931552290407e-02
 5.562527644718e+04  1.549334700000e+01  5.926629225095e-02
 5.562528535898e+04  1.548776700000e+01  5.923785842839e-02
 5.563424638013e+04  1.562556600000e+01  6.569699855149e-02
 5.563425375068e+04  1.565179900000e+01  6.593404847252e-02
 5.563426115407e+04  1.565803200000e+01  6.598213585148e-02
 5.563426858326e+04  1.564499100000e+01  6.583496246410e-02
 5.564521775348e+04  1.542402900000e+01  6.339147148579e-02
 5.564522401988e+04  1.540851700000e+01  6.325070766266e-02
 5.564523030782e+04  1.542881600000e+01  6.339492177029e-02
 5.564523663522e+04  1.541840400000e+01  6.326892290436e-02
 5.588847781225e+04  1.543952300000e+01  6.297129144449e-02
 5.588848351414e+04  1.545177400000e+01  6.302320176428e-02
 5.588848924613e+04  1.545074500000e+01  6.299850127369e-02
 5.588849507789e+04  1.544480100000e+01  6.292002830403e-02
 5.592351070771e+04  1.547367700000e+01  6.303705270914e-02
 5.592351636586e+04  1.547111500000e+01  6.293910185424e-02
 5.592352205222e+04  1.546736500000e+01  6.292602990059e-02
 5.592352778781e+04  1.545895800000e+01  6.292189169620e-02
 5.594448201359e+04  1.567852100000e+01  6.511370463066e-02
 5.594448818774e+04  1.568590100000e+01  6.517965773100e-02
 5.594449436883e+04  1.562189100000e+01  6.449537212102e-02
 5.594450061708e+04  1.557524400000e+01  6.409889560049e-02
 5.597937572914e+04  1.563105400000e+01  6.193789979702e-02
 5.597938465262e+04  1.563471300000e+01  6.200166323061e-02
 5.597939354764e+04  1.563294200000e+01  6.200466758487e-02
 5.597940243794e+04  1.562105100000e+01  6.191784919359e-02
 5.598632168274e+04  1.572156300000e+01  6.385473724768e-02
 5.598632713176e+04  1.570538400000e+01  6.372536265387e-02
 5.598633261953e+04  1.573237900000e+01  6.395296206978e-02
 5.598633805495e+04  1.574634200000e+01  6.412180516681e-02
 5.599922170686e+04  1.551026800000e+01  6.380581316474e-02
 5.599922674518e+04  1.551631500000e+01  6.381352562925e-02
 5.599923175529e+04  1.552888300000e+01  6.396774320396e-02
 5.599923686666e+04  1.551347100000e+01  6.378778503781e-02
 5.601118813713e+04  1.560110800000e+01  6.478996628545e-02
 5.601119316528e+04  1.558523600000e+01  6.462390591035e-02
 5.601119821891e+04  1.559819200000e+01  6.474334406599e-02
 5.601120335516e+04  1.559502900000e+01  6.465907569837e-02
 5.602818648800e+04  1.564213500000e+01  6.553670350528e-02
 5.602819164743e+04  1.565673300000e+01  6.569954393569e-02
 5.602819678218e+04  1.564012500000e+01  6.551498374404e-02
 5.602820191058e+04  1.567578600000e+01  6.586148407372e-02
 5.603526454887e+04  1.518162000000e+01  6.115199881373e-02
 5.603526958591e+04  1.516674900000e+01  6.105733069080e-02
 5.603527467115e+04  1.519090300000e+01  6.123920814898e-02
 5.603527977406e+04  1.520912500000e+01  6.140599739445e-02
 5.604219281176e+04  1.523401700000e+01  6.197703990674e-02
 5.604219849402e+04  1.525439200000e+01  6.220481799230e-02
 5.604220420414e+04  1.525346200000e+01  6.210338240739e-02
 5.604220981623e+04  1.528650400000e+01  6.243550563380e-02
 5.609615573071e+04  1.549008700000e+01  6.103401417970e-02
 5.609616253654e+04  1.555184200000e+01  6.159660359672e-02
 5.609616933491e+04  1.555001600000e+01  6.163349395392e-02
 5.609617611672e+04  1.552304000000e+01  6.144812089999e-02
