# time mag mag_err
 5.496743016127e+04  1.551572100000e+01  6.200547650634e-02
 5.347042167787e+04  1.565514100000e+01  6.507278337742e-02
 5.347042882464e+04  1.566444700000e+01  6.511954349772e-02
 5.347043606516e+04  1.566088200000e+01  6.510819486120e-02
 5.347044343498e+04  1.566493200000e+01  6.513917452985e-02
 5.347938015831e+04  1.542387800000e+01  6.138905275712e-02
 5.347938887378e+04  1.546293800000e+01  6.166938148954e-02
 5.347939755118e+04  1.543560800000e+01  6.145519280031e-02
 5.347940626759e+04  1.544491500000e+01  6.152304068563e-02
 5.355727213211e+04  1.569184500000e+01  6.410820482326e-02
 5.355727866461e+04  1.568541300000e+01  6.405701372587e-02
 5.355728517963e+04  1.568211900000e+01  6.397696526056e-02
 5.355729169743e+04  1.570838500000e+01  6.425185584712e-02
 5.356225078166e+04  1.566367300000e+01  6.367426149586e-02
 5.356225790781e+04  1.568662400000e+01  6.391678333160e-02
 5.356226495296e+04  1.564564200000e+01  6.352547287889e-02
 5.356227201650e+04  1.564870800000e+01  6.357125723912e-02
 5.354928403361e+04  1.563486300000e+01  6.422739210659e-02
 5.354929059610e+04  1.565152700000e+01  6.437417791791e-02
 5.354929710892e+04  1.563597400000e+01  6.418902018340e-02
 5.354930365381e+04  1.565397200000e+01  6.440962460967e-02
 5.349739998010e+04  1.548534800000e+01  6.408844071502e-02
 5.349740699203e+04  1.550802500000e+01  6.662663826505e-02
 5.349741395198e+04  1.553741600000e+01  6.814937542698e-02
 5.349742097536e+04  1.550517200000e+01  6.526063909303e-02
 5.350639027208e+04  1.567633300000e+01  6.559245695960e-02
 5.350639700273e+04  1.568393000000e+01  6.565393664393e-02
 5.350640384740e+04  1.565100100000e+01  6.534482916336e-02
 5.350641059345e+04  1.570305000000e+01  6.592848984443e-02
 5.368605679535e+04  1.552807800000e+01  6.764843540685e-02
 5.368606102797e+04  1.555907900000e+01  6.809354797526e-02
 5.368606527425e+04  1.552436000000e+01  6.780473718446e-02
 5.368606950293e+04  1.548108700000e+01  6.740164851338e-02
 5.364411370464e+04  1.569073900000e+01  6.511584545912e-02
 5.364411860072e+04  1.568197900000e+01  6.508026336167e-02
 5.364412349355e+04  1.571805200000e+01  6.546983717037e-02
 5.364412837505e+04  1.571636200000e+01  6.542763817055e-02
 5.365510600221e+04  1.548409600000e+01  6.326395361292e-02
 5.365511139796e+04  1.545201800000e+01  6.302759890927e-02
 5.365511680332e+04  1.545010700000e+01  6.306788362371e-02
 5.365512218333e+04  1.548810400000e+01  6.345921685390e-02
 5.367306265108e+04  1.547171800000e+01  6.236646926835e-02
 5.367306597670e+04  1.548474800000e+01  6.261126176934e-02
 5.367306919503e+04  1.546474700000e+01  6.248644394231e-02
 5.367307240550e+04  1.546971000000e+01  6.249461425186e-02
 5.362712004424e+04  1.543062100000e+01  6.435338521760e-02
 5.362712653611e+04  1.541229700000e+01  6.422360576565e-02
 5.362713306931e+04  1.541750100000e+01  6.426998245365e-02
 5.362713957738e+04  1.539655300000e+01  6.410460155462e-02
 5.383439021657e+04  1.551086800000e+01  6.494304347116e-02
 5.383439749598e+04  1.551071900000e+01  6.498793673444e-02
 5.383440479819e+04  1.547661400000e+01  6.459185909510e-02
 5.383441211627e+04  1.548901600000e+01  6.466016511470e-02
 5.385140237580e+04  1.569645300000e+01  6.460132486654e-02
 5.385140831463e+04  1.569814000000e+01  6.459299682385e-02
 5.385141422164e+04  1.569340000000e+01  6.454806942033e-02
 5.385142027160e+04  1.569013800000e+01  6.452593168667e-02
 5.390030867172e+04  1.564161100000e+01  1.075969003824e-01
 5.390030965939e+04  1.562390400000e+01  1.071331286306e-01
 5.390031063686e+04  1.565500700000e+01  1.084247665768e-01
 5.390031161562e+04  1.565447200000e+01  1.084665979593e-01
 5.381750477101e+04  1.555958200000e+01  7.151061181365e-02
 5.381750697493e+04  1.560885500000e+01  7.219669235511e-02
 5.381750915549e+04  1.555438100000e+01  7.143783449957e-02
 5.381751135640e+04  1.558932400000e+01  7.198881509578e-02
 5.385945003873e+04  1.560032200000e+01  6.883215741807e-02
 5.385945513492e+04  1.559044100000e+01  6.871094690883e-02
 5.385946025694e+04  1.558981800000e+01  6.866778320467e-02
 5.385946543301e+04  1.555052800000e+01  6.822987849027e-02
 5.386638074124e+04  1.564799300000e+01  1.036856585977e-01
 5.386638153816e+04  1.557413200000e+01  1.010502582358e-01
 5.386638241493e+04  1.556719000000e+01  1.008393258044e-01
 5.386638322308e+04  1.565560600000e+01  1.037604030025e-01
 5.387940659764e+04  1.567788800000e+01  6.429867123184e-02
 5.387941613839e+04  1.569850700000e+01  6.453458777351e-02
 5.387942561630e+04  1.569067600000e+01  6.445059758099e-02
 5.387943508772e+04  1.567913200000e+01  6.434756419958e-02
 5.388636570204e+04  1.561212700000e+01  6.395290820460e-02
 5.388637488976e+04  1.561735900000e+01  6.400302332592e-02
 5.388638401997e+04  1.559628800000e+01  6.382458358083e-02
 5.388639310340e+04  1.562339900000e+01  6.410050169579e-02
 5.402808749913e+04  1.551926100000e+01  6.339211248589e-02
 5.402809507289e+04  1.551664500000e+01  6.343717785604e-02
 5.402810270706e+04  1.551863500000e+01  6.349832003818e-02
 5.402811032017e+04  1.551249300000e+01  6.348579097870e-02
 5.403509164354e+04  1.566683300000e+01  6.314344310338e-02
 5.403509643383e+04  1.567893300000e+01  6.327109510945e-02
 5.403510125790e+04  1.563897600000e+01  6.295170025046e-02
 5.403510604519e+04  1.569273400000e+01  6.349666528203e-02
 5.399515678799e+04  1.545579900000e+01  6.100782285241e-02
 5.399516639309e+04  1.544831900000e+01  6.097025800154e-02
 5.399517598987e+04  1.543486900000e+01  6.093263352833e-02
 5.399518559938e+04  1.542547900000e+01  6.091634306795e-02
 5.400811219304e+04  1.543509400000e+01  6.504345905317e-02
 5.400811942569e+04  1.541023700000e+01  6.483792000642e-02
 5.400812667084e+04  1.544008200000e+01  6.517206367468e-02
 5.400813391171e+04  1.545488700000e+01  6.537186951558e-02
 5.429426319304e+04  1.550616500000e+01  6.334122813030e-02
 5.429426803738e+04  1.549689800000e+01  6.348113746357e-02
 5.429427291818e+04  1.550301700000e+01  6.442943573011e-02
 5.429427778833e+04  1.547350000000e+01  6.429055840938e-02
 5.425841796613e+04  1.546072600000e+01  6.174733405683e-02
 5.425842400637e+04  1.549879700000e+01  6.207938318698e-02
 5.425843001083e+04  1.549162300000e+01  6.205012586577e-02
 5.425843604053e+04  1.544045100000e+01  6.166020576218e-02
 5.426933524576e+04  1.548990200000e+01  6.218904865806e-02
 5.426934171332e+04  1.549591200000e+01  6.223609237723e-02
 5.426934817777e+04  1.549523400000e+01  6.223512724824e-02
 5.426935463689e+04  1.551161500000e+01  6.238081877638e-02
 5.417645541435e+04  1.567554500000e+01  6.323729935237e-02
 5.417646414384e+04  1.568032500000e+01  6.330062001967e-02
 5.417647278027e+04  1.569245700000e+01  6.339625370939e-02
 5.417648145769e+04  1.568282000000e+01  6.331310331425e-02
 5.418647969094e+04  1.567135500000e+01  6.557750312993e-02
 5.418648355050e+04  1.568176000000e+01  6.538678137722e-02
 5.418648744618e+04  1.567731700000e+01  6.534033210803e-02
 5.418649134707e+04  1.567284700000e+01  6.531228270636e-02
 5.423040152319e+04  1.550303900000e+01  6.220241970066e-02
 5.423040912646e+04  1.550461800000e+01  6.220337826602e-02
 5.423041670693e+04  1.549662200000e+01  6.211740921022e-02
 5.423042431183e+04  1.549652800000e+01  6.214917150807e-02
 5.423634964145e+04  1.550357500000e+01  6.260468170260e-02
 5.423635715686e+04  1.549070800000e+01  6.249608952764e-02
 5.423636468734e+04  1.551696600000e+01  6.273654727210e-02
 5.423637238807e+04  1.551002200000e+01  6.268115464179e-02
 5.424241283737e+04  1.564748800000e+01  6.380206621292e-02
 5.424242091451e+04  1.567567800000e+01  6.407540866186e-02
 5.424242902267e+04  1.566839300000e+01  6.399381754362e-02
 5.424243708442e+04  1.566461300000e+01  6.403467021115e-02
 5.440706823841e+04  1.551418100000e+01  6.656528316981e-02
 5.440707213433e+04  1.545872300000e+01  6.598294597268e-02
 5.440707595894e+04  1.549762300000e+01  6.646774506568e-02
 5.440707980647e+04  1.548003000000e+01  6.629886796396e-02
 5.438110433397e+04  1.547698600000e+01  6.139426086339e-02
 5.438110860362e+04  1.548914200000e+01  6.154286787311e-02
 5.438111289376e+04  1.546737900000e+01  6.136329868482e-02
 5.438111716817e+04  1.547471200000e+01  6.146279555347e-02
 5.438707654499e+04  1.554133000000e+01  6.629517055460e-02
 5.438708170220e+04  1.551628000000e+01  6.611848943261e-02
 5.438708681020e+04  1.550701500000e+01  6.604934911301e-02
 5.438709194032e+04  1.555594900000e+01  6.664149227192e-02
 5.439409822051e+04  1.543170900000e+01  6.139422671849e-02
 5.439410250892e+04  1.541001000000e+01  6.124399805074e-02
 5.439410680346e+04  1.545296100000e+01  6.164204664075e-02
 5.439411110426e+04  1.541921700000e+01  6.138525325176e-02
 5.434818462322e+04  1.545402700000e+01  6.216573759366e-02
 5.434819297294e+04  1.544423500000e+01  6.218753370810e-02
 5.434820149756e+04  1.546712600000e+01  6.242142927216e-02
 5.434820986962e+04  1.544964400000e+01  6.227337359047e-02
 5.435815972970e+04  1.544240900000e+01  6.182419000374e-02
 5.435816458365e+04  1.546237200000e+01  6.211571752346e-02
 5.435816947949e+04  1.541338500000e+01  6.175269468243e-02
 5.435817433066e+04  1.542277800000e+01  6.189172295826e-02
 5.455940240934e+04  1.562520400000e+01  6.303672752027e-02
 5.455940746862e+04  1.562538300000e+01  6.302038027938e-02
 5.455941251053e+04  1.563790400000e+01  6.312439008809e-02
 5.455941756044e+04  1.563439400000e+01  6.311047028937e-02
 5.456533869335e+04  1.568740300000e+01  6.429392790569e-02
 5.456534528152e+04  1.568457300000e+01  6.418318056144e-02
 5.456535178450e+04  1.569641000000e+01  6.428724866867e-02
 5.456535834385e+04  1.567206900000e+01  6.394420826972e-02
 5.456748070718e+04  1.569165000000e+01  6.346589946741e-02
 5.456748576924e+04  1.567876600000e+01  6.338654599130e-02
 5.456749085537e+04  1.570717800000e+01  6.318949221543e-02
 5.456749591464e+04  1.566184900000e+01  6.326159104776e-02
 5.457340184965e+04  1.539903000000e+01  6.098508525971e-02
 5.457341108112e+04  1.547382700000e+01  6.159136541731e-02
 5.457342035705e+04  1.543877000000e+01  6.134625710105e-02
 5.457342963575e+04  1.542436500000e+01  6.126180007126e-02
 5.458445478514e+04  1.558913700000e+01  6.260128674757e-02
 5.458445974719e+04  1.560831300000e+01  6.275519203893e-02
 5.458446465090e+04  1.559330800000e+01  6.264562378316e-02
 5.458446955867e+04  1.559006700000e+01  6.262647427255e-02
 5.450850629470e+04  1.565094900000e+01  6.296707485819e-02
 5.450851222532e+04  1.564017500000e+01  6.284602368157e-02
 5.450851817828e+04  1.566179400000e+01  6.301160031657e-02
 5.450852415230e+04  1.565267400000e+01  6.288532259883e-02
 5.448352558105e+04  1.568790500000e+01  6.842129988634e-02
 5.448353076834e+04  1.566019800000e+01  6.804473004752e-02
 5.448353606375e+04  1.568380200000e+01  6.827344433899e-02
 5.448354144689e+04  1.562748100000e+01  6.757700142940e-02
 5.462731187222e+04  1.548000700000e+01  6.196322232218e-02
 5.462732010029e+04  1.548776200000e+01  6.203793995165e-02
 5.462732837524e+04  1.548074900000e+01  6.219590936786e-02
 5.462733668884e+04  1.548440300000e+01  6.201523306030e-02
 5.464041785659e+04  1.561790300000e+01  6.411458495572e-02
 5.464042437728e+04  1.563214400000e+01  6.431326511318e-02
 5.464043091510e+04  1.560277300000e+01  6.414463160010e-02
 5.464043743696e+04  1.558178000000e+01  6.400869598908e-02
 5.452649598888e+04  1.566379500000e+01  6.770999795177e-02
 5.452649983883e+04  1.563013700000e+01  6.730874409844e-02
 5.452650367873e+04  1.562073800000e+01  6.719394168447e-02
 5.452650753250e+04  1.566365000000e+01  6.771456781595e-02
 5.453651549764e+04  1.566285300000e+01  6.301293883097e-02
 5.453651998213e+04  1.566017500000e+01  6.297202585814e-02
 5.453652453015e+04  1.563786700000e+01  6.277930465681e-02
 5.453652909902e+04  1.565066000000e+01  6.286773309486e-02
 5.454847196800e+04  1.551085700000e+01  6.198628427231e-02
 5.454847867771e+04  1.551332500000e+01  6.201195303214e-02
 5.454848543233e+04  1.553761800000e+01  6.219567004003e-02
 5.454849223498e+04  1.554606200000e+01  6.226213042480e-02
 5.459631165054e+04  1.550847500000e+01  6.260571360566e-02
 5.459631938924e+04  1.551543600000e+01  6.260386487881e-02
 5.459632714530e+04  1.546706200000e+01  6.209930376304e-02
 5.459633489904e+04  1.547804300000e+01  6.221161890259e-02
 5.474709113284e+04  1.547393600000e+01  6.516774761836e-02
 5.474709605796e+04  1.545072100000e+01  6.496418373364e-02
 5.474710103946e+04  1.549646800000e+01  6.472822462909e-02
 5.474710588912e+04  1.543515300000e+01  6.485148951550e-02
 5.493845943338e+04  1.559754700000e+01  6.260304817413e-02
 5.493846498053e+04  1.557296400000e+01  6.242542339374e-02
 5.493847040154e+04  1.554897000000e+01  6.222027218674e-02
 5.493847583549e+04  1.554601600000e+01  6.221097782901e-02
 5.494745348221e+04  1.557266700000e+01  6.250043283289e-02
 5.494745827145e+04  1.560137600000e+01  6.273078584365e-02
 5.494746318387e+04  1.559419400000e+01  6.271673635493e-02
 5.494746799291e+04  1.558315500000e+01  6.261074570280e-02
 5.506318673213e+04  1.568977900000e+01  6.863962467685e-02
 5.506319209422e+04  1.568270100000e+01  6.856684723176e-02
 5.506319733789e+04  1.566690000000e+01  6.855417570960e-02
 5.506320271990e+04  1.567018600000e+01  6.875508543265e-02
 5.487552431780e+04  1.548967300000e+01  6.355087705381e-02
 5.487552901747e+04  1.550226100000e+01  6.361478457404e-02
 5.487553393947e+04  1.545359400000e+01  6.317959781323e-02
 5.487553862025e+04  1.548263400000e+01  6.341472654213e-02
 5.488849737167e+04  1.549027400000e+01  6.126697906659e-02
 5.488850562392e+04  1.549519200000e+01  6.128855411137e-02
 5.488851384157e+04  1.550193200000e+01  6.133489416783e-02
 5.488852222613e+04  1.552001100000e+01  6.145238386136e-02
 5.502335089648e+04  1.551310100000e+01  6.277478350861e-02
 5.502335571203e+04  1.553062200000e+01  6.308352478232e-02
 5.502336047649e+04  1.550933600000e+01  6.288031013469e-02
 5.502336526485e+04  1.550756500000e+01  6.292835034317e-02
 5.503420713144e+04  1.555730400000e+01  6.886562907643e-02
 5.503421106765e+04  1.556343200000e+01  6.899158382820e-02
 5.503421493277e+04  1.558708300000e+01  6.904123377001e-02
 5.503421881352e+04  1.559072400000e+01  6.937187816178e-02
 5.504323019125e+04  1.554923000000e+01  6.703034244544e-02
 5.504323620150e+04  1.554905500000e+01  6.705680479662e-02
 5.504324203853e+04  1.558260400000e+01  6.742370650246e-02
 5.504324791937e+04  1.553083100000e+01  6.687152264517e-02
 5.499335279218e+04  1.557557300000e+01  6.485666408280e-02
 5.499335810692e+04  1.555355100000e+01  6.468605087461e-02
 5.499336339839e+04  1.558753600000e+01  6.499767779674e-02
 5.499336881650e+04  1.561217300000e+01  6.527743300474e-02
 5.500929001450e+04  1.565789800000e+01  6.368662125433e-02
 5.500929488288e+04  1.564877900000e+01  6.367281577282e-02
 5.500929974470e+04  1.564448100000e+01  6.370040665300e-02
 5.500930452852e+04  1.566177300000e+01  6.452510201338e-02
 5.492041452667e+04  1.569053100000e+01  6.356126147775e-02
 5.492042301218e+04  1.570088300000e+01  6.362353799688e-02
 5.492043160567e+04  1.566215500000e+01  6.323350910116e-02
 5.492044019223e+04  1.569987600000e+01  6.357644006446e-02
 5.496741660003e+04  1.548741000000e+01  6.214094640469e-02
 5.496742340456e+04  1.548437500000e+01  6.212729257323e-02
 5.496743696763e+04  1.548294600000e+01  6.214996301275e-02
 5.497938519053e+04  1.556878800000e+01  6.261405977747e-02
 5.497939005295e+04  1.556517000000e+01  6.265715321273e-02
 5.497939493016e+04  1.554170200000e+01  6.245534777716e-02
 5.497939980832e+04  1.555662600000e+01  6.254933368477e-02
 5.514106779907e+04  1.553835600000e+01  6.280205065857e-02
 5.514107252559e+04  1.548464800000e+01  6.245593302467e-02
 5.514107733608e+04  1.551619600000e+01  6.280512323660e-02
 5.514108207126e+04  1.555847400000e+01  6.322598179892e-02
 5.512608450058e+04  1.553494300000e+01  6.707881394889e-02
 5.512609192444e+04  1.558527900000e+01  6.778080168323e-02
 5.512609931882e+04  1.556861400000e+01  6.765861536555e-02
 5.512610660037e+04  1.557338400000e+01  6.780228409464e-02
 5.509015073397e+04  1.551343400000e+01  6.265541792692e-02
 5.509015779731e+04  1.549756800000e+01  6.535759614393e-02
 5.509016461490e+04  1.517978600000e+01  6.416877320438e-02
 5.509017164005e+04  1.552256000000e+01  7.856848726728e-02
 5.510111281486e+04  1.565205700000e+01  6.369268158256e-02
 5.510111709711e+04  1.564002500000e+01  6.362200135234e-02
 5.510112139571e+04  1.566348700000e+01  6.381796768771e-02
 5.510112570404e+04  1.564498300000e+01  6.371053262824e-02
 5.529640079672e+04  1.569028000000e+01  6.356263012788e-02
 5.529640653043e+04  1.568263200000e+01  6.349440873436e-02
 5.529641229808e+04  1.567114000000e+01  6.340217449165e-02
 5.529641806097e+04  1.567956300000e+01  6.346290641205e-02
 5.538124233029e+04  1.546921900000e+01  6.193208169213e-02
 5.538125040917e+04  1.545376100000e+01  6.184568294768e-02
 5.538125842438e+04  1.543119300000e+01  6.165872631726e-02
 5.538126644215e+04  1.545221900000e+01  6.183858354771e-02
 5.534940835866e+04  1.568187800000e+01  6.377700399358e-02
 5.534941467459e+04  1.568541700000e+01  6.382458358083e-02
 5.534942106728e+04  1.567755100000e+01  6.379110145962e-02
 5.534942748174e+04  1.570322400000e+01  6.405492381550e-02
 5.535634229163e+04  1.556292000000e+01  6.243117056477e-02
 5.535634975105e+04  1.556262500000e+01  6.246120957975e-02
 5.535635724242e+04  1.556064800000e+01  6.245819367314e-02
 5.535636477221e+04  1.556923100000e+01  6.250803209795e-02
 5.536333869280e+04  1.543636100000e+01  6.158197070594e-02
 5.536334386460e+04  1.544285100000e+01  6.162022497339e-02
 5.536334902611e+04  1.544940300000e+01  6.169246364001e-02
 5.536335416213e+04  1.544853900000e+01  6.168723655886e-02
 5.528046819219e+04  1.562649200000e+01  6.313966530868e-02
 5.528047510969e+04  1.563738800000e+01  6.317527422173e-02
 5.528048196096e+04  1.563296800000e+01  6.315422365395e-02
 5.528048889221e+04  1.565990500000e+01  6.338516816347e-02
 5.532244813272e+04  1.544271700000e+01  6.158339303160e-02
 5.532245447251e+04  1.545497300000e+01  6.154332688046e-02
 5.532246090385e+04  1.544507800000e+01  6.270617853159e-02
 5.532246776738e+04  1.544077200000e+01  6.140410807617e-02
 5.533242082509e+04  1.548284900000e+01  6.181284443631e-02
 5.533242838648e+04  1.543443300000e+01  6.144690858685e-02
 5.533243591580e+04  1.548924500000e+01  6.188426001004e-02
 5.533244341492e+04  1.546269900000e+01  6.168560421219e-02
 5.533933408638e+04  1.565680900000e+01  6.326289321322e-02
 5.533933865270e+04  1.565864000000e+01  6.328888854746e-02
 5.533934327051e+04  1.570176400000e+01  6.364750972681e-02
 5.533934788534e+04  1.567521000000e+01  6.346540052035e-02
 5.547909841638e+04  1.560304100000e+01  6.316061607069e-02
 5.547910756887e+04  1.560715200000e+01  6.322167146517e-02
 5.547911217788e+04  1.561669200000e+01  6.335257382718e-02
 5.548809377829e+04  1.548206800000e+01  6.743440043217e-02
 5.548810192905e+04  1.549496000000e+01  6.720065167346e-02
 5.548810598797e+04  1.550688000000e+01  6.739064356194e-02
 5.545012306045e+04  1.545338200000e+01  6.114977721359e-02
 5.545013328661e+04  1.544785100000e+01  6.114220617761e-02
 5.545013842017e+04  1.545230300000e+01  6.118014494073e-02
 5.567640152940e+04  1.559231500000e+01  6.680882545750e-02
 5.567640901903e+04  1.565430100000e+01  6.951199126256e-02
 5.567641660876e+04  1.574421900000e+01  7.632418430251e-02
 5.567642406772e+04  1.554026100000e+01  7.162648293446e-02
 5.558851547966e+04  1.551219900000e+01  6.470899324451e-02
 5.558852013024e+04  1.549886300000e+01  6.449431149825e-02
 5.558852484925e+04  1.549798100000e+01  6.449448768063e-02
 5.558852959265e+04  1.547743600000e+01  6.421942810651e-02
 5.571332010109e+04  1.553897000000e+01  6.362850976796e-02
 5.571332622225e+04  1.551513800000e+01  6.618588772938e-02
 5.571333140203e+04  1.548544900000e+01  6.802790881090e-02
 5.571333824660e+04  1.551416500000e+01  6.393638325218e-02
 5.563053357234e+04  1.561097200000e+01  8.035093711906e-02
 5.563053456150e+04  1.563368700000e+01  8.089202721484e-02
 5.563053557059e+04  1.558830000000e+01  7.993122702401e-02
 5.563053662816e+04  1.560831600000e+01  8.009842526490e-02
 5.564842121882e+04  1.559335100000e+01  6.341259936657e-02
 5.564842983941e+04  1.558961800000e+01  6.331718951478e-02
 5.564843845433e+04  1.557908000000e+01  6.321210429403e-02
 5.564844707038e+04  1.560238200000e+01  6.338871289636e-02
 5.568940082047e+04  1.561746300000e+01  6.362733026513e-02
 5.568940769686e+04  1.565616900000e+01  6.400051623092e-02
 5.568941465000e+04  1.562876600000e+01  6.376923205495e-02
 5.568942162649e+04  1.565226200000e+01  6.399822826491e-02
 5.438710096657e+04  1.552397400000e+01  6.637143439675e-02
 5.438710611671e+04  1.554435800000e+01  6.664359420168e-02
 5.438711125957e+04  1.555248300000e+01  6.677574238417e-02
 5.438711639756e+04  1.556064400000e+01  6.689390716986e-02
 5.563053357234e+04  1.562744800000e+01  8.136282837847e-02
 5.563053456150e+04  1.561094500000e+01  8.110817014855e-02
 5.563053557059e+04  1.559211500000e+01  8.077496858923e-02
 5.563053662816e+04  1.559279300000e+01  8.058450192294e-02
 5.582514025433e+04  1.568665700000e+01  6.077768784878e-02
 5.582514826483e+04  1.564082800000e+01  6.051094163357e-02
 5.582515636858e+04  1.564255700000e+01  6.053273246127e-02
 5.582516452771e+04  1.566637700000e+01  6.078851085482e-02
 5.586507357282e+04  1.561218300000e+01  5.969408785668e-02
 5.586508020059e+04  1.562532500000e+01  5.984306064204e-02
 5.586508694146e+04  1.561701900000e+01  5.984115310781e-02
 5.586509369110e+04  1.564316100000e+01  6.005819198235e-02
 5.585609283677e+04  1.552973100000e+01  6.325138146824e-02
 5.585609899644e+04  1.554744000000e+01  6.340651958096e-02
 5.585610564414e+04  1.551192200000e+01  6.344851071503e-02
 5.585611352462e+04  1.553851200000e+01  6.354445220319e-02
 5.600742526802e+04  1.562757300000e+01  6.070477244463e-02
 5.600743544067e+04  1.560272600000e+01  6.046419596337e-02
 5.600744569397e+04  1.559131900000e+01  6.037207251394e-02
 5.600745605956e+04  1.555735200000e+01  6.007461862532e-02
 5.604143075793e+04  1.550372300000e+01  6.238532106683e-02
 5.604143590287e+04  1.551059300000e+01  6.243980172059e-02
 5.604144110030e+04  1.549342500000e+01  6.226580819129e-02
 5.604144627880e+04  1.551933500000e+01  6.246313679141e-02
 5.604727712490e+04  1.557304900000e+01  6.346260641029e-02
 5.604728281277e+04  1.559685100000e+01  6.369154107688e-02
 5.604728854465e+04  1.555745500000e+01  6.330532826859e-02
 5.604729431369e+04  1.559168000000e+01  6.359797835861e-02
 5.606040846362e+04  1.565652200000e+01  6.298690267853e-02
 5.606041637154e+04  1.570542400000e+01  6.344766442153e-02
 5.606042435481e+04  1.569115900000e+01  6.325966328115e-02
 5.606043230006e+04  1.569611100000e+01  6.326294123768e-02
 5.607437149361e+04  1.545952600000e+01  6.132031242112e-02
 5.607437657200e+04  1.548678100000e+01  6.152975860477e-02
 5.607438168476e+04  1.549501100000e+01  6.160216912665e-02
 5.607438676130e+04  1.549412700000e+01  6.160559655531e-02
 5.608640540167e+04  1.552685300000e+01  6.208411186898e-02
 5.608641059431e+04  1.551795500000e+01  6.205237931158e-02
 5.608641564456e+04  1.551414800000e+01  6.208153214268e-02
 5.608642080049e+04  1.549402800000e+01  6.189753465553e-02
 5.609332937333e+04  1.563688100000e+01  6.376839268961e-02
 5.609333612076e+04  1.564232700000e+01  6.386720314199e-02
 5.609334290050e+04  1.566936300000e+01  6.429244314230e-02
 5.609334964127e+04  1.565162200000e+01  6.425401280402e-02
 5.618715642618e+04  1.561887700000e+01  6.107171433348e-02
 5.618716143433e+04  1.556622900000e+01  6.050227001710e-02
 5.618716648030e+04  1.559284000000e+01  6.072527932968e-02
 5.618717155962e+04  1.556949900000e+01  6.051025409992e-02
 5.619415995045e+04  1.548022500000e+01  6.067805898486e-02
 5.619416400736e+04  1.546351300000e+01  6.054405534115e-02
 5.619416813120e+04  1.545903600000e+01  6.057383011383e-02
 5.619417230225e+04  1.549892600000e+01  6.093641733033e-02
 5.621508724564e+04  1.547365300000e+01  6.239512248630e-02
 5.621509176380e+04  1.553801500000e+01  6.295686581193e-02
 5.621509626398e+04  1.555305100000e+01  6.310507117126e-02
 5.621510075587e+04  1.554293500000e+01  6.304703285033e-02
 5.622108361052e+04  1.563572900000e+01  6.141893207365e-02
 5.622108969647e+04  1.566093300000e+01  6.160334667939e-02
 5.622109577806e+04  1.568264200000e+01  6.182069059121e-02
 5.622110186655e+04  1.564161300000e+01  6.154438564778e-02
