# time mag mag_err
 5.346440032220e+04  1.589530100000e+01  6.699387664177e-02
 5.346440837804e+04  1.595043200000e+01  6.762064765789e-02
 5.346441641409e+04  1.595945100000e+01  6.773147016211e-02
 5.346442447398e+04  1.598130400000e+01  6.796840455914e-02
 5.373252367098e+04  1.556119300000e+01  6.490322797788e-02
 5.373253017824e+04  1.561119200000e+01  6.525732522050e-02
 5.373253667706e+04  1.560494200000e+01  6.517468098388e-02
 5.373254317322e+04  1.563792700000e+01  6.535275449208e-02
 5.355619986374e+04  1.590400800000e+01  6.844348132397e-02
 5.355620811253e+04  1.598386600000e+01  6.945680065340e-02
 5.355621632926e+04  1.599735700000e+01  6.970631453255e-02
 5.355622455120e+04  1.604483100000e+01  7.044509988011e-02
 5.353722401824e+04  1.626492800000e+01  7.709651191920e-02
 5.353723124788e+04  1.644543400000e+01  8.056620610874e-02
 5.353723835309e+04  1.627967400000e+01  7.742882797909e-02
 5.353724547301e+04  1.644716600000e+01  8.067234786963e-02
 5.349436505973e+04  1.625761700000e+01  7.279209831110e-02
 5.349437464760e+04  1.608278200000e+01  7.037202018584e-02
 5.349438420757e+04  1.589101900000e+01  6.800560214257e-02
 5.349439377714e+04  1.571668500000e+01  6.629771227003e-02
 5.350916612689e+04  1.622101500000e+01  7.240373516448e-02
 5.350917253091e+04  1.609132800000e+01  7.044302251518e-02
 5.350917895218e+04  1.616659400000e+01  7.146440571078e-02
 5.350918537600e+04  1.624846400000e+01  7.254010096515e-02
 5.352130091219e+04  1.593274000000e+01  6.841069062982e-02
 5.352130897208e+04  1.596671000000e+01  6.885722173018e-02
 5.352131702144e+04  1.598434800000e+01  6.909650649784e-02
 5.352132514429e+04  1.606846100000e+01  7.028920168174e-02
 5.383433319198e+04  1.561901600000e+01  6.795126662584e-02
 5.383434098252e+04  1.562666300000e+01  6.797245406882e-02
 5.383434878731e+04  1.559909700000e+01  6.770887912218e-02
 5.383436032353e+04  1.558979200000e+01  6.757342941879e-02
 5.384629433765e+04  1.532388000000e+01  6.262530961398e-02
 5.384630408918e+04  1.537638600000e+01  6.306052177786e-02
 5.384631409535e+04  1.543530900000e+01  6.359843767258e-02
 5.384632379328e+04  1.551974800000e+01  6.442517763371e-02
 5.378849844102e+04  1.574032800000e+01  6.604169232652e-02
 5.378850498499e+04  1.577002700000e+01  6.638608321080e-02
 5.378851156957e+04  1.576781500000e+01  6.633447847937e-02
 5.378851818726e+04  1.581421300000e+01  6.688521297845e-02
 5.374450776819e+04  1.560208500000e+01  6.540890737247e-02
 5.374451421758e+04  1.561729600000e+01  6.554126419120e-02
 5.374452065853e+04  1.560408500000e+01  6.536318011815e-02
 5.374452709323e+04  1.566770700000e+01  6.600818942367e-02
 5.376150506278e+04  1.619735900000e+01  7.213745881383e-02
 5.376151199935e+04  1.618161000000e+01  7.188800898705e-02
 5.376151880594e+04  1.628009800000e+01  7.330737289304e-02
 5.376152559493e+04  1.624704100000e+01  7.277890105537e-02
 5.390427956340e+04  1.598219900000e+01  1.254943046935e-01
 5.390428052340e+04  1.601033600000e+01  1.271985884980e-01
 5.390428150516e+04  1.598767300000e+01  1.261767792626e-01
 5.390428247951e+04  1.601849900000e+01  1.276943626882e-01
 5.390722001574e+04  1.620811200000e+01  7.378155682612e-02
 5.390722858353e+04  1.624161700000e+01  7.396031260049e-02
 5.390723715306e+04  1.629736800000e+01  7.542316461449e-02
 5.390724578462e+04  1.625213200000e+01  7.477452783132e-02
 5.379945086208e+04  1.563095900000e+01  6.520959011253e-02
 5.379945967039e+04  1.562583300000e+01  6.591191530988e-02
 5.379946838656e+04  1.564046300000e+01  6.670121621996e-02
 5.379947693213e+04  1.565853500000e+01  6.694991551407e-02
 5.385627963025e+04  1.627645800000e+01  7.395786952722e-02
 5.385628705806e+04  1.622676800000e+01  7.310117231993e-02
 5.385629451745e+04  1.616084900000e+01  7.216593317071e-02
 5.385630194769e+04  1.609637900000e+01  7.122345717096e-02
 5.386340098230e+04  1.627413600000e+01  1.395415300087e-01
 5.386340173859e+04  1.626230000000e+01  1.388031264127e-01
 5.386340249580e+04  1.607344700000e+01  1.281480871206e-01
 5.386340335696e+04  1.629307100000e+01  1.405951837858e-01
 5.387631136486e+04  1.635961300000e+01  7.652299890752e-02
 5.387631984862e+04  1.634542700000e+01  7.639061622638e-02
 5.387632833318e+04  1.628839700000e+01  7.554181372545e-02
 5.387634004616e+04  1.622896900000e+01  7.488784079954e-02
 5.388220114274e+04  1.565455200000e+01  6.605626969347e-02
 5.388220829460e+04  1.567266100000e+01  6.620981629695e-02
 5.388221548755e+04  1.572802000000e+01  6.672512887585e-02
 5.388222264450e+04  1.574533600000e+01  6.692316007034e-02
 5.420635787811e+04  1.571419500000e+01  6.611706210278e-02
 5.420636226641e+04  1.571535500000e+01  6.610138419976e-02
 5.420636668006e+04  1.571246900000e+01  6.602292008554e-02
 5.420637107009e+04  1.575756100000e+01  6.654340482309e-02
 5.421333782900e+04  1.633596900000e+01  7.458872504109e-02
 5.421334725111e+04  1.636915300000e+01  7.436523984507e-02
 5.421335665043e+04  1.634804000000e+01  7.475727990043e-02
 5.421336603156e+04  1.630846300000e+01  7.420071119410e-02
 5.411650038716e+04  1.572293500000e+01  6.494822673986e-02
 5.411650703206e+04  1.576946500000e+01  6.541168633848e-02
 5.411651370844e+04  1.578233700000e+01  6.555780000719e-02
 5.411652055530e+04  1.582605300000e+01  6.596124476913e-02
 5.412850716672e+04  1.594599300000e+01  6.963315754327e-02
 5.412851382422e+04  1.600850500000e+01  6.840253954692e-02
 5.412852046981e+04  1.599713200000e+01  6.840162366727e-02
 5.412852714178e+04  1.601487000000e+01  7.014430814607e-02
 5.425619197700e+04  1.604431700000e+01  7.243204733997e-02
 5.425619838229e+04  1.602036400000e+01  7.512024108507e-02
 5.425620478505e+04  1.609245600000e+01  7.499179729184e-02
 5.425621119878e+04  1.599340600000e+01  8.092307727620e-02
 5.426321204625e+04  1.557499400000e+01  6.503275301336e-02
 5.426321849830e+04  1.557827200000e+01  6.506930383036e-02
 5.426322489943e+04  1.562873500000e+01  6.572384635852e-02
 5.426323130113e+04  1.574989200000e+01  7.731801827763e-02
 5.426919450392e+04  1.621391800000e+01  7.227640543519e-02
 5.426920209098e+04  1.616030500000e+01  7.152245666025e-02
 5.426920968037e+04  1.619434100000e+01  7.195902791286e-02
 5.426921726744e+04  1.615880900000e+01  7.147109599335e-02
 5.417240160131e+04  1.567287200000e+01  6.462065773642e-02
 5.417240813959e+04  1.566776900000e+01  6.457380641175e-02
 5.417241466250e+04  1.569010300000e+01  6.477128920929e-02
 5.417242118643e+04  1.572851700000e+01  6.514633907050e-02
 5.423032790124e+04  1.595480400000e+01  6.849400045541e-02
 5.423033581564e+04  1.599617500000e+01  6.900638151243e-02
 5.423034371476e+04  1.598725900000e+01  6.890259557104e-02
 5.423035161619e+04  1.601189500000e+01  6.926853475433e-02
 5.424133605003e+04  1.598582800000e+01  6.939219532740e-02
 5.456243267912e+04  1.628211000000e+01  7.335255993880e-02
 5.456243825451e+04  1.632870300000e+01  7.413573645834e-02
 5.456244389472e+04  1.628049600000e+01  7.337168449064e-02
 5.456244957626e+04  1.621186000000e+01  7.171030939215e-02
 5.456839084838e+04  1.604610200000e+01  6.885700605432e-02
 5.456839640641e+04  1.602684200000e+01  6.864329656092e-02
 5.456840198169e+04  1.607515100000e+01  6.925495729005e-02
 5.456840754644e+04  1.603993200000e+01  6.881295542210e-02
 5.450352744237e+04  1.620417600000e+01  7.055672177029e-02
 5.450353356918e+04  1.622248500000e+01  7.082713722184e-02
 5.450353965027e+04  1.618215900000e+01  7.024465543323e-02
 5.450354574688e+04  1.622448100000e+01  7.083419030558e-02
 5.451045247343e+04  1.579622400000e+01  6.580645899318e-02
 5.451045896218e+04  1.584046800000e+01  6.625707486006e-02
 5.451046546875e+04  1.585472900000e+01  6.633316199525e-02
 5.451047198088e+04  1.586935500000e+01  6.651539631235e-02
 5.464819261557e+04  1.602556100000e+01  7.025075098039e-02
 5.464819764255e+04  1.601249600000e+01  7.014493566356e-02
 5.464820261641e+04  1.606287200000e+01  7.086340990025e-02
 5.464820760253e+04  1.602790700000e+01  7.054265879433e-02
 5.452939578260e+04  1.628194100000e+01  7.214245938090e-02
 5.452940773898e+04  1.628816700000e+01  7.211016000667e-02
 5.452941968889e+04  1.629297900000e+01  7.212184990455e-02
 5.452943159561e+04  1.627853300000e+01  7.190064602700e-02
 5.494138981683e+04  1.618561500000e+01  6.691686389960e-02
 5.494139705471e+04  1.622005700000e+01  6.728975280052e-02
 5.494140425333e+04  1.624664300000e+01  6.766973618986e-02
 5.494141149712e+04  1.622672200000e+01  6.743386125064e-02
 5.494938553793e+04  1.598907500000e+01  6.858776692841e-02
 5.494939363209e+04  1.596925700000e+01  6.835147972759e-02
 5.494940171447e+04  1.596290000000e+01  6.833167223546e-02
 5.494940988745e+04  1.610110000000e+01  7.013527666555e-02
 5.504415380918e+04  1.619054700000e+01  7.887457493163e-02
 5.504415772353e+04  1.616693400000e+01  7.849695529726e-02
 5.504416162823e+04  1.601854900000e+01  7.582727405418e-02
 5.504416559451e+04  1.622736100000e+01  7.974154985420e-02
 5.488645986537e+04  1.619779700000e+01  7.083459710341e-02
 5.488646528960e+04  1.629720100000e+01  7.587977779441e-02
 5.488647387995e+04  1.618293200000e+01  7.036082192682e-02
 5.488647939713e+04  1.624722200000e+01  7.255477374471e-02
 5.486245736978e+04  1.619088500000e+01  7.094325971173e-02
 5.486246768916e+04  1.624093200000e+01  7.150710624604e-02
 5.486247809893e+04  1.627110700000e+01  7.183082042435e-02
 5.486248875618e+04  1.624345700000e+01  7.139992806469e-02
 5.501716077190e+04  1.571871200000e+01  7.593411223393e-02
 5.501716435275e+04  1.561760300000e+01  7.398833756871e-02
 5.501716798723e+04  1.577080600000e+01  7.700147836351e-02
 5.501717177017e+04  1.576216800000e+01  7.671736823031e-02
 5.491138320701e+04  1.629537600000e+01  7.215966783582e-02
 5.491138927664e+04  1.630355400000e+01  7.327150883365e-02
 5.491139537023e+04  1.624169700000e+01  7.293523993273e-02
 5.491140139715e+04  1.633443000000e+01  7.386105143849e-02
 5.496427340213e+04  1.613968100000e+01  7.055225031041e-02
 5.496428066730e+04  1.617016800000e+01  7.091104293471e-02
 5.496428796306e+04  1.620640900000e+01  7.137498155214e-02
 5.496429522605e+04  1.620285900000e+01  7.135915540377e-02
 5.497524989808e+04  1.606246600000e+01  6.975931709573e-02
 5.497525644192e+04  1.606550300000e+01  6.989858459444e-02
 5.497526302338e+04  1.609144500000e+01  7.008913903935e-02
 5.497526958344e+04  1.602592700000e+01  6.916444330781e-02
 5.498123826611e+04  1.631561000000e+01  7.397271666716e-02
 5.498124312471e+04  1.624852200000e+01  7.227577235602e-02
 5.498124787541e+04  1.627103100000e+01  7.266355211340e-02
 5.498125266884e+04  1.619597600000e+01  7.149513568934e-02
 5.529534587612e+04  1.633663000000e+01  7.330525937171e-02
 5.529535156841e+04  1.632453900000e+01  7.312206868479e-02
 5.529535737581e+04  1.633640000000e+01  7.330825351494e-02
 5.529536316338e+04  1.626603400000e+01  7.218114403949e-02
 5.524246496971e+04  1.583819100000e+01  6.705577852378e-02
 5.524247423411e+04  1.594842300000e+01  6.828427288617e-02
 5.524248353515e+04  1.590996400000e+01  6.779031087782e-02
 5.524249286620e+04  1.596663500000e+01  6.835249165679e-02
 5.535023703598e+04  1.624425400000e+01  7.245979601948e-02
 5.535024502941e+04  1.631070000000e+01  7.470449426043e-02
 5.535025314036e+04  1.626699700000e+01  7.267031848842e-02
 5.535026119675e+04  1.625285200000e+01  7.331001499143e-02
 5.535622405992e+04  1.584134000000e+01  6.677985934590e-02
 5.535622976324e+04  1.591458600000e+01  6.762092483111e-02
 5.535623537949e+04  1.589840400000e+01  6.741643664850e-02
 5.535624105271e+04  1.591509900000e+01  6.764196427505e-02
 5.536519027942e+04  1.585956000000e+01  6.704569619812e-02
 5.536519483358e+04  1.577501400000e+01  6.600168550472e-02
 5.536519933657e+04  1.571197000000e+01  6.537685930681e-02
 5.536520386644e+04  1.570370500000e+01  6.521248572730e-02
 5.527042844171e+04  1.635009300000e+01  7.375685170474e-02
 5.527043544056e+04  1.635768300000e+01  7.385658884348e-02
 5.527044251050e+04  1.636345900000e+01  7.404272585386e-02
 5.527044953109e+04  1.633557100000e+01  7.373569784236e-02
 5.527643535012e+04  1.596176900000e+01  6.987762872310e-02
 5.527644220343e+04  1.599589000000e+01  6.928803463306e-02
 5.527644920293e+04  1.605551200000e+01  6.963516714831e-02
 5.527645615547e+04  1.609541100000e+01  7.010536579820e-02
 5.532136022420e+04  1.598361700000e+01  6.832935028068e-02
 5.532136594852e+04  1.600028900000e+01  6.852124091349e-02
 5.532137181571e+04  1.605139500000e+01  6.918448541170e-02
 5.532137761273e+04  1.604407500000e+01  6.911571705245e-02
 5.532937280098e+04  1.563675300000e+01  6.439689750704e-02
 5.532937980053e+04  1.567766300000e+01  6.484949627215e-02
 5.532938678863e+04  1.569544900000e+01  6.505193476205e-02
 5.532939376144e+04  1.566241700000e+01  6.478459747793e-02
 5.533828423843e+04  1.640780200000e+01  7.458533299141e-02
 5.533829175281e+04  1.632967800000e+01  7.321498770423e-02
 5.533829929405e+04  1.634151900000e+01  7.348612992776e-02
 5.533830682860e+04  1.638988900000e+01  7.434709017845e-02
 5.565441846882e+04  1.623711200000e+01  7.468333241634e-02
 5.565442299185e+04  1.635545000000e+01  8.254518224341e-02
 5.565442758144e+04  1.622504700000e+01  7.612882415294e-02
 5.565443213860e+04  1.625405000000e+01  7.632184403006e-02
 5.566338591125e+04  1.618605300000e+01  6.816378928191e-02
 5.566339352759e+04  1.617258500000e+01  6.799302210800e-02
 5.566340119409e+04  1.620884500000e+01  6.847003585059e-02
 5.566340888087e+04  1.623813200000e+01  6.889469023082e-02
 5.567442783095e+04  1.633062900000e+01  7.507586183631e-02
 5.567443585819e+04  1.632692500000e+01  7.504873891373e-02
 5.567444388927e+04  1.629079300000e+01  7.463331668817e-02
 5.567445199178e+04  1.629126700000e+01  7.474127579087e-02
 5.560449364398e+04  1.618346200000e+01  7.126049931897e-02
 5.560449996977e+04  1.617082300000e+01  7.118007682347e-02
 5.560450636521e+04  1.617304000000e+01  7.122133283095e-02
 5.560451274127e+04  1.623173900000e+01  7.207408971263e-02
 5.557750848611e+04  1.532728800000e+01  6.575835613766e-02
 5.557751580977e+04  1.534985400000e+01  6.587547197499e-02
 5.557752319954e+04  1.541996000000e+01  6.662889661063e-02
 5.557753056598e+04  1.540876800000e+01  6.646569367539e-02
 5.562149211369e+04  1.545192300000e+01  6.303992857327e-02
 5.562149797765e+04  1.546299100000e+01  6.314580547050e-02
 5.562150382888e+04  1.550124200000e+01  6.350529778778e-02
 5.562150965995e+04  1.552233700000e+01  6.371536831666e-02
 5.563442204212e+04  1.563629600000e+01  6.536001761894e-02
 5.563443076965e+04  1.567853300000e+01  6.574595514146e-02
 5.563443949928e+04  1.566837000000e+01  6.555849280322e-02
 5.563444814881e+04  1.569506100000e+01  6.581012307181e-02
 5.564738811476e+04  1.578980000000e+01  6.731184024219e-02
 5.564739388356e+04  1.576458000000e+01  6.696003721631e-02
 5.564739966940e+04  1.583913200000e+01  6.780417130162e-02
 5.564740544480e+04  1.586159800000e+01  6.806880738218e-02
 5.568733067324e+04  1.636711200000e+01  7.630711082576e-02
 5.568733528646e+04  1.630871700000e+01  7.527042962399e-02
 5.568733993345e+04  1.632835700000e+01  7.567147120185e-02
 5.568734452883e+04  1.636199400000e+01  7.631880171879e-02
 5.570128146742e+04  1.606817900000e+01  7.069992318879e-02
 5.570128940172e+04  1.593151800000e+01  6.885280520820e-02
 5.570129729844e+04  1.590003400000e+01  6.843979662847e-02
 5.570130528797e+04  1.582158200000e+01  6.748891090620e-02
 5.570531520095e+04  1.606721700000e+01  7.123536315786e-02
 5.570532380704e+04  1.613372100000e+01  7.225012994630e-02
 5.570533239485e+04  1.612511400000e+01  7.222313673134e-02
 5.570534100895e+04  1.611264800000e+01  7.210922604436e-02
 5.424135311870e+04  1.604458400000e+01  7.022930828714e-02
 5.424136320058e+04  1.608039300000e+01  7.088494331287e-02
 5.424137328441e+04  1.611063500000e+01  7.140209414498e-02
 5.424138336789e+04  1.613404800000e+01  7.188390140225e-02
 5.533828423843e+04  1.643379200000e+01  7.495248864143e-02
 5.533829175281e+04  1.631849800000e+01  7.295935784258e-02
 5.533829929405e+04  1.635835100000e+01  7.368803325896e-02
 5.533830682860e+04  1.641331900000e+01  7.465558441113e-02
 5.592653514969e+04  1.542442100000e+01  6.286660740806e-02
 5.592653856686e+04  1.546236700000e+01  6.318035818305e-02
 5.592654204669e+04  1.548788900000e+01  6.338492205351e-02
 5.592654543309e+04  1.551300500000e+01  6.357674484273e-02
 5.598251938310e+04  1.569908700000e+01  6.521307708630e-02
 5.598252336353e+04  1.573610200000e+01  6.560116612600e-02
 5.598252735725e+04  1.574023600000e+01  6.560897979819e-02
 5.598253135258e+04  1.576946200000e+01  6.594166119110e-02
 5.598839079656e+04  1.619825600000e+01  7.187675565394e-02
 5.598839825733e+04  1.625327400000e+01  7.261483572366e-02
 5.598840573385e+04  1.624956100000e+01  7.250919792543e-02
 5.598841312444e+04  1.626953100000e+01  7.275372251819e-02
 5.600340988549e+04  1.623978100000e+01  7.226088462237e-02
 5.600341847772e+04  1.632690200000e+01  7.357382047410e-02
 5.600342709111e+04  1.620312800000e+01  7.170060995694e-02
 5.600343567443e+04  1.620569900000e+01  7.172270918682e-02
 5.601346182324e+04  1.629859400000e+01  7.431282870821e-02
 5.601346638910e+04  1.629804500000e+01  7.431554885267e-02
 5.601347095832e+04  1.630397100000e+01  7.449021615503e-02
 5.601347551469e+04  1.627569600000e+01  7.406433504800e-02
 5.603243071925e+04  1.626590700000e+01  7.351917252729e-02
 5.603243430670e+04  1.626363900000e+01  7.347716984127e-02
 5.603243789278e+04  1.623778700000e+01  7.318310673986e-02
 5.603244147293e+04  1.627118400000e+01  7.360243425280e-02
 5.605931407265e+04  1.630492900000e+01  7.302265002474e-02
 5.605932078236e+04  1.633518100000e+01  7.312448815875e-02
 5.605932757933e+04  1.632589200000e+01  7.287031603981e-02
 5.605933439637e+04  1.629422500000e+01  7.240373516448e-02
 5.606936823768e+04  1.637672500000e+01  7.432566308558e-02
 5.606937503270e+04  1.624393600000e+01  7.237022428834e-02
 5.606938180273e+04  1.627368800000e+01  7.286778859431e-02
 5.606938862027e+04  1.625684300000e+01  7.268915949450e-02
 5.608732304389e+04  1.618163000000e+01  7.068589934949e-02
 5.608732814447e+04  1.619108500000e+01  7.110790651933e-02
 5.608733345723e+04  1.615459900000e+01  7.067096458362e-02
 5.608733859775e+04  1.620442400000e+01  7.137656650874e-02
 5.609321656222e+04  1.637266400000e+01  7.431030091911e-02
 5.609322502580e+04  1.637998900000e+01  7.441831050680e-02
 5.609323354919e+04  1.634223000000e+01  7.381965162982e-02
 5.609324198998e+04  1.638199300000e+01  7.449041306336e-02
 5.615214561589e+04  1.606667700000e+01  7.243720410084e-02
 5.615215081398e+04  1.597535100000e+01  7.126875253844e-02
 5.615215597245e+04  1.577847500000e+01  6.872524455855e-02
 5.615216119068e+04  1.566285100000e+01  6.755796729468e-02
