# time mag mag_err
 5.356124188750e+04  1.501008800000e+01  6.015300230126e-02
 5.356124755722e+04  1.501441600000e+01  6.024840156388e-02
 5.356125319617e+04  1.500443000000e+01  6.020991354987e-02
 5.356125882353e+04  1.503648100000e+01  6.045643078379e-02
 5.352639938887e+04  1.454038200000e+01  5.716750887953e-02
 5.352640909282e+04  1.450677900000e+01  5.701429595985e-02
 5.352641884007e+04  1.452324500000e+01  5.711114686948e-02
 5.352642862111e+04  1.463750200000e+01  5.776271526405e-02
 5.353431906175e+04  1.517210500000e+01  6.113809910978e-02
 5.353432759492e+04  1.515654400000e+01  6.100753707162e-02
 5.353433600911e+04  1.518081700000e+01  6.120171334247e-02
 5.353434434471e+04  1.520268300000e+01  6.139731271425e-02
 5.368805986544e+04  1.522953800000e+01  6.214059065211e-02
 5.368806525101e+04  1.487567200000e+01  5.953268475021e-02
 5.368807065557e+04  1.494034300000e+01  6.000551489310e-02
 5.368807603928e+04  1.491080900000e+01  5.985447156248e-02
 5.369406369390e+04  1.520431300000e+01  6.215075463316e-02
 5.369406697705e+04  1.518725900000e+01  6.203449089849e-02
 5.369407019167e+04  1.520875600000e+01  6.227220024341e-02
 5.369407349369e+04  1.520907000000e+01  6.231315423145e-02
 5.364413535097e+04  1.466922700000e+01  5.856631149034e-02
 5.364414190685e+04  1.467039900000e+01  5.859110027261e-02
 5.364414844317e+04  1.468512300000e+01  5.868667093437e-02
 5.364415498609e+04  1.471587900000e+01  5.890213593575e-02
 5.365614057286e+04  1.523451200000e+01  6.333883435575e-02
 5.365614544625e+04  1.521675400000e+01  6.322861745450e-02
 5.365615033133e+04  1.510827900000e+01  6.227523691464e-02
 5.365615519986e+04  1.505601400000e+01  6.190872264978e-02
 5.367307576990e+04  1.490766300000e+01  5.968353540508e-02
 5.367308065880e+04  1.491157700000e+01  5.972946907363e-02
 5.367308554804e+04  1.491217000000e+01  5.974313447787e-02
 5.367309044042e+04  1.491922900000e+01  5.985156616429e-02
 5.362714985984e+04  1.516972400000e+01  6.388156396231e-02
 5.362715685637e+04  1.514363800000e+01  6.367167900956e-02
 5.362716384005e+04  1.516710300000e+01  6.386070014394e-02
 5.362717090834e+04  1.516396200000e+01  6.388562847457e-02
 5.383344939236e+04  1.489741700000e+01  5.959048676440e-02
 5.383345585332e+04  1.490156300000e+01  5.963318355477e-02
 5.383346251442e+04  1.490335000000e+01  5.964515475540e-02
 5.383346911995e+04  1.491245300000e+01  5.979777991144e-02
 5.385145782902e+04  1.509944100000e+01  6.110782296418e-02
 5.385146214694e+04  1.511057900000e+01  6.119594171498e-02
 5.385146639171e+04  1.509346400000e+01  6.108240012101e-02
 5.385147071890e+04  1.511326400000e+01  6.122234756487e-02
 5.390032069686e+04  1.467136900000e+01  8.523379789291e-02
 5.390032171554e+04  1.471848000000e+01  8.657309493504e-02
 5.390032272439e+04  1.470641800000e+01  8.627690957628e-02
 5.390032372259e+04  1.471019900000e+01  8.613265865727e-02
 5.379647452177e+04  1.477768300000e+01  5.862883741819e-02
 5.379648095207e+04  1.477982400000e+01  5.866318926078e-02
 5.379648742890e+04  1.480846400000e+01  5.882264549719e-02
 5.379649390110e+04  1.481698900000e+01  5.888409028255e-02
 5.388636896887e+04  1.455466800000e+01  5.761917838198e-02
 5.388637808899e+04  1.453935300000e+01  5.752986048958e-02
 5.388638719442e+04  1.455289400000e+01  5.761824167056e-02
 5.388639628793e+04  1.457640600000e+01  5.776913155960e-02
 5.405506017882e+04  1.505307800000e+01  6.669290984293e-02
 5.405506305662e+04  1.506260900000e+01  6.683608100335e-02
 5.405506595272e+04  1.503721100000e+01  6.660602116827e-02
 5.405506884719e+04  1.504310900000e+01  6.669046863987e-02
 5.403709092421e+04  1.488129800000e+01  5.863735122890e-02
 5.403709571657e+04  1.488944800000e+01  5.870285079964e-02
 5.403710055247e+04  1.491546200000e+01  5.890905823282e-02
 5.403710540387e+04  1.491523200000e+01  5.892909549277e-02
 5.399516365512e+04  1.515383100000e+01  6.024122988207e-02
 5.399517328059e+04  1.513559000000e+01  6.016798894159e-02
 5.399518287875e+04  1.512955700000e+01  6.014497068151e-02
 5.399519249208e+04  1.515895300000e+01  6.039842948748e-02
 5.399611755405e+04  1.485564700000e+01  5.823575570977e-02
 5.399612308569e+04  1.485732900000e+01  5.825109167408e-02
 5.399612855622e+04  1.486567400000e+01  5.831893832995e-02
 5.399613403693e+04  1.488534800000e+01  5.846259768040e-02
 5.400711285110e+04  1.492121000000e+01  6.261414639682e-02
 5.400711454378e+04  1.492873700000e+01  6.312424939164e-02
 5.400711622639e+04  1.493337000000e+01  6.326554551461e-02
 5.400711790899e+04  1.494044000000e+01  6.398935472518e-02
 5.429526421770e+04  1.522560200000e+01  6.234719050708e-02
 5.429526847949e+04  1.524955500000e+01  6.248543387319e-02
 5.429527276616e+04  1.523499400000e+01  6.275762077253e-02
 5.429527704148e+04  1.523587300000e+01  6.270022937093e-02
 5.425838801835e+04  1.529006200000e+01  6.186245996014e-02
 5.425839456764e+04  1.525394000000e+01  6.157142241510e-02
 5.425840115801e+04  1.517744000000e+01  6.096084837596e-02
 5.425840768056e+04  1.508864700000e+01  6.034240716852e-02
 5.427035888972e+04  1.516597100000e+01  6.148787011276e-02
 5.427036639218e+04  1.516942600000e+01  6.153542813479e-02
 5.427037392762e+04  1.515462700000e+01  6.140242531993e-02
 5.427038144616e+04  1.515129700000e+01  6.140304362984e-02
 5.417747093788e+04  1.515544600000e+01  6.068717513883e-02
 5.417748026323e+04  1.514263000000e+01  6.059690325942e-02
 5.417748959137e+04  1.514386500000e+01  6.058344736036e-02
 5.417749987544e+04  1.514277800000e+01  6.054890402780e-02
 5.423528860071e+04  1.528171200000e+01  6.256476190967e-02
 5.423529348382e+04  1.530651400000e+01  6.373996792412e-02
 5.423529837804e+04  1.530975000000e+01  6.504076525643e-02
 5.423530327528e+04  1.531813900000e+01  6.280908882122e-02
 5.440807470351e+04  1.498560300000e+01  6.327375111800e-02
 5.440807891760e+04  1.495480300000e+01  6.302764503178e-02
 5.440808312858e+04  1.499410600000e+01  6.342760245961e-02
 5.440808732891e+04  1.500917600000e+01  6.360563484965e-02
 5.441906547667e+04  1.501423200000e+01  5.996926354990e-02
 5.441907090159e+04  1.502118900000e+01  6.004148860478e-02
 5.441907628472e+04  1.502008600000e+01  6.005949142773e-02
 5.441908170259e+04  1.502738900000e+01  6.018377305843e-02
 5.438510848256e+04  1.508525200000e+01  6.008979565305e-02
 5.438511282211e+04  1.509020900000e+01  6.013917443253e-02
 5.438511715589e+04  1.510384300000e+01  6.028036257577e-02
 5.438512144696e+04  1.512359100000e+01  6.042223537293e-02
 5.435818594536e+04  1.527135400000e+01  6.232295060098e-02
 5.435819131588e+04  1.525872300000e+01  6.226677876439e-02
 5.435819670307e+04  1.524266000000e+01  6.218147968695e-02
 5.435820206826e+04  1.520036700000e+01  6.192942206812e-02
 5.456835261523e+04  1.479202900000e+01  5.832453333254e-02
 5.456836243204e+04  1.482880200000e+01  5.851236254671e-02
 5.456837224527e+04  1.485154400000e+01  5.832118540843e-02
 5.456838203568e+04  1.485720100000e+01  5.866094228492e-02
 5.458428439924e+04  1.526004200000e+01  6.194627642453e-02
 5.458429202449e+04  1.524839900000e+01  6.181473972144e-02
 5.458429962869e+04  1.527835400000e+01  6.200043158660e-02
 5.458430744263e+04  1.527174800000e+01  6.189436378309e-02
 5.462634721985e+04  1.513417900000e+01  6.084164176762e-02
 5.462635450435e+04  1.515166900000e+01  6.098758200522e-02
 5.462636177683e+04  1.516032900000e+01  6.107969412798e-02
 5.462636902707e+04  1.517983100000e+01  6.121969743246e-02
 5.464135879640e+04  1.515739800000e+01  6.156560667609e-02
 5.464136482459e+04  1.518232800000e+01  6.174315191085e-02
 5.464137088797e+04  1.520189700000e+01  6.196417807732e-02
 5.464137691339e+04  1.522362100000e+01  6.213044650103e-02
 5.453140215749e+04  1.472616400000e+01  5.832269603925e-02
 5.453141203565e+04  1.475052700000e+01  5.836997434808e-02
 5.453142186252e+04  1.474409700000e+01  5.828538323209e-02
 5.453143166903e+04  1.480192700000e+01  5.859247996533e-02
 5.459240398946e+04  1.528026700000e+01  6.202481481580e-02
 5.459835977441e+04  1.479991800000e+01  5.871093648948e-02
 5.459836717432e+04  1.479154300000e+01  5.930254906532e-02
 5.459837235941e+04  1.484927200000e+01  5.982703525066e-02
 5.459837796988e+04  1.483784200000e+01  5.887138800384e-02
 5.473116283613e+04  1.503208800000e+01  5.957024906028e-02
 5.473116876640e+04  1.502773000000e+01  5.959001885550e-02
 5.473117469980e+04  1.504767500000e+01  5.976097498944e-02
 5.473118062822e+04  1.505986600000e+01  5.989358776652e-02
 5.494237413564e+04  1.509212300000e+01  6.021978128713e-02
 5.494237962098e+04  1.508221400000e+01  6.013779946069e-02
 5.494238506027e+04  1.509786300000e+01  6.022751321161e-02
 5.494239055765e+04  1.509867500000e+01  6.023496059656e-02
 5.506323502398e+04  1.459062700000e+01  6.033691056509e-02
 5.506324090959e+04  1.459091300000e+01  6.039745065736e-02
 5.506324670132e+04  1.463242300000e+01  6.070184974588e-02
 5.506325252385e+04  1.464025700000e+01  6.084523291459e-02
 5.503417449009e+04  1.514357100000e+01  6.590214909463e-02
 5.503417845235e+04  1.515189500000e+01  6.587177319514e-02
 5.503418236377e+04  1.513236700000e+01  6.574880390720e-02
 5.503418621953e+04  1.514960400000e+01  6.612660635529e-02
 5.504320354807e+04  1.493076600000e+01  6.273034626796e-02
 5.504320952565e+04  1.495690500000e+01  6.293563682031e-02
 5.504321547212e+04  1.499365700000e+01  6.331081870997e-02
 5.504322129286e+04  1.497148000000e+01  6.309400712521e-02
 5.499636673330e+04  1.470733800000e+01  5.783956889324e-02
 5.499637502456e+04  1.473791800000e+01  5.802848409928e-02
 5.499638575506e+04  1.475112300000e+01  5.813248848909e-02
 5.499639137235e+04  1.477093900000e+01  5.826701435432e-02
 5.489250308428e+04  1.462597600000e+01  5.843720824514e-02
 5.489251079925e+04  1.464657800000e+01  5.854662108931e-02
 5.489251850009e+04  1.467313800000e+01  5.867528852743e-02
 5.489252648059e+04  1.469665500000e+01  5.883443384657e-02
 5.491942703370e+04  1.521218300000e+01  6.568386125593e-02
 5.492045733024e+04  1.510450100000e+01  6.031391770040e-02
 5.492046516873e+04  1.510276800000e+01  6.030110718772e-02
 5.492047314494e+04  1.511295900000e+01  6.036765227368e-02
 5.492048116203e+04  1.513642700000e+01  6.051842367839e-02
 5.495532920531e+04  1.452198500000e+01  5.964217079466e-02
 5.495533502900e+04  1.450294800000e+01  5.936832928257e-02
 5.495534086517e+04  1.452667600000e+01  5.950320975075e-02
 5.495534678065e+04  1.454558900000e+01  5.963895182062e-02
 5.509516926466e+04  1.503724800000e+01  6.258798528557e-02
 5.509517416201e+04  1.505260100000e+01  6.272959941097e-02
 5.509517901690e+04  1.507694700000e+01  6.300204942561e-02
 5.509518394538e+04  1.507462400000e+01  6.301270790609e-02
 5.510213103903e+04  1.510919600000e+01  6.091721516287e-02
 5.510213594692e+04  1.508811300000e+01  6.075120204084e-02
 5.510214079497e+04  1.509374700000e+01  6.081681964182e-02
 5.510214569752e+04  1.510809500000e+01  6.059419184917e-02
 5.529943327874e+04  1.510021600000e+01  6.041406212674e-02
 5.529944022844e+04  1.510554000000e+01  6.049826878803e-02
 5.529944723515e+04  1.508872300000e+01  6.039208437654e-02
 5.529945423853e+04  1.511857500000e+01  6.064872122800e-02
 5.535035770372e+04  1.522964100000e+01  6.214940879259e-02
 5.535036353896e+04  1.526248200000e+01  6.267001082626e-02
 5.535036935200e+04  1.525943900000e+01  6.303158219106e-02
 5.535037516758e+04  1.527539100000e+01  6.309428797487e-02
 5.535735374284e+04  1.502878100000e+01  5.991780700446e-02
 5.535735887986e+04  1.491413400000e+01  5.913453560231e-02
 5.535736405801e+04  1.483055000000e+01  5.860080498235e-02
 5.535736922038e+04  1.479030700000e+01  5.837206053763e-02
 5.536432366911e+04  1.454491100000e+01  5.696840819559e-02
 5.536432880953e+04  1.452971400000e+01  5.689555191091e-02
 5.536433405948e+04  1.451275300000e+01  5.681167986779e-02
 5.536433925001e+04  1.453739200000e+01  5.693745993599e-02
 5.536830283483e+04  1.519170900000e+01  6.129708831771e-02
 5.536830976259e+04  1.510477500000e+01  6.064978266864e-02
 5.536831664659e+04  1.496321100000e+01  5.966146057219e-02
 5.536832357841e+04  1.485667500000e+01  5.896314679773e-02
 5.527350695037e+04  1.513361000000e+01  6.066153466637e-02
 5.527351155384e+04  1.510306700000e+01  6.040159077639e-02
 5.527351611553e+04  1.514868000000e+01  6.072566902296e-02
 5.527352078556e+04  1.516246400000e+01  6.081352405471e-02
 5.528043511000e+04  1.508345300000e+01  6.046595457495e-02
 5.528044192701e+04  1.512728300000e+01  6.076441150744e-02
 5.528044887295e+04  1.513346000000e+01  6.083327189977e-02
 5.528045575247e+04  1.515661900000e+01  6.099191433861e-02
 5.532442153047e+04  1.525658000000e+01  7.061425505175e-02
 5.532442311065e+04  1.526807900000e+01  7.235710762825e-02
 5.532442470505e+04  1.529861800000e+01  7.451376526084e-02
 5.532442629390e+04  1.529682400000e+01  7.559778772182e-02
 5.533038653189e+04  1.475653100000e+01  5.822556574219e-02
 5.533039224328e+04  1.477185200000e+01  5.831641737807e-02
 5.533039793906e+04  1.479476300000e+01  5.845612336925e-02
 5.533040366052e+04  1.480465100000e+01  5.849954682235e-02
 5.533935879563e+04  1.514780100000e+01  6.069898875659e-02
 5.533936395942e+04  1.516319100000e+01  6.092036402757e-02
 5.533936917613e+04  1.517158500000e+01  6.086332230739e-02
 5.533937431969e+04  1.516331100000e+01  6.078514317632e-02
 5.547810171624e+04  1.484300500000e+01  5.885783975342e-02
 5.547811082915e+04  1.485620300000e+01  5.897680592434e-02
 5.547811539839e+04  1.486612000000e+01  5.906065840710e-02
 5.548811279468e+04  1.513115400000e+01  6.133953842547e-02
 5.548812309138e+04  1.514410300000e+01  6.151668256399e-02
 5.548812826803e+04  1.517273800000e+01  6.179770518216e-02
 5.545014514250e+04  1.516640200000e+01  6.058848191139e-02
 5.545015545855e+04  1.519881200000e+01  6.085599219008e-02
 5.545016060455e+04  1.523517400000e+01  6.116839522951e-02
 5.567742628874e+04  1.517636800000e+01  6.171791072955e-02
 5.567743514834e+04  1.518641900000e+01  6.192175489246e-02
 5.567744406537e+04  1.520342800000e+01  6.199392992825e-02
 5.567745190097e+04  1.511314400000e+01  6.136813881520e-02
 5.571338454030e+04  1.463026700000e+01  5.844152607210e-02
 5.571339065729e+04  1.479467000000e+01  6.658089373854e-02
 5.571339711470e+04  1.460318000000e+01  6.317446628162e-02
 5.571340232803e+04  1.478879000000e+01  6.802771532509e-02
 5.568942487341e+04  1.512016200000e+01  6.119030853941e-02
 5.568943029142e+04  1.509242500000e+01  6.098524323632e-02
 5.568943569123e+04  1.509130000000e+01  6.098821426179e-02
 5.568944104395e+04  1.510845400000e+01  6.112391303435e-02
 5.459240548536e+04  1.524471500000e+01  6.595221650049e-02
 5.459241108066e+04  1.518974700000e+01  6.535094059025e-02
 5.459241672887e+04  1.514288200000e+01  6.478725059653e-02
 5.459242236051e+04  1.473286400000e+01  6.061291374706e-02
 5.586407844315e+04  1.495015400000e+01  5.954017176204e-02
 5.586408353990e+04  1.497969300000e+01  5.976676706410e-02
 5.586408871156e+04  1.498994200000e+01  5.985772643436e-02
 5.586409389434e+04  1.499581400000e+01  5.992703643055e-02
 5.585511636374e+04  1.519620100000e+01  6.111492075451e-02
 5.585512376816e+04  1.523788100000e+01  6.149580072386e-02
 5.585513126633e+04  1.523519200000e+01  6.151566442920e-02
 5.585513864490e+04  1.526434900000e+01  6.188414746162e-02
 5.600846319554e+04  1.513066400000e+01  6.112647997503e-02
 5.600846998459e+04  1.514193200000e+01  6.128650604921e-02
 5.600847678736e+04  1.512768400000e+01  6.114347826403e-02
 5.600848359845e+04  1.514777900000e+01  6.167278141666e-02
 5.604143417963e+04  1.517621700000e+01  6.136333262316e-02
 5.604143937162e+04  1.518608400000e+01  6.143438687360e-02
 5.604144459110e+04  1.520478000000e+01  6.155045983012e-02
 5.604144963170e+04  1.519745400000e+01  6.149405278275e-02
 5.604730272154e+04  1.481763600000e+01  5.911385519488e-02
 5.604730836267e+04  1.477793300000e+01  5.884966944597e-02
 5.604731396598e+04  1.476285500000e+01  5.871974124578e-02
 5.604731977333e+04  1.470587100000e+01  5.834513157319e-02
 5.606442217740e+04  1.514926300000e+01  6.060791219976e-02
 5.606442836737e+04  1.514179200000e+01  6.059754531630e-02
 5.606443458319e+04  1.513866400000e+01  6.059302597769e-02
 5.606444081547e+04  1.514682100000e+01  6.073730701315e-02
 5.607039361525e+04  1.472752900000e+01  5.613773022579e-02
 5.607040178332e+04  1.462724500000e+01  5.568466294636e-02
 5.607040994458e+04  1.455887200000e+01  5.540220454972e-02
 5.607041808737e+04  1.453271200000e+01  5.530577817701e-02
 5.607731130078e+04  1.474813300000e+01  5.938440421626e-02
 5.607731741552e+04  1.470737000000e+01  5.912642720250e-02
 5.607732365191e+04  1.461851900000e+01  5.856079568831e-02
 5.607732993220e+04  1.457412600000e+01  5.828875053845e-02
 5.608743297762e+04  1.512851400000e+01  6.049781183160e-02
 5.608743637454e+04  1.509423000000e+01  6.026674697367e-02
 5.608743974242e+04  1.512910100000e+01  6.053017249069e-02
 5.608744313877e+04  1.513562300000e+01  6.060940326158e-02
 5.615114385102e+04  1.477479200000e+01  6.400995160383e-02
 5.615114903985e+04  1.552417200000e+01  9.273394973792e-02
 5.615115427947e+04  1.469553900000e+01  6.697609164436e-02
 5.615115944398e+04  1.465210100000e+01  6.218605964546e-02
 5.617612458432e+04  1.478445700000e+01  5.959444269107e-02
 5.617613132688e+04  1.481834200000e+01  5.961495817169e-02
 5.617613810274e+04  1.482123400000e+01  6.000836679692e-02
 5.617614483722e+04  1.484905500000e+01  6.022549150775e-02
 5.618719751087e+04  1.507633400000e+01  5.864329156794e-02
 5.618720223961e+04  1.506327000000e+01  5.856463046095e-02
 5.618720704888e+04  1.509231500000e+01  5.875469609711e-02
 5.618721180480e+04  1.507571200000e+01  5.866718091558e-02
 5.619609939154e+04  1.524324100000e+01  6.233800608211e-02
 5.619610621182e+04  1.543533300000e+01  6.415551748299e-02
 5.619611309167e+04  1.519816200000e+01  6.212670141661e-02
 5.619611993022e+04  1.517328400000e+01  6.214023569409e-02
 5.620815545412e+04  1.519204100000e+01  6.203472318758e-02
 5.620815884049e+04  1.519366200000e+01  6.206202766191e-02
 5.620816224749e+04  1.520707100000e+01  6.219746642663e-02
 5.620816562450e+04  1.521731900000e+01  6.232834655171e-02
 5.621510692780e+04  1.526756700000e+01  6.237380444411e-02
 5.621511194275e+04  1.526391800000e+01  6.236655211079e-02
 5.621511728522e+04  1.527679600000e+01  6.252288042986e-02
 5.621512297045e+04  1.529215800000e+01  6.270429647256e-02
 5.622110697344e+04  1.482666200000e+01  5.737258779706e-02
 5.622111225889e+04  1.485725300000e+01  5.755523157236e-02
 5.622111763374e+04  1.484649100000e+01  5.754033695880e-02
 5.622112309652e+04  1.485517400000e+01  5.763539318398e-02
