# time mag mag_err
 5.346427285359e+04  1.543616400000e+01  6.274284370580e-02
 5.346428091765e+04  1.546353500000e+01  6.297427267228e-02
 5.346428896979e+04  1.544857400000e+01  6.287246340461e-02
 5.346429704299e+04  1.544269700000e+01  6.286039725762e-02
 5.372947925523e+04  1.537538600000e+01  6.252694912781e-02
 5.372948837005e+04  1.537775200000e+01  6.257527155933e-02
 5.372949747744e+04  1.539686100000e+01  6.272832483176e-02
 5.372950660926e+04  1.538274600000e+01  6.257933520239e-02
 5.353317090442e+04  1.530427800000e+01  6.313626775751e-02
 5.353317727950e+04  1.525513000000e+01  6.278294115518e-02
 5.353318377902e+04  1.530405300000e+01  6.323821166518e-02
 5.353319023362e+04  1.529079400000e+01  6.320422313833e-02
 5.349424184933e+04  1.531492400000e+01  6.253938301985e-02
 5.349425129170e+04  1.538220200000e+01  6.560828185861e-02
 5.349425935390e+04  1.533509200000e+01  6.288482503628e-02
 5.349426740454e+04  1.535276500000e+01  6.299541484424e-02
 5.370446958090e+04  1.527194200000e+01  6.220285915239e-02
 5.370447603620e+04  1.525854800000e+01  6.210891848210e-02
 5.370448251303e+04  1.527364100000e+01  6.249958911103e-02
 5.370448895444e+04  1.524583100000e+01  6.199416046549e-02
 5.383225386328e+04  1.533718500000e+01  6.491636723483e-02
 5.383226149398e+04  1.534751900000e+01  6.496494402707e-02
 5.383226912630e+04  1.541640700000e+01  6.567412969118e-02
 5.383227672135e+04  1.539530400000e+01  6.543681904081e-02
 5.384526493125e+04  1.545592000000e+01  6.450510906721e-02
 5.384527240465e+04  1.543140400000e+01  6.433605279105e-02
 5.384527996012e+04  1.537249000000e+01  6.376005554915e-02
 5.384528747161e+04  1.532875800000e+01  6.342735458229e-02
 5.408541497875e+04  1.520130200000e+01  6.427618833675e-02
 5.408542502612e+04  1.525418400000e+01  6.561163180034e-02
 5.408543512986e+04  1.526467700000e+01  6.273316031522e-02
 5.408544967272e+04  1.526504200000e+01  6.149115292060e-02
 5.377240126428e+04  1.526150300000e+01  6.185638726613e-02
 5.377241094301e+04  1.527226600000e+01  6.168720042044e-02
 5.377242060865e+04  1.529013800000e+01  6.183104577066e-02
 5.377243026515e+04  1.527063200000e+01  6.165930352562e-02
 5.378627024608e+04  1.515544100000e+01  6.105137135740e-02
 5.378627781995e+04  1.526945300000e+01  6.512486859328e-02
 5.378628538734e+04  1.516218900000e+01  6.198359749533e-02
 5.378629298494e+04  1.517158400000e+01  6.126176680587e-02
 5.374242734321e+04  1.539784600000e+01  6.275572151033e-02
 5.374243281027e+04  1.540057100000e+01  6.277434050363e-02
 5.374243828889e+04  1.541603500000e+01  6.288089722274e-02
 5.374244375988e+04  1.541975200000e+01  6.290246729658e-02
 5.375835142850e+04  1.503825600000e+01  6.023023706483e-02
 5.375835787314e+04  1.508454500000e+01  6.052060449937e-02
 5.375836434209e+04  1.507266000000e+01  6.042203881569e-02
 5.375837080897e+04  1.507986200000e+01  6.046850888611e-02
 5.390419931497e+04  1.512596300000e+01  9.704073859553e-02
 5.390420027728e+04  1.524050000000e+01  1.007982754072e-01
 5.390420124237e+04  1.516194500000e+01  9.814120251486e-02
 5.390420220214e+04  1.518998900000e+01  9.923188668698e-02
 5.379732750975e+04  1.521540000000e+01  9.339212218091e-02
 5.379732774112e+04  1.519591300000e+01  9.286368341716e-02
 5.379732798431e+04  1.522325900000e+01  9.396615276728e-02
 5.379732821719e+04  1.520581200000e+01  9.372957455947e-02
 5.381723822811e+04  1.542705000000e+01  6.408998795709e-02
 5.381724623847e+04  1.545658400000e+01  6.460090451949e-02
 5.381725435161e+04  1.546315500000e+01  6.464373002335e-02
 5.381726243846e+04  1.540793500000e+01  6.445100701198e-02
 5.387323063840e+04  1.495559700000e+01  6.056634701115e-02
 5.387323558345e+04  1.495123300000e+01  6.054336299454e-02
 5.387324051054e+04  1.496278900000e+01  6.064680512460e-02
 5.387324541507e+04  1.497099900000e+01  6.078029280336e-02
 5.387917521472e+04  1.518058000000e+01  6.166359971095e-02
 5.387918014182e+04  1.516926800000e+01  6.160202622125e-02
 5.387918506949e+04  1.517293400000e+01  6.162448831088e-02
 5.387918998039e+04  1.517335200000e+01  6.164211899674e-02
 5.388616227097e+04  1.519060900000e+01  6.207965633731e-02
 5.388617160917e+04  1.520949500000e+01  6.230410847042e-02
 5.388618096322e+04  1.520618500000e+01  6.230915955332e-02
 5.388619035825e+04  1.524505500000e+01  6.268874184758e-02
 5.405049704728e+04  1.514927900000e+01  6.201894058197e-02
 5.405050589471e+04  1.514891400000e+01  6.193523726619e-02
 5.405051465463e+04  1.520467300000e+01  6.235039172550e-02
 5.405052344014e+04  1.518651000000e+01  6.213166898869e-02
 5.406645062961e+04  1.539754000000e+01  6.104040008887e-02
 5.406646118453e+04  1.539650600000e+01  6.092894659117e-02
 5.406647323351e+04  1.538877200000e+01  6.080316249227e-02
 5.406648372743e+04  1.541372300000e+01  6.092978980806e-02
 5.419722507991e+04  1.512301600000e+01  6.049318616591e-02
 5.419723155083e+04  1.501464800000e+01  5.968657189976e-02
 5.419723801990e+04  1.494503200000e+01  5.921199211598e-02
 5.419724451235e+04  1.486931200000e+01  5.879438764288e-02
 5.443944129946e+04  1.474565900000e+01  5.786494396428e-02
 5.443944839378e+04  1.476327500000e+01  5.793928980758e-02
 5.443945552655e+04  1.479681900000e+01  5.809162441354e-02
 5.443946264890e+04  1.481713600000e+01  5.819620515703e-02
 5.444847863459e+04  1.544009100000e+01  6.252186454672e-02
 5.444848459416e+04  1.543219800000e+01  6.881424154598e-02
 5.444849054537e+04  1.543581000000e+01  6.837803499553e-02
 5.444849649370e+04  1.562165000000e+01  1.152661527220e-01
 5.413935143418e+04  1.517403600000e+01  6.244510452664e-02
 5.413935683664e+04  1.514718500000e+01  6.314079857431e-02
 5.413936227755e+04  1.512195000000e+01  6.473434180067e-02
 5.413936768325e+04  1.518449600000e+01  6.289155903820e-02
 5.412443660354e+04  1.537823100000e+01  6.206335188036e-02
 5.412444367206e+04  1.544177200000e+01  6.257877861625e-02
 5.412445074580e+04  1.543564200000e+01  6.256314083266e-02
 5.412445782786e+04  1.541013100000e+01  6.232127597416e-02
 5.427615395486e+04  1.551890400000e+01  6.965518057014e-02
 5.427615611874e+04  1.551170500000e+01  6.966502647446e-02
 5.427615828655e+04  1.550382200000e+01  6.962287557664e-02
 5.427616044836e+04  1.543068300000e+01  6.874264688214e-02
 5.416826667799e+04  1.500963000000e+01  5.940791281213e-02
 5.416827481959e+04  1.503471300000e+01  5.955662356585e-02
 5.416828292104e+04  1.505079400000e+01  5.965986783860e-02
 5.416829106682e+04  1.505665500000e+01  5.946351504073e-02
 5.422723608715e+04  1.543719100000e+01  6.311794361616e-02
 5.422724583972e+04  1.553147300000e+01  6.412008288061e-02
 5.422725557829e+04  1.544720300000e+01  6.330639729822e-02
 5.422726531755e+04  1.544051100000e+01  6.338049382258e-02
 5.424122030933e+04  1.542939900000e+01  6.397408824429e-02
 5.424214373140e+04  1.512321400000e+01  6.111939870173e-02
 5.424214753646e+04  1.516741100000e+01  6.153014563753e-02
 5.424215132183e+04  1.514053500000e+01  6.124476376536e-02
 5.424215509482e+04  1.514386100000e+01  6.130085663379e-02
 5.442248452919e+04  1.541806400000e+01  6.279568901894e-02
 5.442249106898e+04  1.544524600000e+01  6.300606195447e-02
 5.442249777950e+04  1.541393900000e+01  6.272344975083e-02
 5.442250453690e+04  1.540881300000e+01  6.264787549196e-02
 5.458024546317e+04  1.530856600000e+01  6.170242394661e-02
 5.458025279537e+04  1.531795800000e+01  6.204069276097e-02
 5.458026009608e+04  1.528437900000e+01  6.171532047801e-02
 5.458026740998e+04  1.534617500000e+01  6.222075302359e-02
 5.482946573939e+04  1.538676000000e+01  6.200597696991e-02
 5.482947234561e+04  1.536539300000e+01  6.179259418708e-02
 5.482947890543e+04  1.538534900000e+01  6.195310182888e-02
 5.482948564072e+04  1.536031400000e+01  6.171488236403e-02
 5.448341758332e+04  1.538950100000e+01  6.207817248752e-02
 5.448342417392e+04  1.530992000000e+01  6.140957196904e-02
 5.448343073547e+04  1.539108200000e+01  6.206206644814e-02
 5.448343729888e+04  1.538006500000e+01  6.194440943204e-02
 5.462316009463e+04  1.522804200000e+01  5.900662643822e-02
 5.462316742602e+04  1.522803500000e+01  5.901478944473e-02
 5.462317471978e+04  1.525899200000e+01  5.924871220279e-02
 5.462318202998e+04  1.524806700000e+01  5.919943864184e-02
 5.453638745817e+04  1.493646700000e+01  5.711064511209e-02
 5.453639294410e+04  1.486069500000e+01  5.691327662843e-02
 5.453639845490e+04  1.475887100000e+01  5.642200460283e-02
 5.453640393087e+04  1.472201000000e+01  5.595779948550e-02
 5.459018920756e+04  1.535642700000e+01  6.217905126404e-02
 5.459019616786e+04  1.533653200000e+01  6.200204827146e-02
 5.459020315316e+04  1.535034400000e+01  6.211351574484e-02
 5.459021010918e+04  1.535527900000e+01  6.261500761683e-02
 5.459421340361e+04  1.539585900000e+01  6.258271602465e-02
 5.459421982072e+04  1.537643000000e+01  6.244769457935e-02
 5.459422625008e+04  1.535814100000e+01  6.224031614078e-02
 5.459423270214e+04  1.540598900000e+01  6.266249206538e-02
 5.492226480579e+04  1.528405900000e+01  6.162344944732e-02
 5.492227283282e+04  1.526826200000e+01  6.148619439050e-02
 5.492228096494e+04  1.533236900000e+01  6.197052848629e-02
 5.492228914072e+04  1.542041500000e+01  6.277341047855e-02
 5.518049774417e+04  1.483616700000e+01  5.822411001868e-02
 5.518050404069e+04  1.482971700000e+01  5.816548892002e-02
 5.518051036323e+04  1.488004600000e+01  5.846033784855e-02
 5.518051680893e+04  1.489708100000e+01  5.856674988942e-02
 5.490529600524e+04  1.506791600000e+01  5.987560853701e-02
 5.490530175067e+04  1.509938500000e+01  6.007036952000e-02
 5.490530754830e+04  1.514670000000e+01  6.040960215965e-02
 5.490531325066e+04  1.514557800000e+01  6.041310798122e-02
 5.496621583041e+04  1.507967800000e+01  6.034804805691e-02
 5.496622364806e+04  1.506724100000e+01  6.029730152975e-02
 5.496623154522e+04  1.510440800000e+01  6.063253216902e-02
 5.496623924294e+04  1.507427900000e+01  6.041383795911e-02
 5.497917417755e+04  1.529800600000e+01  6.219882424626e-02
 5.497917968362e+04  1.531029500000e+01  6.228788728584e-02
 5.497918523344e+04  1.530739500000e+01  6.229588983792e-02
 5.497919061508e+04  1.531392000000e+01  6.236539886353e-02
 5.515050662873e+04  1.544177900000e+01  6.327809990509e-02
 5.515050960122e+04  1.536516700000e+01  6.265402957561e-02
 5.515051268542e+04  1.536437200000e+01  6.258927114287e-02
 5.515051574656e+04  1.539450200000e+01  6.282627448825e-02
 5.529623103213e+04  1.525970600000e+01  6.145436018623e-02
 5.529623672257e+04  1.525820200000e+01  6.145866291729e-02
 5.529624242126e+04  1.527855300000e+01  6.159842281498e-02
 5.529624814573e+04  1.525852200000e+01  6.144396559124e-02
 5.553145238709e+04  1.531191500000e+01  6.243392100610e-02
 5.553146508464e+04  1.531868000000e+01  6.230333479068e-02
 5.553147142234e+04  1.532371500000e+01  6.298386912771e-02
 5.553947503192e+04  1.512345400000e+01  6.067441191374e-02
 5.553948666609e+04  1.510309700000e+01  6.075316012604e-02
 5.553949249395e+04  1.518369600000e+01  6.105159525816e-02
 5.555943335865e+04  1.540631900000e+01  6.304577803949e-02
 5.555944704036e+04  1.544402100000e+01  6.355477503851e-02
 5.524036417105e+04  1.505458400000e+01  6.046025504222e-02
 5.524037169519e+04  1.507298100000e+01  6.063700054117e-02
 5.524037924767e+04  1.509017800000e+01  6.085568445281e-02
 5.524038672880e+04  1.510981900000e+01  6.103056958109e-02
 5.524533692179e+04  1.530965000000e+01  6.213920799126e-02
 5.524534382259e+04  1.537239500000e+01  6.254444126336e-02
 5.524535070193e+04  1.533550700000e+01  6.221983132592e-02
 5.524535761218e+04  1.537250700000e+01  6.254252800541e-02
 5.536016883782e+04  1.529466500000e+01  6.234214514036e-02
 5.536017341258e+04  1.529498400000e+01  6.232466724532e-02
 5.536017800257e+04  1.525857100000e+01  6.208602818622e-02
 5.536018257757e+04  1.526176500000e+01  6.217594891055e-02
 5.537116095757e+04  1.530294100000e+01  6.767910834771e-02
 5.537116507005e+04  1.531636100000e+01  6.781994672924e-02
 5.537116910088e+04  1.526804300000e+01  6.749389404904e-02
 5.537117320410e+04  1.530295700000e+01  6.772436873972e-02
 5.526722485156e+04  1.527306500000e+01  6.166078313440e-02
 5.526723289470e+04  1.530423100000e+01  6.194143877306e-02
 5.526723864279e+04  1.530701900000e+01  6.196234288009e-02
 5.526724445937e+04  1.534148100000e+01  6.225764767422e-02
 5.532923839248e+04  1.508993800000e+01  6.045900816597e-02
 5.532924467794e+04  1.507750300000e+01  6.019476287141e-02
 5.532925099963e+04  1.509265000000e+01  6.039079980357e-02
 5.532925738779e+04  1.513318600000e+01  6.108439800135e-02
 5.565528495326e+04  1.543784700000e+01  6.090184569723e-02
 5.565529116711e+04  1.543915700000e+01  6.093082114542e-02
 5.565529740227e+04  1.546415200000e+01  6.116518407902e-02
 5.565530366557e+04  1.545101400000e+01  6.105547134689e-02
 5.566314422256e+04  1.502216900000e+01  6.047529882487e-02
 5.566314935896e+04  1.505151600000e+01  6.067586415577e-02
 5.566315449612e+04  1.501994300000e+01  6.042788963128e-02
 5.566315971178e+04  1.507409000000e+01  6.079583144570e-02
 5.560135739941e+04  1.544161300000e+01  6.387259127905e-02
 5.560136373191e+04  1.540808200000e+01  6.353450103164e-02
 5.560136998095e+04  1.538835200000e+01  6.331704315701e-02
 5.560137631547e+04  1.542645000000e+01  6.362902249324e-02
 5.557250596388e+04  1.488018300000e+01  5.888563407928e-02
 5.557251307835e+04  1.489921400000e+01  5.901773176727e-02
 5.557252021030e+04  1.491819200000e+01  5.915815110529e-02
 5.557252736869e+04  1.498032400000e+01  5.957474620429e-02
 5.558752314523e+04  1.510500700000e+01  6.058586223603e-02
 5.558752778759e+04  1.507592800000e+01  6.039795370245e-02
 5.558753253311e+04  1.508455300000e+01  6.047100799316e-02
 5.558753719862e+04  1.501302700000e+01  5.993760065723e-02
 5.562435011500e+04  1.529225900000e+01  5.995186821083e-02
 5.562436045235e+04  1.534127400000e+01  6.031672012295e-02
 5.562437079039e+04  1.530501800000e+01  6.008054220589e-02
 5.562438115539e+04  1.536549400000e+01  6.053434466946e-02
 5.563037434742e+04  1.540246800000e+01  5.995537258034e-02
 5.563038349292e+04  1.537402100000e+01  5.970041649223e-02
 5.563039183929e+04  1.537933100000e+01  5.975917545005e-02
 5.563040012249e+04  1.543889700000e+01  6.019840511069e-02
 5.564925303267e+04  1.516827400000e+01  5.767364679114e-02
 5.564926348611e+04  1.516315200000e+01  5.764511444097e-02
 5.564927397503e+04  1.518943600000e+01  5.779282647466e-02
 5.564928444634e+04  1.520584700000e+01  5.787332527910e-02
 5.568917345756e+04  1.505789600000e+01  6.063156233270e-02
 5.568917856615e+04  1.504806700000e+01  6.055164790685e-02
 5.568918365922e+04  1.506178000000e+01  6.068031394224e-02
 5.568918879238e+04  1.506431000000e+01  6.065781068269e-02
 5.524048510431e+04  1.530302200000e+01  5.747214063148e-02
 5.524048697025e+04  1.536246800000e+01  5.783186689351e-02
 5.524048885310e+04  1.530211100000e+01  5.750784633914e-02
 5.524049073731e+04  1.527389400000e+01  5.735067581403e-02
 5.599034195257e+04  1.530835400000e+01  6.198398123794e-02
 5.599034712899e+04  1.534342000000e+01  6.229861477149e-02
 5.599035224198e+04  1.537061200000e+01  6.251589543166e-02
 5.599035734141e+04  1.536495100000e+01  6.247626865027e-02
 5.601319918015e+04  1.513639600000e+01  6.121479810615e-02
 5.601320423143e+04  1.508447700000e+01  6.081270005978e-02
 5.601320927265e+04  1.507386800000e+01  6.071833449145e-02
 5.601321435265e+04  1.504447000000e+01  6.047589577606e-02
 5.603016547509e+04  1.512711900000e+01  6.100944176343e-02
 5.603017056921e+04  1.508038900000e+01  6.063520683490e-02
 5.603017568961e+04  1.510536600000e+01  6.128845313120e-02
 5.603018076560e+04  1.513243200000e+01  6.163335018424e-02
 5.604619705356e+04  1.544619300000e+01  6.373730526104e-02
 5.604620641339e+04  1.543834400000e+01  6.366801397671e-02
 5.604621597007e+04  1.548628700000e+01  6.417224636707e-02
 5.604622542925e+04  1.546378100000e+01  6.410244037875e-02
 5.606119329271e+04  1.544112400000e+01  6.404015239399e-02
 5.606120211969e+04  1.544791900000e+01  6.486908638140e-02
 5.606121055552e+04  1.543609600000e+01  6.441369831694e-02
 5.606121909340e+04  1.540060300000e+01  6.421451839800e-02
 5.606821628907e+04  1.540479700000e+01  6.274703029981e-02
 5.606822305409e+04  1.541966500000e+01  6.288789756069e-02
 5.606822981582e+04  1.540562800000e+01  6.289060967204e-02
 5.606823657391e+04  1.542043000000e+01  6.305121570431e-02
