# time mag mag_err
 5.347019830925e+04  1.633043400000e+01  7.673410176870e-02
 5.347020560069e+04  1.628229400000e+01  7.585125125074e-02
 5.347021292038e+04  1.629467900000e+01  7.607719286945e-02
 5.347022023036e+04  1.621439100000e+01  7.475788777589e-02
 5.348127092235e+04  1.621934100000e+01  7.297995640528e-02
 5.348128194106e+04  1.628431300000e+01  7.413382600202e-02
 5.348129057355e+04  1.593222500000e+01  6.914021151112e-02
 5.348129922804e+04  1.634937900000e+01  7.552350844811e-02
 5.370848965998e+04  1.545873300000e+01  6.314954014985e-02
 5.370849789419e+04  1.547953700000e+01  6.335845105056e-02
 5.370850616716e+04  1.549789500000e+01  6.354672772658e-02
 5.370851442834e+04  1.552374600000e+01  6.376870730980e-02
 5.372648721589e+04  1.602754500000e+01  6.970536062606e-02
 5.372649414575e+04  1.598772100000e+01  6.917182799806e-02
 5.372650111740e+04  1.596249500000e+01  6.885086748818e-02
 5.372650808175e+04  1.601468100000e+01  6.956390768921e-02
 5.373233196909e+04  1.584698200000e+01  6.779945414701e-02
 5.373233816072e+04  1.589694400000e+01  6.835117637121e-02
 5.373234403068e+04  1.586689800000e+01  6.793416627195e-02
 5.373234998873e+04  1.586263600000e+01  6.798867219349e-02
 5.367547733308e+04  1.634619200000e+01  7.478021525438e-02
 5.367746874818e+04  1.597476200000e+01  8.725975864760e-02
 5.367747555999e+04  1.605127200000e+01  7.093653347643e-02
 5.367748235569e+04  1.580637900000e+01  6.927567156048e-02
 5.367748918091e+04  1.578870400000e+01  7.088767277159e-02
 5.367847570455e+04  1.601205300000e+01  7.007543236587e-02
 5.367848105169e+04  1.604954600000e+01  7.053662050126e-02
 5.367848638795e+04  1.601694900000e+01  7.002416169949e-02
 5.367849176171e+04  1.599306800000e+01  6.970822266479e-02
 5.370041283854e+04  1.618757900000e+01  7.252642576230e-02
 5.370042356789e+04  1.622284000000e+01  7.301717459531e-02
 5.370043428694e+04  1.625831300000e+01  7.348344106474e-02
 5.370044503865e+04  1.623617700000e+01  7.302607349958e-02
 5.384916184668e+04  1.620704900000e+01  7.332588225390e-02
 5.384916834446e+04  1.619207900000e+01  7.314959225771e-02
 5.384917490867e+04  1.604221900000e+01  7.098786760655e-02
 5.384918155598e+04  1.596828800000e+01  6.997664002884e-02
 5.408148223897e+04  1.536226000000e+01  6.197562159024e-02
 5.408148886348e+04  1.532095200000e+01  6.161786107104e-02
 5.408149549449e+04  1.540037200000e+01  6.230150320399e-02
 5.408150204146e+04  1.539444800000e+01  6.221374045725e-02
 5.409435045402e+04  1.616318900000e+01  7.074844180234e-02
 5.409436090696e+04  1.619542900000e+01  7.125154451915e-02
 5.409437136604e+04  1.616526200000e+01  7.087035448321e-02
 5.409438187028e+04  1.618223500000e+01  7.144363564172e-02
 5.377025929434e+04  1.555788000000e+01  6.539983173757e-02
 5.377026726384e+04  1.542970000000e+01  6.360328602169e-02
 5.377027514132e+04  1.535019200000e+01  6.284266010995e-02
 5.377028298175e+04  1.533057600000e+01  6.341705165813e-02
 5.379319639450e+04  1.625573400000e+01  7.346857600149e-02
 5.379320069135e+04  1.627649000000e+01  7.379356190489e-02
 5.379320501600e+04  1.622943700000e+01  7.582123381421e-02
 5.379320931319e+04  1.626213900000e+01  9.076990965658e-02
 5.374036457547e+04  1.608998300000e+01  7.046538557937e-02
 5.374037271014e+04  1.599798800000e+01  6.920671066811e-02
 5.374038081159e+04  1.603057900000e+01  6.957587998433e-02
 5.374038897762e+04  1.601804200000e+01  6.941083393866e-02
 5.375546706515e+04  1.599007100000e+01  6.947001279057e-02
 5.375547259656e+04  1.591004400000e+01  6.836302374530e-02
 5.375547799394e+04  1.601849500000e+01  7.088262365730e-02
 5.375548344177e+04  1.573725200000e+01  6.976892389067e-02
 5.376134926266e+04  1.595584700000e+01  6.897386252977e-02
 5.376135677635e+04  1.598878400000e+01  6.933915384055e-02
 5.376136431168e+04  1.598682100000e+01  6.928043319585e-02
 5.376137190245e+04  1.601096500000e+01  6.962594651346e-02
 5.380034631610e+04  1.609309900000e+01  7.106437564080e-02
 5.380035280554e+04  1.613406900000e+01  7.174066615180e-02
 5.380035939950e+04  1.607709900000e+01  7.093035999605e-02
 5.380036589878e+04  1.612052900000e+01  7.161657435669e-02
 5.381824917839e+04  1.612218900000e+01  7.156410282554e-02
 5.381825587084e+04  1.599678900000e+01  6.989675503353e-02
 5.381826253403e+04  1.589979400000e+01  6.946757774588e-02
 5.381826919397e+04  1.570400300000e+01  6.734927148330e-02
 5.387915150255e+04  1.601125500000e+01  7.066497114900e-02
 5.387915702053e+04  1.599619200000e+01  7.047267822558e-02
 5.387916250507e+04  1.600599400000e+01  7.066443937438e-02
 5.387916799874e+04  1.602630700000e+01  7.099145622719e-02
 5.406242319380e+04  1.544593200000e+01  6.241070859684e-02
 5.406242981786e+04  1.546045700000e+01  6.251099017478e-02
 5.406243641228e+04  1.548593800000e+01  6.270946209843e-02
 5.406244306424e+04  1.548455000000e+01  6.267558040183e-02
 5.403645997872e+04  1.604562100000e+01  7.649088573367e-02
 5.403646651110e+04  1.613190900000e+01  7.060591887630e-02
 5.403647305517e+04  1.616083500000e+01  7.379744276820e-02
 5.403647956128e+04  1.618693300000e+01  7.398212422615e-02
 5.444036651653e+04  1.604854100000e+01  6.912584071944e-02
 5.444037254484e+04  1.606997600000e+01  6.938243246081e-02
 5.444037858819e+04  1.608251500000e+01  6.951945447501e-02
 5.444038459671e+04  1.607931800000e+01  6.942235979932e-02
 5.444941714399e+04  1.585345600000e+01  6.643617792236e-02
 5.444942434215e+04  1.583958200000e+01  6.624444693790e-02
 5.444943154274e+04  1.591097600000e+01  6.706073917866e-02
 5.444943875687e+04  1.591925000000e+01  6.715398191027e-02
 5.414025299800e+04  1.596109600000e+01  6.833207539410e-02
 5.414025946671e+04  1.594810500000e+01  6.796368356978e-02
 5.414026595083e+04  1.599322800000e+01  6.841609510708e-02
 5.414027240972e+04  1.597877700000e+01  6.829230371542e-02
 5.410947052424e+04  1.613921300000e+01  7.074723182398e-02
 5.410947762066e+04  1.609382800000e+01  7.070968583328e-02
 5.410948474022e+04  1.627469000000e+01  7.626000383995e-02
 5.410949188896e+04  1.619100100000e+01  7.186916006013e-02
 5.411730273124e+04  1.604898400000e+01  6.903143456427e-02
 5.411730923896e+04  1.602246400000e+01  6.868284818650e-02
 5.411731573176e+04  1.605832300000e+01  6.913931975187e-02
 5.411732224806e+04  1.604881700000e+01  6.897823482010e-02
 5.412827320890e+04  1.569008600000e+01  6.494550865583e-02
 5.412827812281e+04  1.563468600000e+01  6.439974220127e-02
 5.412828302456e+04  1.566708600000e+01  6.470929805842e-02
 5.412828794610e+04  1.567021800000e+01  6.472608498380e-02
 5.425915408444e+04  1.550918500000e+01  5.855754804058e-02
 5.425916205417e+04  1.554248000000e+01  5.883607650792e-02
 5.425917002516e+04  1.557014600000e+01  5.908662114330e-02
 5.425917800439e+04  1.559576800000e+01  5.931203392146e-02
 5.417418866691e+04  1.564530600000e+01  6.453820769647e-02
 5.417419575558e+04  1.550252100000e+01  6.317251970786e-02
 5.417420282306e+04  1.549220100000e+01  6.304104251709e-02
 5.417420993753e+04  1.539029800000e+01  6.216871542748e-02
 5.418512720227e+04  1.612820500000e+01  7.089149513787e-02
 5.418513692404e+04  1.620232000000e+01  7.192749887386e-02
 5.418514664223e+04  1.617972800000e+01  7.160593810479e-02
 5.418515635603e+04  1.613760000000e+01  7.094106311300e-02
 5.423018237954e+04  1.546957300000e+01  6.336619870129e-02
 5.423018881007e+04  1.547916100000e+01  6.364828126023e-02
 5.423019524360e+04  1.548802100000e+01  6.377779220302e-02
 5.423020166001e+04  1.549166100000e+01  6.386805621707e-02
 5.423620114610e+04  1.574733500000e+01  6.755367265434e-02
 5.423620756517e+04  1.578194300000e+01  6.800511792064e-02
 5.423621398632e+04  1.577391700000e+01  6.797698813133e-02
 5.423622039625e+04  1.579476700000e+01  6.835684422069e-02
 5.441143406373e+04  1.581505400000e+01  6.680907336698e-02
 5.441144223126e+04  1.606116700000e+01  6.978744789677e-02
 5.441145036292e+04  1.578018300000e+01  6.788432868592e-02
 5.441145853728e+04  1.621408900000e+01  7.217235880482e-02
 5.438546283789e+04  1.555768300000e+01  6.405497857785e-02
 5.438546862707e+04  1.553326500000e+01  6.376251935011e-02
 5.438547435977e+04  1.558269500000e+01  6.417084593051e-02
 5.438548014616e+04  1.557475500000e+01  6.405822331786e-02
 5.455714287395e+04  1.542897100000e+01  6.268887308895e-02
 5.455715214756e+04  1.545359100000e+01  6.290042887211e-02
 5.455716137081e+04  1.548644100000e+01  6.319530435774e-02
 5.455717060264e+04  1.550326500000e+01  6.334611600898e-02
 5.456614898782e+04  1.613247000000e+01  7.085510923827e-02
 5.456615784591e+04  1.607353300000e+01  7.018317445509e-02
 5.456616667817e+04  1.619169400000e+01  7.176736712261e-02
 5.456617550326e+04  1.625088000000e+01  7.271665834689e-02
 5.457424078500e+04  1.538267700000e+01  6.286854319898e-02
 5.457424615332e+04  1.538298000000e+01  6.291916472624e-02
 5.457425154722e+04  1.542863000000e+01  6.334787644545e-02
 5.457425695375e+04  1.540687900000e+01  6.320088282397e-02
 5.458216092616e+04  1.546403000000e+01  6.342804789041e-02
 5.458216749628e+04  1.550134700000e+01  6.378715280888e-02
 5.458217391292e+04  1.548806000000e+01  6.366414466542e-02
 5.483041577772e+04  1.604119000000e+01  6.845403110978e-02
 5.483042176898e+04  1.605962900000e+01  6.868537977000e-02
 5.483042790992e+04  1.603272400000e+01  6.832360153367e-02
 5.483043404633e+04  1.602833100000e+01  6.829762842057e-02
 5.450224579056e+04  1.606011300000e+01  6.918773628717e-02
 5.450225343723e+04  1.612428600000e+01  6.996556867627e-02
 5.450226104329e+04  1.612647800000e+01  7.001785207082e-02
 5.450226866763e+04  1.607495500000e+01  6.930723909294e-02
 5.452418351983e+04  1.557165600000e+01  6.381516533346e-02
 5.452419074623e+04  1.550518000000e+01  6.316924473452e-02
 5.452419795573e+04  1.539157400000e+01  6.216816006127e-02
 5.452420521813e+04  1.534155900000e+01  6.171243957155e-02
 5.447632816164e+04  1.573806500000e+01  6.534791763240e-02
 5.447633711395e+04  1.575930000000e+01  6.556244389838e-02
 5.447634603198e+04  1.577862000000e+01  6.578222273813e-02
 5.447635493844e+04  1.575280700000e+01  6.544778412694e-02
 5.449628380071e+04  1.603817100000e+01  6.879508060626e-02
 5.449628812082e+04  1.606127700000e+01  6.911104993282e-02
 5.449629243690e+04  1.602045900000e+01  6.857620772614e-02
 5.449629672970e+04  1.615257500000e+01  7.030912933382e-02
 5.452816979653e+04  1.532458700000e+01  6.180675379559e-02
 5.452817633204e+04  1.533311200000e+01  6.187966732472e-02
 5.452818286512e+04  1.536683400000e+01  6.212138391524e-02
 5.452818939657e+04  1.536450500000e+01  6.206194932944e-02
 5.453528628524e+04  1.622231200000e+01  7.159560923247e-02
 5.453529301486e+04  1.628384100000e+01  7.254775936926e-02
 5.453529970328e+04  1.620278300000e+01  7.138045622394e-02
 5.453530646889e+04  1.625845200000e+01  7.220675850048e-02
 5.454832764115e+04  1.612386700000e+01  7.089163249067e-02
 5.454833380209e+04  1.612146100000e+01  7.089668532467e-02
 5.454833990079e+04  1.618969100000e+01  7.186172321172e-02
 5.454834603650e+04  1.608967000000e+01  7.044873835119e-02
 5.479240545071e+04  1.607244100000e+01  7.381668837900e-02
 5.479241265315e+04  1.617345700000e+01  7.350407404284e-02
 5.479241989274e+04  1.611487300000e+01  7.083486875321e-02
 5.479242716069e+04  1.609169200000e+01  7.216734252059e-02
 5.480038514980e+04  1.617123500000e+01  7.044847822855e-02
 5.480039742043e+04  1.627255600000e+01  7.182673773812e-02
 5.480040958609e+04  1.624254900000e+01  7.130883754094e-02
 5.480042167859e+04  1.637447000000e+01  7.325747984263e-02
 5.476749297707e+04  1.630697500000e+01  7.241241334930e-02
 5.476750090744e+04  1.628506100000e+01  7.204016707889e-02
 5.476750894176e+04  1.625758000000e+01  7.156513198922e-02
 5.476751697826e+04  1.623180300000e+01  7.109923931785e-02
 5.494017541625e+04  1.582731800000e+01  6.649976794987e-02
 5.494018147259e+04  1.586588400000e+01  6.698862122039e-02
 5.494018756028e+04  1.585174500000e+01  6.685386332642e-02
 5.494019354346e+04  1.586456000000e+01  6.697702184860e-02
 5.495119313966e+04  1.538204100000e+01  6.245455256140e-02
 5.495120101437e+04  1.544735300000e+01  6.272529360325e-02
 5.495120882821e+04  1.542630500000e+01  6.298819055777e-02
 5.495121678242e+04  1.545192400000e+01  6.313848525047e-02
 5.518232199796e+04  1.599215100000e+01  6.941325260744e-02
 5.486626216176e+04  1.579164200000e+01  6.582084015851e-02
 5.486627124520e+04  1.568726400000e+01  6.469413552748e-02
 5.486628027157e+04  1.556703800000e+01  6.349922353901e-02
 5.486628934506e+04  1.540758600000e+01  6.208634063569e-02
 5.488327170014e+04  1.633092900000e+01  7.429127682079e-02
 5.488327818125e+04  1.623439300000e+01  7.380965093740e-02
 5.488328486294e+04  1.619823700000e+01  7.124387653504e-02
 5.488329150552e+04  1.626675900000e+01  7.199558483378e-02
 5.488417090040e+04  1.564093100000e+01  6.500315967052e-02
 5.488417634708e+04  1.568181100000e+01  6.696375231355e-02
 5.488418183000e+04  1.568182800000e+01  6.631167063516e-02
 5.488418723756e+04  1.587200200000e+01  7.282022604432e-02
 5.485137863164e+04  1.587034900000e+01  6.336197980903e-02
 5.485138511808e+04  1.590888400000e+01  6.370912996527e-02
 5.485139165359e+04  1.586813100000e+01  6.332795297124e-02
 5.485139810750e+04  1.591196300000e+01  6.374122164608e-02
 5.489321325513e+04  1.625331800000e+01  7.148769913505e-02
 5.489321936029e+04  1.610614900000e+01  6.964842513553e-02
 5.489322552831e+04  1.610244400000e+01  6.964096533259e-02
 5.489323169169e+04  1.589304500000e+01  6.716672863249e-02
 5.490719061404e+04  1.560844800000e+01  6.399664846657e-02
 5.490719613110e+04  1.562896900000e+01  6.421621073821e-02
 5.490720151400e+04  1.562630300000e+01  6.420437395125e-02
 5.490720700954e+04  1.563961100000e+01  6.433961863443e-02
 5.491419810203e+04  1.618464700000e+01  7.074400819890e-02
 5.491421036747e+04  1.626003700000e+01  7.190125607945e-02
 5.491422247190e+04  1.634291100000e+01  7.319128373405e-02
 5.491423474764e+04  1.631643500000e+01  7.284843309996e-02
 5.496521370140e+04  1.591505500000e+01  6.890552023753e-02
 5.496522033948e+04  1.590211100000e+01  6.881874300374e-02
 5.496522683749e+04  1.591582900000e+01  6.912472769465e-02
 5.496523353564e+04  1.591595300000e+01  6.922369998360e-02
 5.512249192540e+04  1.599116600000e+01  6.942120650143e-02
 5.529516016006e+04  1.628302200000e+01  7.283012198338e-02
 5.529516532328e+04  1.625424400000e+01  7.243559241547e-02
 5.529517049068e+04  1.633412000000e+01  7.367834474614e-02
 5.529517565495e+04  1.623081100000e+01  7.210159653998e-02
 5.530315838313e+04  1.538177500000e+01  6.285590162252e-02
 5.530316408006e+04  1.536786300000e+01  6.274262344454e-02
 5.530316979111e+04  1.542852900000e+01  6.331310331425e-02
 5.530317549823e+04  1.542690200000e+01  6.331388119384e-02
 5.553849132428e+04  1.617580700000e+01  7.141857216113e-02
 5.553850203076e+04  1.614734900000e+01  7.100762535849e-02
 5.553850741378e+04  1.612781500000e+01  7.073877048110e-02
 5.554544241900e+04  1.593239400000e+01  6.831251767814e-02
 5.523233077269e+04  1.608515600000e+01  9.582933928234e-02
 5.523233540065e+04  1.595858600000e+01  9.289404059790e-02
 5.523233995885e+04  1.604695200000e+01  9.930918057662e-02
 5.523234456054e+04  1.599383800000e+01  1.001670942003e-01
 5.520250198456e+04  1.537585200000e+01  6.196073815956e-02
 5.520837482433e+04  1.556068000000e+01  6.387542009923e-02
 5.520838305013e+04  1.547202000000e+01  6.305637854529e-02
 5.520839132450e+04  1.533790000000e+01  6.188049497906e-02
 5.520839956367e+04  1.530298000000e+01  6.163579200657e-02
 5.526029125112e+04  1.617510700000e+01  7.149936787999e-02
 5.526029695850e+04  1.630391900000e+01  7.341840990502e-02
 5.526030851484e+04  1.625032100000e+01  7.249054130150e-02
 5.532220586840e+04  1.533810500000e+01  6.258104709415e-02
 5.532221276750e+04  1.524048200000e+01  6.142824059786e-02
 5.532222024146e+04  1.523822500000e+01  6.137930261960e-02
 5.532222599648e+04  1.524536600000e+01  6.224945840071e-02
 5.533817267811e+04  1.575431100000e+01  6.631993503092e-02
 5.533818081895e+04  1.584343700000e+01  6.743547978893e-02
 5.533818893116e+04  1.579790200000e+01  6.700049322947e-02
 5.533819696015e+04  1.576846400000e+01  6.676258365802e-02
 5.551144032400e+04  1.613115100000e+01  7.122487367188e-02
 5.551145313935e+04  1.608486000000e+01  7.049224316687e-02
 5.551145953286e+04  1.615056400000e+01  7.143044389309e-02
 5.565912086551e+04  1.559826600000e+01  6.670472054114e-02
 5.565912600387e+04  1.554649600000e+01  7.083771826352e-02
 5.568122483650e+04  1.614995800000e+01  7.255004278436e-02
 5.568123233632e+04  1.610005500000e+01  7.185747452866e-02
 5.568123985836e+04  1.615628600000e+01  7.282626300000e-02
 5.568124737898e+04  1.617774500000e+01  7.325117390930e-02
 5.559831717853e+04  1.611462100000e+01  6.244602322839e-02
 5.559832182494e+04  1.613010200000e+01  6.258335831091e-02
 5.559832649545e+04  1.612755500000e+01  6.257480055518e-02
 5.559833107959e+04  1.617571000000e+01  6.299352745847e-02
 5.561734286553e+04  1.603756200000e+01  6.997380957285e-02
 5.561734939552e+04  1.609597900000e+01  7.085320622851e-02
 5.561735602846e+04  1.614639500000e+01  7.151163505711e-02
 5.561736261628e+04  1.616016800000e+01  7.178631250717e-02
 5.556939738688e+04  1.612664700000e+01  7.105032777459e-02
 5.556940346403e+04  1.614613800000e+01  7.128755982969e-02
 5.556940970868e+04  1.621485500000e+01  7.234145575293e-02
 5.556941618817e+04  1.617852800000e+01  7.182356436065e-02
 5.558549466674e+04  1.580782300000e+01  6.730600320749e-02
 5.558550172289e+04  1.580058300000e+01  6.731166397731e-02
 5.558550877580e+04  1.583877900000e+01  6.783651319553e-02
 5.558551586384e+04  1.586985100000e+01  6.823516141287e-02
 5.562515882927e+04  1.608377500000e+01  6.452800576340e-02
 5.562516765067e+04  1.600652700000e+01  6.354602048321e-02
 5.562517654162e+04  1.609647500000e+01  6.437689824981e-02
 5.562518539509e+04  1.605714200000e+01  6.398837629136e-02
 5.564712167631e+04  1.622078400000e+01  7.394604572343e-02
 5.564712849299e+04  1.624444000000e+01  7.440673288226e-02
 5.564713529263e+04  1.624689400000e+01  7.441909469215e-02
 5.564714213696e+04  1.617615400000e+01  7.326624565130e-02
 5.563414130440e+04  1.565377800000e+01  7.313989003513e-02
 5.586147252185e+04  1.603772400000e+01  6.965767021988e-02
 5.586148175912e+04  1.611091500000e+01  7.059772213227e-02
 5.586149099433e+04  1.614337200000e+01  7.094518318119e-02
 5.586150026125e+04  1.608058500000e+01  7.005205549194e-02
 5.588844054693e+04  1.607587300000e+01  6.990676043384e-02
 5.591936803900e+04  1.614898600000e+01  7.167514157700e-02
 5.592636310568e+04  1.592219000000e+01  7.434085191802e-02
 5.592636809300e+04  1.594888700000e+01  7.470388944344e-02
 5.592637800339e+04  1.600637200000e+01  7.564942421378e-02
 5.594043851087e+04  1.576102800000e+01  6.651785835197e-02
 5.596823216960e+04  1.548208400000e+01  6.334029970014e-02
 5.596824057476e+04  1.541837500000e+01  6.274081779732e-02
 5.596824897633e+04  1.505841000000e+01  5.989261059329e-02
 5.596825748262e+04  1.540026600000e+01  6.259012854529e-02
 5.598022241634e+04  1.573416300000e+01  6.596756469211e-02
 5.598023020321e+04  1.575809900000e+01  6.623879049749e-02
 5.598023810140e+04  1.577629700000e+01  6.641562865792e-02
 5.598024590066e+04  1.575754100000e+01  6.619332335754e-02
 5.598623247797e+04  1.592614000000e+01  6.891343604334e-02
 5.598623756017e+04  1.585927800000e+01  6.807926115153e-02
 5.598624277769e+04  1.580150700000e+01  6.741419416569e-02
 5.598624795653e+04  1.592817600000e+01  6.911972093370e-02
 5.601420104078e+04  1.628772000000e+01  6.921177021126e-02
 5.601420852610e+04  1.613287200000e+01  6.740532009592e-02
 5.601421615161e+04  1.645651100000e+01  7.158573347610e-02
 5.601422368083e+04  1.615653300000e+01  6.761051794589e-02
 5.604216460089e+04  1.595839000000e+01  6.924603151270e-02
 5.604217019319e+04  1.593392700000e+01  6.907612373964e-02
 5.604218143561e+04  1.593544800000e+01  6.961579197638e-02
 5.606514819595e+04  1.581739700000e+01  6.334587151893e-02
 5.606515563417e+04  1.586040500000e+01  6.378925843720e-02
 5.606516310062e+04  1.587937800000e+01  6.398326567428e-02
 5.606517055331e+04  1.589246100000e+01  6.416345617304e-02
 5.622543982931e+04  1.579421300000e+01  7.080263163054e-02
