# time mag mag_err
 5.355229749167e+04  1.513509300000e+01  5.679804983859e-02
 5.355230823538e+04  1.518949000000e+01  5.716919050978e-02
 5.355231898892e+04  1.523660200000e+01  5.739394733831e-02
 5.355232982221e+04  1.527320000000e+01  5.776448827896e-02
 5.352630144975e+04  1.540744300000e+01  6.340306254063e-02
 5.352631272229e+04  1.543013400000e+01  6.362246250478e-02
 5.352632328520e+04  1.545962700000e+01  6.388653740623e-02
 5.352633362993e+04  1.547288100000e+01  6.404514518885e-02
 5.353431142340e+04  1.547994800000e+01  6.369459876436e-02
 5.353432037338e+04  1.551680400000e+01  6.438616541536e-02
 5.353432883585e+04  1.553589500000e+01  6.457332840674e-02
 5.353433721439e+04  1.555792300000e+01  6.479262039131e-02
 5.365709608983e+04  1.538076000000e+01  6.509227495273e-02
 5.365710097549e+04  1.528772000000e+01  6.417359130023e-02
 5.365710585639e+04  1.515347300000e+01  6.299265276325e-02
 5.365711076069e+04  1.505370600000e+01  6.223094751890e-02
 5.383429778270e+04  1.572684000000e+01  7.451059653370e-02
 5.383430554060e+04  1.571392200000e+01  7.416117876632e-02
 5.383431328508e+04  1.572569200000e+01  7.432877625599e-02
 5.383432100700e+04  1.574013300000e+01  7.444307618687e-02
 5.384821501360e+04  1.564652500000e+01  6.966894414058e-02
 5.384822096840e+04  1.552367300000e+01  6.725402071013e-02
 5.384822696650e+04  1.544863700000e+01  6.617156978771e-02
 5.384823292745e+04  1.535831100000e+01  6.733541310477e-02
 5.385446290601e+04  1.570045300000e+01  6.736814616892e-02
 5.385446889715e+04  1.568716800000e+01  6.726324558788e-02
 5.385447482465e+04  1.569802800000e+01  6.737340772654e-02
 5.385448081338e+04  1.564688900000e+01  6.685735863235e-02
 5.385530866495e+04  1.524743200000e+01  6.265572122406e-02
 5.385531641141e+04  1.526610400000e+01  6.282913653922e-02
 5.385532428471e+04  1.530085200000e+01  6.311380598215e-02
 5.385533256001e+04  1.533466900000e+01  6.342200256940e-02
 5.391718921832e+04  1.546954200000e+01  1.492634522857e-01
 5.389131629995e+04  1.584353800000e+01  1.260950319468e-01
 5.389131746529e+04  1.580187000000e+01  1.240000905769e-01
 5.389131862067e+04  1.579104300000e+01  1.238749146205e-01
 5.389131976413e+04  1.581020600000e+01  1.246503962419e-01
 5.390143496326e+04  1.570984000000e+01  1.211220273804e-01
 5.390143599618e+04  1.568175100000e+01  1.202282974902e-01
 5.390143695666e+04  1.565279600000e+01  1.189875878595e-01
 5.390143810068e+04  1.568568700000e+01  1.198839858727e-01
 5.379647875741e+04  1.569765800000e+01  6.656600322896e-02
 5.379648522115e+04  1.569142200000e+01  6.685436301845e-02
 5.379649167957e+04  1.569525100000e+01  6.646309157151e-02
 5.379649816242e+04  1.570762800000e+01  6.669787583029e-02
 5.386238485353e+04  1.562068100000e+01  6.630974111759e-02
 5.386239217958e+04  1.564862800000e+01  6.664448314632e-02
 5.386239927659e+04  1.567105100000e+01  6.690085340381e-02
 5.386240609833e+04  1.570155300000e+01  6.722895156095e-02
 5.388340826689e+04  1.494393000000e+01  6.019144431222e-02
 5.388341567791e+04  1.491661000000e+01  5.999984151641e-02
 5.388342309529e+04  1.494928600000e+01  6.025601882523e-02
 5.388343046706e+04  1.495562600000e+01  6.034677550751e-02
 5.399415230043e+04  1.503294400000e+01  5.957227543135e-02
 5.399415711316e+04  1.500108800000e+01  5.936062464518e-02
 5.399416194211e+04  1.495742800000e+01  5.909454739537e-02
 5.399416675473e+04  1.493228600000e+01  5.894093566364e-02
 5.400315534661e+04  1.580491400000e+01  6.681287865468e-02
 5.400316176765e+04  1.579070500000e+01  6.669779470577e-02
 5.400316822966e+04  1.577010500000e+01  6.650856921189e-02
 5.400317465880e+04  1.572175700000e+01  6.608192866868e-02
 5.415744621335e+04  1.566770000000e+01  6.527955955416e-02
 5.415745543105e+04  1.566503000000e+01  6.520945776416e-02
 5.415746470582e+04  1.568723400000e+01  6.542247542512e-02
 5.415747396079e+04  1.568851700000e+01  6.537760104505e-02
 5.428616221707e+04  1.549022200000e+01  6.539036302422e-02
 5.428617095872e+04  1.550181600000e+01  6.552490444091e-02
 5.428617965822e+04  1.560925600000e+01  7.055974725561e-02
 5.428618838735e+04  1.555221400000e+01  6.594884330712e-02
 5.429528876730e+04  1.572530900000e+01  6.776538733806e-02
 5.429529425345e+04  1.564734700000e+01  6.758222602939e-02
 5.429529972444e+04  1.569319200000e+01  6.762996092361e-02
 5.429530520145e+04  1.569209200000e+01  6.740845608168e-02
 5.426132943800e+04  1.564179000000e+01  6.565386666154e-02
 5.426133764049e+04  1.566538400000e+01  6.593858622239e-02
 5.426134583198e+04  1.570407800000e+01  6.638265249593e-02
 5.426135395611e+04  1.572596300000e+01  6.664512979213e-02
 5.427330240102e+04  1.527907700000e+01  6.271165220483e-02
 5.427330900794e+04  1.529924600000e+01  6.292552967568e-02
 5.427331563953e+04  1.532923300000e+01  6.322243732811e-02
 5.427332225258e+04  1.536892000000e+01  6.364493866159e-02
 5.427931405605e+04  1.569663400000e+01  6.680675852791e-02
 5.427932054747e+04  1.565102700000e+01  6.632101659031e-02
 5.427932704258e+04  1.569696000000e+01  6.691837432672e-02
 5.427933353955e+04  1.571154900000e+01  6.711975245231e-02
 5.417746604181e+04  1.532549200000e+01  6.209706886517e-02
 5.417747538741e+04  1.532484200000e+01  6.208700608373e-02
 5.417748469794e+04  1.536565300000e+01  6.242633964515e-02
 5.417749501652e+04  1.537661600000e+01  6.249170683376e-02
 5.423143079638e+04  1.565348000000e+01  6.579131878760e-02
 5.423143730618e+04  1.565579200000e+01  6.583359259937e-02
 5.423144382387e+04  1.565685800000e+01  6.586684431689e-02
 5.423145034456e+04  1.567889500000e+01  6.614332099792e-02
 5.423936347579e+04  1.561964200000e+01  6.656248483693e-02
 5.423937336910e+04  1.566761700000e+01  6.658377906380e-02
 5.423938312468e+04  1.564626700000e+01  6.680370038054e-02
 5.423939280051e+04  1.566534000000e+01  6.708353269506e-02
 5.440608180036e+04  1.567057500000e+01  6.578988545594e-02
 5.440608610693e+04  1.567523900000e+01  6.588490987844e-02
 5.440609041803e+04  1.567274500000e+01  6.595427057899e-02
 5.440609472727e+04  1.564985300000e+01  6.572753755733e-02
 5.440906919475e+04  1.532412700000e+01  7.121354780503e-02
 5.440907172473e+04  1.530208400000e+01  6.999931956279e-02
 5.440907424917e+04  1.528025000000e+01  7.074897860248e-02
 5.440907678841e+04  1.529296000000e+01  7.092967431442e-02
 5.438508883573e+04  1.516823400000e+01  6.236576958129e-02
 5.438509368227e+04  1.519328200000e+01  6.264280999332e-02
 5.438509853807e+04  1.521543700000e+01  6.286962439671e-02
 5.438510339363e+04  1.522925500000e+01  6.299619821440e-02
 5.439210235066e+04  1.548541400000e+01  6.374749312436e-02
 5.439210688237e+04  1.541781200000e+01  6.318302072253e-02
 5.439211137808e+04  1.549049800000e+01  6.391414946867e-02
 5.439211587506e+04  1.549029900000e+01  6.397067022068e-02
 5.436312996440e+04  1.556356600000e+01  6.451462407719e-02
 5.436313703604e+04  1.547221300000e+01  6.366796257136e-02
 5.436314408662e+04  1.532939600000e+01  6.239230887363e-02
 5.436315114450e+04  1.517533600000e+01  6.114778550273e-02
 5.456846058738e+04  1.564208100000e+01  6.492846266219e-02
 5.456846619449e+04  1.566105400000e+01  6.511844071430e-02
 5.456847168551e+04  1.565994500000e+01  6.510663973750e-02
 5.456847717397e+04  1.568107700000e+01  6.531896669200e-02
 5.456946872466e+04  1.558276700000e+01  6.440724002237e-02
 5.456947319179e+04  1.561829700000e+01  6.477184342693e-02
 5.456947764178e+04  1.561924700000e+01  6.480640635890e-02
 5.456948208969e+04  1.561328000000e+01  6.474788103730e-02
 5.458543533552e+04  1.559610500000e+01  6.476181712806e-02
 5.458544187335e+04  1.552428200000e+01  6.403017887043e-02
 5.458544820630e+04  1.562423400000e+01  6.529866771800e-02
 5.462736486756e+04  1.525157000000e+01  6.210550185342e-02
 5.462737367760e+04  1.529901200000e+01  6.240291044330e-02
 5.462738232282e+04  1.532856500000e+01  6.265993095380e-02
 5.462739105891e+04  1.532383900000e+01  6.290813339884e-02
 5.453148558028e+04  1.509802700000e+01  6.038803602789e-02
 5.453149330670e+04  1.511875700000e+01  6.050784879605e-02
 5.453150109655e+04  1.516056900000e+01  6.080352758069e-02
 5.453150900771e+04  1.520300000000e+01  6.109915134462e-02
 5.459627056262e+04  1.571796600000e+01  6.729134162362e-02
 5.459627823325e+04  1.575535000000e+01  6.769397933313e-02
 5.459628592183e+04  1.573816700000e+01  6.747307713459e-02
 5.459629361862e+04  1.580141700000e+01  6.813784309764e-02
 5.459745803420e+04  1.484660500000e+01  6.157234486223e-02
 5.459746011567e+04  1.486173000000e+01  6.131970473958e-02
 5.459746216311e+04  1.484407300000e+01  6.045699714504e-02
 5.459746417757e+04  1.484505900000e+01  6.094957425704e-02
 5.474808916157e+04  1.576718600000e+01  7.154927087545e-02
 5.474809649434e+04  1.564892500000e+01  6.994224238904e-02
 5.474810375639e+04  1.547187500000e+01  6.780586999651e-02
 5.474811113674e+04  1.530166300000e+01  6.587960869583e-02
 5.492343629215e+04  1.519962200000e+01  6.109262457043e-02
 5.492344170286e+04  1.524899000000e+01  6.142931097819e-02
 5.492344717211e+04  1.525204500000e+01  6.146933127058e-02
 5.492345261270e+04  1.526715300000e+01  6.157255765125e-02
 5.494343869400e+04  1.570215000000e+01  6.580746428136e-02
 5.494344406082e+04  1.570941800000e+01  6.584015773315e-02
 5.494344947846e+04  1.574135300000e+01  6.620806654013e-02
 5.494345494412e+04  1.576744000000e+01  6.652604559795e-02
 5.499828467605e+04  1.572092000000e+01  6.626819069190e-02
 5.499829159977e+04  1.570340400000e+01  6.599563019320e-02
 5.499829859169e+04  1.579558900000e+01  6.701212945329e-02
 5.499830557632e+04  1.578374900000e+01  6.691191436040e-02
 5.489145810407e+04  1.513934400000e+01  6.039784172809e-02
 5.489146603491e+04  1.516361000000e+01  6.054267074903e-02
 5.489147380822e+04  1.519714400000e+01  6.081294432419e-02
 5.489148174565e+04  1.524284200000e+01  6.114077140800e-02
 5.491544644131e+04  1.534225900000e+01  6.712820868519e-02
 5.491545377931e+04  1.534390600000e+01  6.648686274108e-02
 5.491546131603e+04  1.534500700000e+01  6.654284738586e-02
 5.491546884812e+04  1.537305100000e+01  6.685145147031e-02
 5.495443069977e+04  1.551710700000e+01  6.500934922309e-02
 5.495445263144e+04  1.558923300000e+01  7.410368793693e-02
 5.495541882706e+04  1.536467900000e+01  6.264332901809e-02
 5.495542596676e+04  1.539386000000e+01  6.291312421155e-02
 5.495543328659e+04  1.539733700000e+01  6.295590556761e-02
 5.495544051671e+04  1.541790700000e+01  6.312702808790e-02
 5.496734858115e+04  1.566615400000e+01  6.587757652561e-02
 5.496735801126e+04  1.566363600000e+01  6.585063197642e-02
 5.496736777080e+04  1.563857700000e+01  6.561379643338e-02
 5.496737647924e+04  1.564849200000e+01  6.571526386716e-02
 5.497935703029e+04  1.527988900000e+01  6.209695174813e-02
 5.497936423690e+04  1.529545000000e+01  6.221734579119e-02
 5.497937156552e+04  1.531970100000e+01  6.240626898251e-02
 5.497937880803e+04  1.535932500000e+01  6.276274643677e-02
 5.510411541005e+04  1.565421300000e+01  7.180454217689e-02
 5.510412036771e+04  1.564063400000e+01  7.158514509092e-02
 5.510412532606e+04  1.568197100000e+01  7.221368379220e-02
 5.510413030594e+04  1.566756000000e+01  7.204728190764e-02
 5.530044305534e+04  1.535537000000e+01  6.240502478071e-02
 5.530045103431e+04  1.538190500000e+01  6.263645118740e-02
 5.530045891955e+04  1.540014500000e+01  6.282104581392e-02
 5.530046701023e+04  1.541109600000e+01  6.293399673336e-02
 5.535038451470e+04  1.504562400000e+01  6.140033153515e-02
 5.535039022333e+04  1.503610900000e+01  6.130526718469e-02
 5.535039600638e+04  1.508047800000e+01  6.313508838795e-02
 5.535040177368e+04  1.507832000000e+01  6.502910315731e-02
 5.535715082795e+04  1.564768100000e+01  6.603018549313e-02
 5.535715423796e+04  1.572453500000e+01  6.709237834771e-02
 5.535715782323e+04  1.569363400000e+01  8.037941067428e-02
 5.535716177539e+04  1.581602200000e+01  9.152304074766e-02
 5.536430160583e+04  1.525783900000e+01  6.175497254321e-02
 5.536430733642e+04  1.526102900000e+01  6.179033683076e-02
 5.536431306752e+04  1.530279900000e+01  6.212725331488e-02
 5.536431874697e+04  1.530849700000e+01  6.219323604179e-02
 5.536826074199e+04  1.564326100000e+01  6.552704171426e-02
 5.536826773146e+04  1.562727300000e+01  6.533744881193e-02
 5.536827464582e+04  1.566273700000e+01  6.577528215615e-02
 5.536828149747e+04  1.564845700000e+01  6.562134458814e-02
 5.532743191438e+04  1.520175800000e+01  6.152462268603e-02
 5.532743769112e+04  1.508374800000e+01  6.066679945863e-02
 5.532744349280e+04  1.496961500000e+01  5.985914326417e-02
 5.532744933273e+04  1.487598000000e+01  5.924074762401e-02
 5.534137302618e+04  1.507614600000e+01  6.031150087788e-02
 5.534137872983e+04  1.509734500000e+01  6.047163269925e-02
 5.534138452016e+04  1.513342300000e+01  6.076731151301e-02
 5.534139018098e+04  1.515330200000e+01  6.092064418704e-02
 5.565237576628e+04  1.527471700000e+01  6.250553991851e-02
 5.565238265691e+04  1.528905300000e+01  6.262448977906e-02
 5.565238964768e+04  1.533484900000e+01  6.300827612021e-02
 5.565239659584e+04  1.532719800000e+01  6.292939756019e-02
 5.567737614830e+04  1.524426400000e+01  6.244786190560e-02
 5.567738347435e+04  1.526124100000e+01  6.257723868233e-02
 5.567739099928e+04  1.528173500000e+01  6.273483120107e-02
 5.567739948331e+04  1.529654000000e+01  6.290690939992e-02
 5.568842355060e+04  1.561907200000e+01  6.622177301059e-02
 5.568842994375e+04  1.550419200000e+01  6.500685999222e-02
 5.568843636572e+04  1.535102100000e+01  6.347953630589e-02
 5.568844279127e+04  1.523844900000e+01  6.244560546949e-02
 5.545615986971e+04  1.568836700000e+01  6.824553795994e-02
 5.545617326200e+04  1.566938900000e+01  6.809717182756e-02
 5.545617996439e+04  1.564971200000e+01  6.790715082893e-02
 5.585809105641e+04  1.569847000000e+01  7.178375377488e-02
 5.585809661169e+04  1.567610100000e+01  7.156924834400e-02
 5.585810204148e+04  1.565823500000e+01  7.142537494220e-02
 5.585810702323e+04  1.566918100000e+01  7.171807648811e-02
 5.585208455176e+04  1.536676600000e+01  6.237854845585e-02
 5.585208967852e+04  1.541519800000e+01  6.284427420123e-02
 5.585209488939e+04  1.541631400000e+01  6.288997655423e-02
 5.585210005446e+04  1.539722800000e+01  6.274575178607e-02
 5.600843355111e+04  1.562516600000e+01  6.525308689158e-02
 5.600844093966e+04  1.542875400000e+01  6.330814591685e-02
 5.600844839760e+04  1.525867200000e+01  6.201708650052e-02
 5.600845584821e+04  1.516586000000e+01  6.139556321866e-02
 5.601936921831e+04  1.560467600000e+01  6.134785373592e-02
 5.601938116442e+04  1.561708100000e+01  6.138973767777e-02
 5.601939303355e+04  1.562870600000e+01  6.144912574042e-02
 5.601940494331e+04  1.562178300000e+01  6.139919951944e-02
 5.603945975168e+04  1.528548900000e+01  6.250423116698e-02
 5.603946656440e+04  1.530934400000e+01  6.272142992277e-02
 5.603947328050e+04  1.532282400000e+01  6.282502252008e-02
 5.603948012755e+04  1.532581700000e+01  6.287277854596e-02
 5.604741468161e+04  1.506253200000e+01  6.064041348106e-02
 5.604742269578e+04  1.509223200000e+01  6.086878041800e-02
 5.604743083310e+04  1.512814000000e+01  6.115369789976e-02
 5.604743879530e+04  1.514134100000e+01  6.128986310283e-02
 5.606538620076e+04  1.580848400000e+01  6.654276719927e-02
 5.606539299890e+04  1.575335500000e+01  6.596660847812e-02
 5.606539986251e+04  1.569544100000e+01  6.537308337163e-02
 5.606540668398e+04  1.563272900000e+01  6.472107415290e-02
 5.607236164837e+04  1.486750600000e+01  5.874457163738e-02
 5.607236670962e+04  1.486283700000e+01  5.872242105741e-02
 5.607237181103e+04  1.485668200000e+01  5.869904994442e-02
 5.607237691315e+04  1.486238000000e+01  5.871630465621e-02
 5.608838302429e+04  1.496322800000e+01  5.940329492951e-02
 5.608838876192e+04  1.500057300000e+01  5.968246008356e-02
 5.608839436810e+04  1.502666000000e+01  5.986523909902e-02
 5.608840019376e+04  1.503542700000e+01  5.994375305870e-02
 5.610020382140e+04  1.531754100000e+01  6.271038166835e-02
 5.610021295613e+04  1.536227500000e+01  6.316526033156e-02
 5.610022224363e+04  1.538117900000e+01  6.329281316045e-02
 5.610023165354e+04  1.540910000000e+01  6.354460427271e-02
 5.618916679762e+04  1.548539300000e+01  6.471088308400e-02
 5.618917169084e+04  1.547679000000e+01  6.464886163391e-02
 5.618917660903e+04  1.550931700000e+01  6.499054562248e-02
 5.618918154527e+04  1.548619600000e+01  6.476482963610e-02
 5.619517395950e+04  1.563666500000e+01  6.356131197937e-02
 5.619517946748e+04  1.573520700000e+01  6.454206749509e-02
 5.619518497214e+04  1.565020800000e+01  6.375460843682e-02
 5.619519047634e+04  1.572203000000e+01  6.455336335289e-02
 5.621112630892e+04  1.568416500000e+01  6.716811698572e-02
 5.621113416163e+04  1.568865900000e+01  6.725718190615e-02
 5.621114189387e+04  1.569221000000e+01  6.737082090229e-02
 5.621114922446e+04  1.570567900000e+01  6.758442721142e-02
 5.622207798164e+04  1.523836900000e+01  6.234895483482e-02
 5.622208304602e+04  1.525091800000e+01  6.247395879561e-02
 5.622208811794e+04  1.525977200000e+01  6.258580017381e-02
 5.622209320014e+04  1.527086000000e+01  6.268712799762e-02
