# time mag mag_err
 5.346640506714e+04  1.499270400000e+01  5.897029391992e-02
 5.346641397719e+04  1.501173200000e+01  5.908730646415e-02
 5.346642294303e+04  1.505916100000e+01  5.939402909465e-02
 5.346643187380e+04  1.506138000000e+01  5.941453459903e-02
 5.348133949197e+04  1.534305300000e+01  6.201226195638e-02
 5.348134755116e+04  1.536083400000e+01  6.209922488649e-02
 5.348135563247e+04  1.539460500000e+01  6.232233781488e-02
 5.348136374745e+04  1.543055900000e+01  6.261027254376e-02
 5.355428218007e+04  1.506918700000e+01  6.063758882549e-02
 5.355428876744e+04  1.509238400000e+01  6.084348317405e-02
 5.355429536950e+04  1.511569800000e+01  6.106047375118e-02
 5.355430185015e+04  1.511858700000e+01  6.113448378752e-02
 5.356029446505e+04  1.540136700000e+01  6.305075079334e-02
 5.356030212618e+04  1.540036000000e+01  6.307955213136e-02
 5.356030977390e+04  1.541034400000e+01  6.325162206465e-02
 5.356031731537e+04  1.544641200000e+01  6.358966994787e-02
 5.352832979030e+04  1.506001100000e+01  5.992186455529e-02
 5.352833791328e+04  1.492410900000e+01  5.903001540514e-02
 5.352834604968e+04  1.474681500000e+01  5.797344866636e-02
 5.352835417381e+04  1.460077900000e+01  5.717468940311e-02
 5.353725675725e+04  1.546069100000e+01  6.368952067388e-02
 5.353726481170e+04  1.532812700000e+01  6.248286802344e-02
 5.353727280828e+04  1.506461300000e+01  6.039689141751e-02
 5.353728082685e+04  1.493859800000e+01  5.951262181216e-02
 5.350919854794e+04  1.531825100000e+01  6.209225079411e-02
 5.350920709142e+04  1.535685400000e+01  6.242400825893e-02
 5.350921564313e+04  1.533828100000e+01  6.226265521738e-02
 5.350922418208e+04  1.539497800000e+01  6.271476344525e-02
 5.352036515895e+04  1.545422700000e+01  6.493944302829e-02
 5.352037264531e+04  1.550237600000e+01  6.463263535166e-02
 5.352038016478e+04  1.549104800000e+01  6.458755088512e-02
 5.352038768669e+04  1.554063700000e+01  7.812800078933e-02
 5.363910631696e+04  1.535226800000e+01  6.346335449539e-02
 5.363911061637e+04  1.533862800000e+01  6.339028976305e-02
 5.363911485951e+04  1.533465600000e+01  6.343082580648e-02
 5.363911915013e+04  1.534539300000e+01  6.353253268826e-02
 5.383143090221e+04  1.477252200000e+01  5.837310405529e-02
 5.383143731919e+04  1.478938200000e+01  5.850021230797e-02
 5.383144393446e+04  1.481653200000e+01  5.864694631278e-02
 5.383145044103e+04  1.484669500000e+01  5.881355439521e-02
 5.384543484757e+04  1.538621400000e+01  6.346265705867e-02
 5.384544396434e+04  1.537897800000e+01  6.338959989269e-02
 5.384545314096e+04  1.541006100000e+01  6.369988782861e-02
 5.384546236664e+04  1.538908500000e+01  6.353712583958e-02
 5.393924591951e+04  1.462460000000e+01  5.926197736642e-02
 5.393924908519e+04  1.464470300000e+01  5.968109857337e-02
 5.393925226925e+04  1.467936700000e+01  5.989293645714e-02
 5.393925544707e+04  1.467319000000e+01  5.995339142903e-02
 5.390531459819e+04  1.531467100000e+01  9.861877525510e-02
 5.390531557568e+04  1.535712700000e+01  1.001552620518e-01
 5.390531657411e+04  1.532700600000e+01  9.916820603362e-02
 5.390531755066e+04  1.539714800000e+01  1.015093712516e-01
 5.390725824172e+04  1.501300100000e+01  6.054229622366e-02
 5.390726911135e+04  1.505420000000e+01  6.085851612714e-02
 5.390728001514e+04  1.510007100000e+01  6.130314527446e-02
 5.390729088628e+04  1.513197800000e+01  6.156695388845e-02
 5.381845334988e+04  1.527026600000e+01  6.188068316714e-02
 5.381846223759e+04  1.530627000000e+01  6.259913921128e-02
 5.381847113375e+04  1.527187800000e+01  6.220553721753e-02
 5.381848008351e+04  1.532653200000e+01  6.260751926418e-02
 5.385735204343e+04  1.521547800000e+01  6.186677526172e-02
 5.385736000285e+04  1.522510900000e+01  6.179822408157e-02
 5.385736796574e+04  1.527578300000e+01  6.361688203561e-02
 5.385737595988e+04  1.528257800000e+01  6.230952569738e-02
 5.386640740750e+04  1.536446500000e+01  1.000533605325e-01
 5.386640843475e+04  1.534141600000e+01  9.925658828907e-02
 5.386640933178e+04  1.531870900000e+01  9.867175686673e-02
 5.386641030787e+04  1.534493000000e+01  9.930195221896e-02
 5.387635503926e+04  1.532750900000e+01  6.320556017193e-02
 5.387636270666e+04  1.533041900000e+01  6.325296996283e-02
 5.387637035935e+04  1.537003700000e+01  6.364709788103e-02
 5.387637800464e+04  1.535615600000e+01  6.375131185501e-02
 5.399710523778e+04  1.454373800000e+01  5.646160168446e-02
 5.399711106666e+04  1.457777900000e+01  5.667064290562e-02
 5.399711691312e+04  1.461671700000e+01  5.689288017162e-02
 5.399712275520e+04  1.461786800000e+01  5.693493915463e-02
 5.419743057936e+04  1.552502300000e+01  6.346959219557e-02
 5.419743596481e+04  1.553819500000e+01  6.358320341946e-02
 5.419744134575e+04  1.553999600000e+01  6.357699900166e-02
 5.419744673931e+04  1.552156500000e+01  6.339014158334e-02
 5.421231693669e+04  1.484583300000e+01  5.843383238775e-02
 5.421232575020e+04  1.486955600000e+01  5.855690980117e-02
 5.421233453351e+04  1.489790300000e+01  5.869517747195e-02
 5.421234330270e+04  1.494079700000e+01  5.896332804304e-02
 5.426030949758e+04  1.518408900000e+01  6.078605316127e-02
 5.426031547230e+04  1.520805900000e+01  6.097533198461e-02
 5.426032144910e+04  1.521258800000e+01  6.104621879824e-02
 5.426032743794e+04  1.522585200000e+01  6.115794877895e-02
 5.426926526635e+04  1.520407600000e+01  6.112001563722e-02
 5.426927383113e+04  1.522229600000e+01  6.121969743246e-02
 5.426928241083e+04  1.523202700000e+01  6.133814834402e-02
 5.426929097237e+04  1.526103900000e+01  6.155410113937e-02
 5.417247118127e+04  1.520915400000e+01  6.057937722728e-02
 5.417247985336e+04  1.523772900000e+01  6.077647666350e-02
 5.417248855911e+04  1.526656200000e+01  6.099384454431e-02
 5.417249726278e+04  1.528950200000e+01  6.117732006004e-02
 5.418546682483e+04  1.473303500000e+01  5.767331526997e-02
 5.418547555257e+04  1.475814500000e+01  5.781399423248e-02
 5.418548421713e+04  1.479449500000e+01  5.797961908802e-02
 5.418549289916e+04  1.483899100000e+01  5.822930009364e-02
 5.423043619101e+04  1.534283800000e+01  6.226402938684e-02
 5.423044263958e+04  1.532503200000e+01  6.215063557318e-02
 5.423044909407e+04  1.533898700000e+01  6.231596905487e-02
 5.423045566940e+04  1.534094900000e+01  6.234288347071e-02
 5.423640795998e+04  1.534858500000e+01  6.248173213244e-02
 5.423641549218e+04  1.517425700000e+01  6.143580343779e-02
 5.423642302356e+04  1.496106000000e+01  5.986633483886e-02
 5.423643055288e+04  1.488548100000e+01  5.910088348887e-02
 5.424237786295e+04  1.505303900000e+01  6.026074116027e-02
 5.424238535742e+04  1.508733500000e+01  6.049672624826e-02
 5.424239285016e+04  1.511380000000e+01  6.075084028185e-02
 5.424240040678e+04  1.512412800000e+01  6.081413424643e-02
 5.439207112284e+04  1.556817600000e+01  6.642448439873e-02
 5.439207542410e+04  1.556092800000e+01  6.652994415052e-02
 5.439207973634e+04  1.555436100000e+01  6.675084241728e-02
 5.439208401966e+04  1.550133700000e+01  6.626957165281e-02
 5.435612336536e+04  1.531328800000e+01  6.168669238662e-02
 5.435612872222e+04  1.529309100000e+01  6.156925867030e-02
 5.435613409645e+04  1.531801800000e+01  6.178774744815e-02
 5.435613944174e+04  1.529206100000e+01  6.161249383254e-02
 5.456350486462e+04  1.541212100000e+01  6.695531235957e-02
 5.456350666911e+04  1.539377800000e+01  6.668542592101e-02
 5.456350844407e+04  1.542836300000e+01  6.690814177026e-02
 5.456351024625e+04  1.541891100000e+01  6.662696039277e-02
 5.456937681698e+04  1.555213000000e+01  6.348083654232e-02
 5.456938325572e+04  1.555285500000e+01  6.354096553554e-02
 5.456938969539e+04  1.554865800000e+01  6.346969263706e-02
 5.456939615683e+04  1.550729900000e+01  6.308923201489e-02
 5.458442845872e+04  1.532298900000e+01  6.169773216587e-02
 5.458443500811e+04  1.534193200000e+01  6.188358254856e-02
 5.458444152823e+04  1.531698100000e+01  6.170457128072e-02
 5.458444811432e+04  1.534021400000e+01  6.191110724901e-02
 5.449850113082e+04  1.482526200000e+01  5.802277079138e-02
 5.449850734652e+04  1.484674700000e+01  5.814040037793e-02
 5.449851358236e+04  1.487733100000e+01  5.829977678293e-02
 5.449851981728e+04  1.488844300000e+01  5.832230105890e-02
 5.450953244504e+04  1.474001300000e+01  5.749245188742e-02
 5.450953469145e+04  1.475561300000e+01  5.756575604414e-02
 5.450953694769e+04  1.477105900000e+01  5.765616716748e-02
 5.450953919155e+04  1.476589200000e+01  5.763345467501e-02
 5.447653436588e+04  1.520986600000e+01  6.464988797509e-02
 5.447653745146e+04  1.524424500000e+01  6.497408062168e-02
 5.447654048749e+04  1.520963700000e+01  6.456283177901e-02
 5.447654355037e+04  1.521251100000e+01  6.458539669682e-02
 5.448350143170e+04  1.537104300000e+01  6.664974009281e-02
 5.448350653334e+04  1.539649700000e+01  6.680188256145e-02
 5.448351178824e+04  1.539670100000e+01  6.672169612149e-02
 5.448351693861e+04  1.539540100000e+01  6.661712737495e-02
 5.464824576300e+04  1.545030700000e+01  6.383364554888e-02
 5.464825321244e+04  1.547523100000e+01  6.417331112747e-02
 5.464826070112e+04  1.549047700000e+01  6.450593614755e-02
 5.464826819154e+04  1.551860600000e+01  6.486396415062e-02
 5.462325383969e+04  1.509169500000e+01  5.785629407482e-02
 5.462326171578e+04  1.510472400000e+01  5.793191688518e-02
 5.462326957508e+04  1.512914700000e+01  5.806048170369e-02
 5.462327742095e+04  1.514522000000e+01  5.816769744559e-02
 5.452944373001e+04  1.497937100000e+01  5.899034877796e-02
 5.452945460127e+04  1.478035700000e+01  5.775641345424e-02
 5.452946553584e+04  1.458682700000e+01  5.670324595751e-02
 5.452947647505e+04  1.455227800000e+01  5.652966308724e-02
 5.455631899767e+04  1.463392400000e+01  5.749582147438e-02
 5.455633427841e+04  1.469914300000e+01  5.777075968013e-02
 5.455634334056e+04  1.479998000000e+01  6.286260158852e-02
 5.455635241994e+04  1.478297500000e+01  5.818284296998e-02
 5.459137060635e+04  1.538236200000e+01  6.208153214268e-02
 5.459137836194e+04  1.539480300000e+01  6.217169489781e-02
 5.459138612160e+04  1.539011700000e+01  6.213901049713e-02
 5.459139389304e+04  1.537960900000e+01  6.204779523824e-02
 5.459928374466e+04  1.535648200000e+01  6.255256912737e-02
 5.459929026721e+04  1.536951500000e+01  6.255201603393e-02
 5.459929676939e+04  1.537434000000e+01  6.255555095457e-02
 5.459930328846e+04  1.542821000000e+01  6.304605656067e-02
 5.472911184919e+04  1.534107700000e+01  6.189885634992e-02
 5.472911667049e+04  1.533279200000e+01  6.186054748881e-02
 5.472912150175e+04  1.530226700000e+01  6.167502475917e-02
 5.472912635083e+04  1.531976500000e+01  6.189859154211e-02
 5.473712403722e+04  1.540466700000e+01  6.769472345540e-02
 5.473712843652e+04  1.541353900000e+01  6.790676886779e-02
 5.473713287551e+04  1.539244600000e+01  6.779945414701e-02
 5.473713732191e+04  1.535401600000e+01  6.816210936156e-02
 5.492439961505e+04  1.541072500000e+01  6.244176389234e-02
 5.492440512447e+04  1.540041800000e+01  6.234764175581e-02
 5.493743696677e+04  1.533367600000e+01  6.207497044394e-02
 5.493744177248e+04  1.534978400000e+01  6.223014412253e-02
 5.493744642653e+04  1.536796100000e+01  6.248240558977e-02
 5.493745121346e+04  1.532813600000e+01  6.208501151358e-02
 5.494632090175e+04  1.527422000000e+01  6.288699380939e-02
 5.494632803661e+04  1.526175500000e+01  6.321592928585e-02
 5.494633536720e+04  1.527654500000e+01  7.636874226412e-02
 5.494634268377e+04  1.529846200000e+01  6.151738474870e-02
 5.506219301854e+04  1.541114300000e+01  6.764381261298e-02
 5.506219874505e+04  1.537428000000e+01  6.727811741011e-02
 5.506220456339e+04  1.541803600000e+01  6.784011591159e-02
 5.506221028654e+04  1.541442100000e+01  6.789463339146e-02
 5.503924849844e+04  1.464636600000e+01  5.767976152222e-02
 5.503925641468e+04  1.469807400000e+01  5.823275251168e-02
 5.503926426012e+04  1.472177800000e+01  5.837066961934e-02
 5.503927204110e+04  1.477184500000e+01  5.862592332305e-02
 5.499528244742e+04  1.530400900000e+01  6.135744142760e-02
 5.499528549097e+04  1.532351500000e+01  6.205759037023e-02
 5.499529344602e+04  1.532414700000e+01  6.149443782485e-02
 5.499530371182e+04  1.531975900000e+01  6.205844607129e-02
 5.499629946295e+04  1.525263900000e+01  6.114533760795e-02
 5.499630603269e+04  1.526315900000e+01  6.121906810194e-02
 5.499631259505e+04  1.527534300000e+01  6.134625710105e-02
 5.499631919806e+04  1.529108400000e+01  6.149478739173e-02
 5.500431016020e+04  1.537863300000e+01  6.227256392257e-02
 5.500431685485e+04  1.538884900000e+01  6.238585777928e-02
 5.500432355472e+04  1.539240900000e+01  6.248307830785e-02
 5.500433011951e+04  1.540757000000e+01  6.264726891346e-02
 5.491746202976e+04  1.533308500000e+01  6.155190941820e-02
 5.491746689065e+04  1.537778800000e+01  6.190891184115e-02
 5.491747167829e+04  1.536288500000e+01  6.181429324101e-02
 5.491747643500e+04  1.533702300000e+01  6.160909744835e-02
 5.498135814917e+04  1.454170100000e+01  5.679536880671e-02
 5.498138009316e+04  1.464183500000e+01  5.734715596752e-02
 5.508513692575e+04  1.708253200000e+01  1.902874077391e-01
 5.508514077410e+04  1.593193300000e+01  9.755969671146e-02
 5.508514471191e+04  1.508504500000e+01  7.342500132385e-02
 5.508514859883e+04  1.591342000000e+01  9.381978623160e-02
 5.508912188736e+04  1.552456800000e+01  6.897484545189e-02
 5.508912580610e+04  1.577261100000e+01  8.154883512152e-02
 5.508912968013e+04  1.553499500000e+01  6.925721866565e-02
 5.508913352245e+04  1.552580500000e+01  6.926683636166e-02
 5.509910366353e+04  1.549742000000e+01  6.876274947707e-02
 5.509910942200e+04  1.552201700000e+01  6.922223614435e-02
 5.509911527128e+04  1.552652600000e+01  6.942235979932e-02
 5.509912118106e+04  1.552562700000e+01  6.952248925248e-02
 5.529544431786e+04  1.469982900000e+01  5.743395449232e-02
 5.529545150493e+04  1.473775700000e+01  5.763823103432e-02
 5.529545871419e+04  1.477145800000e+01  5.784560905718e-02
 5.529546588608e+04  1.478911900000e+01  5.796283819379e-02
 5.538228442635e+04  1.488829000000e+01  5.890686892994e-02
 5.538228902751e+04  1.490347300000e+01  5.903212793561e-02
 5.538229369721e+04  1.491244300000e+01  5.911291382144e-02
 5.538229834675e+04  1.493950800000e+01  5.927019926455e-02
 5.534929972563e+04  1.530342400000e+01  6.179385303061e-02
 5.534930601431e+04  1.528281400000e+01  6.154008162235e-02
 5.534931231531e+04  1.534047000000e+01  6.196849977824e-02
 5.534931865553e+04  1.532660800000e+01  6.184590714838e-02
 5.535630397530e+04  1.540813800000e+01  6.317166486742e-02
 5.535631314245e+04  1.544595700000e+01  6.278161033163e-02
 5.535632237705e+04  1.547216800000e+01  6.297698022713e-02
 5.535633164941e+04  1.551365600000e+01  6.343583767084e-02
 5.536328992756e+04  1.461328300000e+01  5.718208557244e-02
 5.536329449597e+04  1.464259900000e+01  5.731640240218e-02
 5.536329908347e+04  1.466687100000e+01  5.745453161371e-02
 5.536330367601e+04  1.468724300000e+01  5.756322660756e-02
 5.536815343152e+04  1.515231100000e+01  6.060902288531e-02
 5.536815850573e+04  1.515437900000e+01  6.067500480162e-02
 5.536816365043e+04  1.514179600000e+01  6.057362659472e-02
 5.536816875841e+04  1.514863600000e+01  6.060896463208e-02
 5.527249916759e+04  1.529758800000e+01  6.120583999695e-02
 5.527250612793e+04  1.533504500000e+01  6.152937160105e-02
 5.527251309198e+04  1.532116100000e+01  6.141273579099e-02
 5.527252002925e+04  1.532186500000e+01  6.140537939779e-02
 5.532334062725e+04  1.475514400000e+01  5.779163507119e-02
 5.532334803178e+04  1.479848400000e+01  5.800803651470e-02
 5.532335559883e+04  1.482235500000e+01  5.814549346465e-02
 5.532336306274e+04  1.486196600000e+01  5.837644507199e-02
 5.532940061839e+04  1.539774200000e+01  6.214078820394e-02
 5.532940758488e+04  1.540288400000e+01  6.221193868587e-02
 5.532941442319e+04  1.537244900000e+01  6.195577330130e-02
 5.532942143637e+04  1.538295600000e+01  6.228813069659e-02
 5.533834334380e+04  1.538033900000e+01  6.225385405737e-02
 5.533835170279e+04  1.538871200000e+01  6.232977805965e-02
 5.533835984316e+04  1.537642300000e+01  6.223846469881e-02
 5.533836801838e+04  1.537118500000e+01  6.226669741597e-02
 5.567542208955e+04  1.523272700000e+01  6.400553250377e-02
 5.567542926574e+04  1.528639600000e+01  6.455913741576e-02
 5.567543638588e+04  1.527246800000e+01  6.445868243754e-02
 5.567544350050e+04  1.528054500000e+01  6.453874222334e-02
 5.563049428568e+04  1.467329100000e+01  5.781487863925e-02
 5.563050203352e+04  1.456510700000e+01  5.721739040252e-02
 5.563050986376e+04  1.456144300000e+01  5.841731103881e-02
 5.563051766652e+04  1.456250000000e+01  5.751647831560e-02
 5.565041528233e+04  1.554502800000e+01  6.496247153706e-02
 5.565042321052e+04  1.553564800000e+01  6.439869741060e-02
 5.565043126512e+04  1.553677200000e+01  6.442132991422e-02
 5.565043931194e+04  1.555173100000e+01  6.515474995580e-02
 5.568742760781e+04  1.498202600000e+01  6.016655230942e-02
 5.568743442887e+04  1.501250100000e+01  6.035871325280e-02
 5.568744127326e+04  1.503475300000e+01  6.053169673176e-02
 5.568744811170e+04  1.505732500000e+01  6.067266320486e-02
 5.582511060193e+04  1.524989800000e+01  5.895399802096e-02
 5.582511813941e+04  1.502720700000e+01  5.766552915228e-02
 5.582512571259e+04  1.491502400000e+01  5.711375636037e-02
 5.582513323576e+04  1.473410800000e+01  5.625210328186e-02
 5.598844288698e+04  1.526547200000e+01  6.156181614883e-02
 5.598845002079e+04  1.532173500000e+01  6.200116241822e-02
 5.598845716698e+04  1.528442500000e+01  6.165519116483e-02
 5.598846434194e+04  1.530365900000e+01  6.177441396347e-02
 5.601247644322e+04  1.480591800000e+01  5.872588222591e-02
 5.601248222562e+04  1.485017900000e+01  5.898091688653e-02
 5.601248796758e+04  1.484677100000e+01  5.896873834989e-02
 5.601249369801e+04  1.486342000000e+01  5.903434416883e-02
 5.603546970747e+04  1.553125900000e+01  6.393357883141e-02
 5.603547268933e+04  1.554202000000e+01  6.404843948618e-02
 5.603547568635e+04  1.554794700000e+01  6.411447437447e-02
 5.603547860791e+04  1.552999400000e+01  6.393314822453e-02
 5.604241435763e+04  1.459785600000e+01  5.743077862494e-02
 5.604241943185e+04  1.459928100000e+01  5.751887737620e-02
 5.604242450999e+04  1.465094400000e+01  5.810416428740e-02
 5.604242961587e+04  1.466247300000e+01  5.879568437900e-02
 5.608737218159e+04  1.534878600000e+01  6.176600981736e-02
 5.608737730198e+04  1.532475200000e+01  6.160520383758e-02
 5.608738243001e+04  1.534242500000e+01  6.176733642497e-02
 5.608738755206e+04  1.534433600000e+01  6.175986316101e-02
 5.609729867221e+04  1.520891600000e+01  6.091612461201e-02
 5.609730646230e+04  1.520296600000e+01  6.087421386182e-02
 5.609731442873e+04  1.524149900000e+01  6.118353009164e-02
 5.609732226209e+04  1.525132700000e+01  6.132670177044e-02
 5.616716809190e+04  1.489492400000e+01  5.667326408435e-02
 5.616717475079e+04  1.492995800000e+01  5.688892832110e-02
 5.616718147225e+04  1.493864000000e+01  5.698695783784e-02
 5.616718810071e+04  1.494017500000e+01  5.706731396471e-02
 5.619011059660e+04  1.541935100000e+01  6.360349044817e-02
 5.619011572836e+04  1.543595200000e+01  6.381754513468e-02
 5.619012093787e+04  1.543879100000e+01  6.389724577731e-02
 5.619012610230e+04  1.546003400000e+01  6.409933899269e-02
