# time mag mag_err
 5.353128071147e+04  1.571478400000e+01  6.704339094257e-02
 5.353128800488e+04  1.569612900000e+01  6.685785774885e-02
 5.353129526392e+04  1.568446300000e+01  6.672962638476e-02
 5.353130251729e+04  1.571492800000e+01  6.712613650568e-02
 5.390131441109e+04  1.552008900000e+01  1.063564520857e-01
 5.390131543660e+04  1.551041400000e+01  1.007164085578e-01
 5.390131643191e+04  1.546749500000e+01  1.043882782666e-01
 5.390131743647e+04  1.548948200000e+01  1.052944084186e-01
 5.388437379187e+04  1.543034000000e+01  6.304731143196e-02
 5.388438030169e+04  1.543240700000e+01  6.309695901472e-02
 5.388438678963e+04  1.543392800000e+01  6.307628257975e-02
 5.388439328220e+04  1.544028400000e+01  6.315072245088e-02
 5.400111914270e+04  1.563405800000e+01  6.388257983733e-02
 5.400112359488e+04  1.565284400000e+01  6.408142412069e-02
 5.400112803457e+04  1.563829700000e+01  6.394988088242e-02
 5.400113246488e+04  1.567226500000e+01  6.430919742745e-02
 5.420833378087e+04  1.568554700000e+01  6.642377835515e-02
 5.420834071883e+04  1.568070600000e+01  6.669087545021e-02
 5.420834764649e+04  1.566407400000e+01  6.622108675899e-02
 5.420835458815e+04  1.569105000000e+01  6.624513470659e-02
 5.421643307730e+04  1.541603900000e+01  6.191144735982e-02
 5.421643964302e+04  1.540508600000e+01  6.180400780146e-02
 5.421644621419e+04  1.541959400000e+01  6.191288641634e-02
 5.421645277389e+04  1.541499200000e+01  6.187838787540e-02
 5.413849821825e+04  1.568228200000e+01  6.461717056693e-02
 5.413850259868e+04  1.565433300000e+01  6.493540197961e-02
 5.413850694126e+04  1.568156300000e+01  6.404465205267e-02
 5.413851129471e+04  1.564137400000e+01  6.377647857735e-02
 5.426527739582e+04  1.567143600000e+01  6.500826341889e-02
 5.426528934631e+04  1.566762400000e+01  6.501452140211e-02
 5.426529755424e+04  1.565886200000e+01  6.488153112922e-02
 5.426530573277e+04  1.567444100000e+01  6.510417936296e-02
 5.427624897081e+04  1.565210900000e+01  6.633540795377e-02
 5.427625448937e+04  1.567819600000e+01  6.665848297468e-02
 5.427626003767e+04  1.565024100000e+01  6.636419906554e-02
 5.427626559235e+04  1.563326300000e+01  6.620342787763e-02
 5.417848249628e+04  1.560542900000e+01  6.346031306308e-02
 5.417848872600e+04  1.560441400000e+01  6.298671948874e-02
 5.417849494344e+04  1.563398900000e+01  6.328100088517e-02
 5.417850113704e+04  1.563646600000e+01  6.327722951224e-02
 5.423837261089e+04  1.553261000000e+01  6.389113950409e-02
 5.423837759458e+04  1.555588600000e+01  6.414201109878e-02
 5.423838258234e+04  1.551647700000e+01  6.381955484784e-02
 5.423838755978e+04  1.552165500000e+01  6.391285971834e-02
 5.439007671791e+04  1.555779300000e+01  6.050069770248e-02
 5.439008272654e+04  1.553326200000e+01  6.038990653712e-02
 5.439008873969e+04  1.556890800000e+01  6.070408616743e-02
 5.439009476012e+04  1.555585600000e+01  6.063785369202e-02
 5.462834358081e+04  1.559665600000e+01  6.339684513585e-02
 5.462834702381e+04  1.560348000000e+01  6.343797221895e-02
 5.462835048127e+04  1.558047200000e+01  6.322531090730e-02
 5.462835395911e+04  1.561786500000e+01  6.355371179020e-02
 5.471615106640e+04  1.546857500000e+01  6.203530433301e-02
 5.471615766128e+04  1.547764900000e+01  6.211560000095e-02
 5.471616425281e+04  1.543551300000e+01  6.182065352256e-02
 5.471617087491e+04  1.543344100000e+01  6.187030531113e-02
 5.494624963406e+04  1.562355700000e+01  6.397338244629e-02
 5.494625507231e+04  1.562259200000e+01  6.341645821267e-02
 5.494626057456e+04  1.566934400000e+01  6.382813327567e-02
 5.494626597716e+04  1.563326900000e+01  6.315029660995e-02
 5.504421668134e+04  1.567254000000e+01  6.917048473814e-02
 5.504422363446e+04  1.571212800000e+01  6.967654810267e-02
 5.504423058486e+04  1.568008200000e+01  6.933687017282e-02
 5.504423752537e+04  1.576074500000e+01  7.047684870111e-02
 5.486544088712e+04  1.571313000000e+01  6.375649417026e-02
 5.486545068980e+04  1.570095600000e+01  6.359165615119e-02
 5.486546054678e+04  1.569909500000e+01  6.356131197937e-02
 5.486547042620e+04  1.571062400000e+01  6.366151515131e-02
 5.500527765640e+04  1.566805700000e+01  6.440369377039e-02
 5.500528611517e+04  1.566555800000e+01  6.441754254810e-02
 5.500530940907e+04  1.569505500000e+01  6.520505193649e-02
 5.500531791206e+04  1.570767000000e+01  6.511227864051e-02
 5.489238762773e+04  1.550663100000e+01  6.415205470578e-02
 5.489239485564e+04  1.552736000000e+01  6.485043075753e-02
 5.489240208030e+04  1.551868000000e+01  6.456885321001e-02
 5.489240932175e+04  1.551365100000e+01  6.426486312791e-02
 5.490831301512e+04  1.575987200000e+01  6.580696197029e-02
 5.490831792392e+04  1.574837400000e+01  6.459317574497e-02
 5.490832283794e+04  1.575013100000e+01  6.450109515655e-02
 5.490832773321e+04  1.569960300000e+01  6.391114117269e-02
 5.491540933698e+04  1.564641800000e+01  7.231738750973e-02
 5.491541228921e+04  1.576369900000e+01  7.061902301613e-02
 5.491541524943e+04  1.574744600000e+01  7.308703816981e-02
 5.491541817470e+04  1.579304800000e+01  7.242399591260e-02
 5.496542603084e+04  1.541043300000e+01  6.431343633568e-02
 5.496543257310e+04  1.539954200000e+01  6.421705707984e-02
 5.496543915192e+04  1.545375500000e+01  6.483655137167e-02
 5.496544579091e+04  1.543482800000e+01  6.466876165433e-02
 5.498130712756e+04  1.571267400000e+01  6.443954032865e-02
 5.498131326979e+04  1.570480100000e+01  6.436250293701e-02
 5.498131943826e+04  1.569850100000e+01  6.438604881273e-02
 5.498132550529e+04  1.564278100000e+01  6.393266290698e-02
 5.529733227979e+04  1.571439100000e+01  6.461801224542e-02
 5.529733807843e+04  1.572854700000e+01  6.464837801279e-02
 5.529734387837e+04  1.573699900000e+01  6.469571683841e-02
 5.529734970616e+04  1.574866200000e+01  6.479243585919e-02
 5.536024958210e+04  1.546012500000e+01  6.224075866282e-02
 5.536025536843e+04  1.548723900000e+01  6.250266964549e-02
 5.536026113547e+04  1.547597500000e+01  6.244890678782e-02
 5.536026685103e+04  1.543133400000e+01  6.204616394538e-02
 5.527448914375e+04  1.566794300000e+01  6.426924229339e-02
 5.527449552675e+04  1.568406900000e+01  6.444076770886e-02
 5.527450190992e+04  1.568425300000e+01  6.443901405466e-02
 5.527450832551e+04  1.569200900000e+01  6.454902054205e-02
 5.532630570510e+04  1.567998100000e+01  8.176654874390e-02
 5.532630602120e+04  1.567282800000e+01  8.148630724162e-02
 5.532630634183e+04  1.570491000000e+01  8.217373207244e-02
 5.532630668779e+04  1.569732900000e+01  8.201858276568e-02
 5.532738388712e+04  1.548539300000e+01  6.260158713287e-02
 5.532738977762e+04  1.549133000000e+01  6.265181857797e-02
 5.532739558578e+04  1.551150900000e+01  6.286935429824e-02
 5.532740138791e+04  1.551664900000e+01  6.293718656764e-02
 5.567828422645e+04  1.551179100000e+01  6.303723750448e-02
 5.567828931663e+04  1.552784400000e+01  6.317275708278e-02
 5.567829452711e+04  1.549829100000e+01  6.289327801335e-02
 5.567829972367e+04  1.553701100000e+01  6.326646223080e-02
 5.567939484549e+04  1.547671700000e+01  6.274676596361e-02
 5.567939997503e+04  1.549009300000e+01  6.286476105909e-02
 5.567940517935e+04  1.546593700000e+01  6.267431796922e-02
 5.567941040127e+04  1.546113000000e+01  6.263709966361e-02
 5.563638409480e+04  1.568255700000e+01  7.031373532894e-02
 5.563639105025e+04  1.565729200000e+01  6.991299049039e-02
 5.563639806000e+04  1.566746300000e+01  7.004833112295e-02
 5.563640509196e+04  1.563018600000e+01  6.953042950443e-02
 5.568235906538e+04  1.570488200000e+01  6.499755085809e-02
 5.568236595602e+04  1.569633900000e+01  6.489306010114e-02
 5.568237287674e+04  1.570808500000e+01  6.507381438006e-02
 5.568237975197e+04  1.565914700000e+01  6.468088959136e-02
 5.603744446640e+04  1.542253900000e+01  6.229426394270e-02
 5.603744957044e+04  1.542403600000e+01  6.232266494508e-02
 5.603745466606e+04  1.543132300000e+01  6.242787981005e-02
 5.603745973553e+04  1.543757100000e+01  6.248005048801e-02
 5.606535596701e+04  1.546717200000e+01  6.168346536327e-02
 5.606536275439e+04  1.548969600000e+01  6.186598713408e-02
 5.606536953322e+04  1.549608900000e+01  6.194334266042e-02
 5.606537637723e+04  1.550104600000e+01  6.200459008530e-02
 5.607630761377e+04  1.540523300000e+01  6.326631712957e-02
 5.607631461498e+04  1.541336200000e+01  6.336124439752e-02
 5.607632186257e+04  1.544511700000e+01  6.365337505384e-02
 5.607632915898e+04  1.543760300000e+01  6.360696276776e-02
 5.608929339541e+04  1.541580600000e+01  6.612705801853e-02
 5.608929850874e+04  1.544325300000e+01  6.343509303843e-02
 5.608930366459e+04  1.540576000000e+01  6.943205307837e-02
 5.608930883069e+04  1.542874500000e+01  6.584709035154e-02
 5.619210578882e+04  1.549155100000e+01  6.362056810473e-02
 5.619211027411e+04  1.549574300000e+01  6.376110359162e-02
 5.619211476848e+04  1.546162800000e+01  6.335722614692e-02
 5.619211927472e+04  1.544644400000e+01  6.329373319327e-02
