# time mag mag_err
 5.347035790745e+04  1.486658600000e+01  5.925513375404e-02
 5.347036517588e+04  1.490999000000e+01  5.952145569487e-02
 5.347037245031e+04  1.493372300000e+01  5.969705906688e-02
 5.347037977613e+04  1.494146500000e+01  5.976080445540e-02
 5.347934698397e+04  1.536353500000e+01  6.175034393875e-02
 5.347935513171e+04  1.539410300000e+01  6.197968519299e-02
 5.347936338165e+04  1.538778300000e+01  6.190997173289e-02
 5.347937162142e+04  1.536298400000e+01  6.173026034828e-02
 5.355824011034e+04  1.480324300000e+01  5.829743894299e-02
 5.355824545817e+04  1.472222000000e+01  5.787679905911e-02
 5.355825081168e+04  1.463543100000e+01  5.748585960650e-02
 5.355825616750e+04  1.462532100000e+01  5.742270486605e-02
 5.355123381865e+04  1.544619200000e+01  6.286543622610e-02
 5.355124148627e+04  1.547633600000e+01  6.315962141889e-02
 5.355124906547e+04  1.546572400000e+01  6.307040221447e-02
 5.355125665786e+04  1.541982900000e+01  6.272810513532e-02
 5.350632410814e+04  1.508544300000e+01  6.114579458497e-02
 5.350633186118e+04  1.511087100000e+01  6.137134568757e-02
 5.350633970729e+04  1.510875900000e+01  6.138641693823e-02
 5.350634749020e+04  1.512990500000e+01  6.168477052364e-02
 5.385133837840e+04  1.504855700000e+01  5.998524257609e-02
 5.385134818306e+04  1.506226600000e+01  6.007185467855e-02
 5.385135792567e+04  1.502597900000e+01  5.984501788465e-02
 5.385136770961e+04  1.512669600000e+01  6.055127210954e-02
 5.379351337034e+04  1.516605700000e+01  6.035943481063e-02
 5.379351824928e+04  1.518244200000e+01  6.047888221978e-02
 5.379352310508e+04  1.518587700000e+01  6.049809749401e-02
 5.379352796377e+04  1.522818600000e+01  6.082635417610e-02
 5.390035774245e+04  1.496143900000e+01  9.312072633390e-02
 5.390035871854e+04  1.489076100000e+01  9.119414059101e-02
 5.390035971049e+04  1.486078300000e+01  9.082780631201e-02
 5.390036069896e+04  1.489244900000e+01  9.161865741849e-02
 5.381748016260e+04  1.538664500000e+01  7.058966573674e-02
 5.381748618362e+04  1.541991000000e+01  7.097752223096e-02
 5.381749220846e+04  1.537089900000e+01  7.038065489268e-02
 5.381749832381e+04  1.539892300000e+01  7.076633366591e-02
 5.385739262380e+04  1.535478000000e+01  6.251534596666e-02
 5.385740033598e+04  1.535085200000e+01  6.253785391510e-02
 5.385740806588e+04  1.532789600000e+01  6.233526150433e-02
 5.385741581256e+04  1.536046800000e+01  6.262246219169e-02
 5.386633535380e+04  1.487331900000e+01  8.492648718617e-02
 5.386633617398e+04  1.483781800000e+01  8.390740084841e-02
 5.386633702795e+04  1.489485600000e+01  8.504672002590e-02
 5.386633776538e+04  1.485618400000e+01  8.419339109735e-02
 5.387837556999e+04  1.470434800000e+01  5.785794694756e-02
 5.387838045866e+04  1.464449100000e+01  5.751405291410e-02
 5.387838542615e+04  1.459903900000e+01  5.728468435678e-02
 5.387839032928e+04  1.455457600000e+01  5.706870413841e-02
 5.388630058329e+04  1.535796300000e+01  6.258648549220e-02
 5.388630864457e+04  1.535022000000e+01  6.253038368106e-02
 5.388631673965e+04  1.536206800000e+01  6.268028322321e-02
 5.388632480208e+04  1.539469600000e+01  6.297161296298e-02
 5.400010272502e+04  1.501501300000e+01  6.028066246192e-02
 5.400010699120e+04  1.502685700000e+01  6.039954840048e-02
 5.400011128610e+04  1.502071100000e+01  6.038254166935e-02
 5.400011557612e+04  1.503582900000e+01  6.055627275725e-02
 5.421326779462e+04  1.531124700000e+01  6.172075827785e-02
 5.421327744972e+04  1.531156900000e+01  6.172477628159e-02
 5.421328721687e+04  1.530972400000e+01  6.170286030798e-02
 5.421329716494e+04  1.533928700000e+01  6.192896656298e-02
 5.414052170269e+04  1.540585200000e+01  1.020876200095e-01
 5.414052271257e+04  1.544807500000e+01  1.050218845828e-01
 5.414052372801e+04  1.532598000000e+01  1.009473219353e-01
 5.414052474172e+04  1.538113500000e+01  1.032833152056e-01
 5.415639150303e+04  1.497663000000e+01  5.865901522644e-02
 5.415640436987e+04  1.501019300000e+01  5.884282826012e-02
 5.415641728393e+04  1.502337600000e+01  5.888506040182e-02
 5.415643019917e+04  1.506478700000e+01  5.914126928089e-02
 5.425718485763e+04  1.512698100000e+01  6.335002922693e-02
 5.425718938204e+04  1.512051100000e+01  6.070504103955e-02
 5.425719392405e+04  1.514200200000e+01  6.110167334905e-02
 5.425719843828e+04  1.515639200000e+01  6.084670730924e-02
 5.426825728625e+04  1.525120300000e+01  6.174560906409e-02
 5.426826589571e+04  1.529577000000e+01  6.186591235999e-02
 5.426827445204e+04  1.531715100000e+01  6.574325073846e-02
 5.426828300339e+04  1.530303200000e+01  7.064834383626e-02
 5.417634138102e+04  1.538552000000e+01  6.174590285319e-02
 5.417634892087e+04  1.538476500000e+01  6.173681161379e-02
 5.417635651719e+04  1.536999600000e+01  6.161764641460e-02
 5.417636405669e+04  1.536489900000e+01  6.266548970710e-02
 5.423036291352e+04  1.458064500000e+01  5.676097817458e-02
 5.423631673056e+04  1.506598600000e+01  5.998588189411e-02
 5.423632335553e+04  1.508696500000e+01  6.012262059204e-02
 5.423633001547e+04  1.509533300000e+01  6.020390085033e-02
 5.423633670273e+04  1.510582900000e+01  6.027534728343e-02
 5.424435233532e+04  1.487426500000e+01  5.840676890801e-02
 5.424435679366e+04  1.488423900000e+01  5.845798973515e-02
 5.424436131865e+04  1.490093000000e+01  5.859894362440e-02
 5.424436579433e+04  1.491913300000e+01  5.870279390054e-02
 5.434712348666e+04  1.535472400000e+01  5.952115615956e-02
 5.434713142883e+04  1.533229600000e+01  5.942375476860e-02
 5.434713934647e+04  1.537712100000e+01  5.974536345419e-02
 5.434714730358e+04  1.530704700000e+01  5.932481768662e-02
 5.455933440330e+04  1.502466700000e+01  5.910177977139e-02
 5.455934356914e+04  1.505240200000e+01  5.928298754474e-02
 5.455935274008e+04  1.506569300000e+01  5.932312355922e-02
 5.455936192955e+04  1.510127800000e+01  5.957717100008e-02
 5.456438671811e+04  1.458887300000e+01  5.658801100783e-02
 5.456439367169e+04  1.456193100000e+01  5.642386129557e-02
 5.456440058130e+04  1.455290200000e+01  5.637376510184e-02
 5.456440751197e+04  1.455919800000e+01  5.640319585721e-02
 5.457022139010e+04  1.465657100000e+01  5.714521641523e-02
 5.457022930010e+04  1.468928500000e+01  5.731018844259e-02
 5.457023705675e+04  1.473981100000e+01  5.755113670762e-02
 5.457024637353e+04  1.476827400000e+01  5.770226350682e-02
 5.458541088638e+04  1.507671400000e+01  5.944083080801e-02
 5.458541592494e+04  1.511453700000e+01  5.947703283968e-02
 5.458542098689e+04  1.510022400000e+01  5.963490834370e-02
 5.458542601561e+04  1.511721100000e+01  5.981594042389e-02
 5.450444695811e+04  1.523432700000e+01  5.914093201004e-02
 5.450445642062e+04  1.528597300000e+01  5.947441246525e-02
 5.450446593117e+04  1.529154100000e+01  5.948392157699e-02
 5.450447546903e+04  1.531540000000e+01  5.970516940942e-02
 5.451543810980e+04  1.528275600000e+01  6.136421842155e-02
 5.451544353380e+04  1.525939800000e+01  6.091117393109e-02
 5.451544914994e+04  1.523744500000e+01  6.098031687063e-02
 5.451545499375e+04  1.520645300000e+01  6.130597446621e-02
 5.464130191580e+04  1.545785400000e+01  6.320699264714e-02
 5.464130840281e+04  1.545575200000e+01  6.340849593780e-02
 5.464131490985e+04  1.544448300000e+01  6.342700699045e-02
 5.464132145902e+04  1.545059800000e+01  6.358142269324e-02
 5.459338243475e+04  1.469451300000e+01  5.735034727951e-02
 5.459338899155e+04  1.472104700000e+01  5.751709866080e-02
 5.459339553516e+04  1.474383500000e+01  5.765102327160e-02
 5.459340209683e+04  1.476859000000e+01  5.781261625128e-02
 5.459919687356e+04  1.480106200000e+01  5.817867488514e-02
 5.459920338639e+04  1.479450700000e+01  5.810354895646e-02
 5.459920988567e+04  1.482622500000e+01  5.807073194682e-02
 5.459921642870e+04  1.484001800000e+01  5.834411245767e-02
 5.492328663400e+04  1.494601700000e+01  5.851918261116e-02
 5.492329196426e+04  1.482204400000e+01  5.778404907405e-02
 5.492329745343e+04  1.479606900000e+01  5.763974391895e-02
 5.492330285857e+04  1.468852700000e+01  5.704657919259e-02
 5.494742448049e+04  1.539132700000e+01  6.192425874300e-02
 5.494743110213e+04  1.537910300000e+01  6.183376871154e-02
 5.494743768499e+04  1.541474400000e+01  6.213131384584e-02
 5.494744440697e+04  1.538469000000e+01  6.191326510235e-02
 5.507212829106e+04  1.462692800000e+01  6.016588716150e-02
 5.507213458061e+04  1.462147700000e+01  6.015961248756e-02
 5.507214094704e+04  1.465816200000e+01  6.048565870750e-02
 5.507214726566e+04  1.465566900000e+01  6.051945651482e-02
 5.488842242431e+04  1.539118400000e+01  6.129127412346e-02
 5.488843082762e+04  1.538554500000e+01  6.120924252115e-02
 5.488843940293e+04  1.537165500000e+01  6.109249592552e-02
 5.488844792094e+04  1.535392100000e+01  6.094155073083e-02
 5.486151937163e+04  1.500031000000e+01  5.852373686124e-02
 5.486152422940e+04  1.503541600000e+01  5.874524072941e-02
 5.486152910198e+04  1.503014300000e+01  5.870733655658e-02
 5.486153400419e+04  1.502394300000e+01  5.864278855719e-02
 5.499919850420e+04  1.466523200000e+01  5.701029016750e-02
 5.499920447706e+04  1.466589100000e+01  5.701697321972e-02
 5.499921058529e+04  1.471150700000e+01  5.726251886162e-02
 5.499921661047e+04  1.473318700000e+01  5.737113326040e-02
 5.490847232245e+04  1.516073900000e+01  6.000908620357e-02
 5.490847901596e+04  1.516826500000e+01  5.977693442442e-02
 5.490848568758e+04  1.518679600000e+01  5.985964057207e-02
 5.490849243039e+04  1.520439000000e+01  6.009458621717e-02
 5.491647119161e+04  1.491865900000e+01  5.846439549855e-02
 5.491648046407e+04  1.495262000000e+01  5.863768634572e-02
 5.491648975586e+04  1.496372600000e+01  5.872072907851e-02
 5.491649897485e+04  1.500752800000e+01  5.904832456919e-02
 5.496438343804e+04  1.503501300000e+01  6.093682428534e-02
 5.496439026965e+04  1.494270400000e+01  6.025881358237e-02
 5.496439727060e+04  1.485276200000e+01  5.965105788414e-02
 5.496440428252e+04  1.475015000000e+01  5.898848112495e-02
 5.498027265159e+04  1.517213800000e+01  6.040817264474e-02
 5.498027824747e+04  1.516949600000e+01  6.036398557288e-02
 5.498028388156e+04  1.520833000000e+01  6.068102640608e-02
 5.498028945279e+04  1.521377500000e+01  6.071217564668e-02
 5.509710491710e+04  1.491715800000e+01  5.898844068829e-02
 5.509710976074e+04  1.494841300000e+01  5.922295049978e-02
 5.509711465925e+04  1.494247900000e+01  5.925606447680e-02
 5.509711955684e+04  1.495094100000e+01  5.936266621004e-02
 5.529045737816e+04  1.490730400000e+01  6.011751059467e-02
 5.529046252559e+04  1.493100800000e+01  6.031051273418e-02
 5.529046763730e+04  1.494112200000e+01  6.035713293131e-02
 5.529047275603e+04  1.494266800000e+01  6.042915634296e-02
 5.529934968162e+04  1.533553200000e+01  6.128053639328e-02
 5.529935542410e+04  1.535418400000e+01  6.142179204919e-02
 5.529936123087e+04  1.533861400000e+01  6.130533429005e-02
 5.529936707545e+04  1.534704600000e+01  6.138515099912e-02
 5.538117962344e+04  1.543344000000e+01  6.241104102259e-02
 5.538118757441e+04  1.539667100000e+01  6.211445947393e-02
 5.538119552794e+04  1.528905700000e+01  6.124220122284e-02
 5.538120352662e+04  1.514324600000e+01  6.018062243169e-02
 5.535726696951e+04  1.534795600000e+01  6.173915630115e-02
 5.535727325707e+04  1.489288000000e+01  5.838207252928e-02
 5.535727960877e+04  1.534311600000e+01  6.159261218924e-02
 5.535728588807e+04  1.534646500000e+01  6.159756675583e-02
 5.532834326646e+04  1.538114700000e+01  6.181265864648e-02
 5.532835014332e+04  1.537041000000e+01  6.173831403918e-02
 5.532835713199e+04  1.537322000000e+01  6.178904198028e-02
 5.532836412053e+04  1.539534800000e+01  6.202636181654e-02
 5.533917241459e+04  1.513703100000e+01  5.994420934638e-02
 5.533917693809e+04  1.516712000000e+01  6.021082696591e-02
 5.533918151685e+04  1.515624500000e+01  6.009901514176e-02
 5.533918610007e+04  1.513894300000e+01  5.999074366522e-02
 5.565742912862e+04  1.468592900000e+01  5.751182222872e-02
 5.565743433293e+04  1.471571200000e+01  5.777153005511e-02
 5.565743945925e+04  1.474662000000e+01  5.783729109744e-02
 5.565744461703e+04  1.473789100000e+01  5.779855043751e-02
 5.567622832404e+04  1.536755800000e+01  6.537106127803e-02
 5.567623590638e+04  1.535449600000e+01  6.527231803065e-02
 5.567625109039e+04  1.537838800000e+01  6.533905864137e-02
 5.562151837429e+04  1.459665300000e+01  5.683337043902e-02
 5.562152352087e+04  1.461912700000e+01  5.694108707931e-02
 5.562152875562e+04  1.463499000000e+01  5.703164735758e-02
 5.562153398216e+04  1.469006700000e+01  5.731209809753e-02
 5.563632846726e+04  1.533196700000e+01  6.676496643904e-02
 5.563633489747e+04  1.535722100000e+01  6.703323966721e-02
 5.563634131988e+04  1.534968800000e+01  6.688512893595e-02
 5.563634787105e+04  1.533469900000e+01  6.668827209819e-02
 5.564835322478e+04  1.522448800000e+01  6.105021886473e-02
 5.564836058559e+04  1.522432800000e+01  6.103704646069e-02
 5.564836803313e+04  1.523961000000e+01  6.115775263262e-02
 5.564837551472e+04  1.523616600000e+01  6.112547246471e-02
 5.568633424910e+04  1.447614700000e+01  5.935738727289e-02
 5.568633933037e+04  1.452023700000e+01  5.826802970569e-02
 5.568634440679e+04  1.454061700000e+01  5.848852942279e-02
 5.568634950705e+04  1.481229000000e+01  6.937554786144e-02
 5.570732243094e+04  1.503040100000e+01  5.970473694372e-02
 5.570733161463e+04  1.505000400000e+01  5.989499102125e-02
 5.570734084625e+04  1.505360600000e+01  5.993471700055e-02
 5.570735011466e+04  1.510195300000e+01  6.028606532207e-02
 5.423036731999e+04  1.455353800000e+01  5.664932648326e-02
 5.423037577885e+04  1.455063100000e+01  5.663834120294e-02
 5.423038422209e+04  1.459928000000e+01  5.693021724129e-02
 5.423039268317e+04  1.462006800000e+01  5.703723575381e-02
 5.594453544749e+04  1.458545800000e+01  5.659077270508e-02
 5.594453994574e+04  1.455720900000e+01  5.644787102456e-02
 5.594454445964e+04  1.455566400000e+01  5.644464703363e-02
 5.594454897074e+04  1.456408100000e+01  5.648160816054e-02
 5.598152241211e+04  1.547322300000e+01  6.247534492100e-02
 5.598152808843e+04  1.544778000000e+01  6.226783008378e-02
 5.598153379133e+04  1.538440000000e+01  6.173531033345e-02
 5.598153955458e+04  1.528370200000e+01  6.091924111484e-02
 5.601237931421e+04  1.493711500000e+01  5.937257587273e-02
 5.601238439201e+04  1.495938200000e+01  5.950853290615e-02
 5.601238945225e+04  1.496562300000e+01  5.951487428853e-02
 5.601239457264e+04  1.497143900000e+01  5.958011134901e-02
 5.601838249402e+04  1.534172800000e+01  6.160881195730e-02
 5.601838927169e+04  1.532354400000e+01  6.145484591772e-02
 5.601839607542e+04  1.532094200000e+01  6.140823112646e-02
 5.601840294635e+04  1.532780600000e+01  6.143639136974e-02
 5.603636840608e+04  1.537332600000e+01  6.216538098348e-02
 5.603637540772e+04  1.536750500000e+01  6.212693771740e-02
 5.603638242485e+04  1.535762000000e+01  6.216002535431e-02
 5.603638954144e+04  1.540438900000e+01  6.260601422850e-02
 5.604226034299e+04  1.542452900000e+01  6.264705235463e-02
 5.604226542706e+04  1.542847900000e+01  6.267353429777e-02
 5.604227051887e+04  1.542531300000e+01  6.262824363380e-02
 5.604227564514e+04  1.544051200000e+01  6.275082276945e-02
 5.606136933193e+04  1.542202300000e+01  6.208638036143e-02
 5.606137779735e+04  1.542530500000e+01  6.214683708866e-02
 5.606138584213e+04  1.545951800000e+01  6.247337164193e-02
 5.606139429451e+04  1.548836400000e+01  6.273822001932e-02
 5.607220964120e+04  1.532612500000e+01  6.136871834143e-02
 5.607221461598e+04  1.533376800000e+01  6.124236755685e-02
 5.607221971969e+04  1.534778800000e+01  6.134337156224e-02
 5.607222483152e+04  1.534093700000e+01  6.127557763133e-02
 5.608824716725e+04  1.500837200000e+01  5.885833126320e-02
 5.608825290192e+04  1.502120300000e+01  5.891130862295e-02
 5.608825866054e+04  1.503013100000e+01  5.897836455274e-02
 5.608826442502e+04  1.505597600000e+01  5.914305974067e-02
 5.609424853019e+04  1.532840600000e+01  6.127604660133e-02
 5.609425702288e+04  1.535385100000e+01  6.149905374788e-02
 5.609426549103e+04  1.534556000000e+01  6.142096484701e-02
 5.609427393985e+04  1.536105600000e+01  6.159485741285e-02
