# time mag mag_err
 5.346931961172e+04  1.563516100000e+01  6.491951474421e-02
 5.346932773285e+04  1.573411800000e+01  6.599415411786e-02
 5.346933584355e+04  1.565174400000e+01  6.514731665213e-02
 5.346934393968e+04  1.566446000000e+01  6.500864735641e-02
 5.373151907380e+04  1.540425300000e+01  6.274892578635e-02
 5.373152494169e+04  1.538488700000e+01  6.252978970873e-02
 5.373153086895e+04  1.541108300000e+01  6.274685378732e-02
 5.373153671183e+04  1.538812300000e+01  6.258481460000e-02
 5.355716049125e+04  1.475170700000e+01  5.481056013415e-02
 5.355716764207e+04  1.472617000000e+01  5.474666670200e-02
 5.355717482935e+04  1.473983600000e+01  5.479483066485e-02
 5.355718202148e+04  1.476394000000e+01  5.489543282606e-02
 5.355815932807e+04  1.545543200000e+01  5.806867626030e-02
 5.355816479594e+04  1.543543700000e+01  5.798121812644e-02
 5.355817028394e+04  1.545078600000e+01  5.808920218090e-02
 5.355817575690e+04  1.546395100000e+01  5.818767842634e-02
 5.352419532453e+04  1.556003800000e+01  6.439469114004e-02
 5.352420179036e+04  1.554377200000e+01  6.418902018340e-02
 5.352420822690e+04  1.557764000000e+01  6.452770942551e-02
 5.352421469991e+04  1.560498900000e+01  6.484874805022e-02
 5.350725390517e+04  1.547791700000e+01  6.387958698590e-02
 5.350726298109e+04  1.547046600000e+01  6.387125708846e-02
 5.350726938674e+04  1.548705500000e+01  6.408987781309e-02
 5.350727588174e+04  1.549402600000e+01  6.408131412849e-02
 5.382732273646e+04  1.545919400000e+01  6.402766073800e-02
 5.382733312355e+04  1.545324000000e+01  6.365646478405e-02
 5.382734333216e+04  1.548388600000e+01  6.395512552442e-02
 5.382735353567e+04  1.548405900000e+01  6.395934687184e-02
 5.383333467381e+04  1.537635400000e+01  6.522065110886e-02
 5.383335410451e+04  1.539510600000e+01  6.539732852831e-02
 5.383339716591e+04  1.545997800000e+01  6.625339911559e-02
 5.383341500558e+04  1.546424400000e+01  6.635969047151e-02
 5.385023187280e+04  1.559255600000e+01  6.476433846225e-02
 5.385023898878e+04  1.556199800000e+01  6.475401680493e-02
 5.385024598670e+04  1.552249800000e+01  6.438320912838e-02
 5.385025308878e+04  1.552955700000e+01  6.443691053668e-02
 5.376737545823e+04  1.532604700000e+01  6.227187611528e-02
 5.376738428795e+04  1.513925500000e+01  6.074340756771e-02
 5.376739314823e+04  1.503861900000e+01  5.997530681186e-02
 5.376740198513e+04  1.491715500000e+01  5.914866729465e-02
 5.379039441789e+04  1.528872200000e+01  6.192801710045e-02
 5.379040315155e+04  1.528916800000e+01  6.192418314330e-02
 5.379041188741e+04  1.534063100000e+01  6.235006374141e-02
 5.379042067279e+04  1.532854700000e+01  6.224824925164e-02
 5.373647338209e+04  1.558401500000e+01  6.442482795140e-02
 5.373647984167e+04  1.558738800000e+01  6.442342827783e-02
 5.373648629500e+04  1.559884500000e+01  6.451385593242e-02
 5.373649274000e+04  1.562711400000e+01  6.477375169103e-02
 5.376352002038e+04  1.508564900000e+01  6.019586052338e-02
 5.376352675544e+04  1.511974300000e+01  6.044410109146e-02
 5.388723083858e+04  1.547964500000e+01  6.469316269688e-02
 5.390523594661e+04  1.565602600000e+01  1.127136455057e-01
 5.390523698022e+04  1.562222700000e+01  1.114518235960e-01
 5.390523803549e+04  1.553900100000e+01  1.083721922560e-01
 5.390523909572e+04  1.554703700000e+01  1.087692919692e-01
 5.380044837720e+04  1.528969000000e+01  6.443393164935e-02
 5.380047707503e+04  1.531252100000e+01  6.699268931345e-02
 5.380048235782e+04  1.534263400000e+01  6.700100295276e-02
 5.380048773020e+04  1.518985900000e+01  6.280748467554e-02
 5.381931188054e+04  1.548014400000e+01  6.496729109172e-02
 5.381931847450e+04  1.547528900000e+01  6.443936451883e-02
 5.381932509022e+04  1.550192600000e+01  6.423508328637e-02
 5.381933167470e+04  1.548029000000e+01  6.460720206693e-02
 5.385826558352e+04  1.552547900000e+01  6.508717023320e-02
 5.385827369388e+04  1.552505000000e+01  6.507742478322e-02
 5.385828176986e+04  1.552118100000e+01  6.500973197717e-02
 5.385828988855e+04  1.551177200000e+01  6.493849574184e-02
 5.387830591478e+04  1.548474500000e+01  6.446314065328e-02
 5.387831185212e+04  1.550175500000e+01  6.467088239808e-02
 5.387831777266e+04  1.550154300000e+01  6.468933218918e-02
 5.387832372898e+04  1.550664400000e+01  6.482022160180e-02
 5.420434482060e+04  1.549043900000e+01  6.335531561253e-02
 5.420435154640e+04  1.544590300000e+01  6.294229452869e-02
 5.420435827590e+04  1.547065600000e+01  6.314689285091e-02
 5.420436497427e+04  1.546218100000e+01  6.310708975155e-02
 5.444050495154e+04  1.505401700000e+01  5.970576986607e-02
 5.444050933370e+04  1.505789400000e+01  5.975946701231e-02
 5.444051370197e+04  1.510060500000e+01  5.970389652422e-02
 5.444051809235e+04  1.508157800000e+01  5.983786098534e-02
 5.411741958983e+04  1.553397600000e+01  6.342983382112e-02
 5.411742613321e+04  1.554752500000e+01  6.355573756494e-02
 5.411743273608e+04  1.552720700000e+01  6.335943115628e-02
 5.411743925029e+04  1.553410100000e+01  6.342447957430e-02
 5.425822264797e+04  1.505596800000e+01  5.997683795861e-02
 5.425822960399e+04  1.497550300000e+01  5.939930891126e-02
 5.425823658953e+04  1.487103400000e+01  5.872266834365e-02
 5.425824354149e+04  1.480358000000e+01  5.834704845732e-02
 5.427621645750e+04  1.563054300000e+01  6.560576877632e-02
 5.427622405730e+04  1.616914100000e+01  7.256179160430e-02
 5.427623161543e+04  1.559029200000e+01  6.529433548940e-02
 5.427623919718e+04  1.567588600000e+01  6.627571317074e-02
 5.417529167616e+04  1.496443500000e+01  5.919489249302e-02
 5.417529811190e+04  1.496904100000e+01  5.917769209964e-02
 5.417530457472e+04  1.499155800000e+01  5.935222598702e-02
 5.417531102237e+04  1.499810500000e+01  5.940775598430e-02
 5.423124203547e+04  1.552601300000e+01  6.403220481231e-02
 5.423124850038e+04  1.555806900000e+01  6.439335590161e-02
 5.423125494074e+04  1.553209300000e+01  6.410133248588e-02
 5.423126135148e+04  1.552734400000e+01  6.408772175125e-02
 5.424316175957e+04  1.547663900000e+01  6.386181870479e-02
 5.424316815596e+04  1.545947000000e+01  6.367860276150e-02
 5.424317456669e+04  1.544249500000e+01  6.347203935238e-02
 5.424318100926e+04  1.545613500000e+01  6.366987192598e-02
 5.456333574694e+04  1.550299100000e+01  6.356876912977e-02
 5.456334075843e+04  1.551359500000e+01  6.361631937663e-02
 5.456334577742e+04  1.552068100000e+01  6.365718614977e-02
 5.456335079747e+04  1.550662100000e+01  6.353207839589e-02
 5.456933150801e+04  1.549129400000e+01  6.313409808615e-02
 5.456933696939e+04  1.548323300000e+01  6.305414495778e-02
 5.456934247221e+04  1.544910300000e+01  6.283575961902e-02
 5.456934795513e+04  1.544239800000e+01  6.275302896261e-02
 5.458531229132e+04  1.540470500000e+01  6.258451511410e-02
 5.458531901561e+04  1.539826400000e+01  6.253649524705e-02
 5.458532571549e+04  1.541512300000e+01  6.268909126337e-02
 5.458533237495e+04  1.541567800000e+01  6.267801850632e-02
 5.480651081656e+04  1.548081300000e+01  6.304949517561e-02
 5.480651778716e+04  1.551306900000e+01  6.331441693576e-02
 5.480652479955e+04  1.553072400000e+01  6.339896666713e-02
 5.480653181922e+04  1.555379800000e+01  6.357125723912e-02
 5.449749929847e+04  1.522580500000e+01  6.065181808967e-02
 5.449750585297e+04  1.523133200000e+01  6.070274418996e-02
 5.449751233293e+04  1.524353900000e+01  6.081318860085e-02
 5.449751881229e+04  1.524350300000e+01  6.083354771237e-02
 5.450640834662e+04  1.549171000000e+01  6.296560917729e-02
 5.450641693547e+04  1.549051500000e+01  6.294681220345e-02
 5.450642544262e+04  1.549135000000e+01  6.294161023463e-02
 5.450643394373e+04  1.550989300000e+01  6.308913786891e-02
 5.451439376898e+04  1.545588400000e+01  6.307222192871e-02
 5.451440034627e+04  1.545734400000e+01  6.318815978256e-02
 5.451440692566e+04  1.546162600000e+01  6.343176757111e-02
 5.451441349242e+04  1.549339600000e+01  6.389076518710e-02
 5.448045801554e+04  1.562696900000e+01  6.414033873640e-02
 5.448046513384e+04  1.565736200000e+01  6.443270558827e-02
 5.448047230492e+04  1.565096900000e+01  6.429604131384e-02
 5.448047942922e+04  1.567333500000e+01  6.441923110673e-02
 5.452834430903e+04  1.530740200000e+01  6.138268752989e-02
 5.452835176507e+04  1.534318100000e+01  6.143221048818e-02
 5.452835904656e+04  1.533104800000e+01  6.156720176953e-02
 5.452836633755e+04  1.534458100000e+01  6.165227143634e-02
 5.453635697147e+04  1.526895800000e+01  5.902376665583e-02
 5.453636367736e+04  1.527357200000e+01  5.895508554840e-02
 5.453637041415e+04  1.530395200000e+01  5.915396633714e-02
 5.453637713787e+04  1.530110100000e+01  5.914932168355e-02
 5.455643004903e+04  1.523751400000e+01  6.124845942106e-02
 5.455643719372e+04  1.523037200000e+01  6.125699324283e-02
 5.455644435669e+04  1.527543000000e+01  6.161134981843e-02
 5.455645154767e+04  1.528080000000e+01  6.169835062914e-02
 5.459224103575e+04  1.553612500000e+01  6.404909919968e-02
 5.459224746951e+04  1.554091300000e+01  6.406108387825e-02
 5.459225388986e+04  1.556393800000e+01  6.429015923121e-02
 5.459226032560e+04  1.555130100000e+01  6.417779540051e-02
 5.494426223823e+04  1.544557500000e+01  6.300477007484e-02
 5.494426955595e+04  1.550284000000e+01  6.379115494825e-02
 5.494427672264e+04  1.546338500000e+01  6.312698024763e-02
 5.494428399790e+04  1.546399800000e+01  6.308848254629e-02
 5.486735392416e+04  1.550142900000e+01  6.552669690395e-02
 5.486736243985e+04  1.551887700000e+01  6.567906398860e-02
 5.486737114017e+04  1.552128300000e+01  6.564151289135e-02
 5.486737984315e+04  1.549065600000e+01  6.528461508885e-02
 5.488935174667e+04  1.544021000000e+01  6.235865070297e-02
 5.488935954741e+04  1.546134900000e+01  6.223428319452e-02
 5.488936743808e+04  1.544763000000e+01  6.238614754510e-02
 5.488937537100e+04  1.544844500000e+01  6.240701596223e-02
 5.483349621388e+04  1.480077300000e+01  5.784754414417e-02
 5.483350484104e+04  1.484011600000e+01  5.806612469256e-02
 5.483351338962e+04  1.491012800000e+01  5.823082458527e-02
 5.483352201840e+04  1.489127600000e+01  5.833168560503e-02
 5.485645805530e+04  1.529470400000e+01  6.095208433319e-02
 5.485646590824e+04  1.531766000000e+01  6.112693523039e-02
 5.485647376500e+04  1.533032700000e+01  6.205766787937e-02
 5.485648148008e+04  1.531666300000e+01  6.206837790232e-02
 5.504214806671e+04  1.554518700000e+01  7.040751421716e-02
 5.504215430591e+04  1.543108700000e+01  6.902098688939e-02
 5.504216057999e+04  1.547243700000e+01  6.971705596510e-02
 5.504216693622e+04  1.559377200000e+01  7.167053095941e-02
 5.500425109706e+04  1.482403500000e+01  5.865583572059e-02
 5.500425830263e+04  1.482132300000e+01  5.869379925258e-02
 5.500426558021e+04  1.486201900000e+01  5.897274014214e-02
 5.500427287365e+04  1.490110300000e+01  5.926585836105e-02
 5.491228548960e+04  1.550408300000e+01  6.322622135497e-02
 5.491229087146e+04  1.550235500000e+01  6.318349633703e-02
 5.491229634976e+04  1.549126400000e+01  6.305842660605e-02
 5.491230183256e+04  1.551341900000e+01  6.319997631042e-02
 5.491931199064e+04  1.513034400000e+01  6.027730888946e-02
 5.491932008516e+04  1.515768300000e+01  6.101160092912e-02
 5.491932606139e+04  1.515616100000e+01  6.028819578681e-02
 5.491933201123e+04  1.517579100000e+01  6.043526927779e-02
 5.496529791538e+04  1.559301700000e+01  6.463426167159e-02
 5.496530451250e+04  1.560048900000e+01  6.470643266067e-02
 5.496531121897e+04  1.600404600000e+01  6.947012946396e-02
 5.496531784473e+04  1.543229100000e+01  6.317926454423e-02
 5.529039987340e+04  1.535708000000e+01  6.236087185187e-02
 5.529040798293e+04  1.538971900000e+01  6.264765890975e-02
 5.529041607257e+04  1.536927600000e+01  6.254997214320e-02
 5.529042423823e+04  1.534911200000e+01  6.241506901946e-02
 5.529925562339e+04  1.550376600000e+01  6.334357323424e-02
 5.529926245644e+04  1.551276500000e+01  6.344065482565e-02
 5.529926939868e+04  1.551371900000e+01  6.343911496811e-02
 5.529927637848e+04  1.551982800000e+01  6.349049901440e-02
 5.524239605806e+04  1.551813500000e+01  6.383985436541e-02
 5.524240304162e+04  1.550066300000e+01  6.361713789803e-02
 5.524241003793e+04  1.548114400000e+01  6.345727318453e-02
 5.524241702256e+04  1.546851400000e+01  6.328985715750e-02
 5.520847706890e+04  1.481031300000e+01  5.812798378749e-02
 5.520848541258e+04  1.481047800000e+01  5.815742535909e-02
 5.520849377571e+04  1.485249600000e+01  5.838845918858e-02
 5.520850213042e+04  1.488114300000e+01  5.854278536350e-02
 5.535916000609e+04  1.484636700000e+01  5.915179098758e-02
 5.535916685344e+04  1.486319000000e+01  5.930966671347e-02
 5.535917364266e+04  1.487818800000e+01  5.942226929564e-02
 5.535918050338e+04  1.492605500000e+01  5.977178711623e-02
 5.537021375397e+04  1.545587400000e+01  6.337189284571e-02
 5.537021835490e+04  1.549084300000e+01  6.375707002917e-02
 5.537022298383e+04  1.547351900000e+01  6.363574302863e-02
 5.537022755675e+04  1.549356300000e+01  6.381892034796e-02
 5.527238264105e+04  1.544238000000e+01  6.274998446897e-02
 5.527239010515e+04  1.542849800000e+01  6.285563217275e-02
 5.527239759002e+04  1.543158400000e+01  6.287300390901e-02
 5.527240513287e+04  1.546530100000e+01  6.286863380415e-02
 5.532326561054e+04  1.542094200000e+01  6.267571048671e-02
 5.532327246480e+04  1.540343200000e+01  6.255048263009e-02
 5.532327939582e+04  1.543207300000e+01  6.277637930535e-02
 5.532328634740e+04  1.546141700000e+01  6.308058063346e-02
 5.533725837715e+04  1.533818000000e+01  6.224277129316e-02
 5.533726642227e+04  1.539381600000e+01  6.277332224259e-02
 5.533727451696e+04  1.535525700000e+01  6.242038956763e-02
 5.533728250372e+04  1.536096700000e+01  6.253382035292e-02
 5.565633021185e+04  1.564630300000e+01  6.246003639591e-02
 5.565633643243e+04  1.565838400000e+01  6.257740995056e-02
 5.565634263911e+04  1.562560900000e+01  6.229081051831e-02
 5.565634884233e+04  1.559558300000e+01  6.203573039521e-02
 5.566428063758e+04  1.549429800000e+01  6.152965274302e-02
 5.566428679833e+04  1.554044500000e+01  6.189915805503e-02
 5.566429302852e+04  1.551374300000e+01  6.169758661421e-02
 5.566429926078e+04  1.551696400000e+01  6.169199197433e-02
 5.567715164157e+04  1.504798100000e+01  6.101773559439e-02
 5.567715963713e+04  1.492705300000e+01  6.007122961102e-02
 5.567716772583e+04  1.483570100000e+01  5.937175306192e-02
 5.567717581987e+04  1.477640200000e+01  5.895450125167e-02
 5.556655024493e+04  1.552931800000e+01  8.197156748552e-02
 5.556655161514e+04  1.551085300000e+01  8.201302137681e-02
 5.556655299118e+04  1.556644900000e+01  8.310751890209e-02
 5.556655435560e+04  1.555784400000e+01  8.209146188128e-02
 5.557647338958e+04  1.549120100000e+01  6.752750204263e-02
 5.557648161675e+04  1.549170600000e+01  6.741957723961e-02
 5.557648982060e+04  1.548888800000e+01  6.708413364569e-02
 5.557649800689e+04  1.553046000000e+01  6.780766311003e-02
 5.562830175223e+04  1.476246100000e+01  6.007934127197e-02
 5.562830922821e+04  1.476845000000e+01  6.009230816798e-02
 5.562831752944e+04  1.481030000000e+01  6.563429274275e-02
 5.562832505275e+04  1.480853200000e+01  6.148790488727e-02
 5.563430806428e+04  1.485499700000e+01  6.081077913880e-02
 5.563431670583e+04  1.482921700000e+01  6.313999632116e-02
 5.563432533649e+04  1.473451000000e+01  5.962367227547e-02
 5.563433405778e+04  1.474130000000e+01  5.922247826813e-02
 5.564443912922e+04  1.492524900000e+01  5.979233905452e-02
 5.564444623491e+04  1.496379600000e+01  6.003685655529e-02
 5.564445326144e+04  1.498631800000e+01  6.024989141877e-02
 5.564446029907e+04  1.500789000000e+01  6.042586327182e-02
 5.564929483728e+04  1.531010500000e+01  5.729369453167e-02
 5.564930764072e+04  1.535358600000e+01  5.749665768549e-02
 5.564932061789e+04  1.537843900000e+01  5.758422815444e-02
 5.564933358429e+04  1.538875400000e+01  5.766593128266e-02
 5.570727833179e+04  1.513064900000e+01  6.113373471317e-02
 5.570728786647e+04  1.500584500000e+01  6.020543041249e-02
 5.570729753117e+04  1.489520400000e+01  5.945947234230e-02
 5.570730715678e+04  1.479923400000e+01  5.885063138346e-02
 5.388726333777e+04  1.495812700000e+01  6.029516688995e-02
 5.388727303361e+04  1.481393700000e+01  5.933124552632e-02
 5.388728279058e+04  1.476380300000e+01  5.903559668567e-02
 5.388729253944e+04  1.475735800000e+01  5.908236234828e-02
 5.597833615926e+04  1.552781700000e+01  6.799766544345e-02
 5.597833953535e+04  1.546736700000e+01  6.698726596104e-02
 5.597834294999e+04  1.556222600000e+01  6.853572397573e-02
 5.597834632367e+04  1.556698800000e+01  6.843713734642e-02
 5.598349172844e+04  1.540702200000e+01  6.271506995467e-02
 5.598349633017e+04  1.541521300000e+01  6.281823316770e-02
 5.598350101288e+04  1.541332000000e+01  6.281136220810e-02
 5.598350570432e+04  1.541911500000e+01  6.283773046022e-02
 5.599947800962e+04  1.525670600000e+01  6.162610162081e-02
 5.599948370436e+04  1.527505200000e+01  6.173878989698e-02
 5.599948943358e+04  1.528253200000e+01  6.179989185283e-02
 5.599949508029e+04  1.528522600000e+01  6.186129745260e-02
 5.600833576788e+04  1.548104100000e+01  6.069401590269e-02
 5.600834466851e+04  1.546528800000e+01  6.066425502257e-02
 5.600835352913e+04  1.550871600000e+01  6.093801356932e-02
 5.600836235148e+04  1.547104200000e+01  6.067485657279e-02
 5.601436653130e+04  1.549353200000e+01  6.098685476311e-02
 5.601437330108e+04  1.548398200000e+01  6.093413448499e-02
 5.601438005763e+04  1.549065400000e+01  6.103570589410e-02
 5.601438690631e+04  1.550967200000e+01  6.117147774458e-02
 5.603027027273e+04  1.522602100000e+01  6.419891447162e-02
 5.603027367605e+04  1.526459100000e+01  6.646845467633e-02
 5.603027705133e+04  1.522713100000e+01  6.532123971846e-02
 5.603028043924e+04  1.524746600000e+01  6.910993889485e-02
 5.603535598249e+04  1.564968600000e+01  6.544642100455e-02
 5.603536062878e+04  1.555589000000e+01  6.458180954581e-02
 5.603536534443e+04  1.556123500000e+01  6.462155977706e-02
 5.603537002927e+04  1.551189300000e+01  6.417185355662e-02
 5.604126932586e+04  1.551233500000e+01  6.432261081477e-02
 5.604127504521e+04  1.549010200000e+01  6.414585836460e-02
 5.604128066956e+04  1.552213500000e+01  6.446138081980e-02
 5.604128628130e+04  1.551839700000e+01  6.423610241530e-02
 5.606229878323e+04  1.498119400000e+01  5.924905824276e-02
 5.606230607019e+04  1.501413000000e+01  5.948661644045e-02
 5.606231331559e+04  1.502468200000e+01  5.960450065211e-02
 5.606232078020e+04  1.504328800000e+01  5.976530609172e-02
 5.606925280988e+04  1.547416200000e+01  6.317802910842e-02
 5.606925953163e+04  1.544524100000e+01  6.288848542863e-02
 5.606926631535e+04  1.545906200000e+01  6.304484912870e-02
 5.606927310021e+04  1.551888600000e+01  6.363625637004e-02
 5.608923743624e+04  1.532115000000e+01  6.187440158993e-02
 5.608924362197e+04  1.533901800000e+01  6.203468459826e-02
 5.608924977840e+04  1.534846300000e+01  6.211910065812e-02
 5.608925592766e+04  1.536330400000e+01  6.226318084963e-02
