# time mag mag_err
 5.355229389948e+04  1.521494900000e+01  5.688747487984e-02
 5.355230467073e+04  1.524875800000e+01  5.714153175722e-02
 5.355231540795e+04  1.528961000000e+01  5.732437460028e-02
 5.355232618292e+04  1.533864300000e+01  5.781284090553e-02
 5.352626328639e+04  1.560953300000e+01  6.446325753460e-02
 5.352627242457e+04  1.562934400000e+01  6.468507926048e-02
 5.352628068714e+04  1.567146100000e+01  6.511591007449e-02
 5.352628890005e+04  1.566871500000e+01  6.510787089965e-02
 5.353427365531e+04  1.606827700000e+01  6.926762912265e-02
 5.353428348185e+04  1.605962400000e+01  6.959434094912e-02
 5.353429332933e+04  1.609818300000e+01  7.013289572037e-02
 5.353430311512e+04  1.609879000000e+01  7.014518692798e-02
 5.384832346147e+04  1.548007800000e+01  6.376949444451e-02
 5.384833062466e+04  1.551532200000e+01  6.411169964900e-02
 5.384833787700e+04  1.552238400000e+01  6.416312073072e-02
 5.384834516197e+04  1.553059900000e+01  6.421119124265e-02
 5.385440998184e+04  1.602545200000e+01  7.049838268927e-02
 5.385441652105e+04  1.603063600000e+01  7.057845106475e-02
 5.385442301131e+04  1.600467600000e+01  7.016780839841e-02
 5.385442958015e+04  1.598195600000e+01  6.985684476785e-02
 5.385530440861e+04  1.532377100000e+01  6.246196319914e-02
 5.385531213978e+04  1.536652800000e+01  6.284615861610e-02
 5.385532003057e+04  1.537110300000e+01  6.287534785991e-02
 5.385532823595e+04  1.543074100000e+01  6.341972483090e-02
 5.379644177744e+04  1.609670700000e+01  7.027657794437e-02
 5.379644924749e+04  1.611050600000e+01  7.046135012313e-02
 5.379645674855e+04  1.610317800000e+01  7.035130683006e-02
 5.379646424082e+04  1.612807300000e+01  7.071396909065e-02
 5.386234967399e+04  1.545934100000e+01  6.365656840601e-02
 5.386235858451e+04  1.548286300000e+01  6.389055085343e-02
 5.386236700229e+04  1.551373500000e+01  6.420905006675e-02
 5.386237522284e+04  1.551080200000e+01  6.421491389757e-02
 5.388337865951e+04  1.539322600000e+01  6.316829586427e-02
 5.388338588997e+04  1.541507400000e+01  6.338994433653e-02
 5.388339310109e+04  1.543047000000e+01  6.350585012024e-02
 5.388340030156e+04  1.546483900000e+01  6.360165285535e-02
 5.399413005823e+04  1.600492700000e+01  6.776163226958e-02
 5.399413484400e+04  1.599252800000e+01  6.764261132380e-02
 5.399413965755e+04  1.598414000000e+01  6.759948261099e-02
 5.399414449101e+04  1.598841600000e+01  6.767697318723e-02
 5.400310251853e+04  1.606162100000e+01  8.114529287198e-02
 5.400310678251e+04  1.605123900000e+01  8.109951139183e-02
 5.400311105957e+04  1.603361400000e+01  8.075168071877e-02
 5.400311531211e+04  1.610676000000e+01  8.232687041056e-02
 5.420840988975e+04  1.596022000000e+01  6.893820585383e-02
 5.420841863878e+04  1.598557000000e+01  7.073689068616e-02
 5.420842740253e+04  1.598880400000e+01  6.915304431047e-02
 5.420843615529e+04  1.597706300000e+01  6.880567261605e-02
 5.415734796807e+04  1.600930800000e+01  6.859861302563e-02
 5.415735778152e+04  1.600163100000e+01  6.839460044379e-02
 5.415736758478e+04  1.599542200000e+01  6.823935073614e-02
 5.415737734788e+04  1.601228500000e+01  6.834793898781e-02
 5.426129595392e+04  1.597190700000e+01  6.844071789241e-02
 5.426130351206e+04  1.596308500000e+01  6.834278283681e-02
 5.426131104229e+04  1.599871600000e+01  6.879337054378e-02
 5.426131859625e+04  1.599459200000e+01  6.880877718480e-02
 5.427327575190e+04  1.577609900000e+01  6.676463814862e-02
 5.427328234539e+04  1.578874900000e+01  6.694865127575e-02
 5.427328890590e+04  1.580371400000e+01  6.716586083058e-02
 5.427329548528e+04  1.583480200000e+01  6.761005782259e-02
 5.427928777917e+04  1.605841100000e+01  7.025494405684e-02
 5.427929441550e+04  1.603003900000e+01  6.989724216367e-02
 5.427930102080e+04  1.607818500000e+01  7.065618858043e-02
 5.427930763374e+04  1.606736100000e+01  7.054909647558e-02
 5.417737057560e+04  1.542340600000e+01  6.256254336136e-02
 5.417738171366e+04  1.541108000000e+01  6.236968253648e-02
 5.417739293701e+04  1.539411700000e+01  6.221105835004e-02
 5.417740413769e+04  1.542136200000e+01  6.234362109941e-02
 5.423239645469e+04  1.568469800000e+01  6.565723899126e-02
 5.423240344427e+04  1.568005600000e+01  6.533128158382e-02
 5.423241048131e+04  1.569148900000e+01  6.598375690698e-02
 5.423241750677e+04  1.571891200000e+01  6.598405122666e-02
 5.424023241459e+04  1.590846900000e+01  6.970202221429e-02
 5.424024065054e+04  1.593258100000e+01  6.996593845396e-02
 5.424024891449e+04  1.594539400000e+01  6.943551791613e-02
 5.424025732162e+04  1.593828600000e+01  6.921581962327e-02
 5.438508503300e+04  1.598820500000e+01  7.076929697771e-02
 5.438508988208e+04  1.598852800000e+01  7.089409052402e-02
 5.438509472955e+04  1.595369500000e+01  7.045198734666e-02
 5.438509958534e+04  1.599989600000e+01  7.113676196604e-02
 5.456843706781e+04  1.540503600000e+01  6.193820372510e-02
 5.456844405786e+04  1.541653200000e+01  6.201994482983e-02
 5.456845108726e+04  1.545653000000e+01  6.238176878319e-02
 5.456845802117e+04  1.547976900000e+01  6.256245837055e-02
 5.458543312858e+04  1.602338300000e+01  6.866136572927e-02
 5.458543968874e+04  1.602126300000e+01  6.866073412036e-02
 5.458544602377e+04  1.601827300000e+01  6.889155284065e-02
 5.458545174177e+04  1.549433400000e+01  1.223571158060e-01
 5.450845912557e+04  1.541171100000e+01  6.195115571697e-02
 5.450846512436e+04  1.538783200000e+01  6.175427487013e-02
 5.450847111263e+04  1.541825000000e+01  6.197634978672e-02
 5.450847705784e+04  1.542725300000e+01  6.202543341133e-02
 5.462736265021e+04  1.589853800000e+01  6.802169591935e-02
 5.462737142853e+04  1.591286300000e+01  6.799485984391e-02
 5.462738012145e+04  1.589652800000e+01  6.774775456163e-02
 5.462738886007e+04  1.589798800000e+01  6.818367732410e-02
 5.459438969767e+04  1.607015400000e+01  6.905292136387e-02
 5.459439646815e+04  1.608250000000e+01  6.954680108749e-02
 5.459440319186e+04  1.612716100000e+01  7.001191758539e-02
 5.459440992808e+04  1.614127500000e+01  7.078061867197e-02
 5.473310297867e+04  1.563400900000e+01  6.891658182928e-02
 5.473310880650e+04  1.567053800000e+01  6.948475700704e-02
 5.473311469859e+04  1.567590500000e+01  6.969832668424e-02
 5.473312059240e+04  1.568622000000e+01  6.986498215435e-02
 5.492341534304e+04  1.596665300000e+01  6.764926726358e-02
 5.492342030234e+04  1.596305200000e+01  6.760831014525e-02
 5.492342535987e+04  1.599211900000e+01  6.799379643588e-02
 5.492343021477e+04  1.598099200000e+01  6.786746942315e-02
 5.494341578762e+04  1.531610500000e+01  6.134238798899e-02
 5.494342128860e+04  1.527844200000e+01  6.105332488987e-02
 5.494342680819e+04  1.524041200000e+01  6.077702189593e-02
 5.494343225316e+04  1.526022300000e+01  6.061903411624e-02
 5.504424031175e+04  1.530854400000e+01  6.585280103810e-02
 5.504425087480e+04  1.533617300000e+01  6.621544965849e-02
 5.504425609207e+04  1.534878300000e+01  6.639084324329e-02
 5.487548352017e+04  1.591510200000e+01  6.956531551864e-02
 5.487548845838e+04  1.592101200000e+01  6.969094159374e-02
 5.487549326950e+04  1.592974100000e+01  6.979467573510e-02
 5.487549816465e+04  1.588718100000e+01  6.921942136820e-02
 5.501726156073e+04  1.601623200000e+01  7.447145341163e-02
 5.501726840794e+04  1.601213500000e+01  7.526319902508e-02
 5.501727518701e+04  1.602415100000e+01  7.556342498706e-02
 5.501728209655e+04  1.609436700000e+01  7.690599065388e-02
 5.499828704804e+04  1.529672000000e+01  6.142872385885e-02
 5.499829404934e+04  1.529236500000e+01  6.135410779152e-02
 5.499830103036e+04  1.530676700000e+01  6.145977425764e-02
 5.499830801208e+04  1.528801000000e+01  6.134972230930e-02
 5.489244273233e+04  1.542084000000e+01  6.409419110214e-02
 5.489245038722e+04  1.544971600000e+01  6.437267415683e-02
 5.489245805624e+04  1.545400500000e+01  6.424873588974e-02
 5.489246560152e+04  1.549139300000e+01  6.481743150771e-02
 5.490649901067e+04  1.538100900000e+01  6.154834002187e-02
 5.490650413188e+04  1.541710200000e+01  6.186741391425e-02
 5.490650926581e+04  1.542785000000e+01  6.197646505026e-02
 5.490651443366e+04  1.541597600000e+01  6.184631832953e-02
 5.491437909231e+04  1.590146600000e+01  6.673764684505e-02
 5.491438757134e+04  1.589989900000e+01  6.672774543127e-02
 5.491439595579e+04  1.589104000000e+01  6.660521702026e-02
 5.491440461375e+04  1.589140000000e+01  6.658746841409e-02
 5.495538929081e+04  1.608323000000e+01  6.932580299487e-02
 5.495539658622e+04  1.598300200000e+01  6.825882934042e-02
 5.495540386134e+04  1.602569000000e+01  6.867304756584e-02
 5.495541113476e+04  1.604801000000e+01  6.897375261195e-02
 5.496537844170e+04  1.582301000000e+01  6.963457576660e-02
 5.496538410772e+04  1.584426200000e+01  6.995475731632e-02
 5.496539001289e+04  1.586402600000e+01  7.025990289599e-02
 5.496539582256e+04  1.583316900000e+01  6.985684476785e-02
 5.498128397104e+04  1.576793300000e+01  6.717775865704e-02
 5.498128886561e+04  1.580914000000e+01  6.622711047255e-02
 5.498129373093e+04  1.579191200000e+01  6.602766364844e-02
 5.498129862260e+04  1.583148800000e+01  6.644317232952e-02
 5.510409480296e+04  1.611165300000e+01  7.781845404181e-02
 5.510409970853e+04  1.609201300000e+01  7.749162246206e-02
 5.510410470104e+04  1.609103500000e+01  7.759834122208e-02
 5.510410962537e+04  1.592332700000e+01  7.476803080027e-02
 5.530044074909e+04  1.599193400000e+01  6.810472050795e-02
 5.530044868465e+04  1.597849100000e+01  6.798171811857e-02
 5.530045659083e+04  1.600732900000e+01  6.835016460914e-02
 5.530046470954e+04  1.603161300000e+01  6.865306118830e-02
 5.535331383135e+04  1.595995200000e+01  6.814907971350e-02
 5.535332012472e+04  1.597508600000e+01  6.839938363491e-02
 5.535332638953e+04  1.596017700000e+01  6.824264355387e-02
 5.535333270964e+04  1.598841100000e+01  6.862034804975e-02
 5.536618774372e+04  1.605529600000e+01  6.914958351444e-02
 5.536619297164e+04  1.608964500000e+01  6.952073868072e-02
 5.536619825410e+04  1.608060700000e+01  6.945552615023e-02
 5.536620362149e+04  1.607183600000e+01  6.931816712955e-02
 5.527449433549e+04  1.525929100000e+01  6.126804867878e-02
 5.527450073127e+04  1.527493800000e+01  6.143625298725e-02
 5.527450715913e+04  1.529176500000e+01  6.159275483585e-02
 5.527451352515e+04  1.533069600000e+01  6.194818204117e-02
 5.532638630741e+04  1.582420500000e+01  6.648994795892e-02
 5.532639376854e+04  1.582142800000e+01  6.643822089827e-02
 5.532640117679e+04  1.581897200000e+01  6.646127858698e-02
 5.532640873369e+04  1.584617600000e+01  6.672284045985e-02
 5.545713203713e+04  1.576025300000e+01  6.587779410334e-02
 5.545714679693e+04  1.580798400000e+01  6.659308553761e-02
 5.545715421328e+04  1.585082500000e+01  6.716855100505e-02
 5.565245784891e+04  1.596241800000e+01  6.869604005021e-02
 5.565246421249e+04  1.598315700000e+01  6.897681271576e-02
 5.565247059708e+04  1.600093600000e+01  6.921075761663e-02
 5.565247690237e+04  1.601131000000e+01  6.940841484126e-02
 5.565939917050e+04  1.590262300000e+01  6.802616096702e-02
 5.565940607222e+04  1.589365600000e+01  6.788404188822e-02
 5.565941392751e+04  1.591224300000e+01  6.810805629773e-02
 5.565942213362e+04  1.593623300000e+01  6.838016689418e-02
 5.567626497583e+04  1.585721200000e+01  7.197544611295e-02
 5.567627096317e+04  1.575376700000e+01  7.105255241552e-02
 5.567627707773e+04  1.563443800000e+01  7.050217338614e-02
 5.567628318457e+04  1.557691800000e+01  7.282710185134e-02
 5.568839719277e+04  1.560479200000e+01  6.515546876195e-02
 5.568840296829e+04  1.553978600000e+01  6.450776717871e-02
 5.568840874775e+04  1.545595100000e+01  6.373380916866e-02
 5.568841456726e+04  1.537864300000e+01  6.302213733396e-02
 5.585009133220e+04  1.588458100000e+01  7.367140405425e-02
 5.585009494223e+04  1.592429600000e+01  7.443383066807e-02
 5.585009855747e+04  1.591140500000e+01  7.429166510625e-02
 5.585010221726e+04  1.588446100000e+01  7.392880275052e-02
 5.601937215284e+04  1.612153500000e+01  6.512142625958e-02
 5.601938412880e+04  1.617246400000e+01  6.558341119386e-02
 5.601939597906e+04  1.615390500000e+01  6.542050610236e-02
 5.601940793843e+04  1.610017400000e+01  6.486589961114e-02
 5.606436832690e+04  1.581449200000e+01  6.610055955117e-02
 5.606437508441e+04  1.586369000000e+01  6.655361759700e-02
 5.606438192235e+04  1.586997300000e+01  6.658393956794e-02
 5.606438870789e+04  1.587265300000e+01  6.688629908843e-02
 5.607633922138e+04  1.555544700000e+01  6.559621822957e-02
 5.607634686035e+04  1.556804200000e+01  6.571164981784e-02
 5.607635450510e+04  1.558564900000e+01  6.594664408999e-02
 5.607636229507e+04  1.559878600000e+01  6.613804638381e-02
 5.618914569049e+04  1.523749600000e+01  6.181868127692e-02
 5.618914963182e+04  1.524862200000e+01  6.197133225893e-02
 5.618915361176e+04  1.524198300000e+01  6.194619976744e-02
 5.618915767691e+04  1.523845200000e+01  6.194566691966e-02
