# time mag mag_err
 5.346935031881e+04  1.576719100000e+01  6.571356249436e-02
 5.346935842477e+04  1.581466100000e+01  6.627771000660e-02
 5.346936652980e+04  1.583664700000e+01  6.658979450911e-02
 5.346937464039e+04  1.584128400000e+01  6.662768661052e-02
 5.373151696027e+04  1.610185700000e+01  6.965992427214e-02
 5.373152282873e+04  1.604727200000e+01  6.895923185853e-02
 5.373152872231e+04  1.614257700000e+01  7.015686710219e-02
 5.373153460270e+04  1.615107300000e+01  7.031642234038e-02
 5.355616234718e+04  1.610677000000e+01  7.043251129567e-02
 5.355616871810e+04  1.612803200000e+01  7.079735953049e-02
 5.355617515071e+04  1.613147700000e+01  7.083690440359e-02
 5.355618157059e+04  1.612170200000e+01  7.073581725789e-02
 5.352420019225e+04  1.593572300000e+01  6.769686446016e-02
 5.352420661987e+04  1.594831800000e+01  6.787222816646e-02
 5.352421307378e+04  1.598175400000e+01  6.822141292346e-02
 5.352421952388e+04  1.593526700000e+01  6.772689026323e-02
 5.349925164093e+04  1.554122100000e+01  6.321215190459e-02
 5.349925611603e+04  1.560389600000e+01  6.379141828503e-02
 5.349926053894e+04  1.555868300000e+01  6.340617417202e-02
 5.349926498037e+04  1.561260200000e+01  6.387477977248e-02
 5.350727853198e+04  1.602181900000e+01  6.907512758121e-02
 5.350728607472e+04  1.603839200000e+01  6.933481451202e-02
 5.350729370021e+04  1.605602200000e+01  6.938449871936e-02
 5.350730136448e+04  1.609034300000e+01  6.990859212465e-02
 5.382732496389e+04  1.600886200000e+01  6.907037209623e-02
 5.382733528778e+04  1.604348700000e+01  6.952599148508e-02
 5.382734546711e+04  1.603998000000e+01  6.950383517716e-02
 5.382735577282e+04  1.605799200000e+01  6.975307823280e-02
 5.383333961363e+04  1.611959500000e+01  7.396557304572e-02
 5.383335882166e+04  1.607524200000e+01  7.328151687159e-02
 5.383341043995e+04  1.574353500000e+01  6.869952608137e-02
 5.383341972132e+04  1.569303000000e+01  6.813282193314e-02
 5.385025648352e+04  1.600565900000e+01  6.909473246347e-02
 5.385026372821e+04  1.602575800000e+01  6.937291048788e-02
 5.385027082508e+04  1.602867400000e+01  6.941751678569e-02
 5.385027791456e+04  1.603510300000e+01  6.949917809449e-02
 5.376740845779e+04  1.608141700000e+01  6.963552292211e-02
 5.376741625321e+04  1.612159900000e+01  7.013477593971e-02
 5.376742404757e+04  1.612415000000e+01  7.016730456923e-02
 5.376743189160e+04  1.611272400000e+01  6.992362767174e-02
 5.379445999310e+04  1.606613700000e+01  7.011624122871e-02
 5.379446557683e+04  1.610767600000e+01  7.020286159238e-02
 5.379447114343e+04  1.608885600000e+01  7.016202102510e-02
 5.379447669359e+04  1.609661300000e+01  7.099394294479e-02
 5.376352162833e+04  1.566015500000e+01  6.451823386205e-02
 5.390523985443e+04  1.565519800000e+01  1.092384271573e-01
 5.390524089106e+04  1.558611900000e+01  1.068544768558e-01
 5.390524193463e+04  1.560407900000e+01  1.073557439335e-01
 5.390524297334e+04  1.558267900000e+01  1.067041128135e-01
 5.381931302700e+04  1.558437200000e+01  6.534764872816e-02
 5.381931962271e+04  1.558430200000e+01  6.478169980415e-02
 5.381932622535e+04  1.554230000000e+01  6.404410321715e-02
 5.381933281097e+04  1.555345200000e+01  6.465829006223e-02
 5.385833498628e+04  1.577512500000e+01  6.712087350016e-02
 5.385834307904e+04  1.581684200000e+01  6.950779503697e-02
 5.385928568378e+04  1.591174300000e+01  6.859517022776e-02
 5.385929377157e+04  1.583620100000e+01  6.762710081810e-02
 5.385930187441e+04  1.580820500000e+01  6.728622481526e-02
 5.385930990536e+04  1.576650900000e+01  6.684471725161e-02
 5.387826858017e+04  1.568021600000e+01  6.547996494755e-02
 5.387827713442e+04  1.567362100000e+01  6.545180720456e-02
 5.387828571181e+04  1.565567900000e+01  6.531642547159e-02
 5.387829421721e+04  1.568967300000e+01  6.569721120670e-02
 5.421434140766e+04  1.575848400000e+01  6.533134962645e-02
 5.421434794573e+04  1.576793800000e+01  6.543505016998e-02
 5.421435446862e+04  1.578368400000e+01  6.565204050351e-02
 5.421436098353e+04  1.576379200000e+01  6.544172007296e-02
 5.443750346640e+04  1.594571600000e+01  6.742451508470e-02
 5.443750676668e+04  1.602762800000e+01  6.836302374530e-02
 5.443751006418e+04  1.608561600000e+01  6.899508923657e-02
 5.443751334907e+04  1.606713700000e+01  6.877169913354e-02
 5.411744958946e+04  1.605597600000e+01  6.827715271717e-02
 5.411745659329e+04  1.606125500000e+01  6.831191295849e-02
 5.411746360544e+04  1.608336700000e+01  6.852527326269e-02
 5.411747055104e+04  1.604175200000e+01  6.796580328678e-02
 5.429216685421e+04  1.605061800000e+01  7.127003287011e-02
 5.426421560841e+04  1.543702600000e+01  6.273923198763e-02
 5.426422415340e+04  1.542720500000e+01  6.268202619522e-02
 5.426423270580e+04  1.542910100000e+01  6.274319562533e-02
 5.426424125229e+04  1.545756600000e+01  6.298980036290e-02
 5.417535614696e+04  1.543053800000e+01  6.202980564633e-02
 5.417536260608e+04  1.543983600000e+01  6.210856483187e-02
 5.417536904598e+04  1.542983000000e+01  6.203394842488e-02
 5.417537551517e+04  1.542920500000e+01  6.200616964206e-02
 5.423328712769e+04  1.597820000000e+01  6.869171116300e-02
 5.423329196009e+04  1.598775800000e+01  6.878941622357e-02
 5.423329680432e+04  1.595219100000e+01  6.839185386465e-02
 5.423330163130e+04  1.601177100000e+01  6.913697920157e-02
 5.424227466199e+04  1.610460100000e+01  7.135613770215e-02
 5.424228190182e+04  1.603765900000e+01  7.009300525589e-02
 5.424228914581e+04  1.605319700000e+01  7.022272063257e-02
 5.424229640844e+04  1.608569900000e+01  7.069070451889e-02
 5.456628231309e+04  1.592614400000e+01  6.880224735530e-02
 5.456628660012e+04  1.589729300000e+01  6.719585833208e-02
 5.456629088505e+04  1.590366200000e+01  7.010511568103e-02
 5.456629517091e+04  1.588158000000e+01  6.698989231127e-02
 5.457129094676e+04  1.615852500000e+01  6.974624590660e-02
 5.457129835072e+04  1.611960200000e+01  6.924422412856e-02
 5.457130574333e+04  1.612456100000e+01  6.928882941084e-02
 5.457131316292e+04  1.604156500000e+01  6.821414894302e-02
 5.458534052744e+04  1.608389700000e+01  6.903231475772e-02
 5.458534668725e+04  1.605734500000e+01  6.867441665533e-02
 5.458535282678e+04  1.608479600000e+01  6.910494106940e-02
 5.458535894456e+04  1.610130000000e+01  6.932967979868e-02
 5.480251381271e+04  1.612011200000e+01  7.015397718200e-02
 5.480251829176e+04  1.613893900000e+01  7.034308579210e-02
 5.480252273446e+04  1.615081800000e+01  7.045627759785e-02
 5.480252724694e+04  1.617575600000e+01  7.050491850631e-02
 5.449750092587e+04  1.597352600000e+01  6.699404639363e-02
 5.449750747262e+04  1.599457200000e+01  6.724200127950e-02
 5.449751394828e+04  1.599525500000e+01  6.726104816095e-02
 5.449752042927e+04  1.602751700000e+01  6.761061051316e-02
 5.450644158138e+04  1.609258000000e+01  6.855178929023e-02
 5.450644818079e+04  1.605588600000e+01  6.807720879755e-02
 5.450645476688e+04  1.608998600000e+01  6.849420667416e-02
 5.450646136384e+04  1.606482400000e+01  6.818595600865e-02
 5.451042662585e+04  1.592423300000e+01  6.653910136760e-02
 5.451043220101e+04  1.598895100000e+01  6.730176085127e-02
 5.451043777316e+04  1.597756900000e+01  6.712199471658e-02
 5.451044336453e+04  1.599395300000e+01  6.727935017077e-02
 5.452544030420e+04  1.562483100000e+01  6.484800113043e-02
 5.452544721356e+04  1.559540800000e+01  6.474083207776e-02
 5.452545413683e+04  1.553581200000e+01  6.424017837628e-02
 5.452546107479e+04  1.543837800000e+01  6.392862183427e-02
 5.448046019274e+04  1.605233500000e+01  6.807437456906e-02
 5.448046736821e+04  1.604980600000e+01  6.796464692030e-02
 5.448047449704e+04  1.604285200000e+01  6.785900569988e-02
 5.448048164601e+04  1.610112600000e+01  6.836201047727e-02
 5.453129601483e+04  1.610140300000e+01  6.972075846135e-02
 5.453130327271e+04  1.603710800000e+01  6.879967909437e-02
 5.453131053211e+04  1.591479600000e+01  6.720902524845e-02
 5.453131778628e+04  1.575782300000e+01  6.533376167156e-02
 5.455643221488e+04  1.606421200000e+01  6.878909591354e-02
 5.455643934150e+04  1.604926900000e+01  6.858964383824e-02
 5.455644652138e+04  1.606018800000e+01  6.876061990875e-02
 5.455645369512e+04  1.604683600000e+01  6.819855143296e-02
 5.459124153465e+04  1.609698500000e+01  6.904795790085e-02
 5.459124862807e+04  1.611130200000e+01  6.928712688246e-02
 5.459125574832e+04  1.612775500000e+01  6.948673279762e-02
 5.459126287819e+04  1.610128100000e+01  6.913118510449e-02
 5.494931142484e+04  1.587099300000e+01  6.773567825429e-02
 5.494933647777e+04  1.589759900000e+01  6.888668587317e-02
 5.494934362429e+04  1.585181300000e+01  6.632395415732e-02
 5.494935081600e+04  1.590163600000e+01  6.689457625299e-02
 5.486735766126e+04  1.548013400000e+01  6.466876165433e-02
 5.486736627222e+04  1.552144600000e+01  6.501816319489e-02
 5.486737497450e+04  1.552519600000e+01  6.498952754811e-02
 5.486738359472e+04  1.555690000000e+01  6.525494050645e-02
 5.488935351308e+04  1.589693100000e+01  6.614535669335e-02
 5.488936131463e+04  1.590704800000e+01  6.625646222894e-02
 5.488936926977e+04  1.590886600000e+01  6.623741550960e-02
 5.488937713162e+04  1.591587500000e+01  6.631089876542e-02
 5.486052363080e+04  1.588408400000e+01  6.535961419851e-02
 5.486052854574e+04  1.589296600000e+01  6.583705475929e-02
 5.486053349089e+04  1.595009500000e+01  6.642636624613e-02
 5.486053835294e+04  1.592359200000e+01  6.616430760734e-02
 5.504217631574e+04  1.565187300000e+01  7.128000361198e-02
 5.504218189764e+04  1.564372000000e+01  7.125552319429e-02
 5.504218788106e+04  1.570405000000e+01  7.245882576199e-02
 5.500126817295e+04  1.605590500000e+01  7.015096189042e-02
 5.500127307575e+04  1.606361300000e+01  7.041942085105e-02
 5.500127786569e+04  1.599846000000e+01  6.957552785199e-02
 5.500128270044e+04  1.602961600000e+01  7.014857664875e-02
 5.491835316905e+04  1.605736200000e+01  6.841731951534e-02
 5.491835867513e+04  1.606717800000e+01  6.855106286530e-02
 5.491836417076e+04  1.603643000000e+01  6.817219328600e-02
 5.491836966978e+04  1.606718900000e+01  6.853479173149e-02
 5.496529553321e+04  1.592103000000e+01  6.730255562554e-02
 5.496530206675e+04  1.595756800000e+01  6.775009704898e-02
 5.496530878470e+04  1.592965600000e+01  6.739645728555e-02
 5.496531549508e+04  1.604749100000e+01  6.889458242623e-02
 5.529040394815e+04  1.561114000000e+01  6.387317820632e-02
 5.529041200270e+04  1.562566400000e+01  6.408103807716e-02
 5.529042014034e+04  1.558011400000e+01  6.368165391032e-02
 5.529042832097e+04  1.561161400000e+01  6.404135976897e-02
 5.529928718128e+04  1.563846900000e+01  6.391103312384e-02
 5.529929413715e+04  1.564941000000e+01  6.401847157524e-02
 5.529930111100e+04  1.567433100000e+01  6.425770329447e-02
 5.529930805847e+04  1.567386700000e+01  6.424102796046e-02
 5.524239373964e+04  1.589370000000e+01  6.709504215217e-02
 5.524240069648e+04  1.593392500000e+01  6.750986170873e-02
 5.524240769209e+04  1.593283300000e+01  6.745962140077e-02
 5.524241470448e+04  1.592181700000e+01  6.729610751723e-02
 5.520851939483e+04  1.608193200000e+01  6.886282496441e-02
 5.520852661286e+04  1.607362700000e+01  6.870904163078e-02
 5.520853389177e+04  1.606563100000e+01  6.861083209045e-02
 5.520854117536e+04  1.601741000000e+01  6.799205525106e-02
 5.526936676874e+04  1.578295500000e+01  6.583164567368e-02
 5.527134593588e+04  1.599964200000e+01  6.783045104795e-02
 5.527135290613e+04  1.601528600000e+01  6.794818941585e-02
 5.527135981884e+04  1.603989100000e+01  6.825612924852e-02
 5.527136678333e+04  1.601439900000e+01  6.795319038105e-02
 5.528134289944e+04  1.603786200000e+01  7.339510935779e-02
 5.528134845845e+04  1.599123900000e+01  7.281100909251e-02
 5.528135404241e+04  1.597163700000e+01  7.250027070036e-02
 5.528135956560e+04  1.605430900000e+01  7.363276685459e-02
 5.532329713124e+04  1.588459700000e+01  6.651642865276e-02
 5.532330337243e+04  1.585573500000e+01  6.623313930850e-02
 5.532330971846e+04  1.580517700000e+01  6.569459490697e-02
 5.532331605861e+04  1.577298500000e+01  6.537935492951e-02
 5.533725607611e+04  1.602441400000e+01  6.854919593894e-02
 5.533726410097e+04  1.598093200000e+01  6.806431797880e-02
 5.533727224520e+04  1.598745000000e+01  6.809697662573e-02
 5.533728021538e+04  1.601600000000e+01  6.844788379559e-02
 5.534720076841e+04  1.594279200000e+01  6.716551339874e-02
 5.534720757396e+04  1.597162200000e+01  6.754573041492e-02
 5.534721434977e+04  1.593602500000e+01  6.712769100830e-02
 5.534722123520e+04  1.596759400000e+01  6.750995217670e-02
 5.565635476525e+04  1.617850600000e+01  6.708533569085e-02
 5.565636099670e+04  1.616807800000e+01  6.693602078226e-02
 5.565636727166e+04  1.620282900000e+01  6.735977111397e-02
 5.565637356363e+04  1.623035500000e+01  6.770543079844e-02
 5.566427857694e+04  1.573997100000e+01  6.297555772815e-02
 5.566428471501e+04  1.577322300000e+01  6.329223111532e-02
 5.566429096068e+04  1.572427900000e+01  6.282019794879e-02
 5.566429719227e+04  1.577894200000e+01  6.329111734574e-02
 5.567619656372e+04  1.602565000000e+01  7.418054289264e-02
 5.567620410197e+04  1.600270000000e+01  7.353321180691e-02
 5.567621167168e+04  1.605991600000e+01  7.581184129630e-02
 5.567621923551e+04  1.605588700000e+01  7.408047613781e-02
 5.557651293332e+04  1.564240200000e+01  6.839266730921e-02
 5.557651969500e+04  1.562493700000e+01  6.854515157437e-02
 5.557652655488e+04  1.565169300000e+01  6.991763465555e-02
 5.557653335145e+04  1.562423100000e+01  6.778343730694e-02
 5.562641577507e+04  1.570450200000e+01  6.762793126511e-02
 5.562642157330e+04  1.572574100000e+01  6.957881689950e-02
 5.562642738021e+04  1.563818600000e+01  6.746160677852e-02
 5.562643316336e+04  1.556398700000e+01  6.605239905352e-02
 5.563430404661e+04  1.582232000000e+01  7.006336327794e-02
 5.563431266984e+04  1.586208500000e+01  7.261106092698e-02
 5.563432129703e+04  1.583947500000e+01  7.041010119219e-02
 5.563432993395e+04  1.588038500000e+01  6.972338758102e-02
 5.564642283247e+04  1.583221300000e+01  6.688763593487e-02
 5.564642969139e+04  1.569543100000e+01  6.535618412783e-02
 5.564643665481e+04  1.562837300000e+01  6.468732760013e-02
 5.564644359928e+04  1.558462800000e+01  6.431326511318e-02
 5.569327549221e+04  1.601208500000e+01  7.243365843278e-02
 5.569328377262e+04  1.601323100000e+01  7.243156438036e-02
 5.569329201737e+04  1.604916600000e+01  7.306415253031e-02
 5.569330034279e+04  1.597126700000e+01  7.186217811708e-02
 5.570524781273e+04  1.616824000000e+01  7.179097910509e-02
 5.570525690917e+04  1.616969300000e+01  7.180574991235e-02
 5.570526601913e+04  1.601445900000e+01  6.969653943786e-02
 5.570527511513e+04  1.580427300000e+01  6.710553626704e-02
 5.589350502803e+04  1.622481600000e+01  7.164929638998e-02
 5.589351015861e+04  1.617791200000e+01  7.084138419374e-02
 5.589351544951e+04  1.625166600000e+01  7.178390513375e-02
 5.589352072235e+04  1.621241100000e+01  7.113451799309e-02
 5.591945227887e+04  1.626893900000e+01  7.296224945025e-02
 5.591946141850e+04  1.621493000000e+01  7.197344869129e-02
 5.591947063137e+04  1.602416400000e+01  6.922629175574e-02
 5.591947975962e+04  1.586727200000e+01  6.711923451950e-02
 5.593046921531e+04  1.614029800000e+01  7.034359985222e-02
 5.593047830963e+04  1.613738700000e+01  7.020058791943e-02
 5.593048740414e+04  1.612464700000e+01  6.999389040837e-02
 5.593049655170e+04  1.616391600000e+01  7.048180314231e-02
 5.593949991172e+04  1.545702500000e+01  6.223034496052e-02
 5.593950550902e+04  1.531144000000e+01  6.102597988375e-02
 5.593951125068e+04  1.522384500000e+01  6.039052057138e-02
 5.593951690304e+04  1.520356500000e+01  6.022338966259e-02
 5.597835080758e+04  1.522040000000e+01  6.306326920268e-02
 5.597835582781e+04  1.521560900000e+01  6.248412984944e-02
 5.597836093848e+04  1.519909500000e+01  6.360425636065e-02
 5.597836607638e+04  1.524938000000e+01  6.421356004918e-02
 5.598439328372e+04  1.577237200000e+01  6.555011496799e-02
 5.598439964400e+04  1.578197600000e+01  6.569063852447e-02
 5.598440604918e+04  1.579726300000e+01  6.585974631398e-02
 5.598441241143e+04  1.583615600000e+01  6.630518922650e-02
 5.599047599290e+04  1.613019300000e+01  7.008614615730e-02
 5.599048103877e+04  1.610971200000e+01  6.984422994565e-02
 5.599048618208e+04  1.618991900000e+01  7.096774004132e-02
 5.599049135713e+04  1.617695200000e+01  7.081521455058e-02
 5.599947629704e+04  1.617809000000e+01  7.053137270943e-02
 5.599948196874e+04  1.608975100000e+01  6.933812566649e-02
 5.599948771451e+04  1.599804700000e+01  6.823925038460e-02
 5.599949342604e+04  1.588556200000e+01  6.692568004441e-02
 5.601343620295e+04  1.615807300000e+01  7.133417762755e-02
 5.601344138644e+04  1.612819600000e+01  7.096113128311e-02
 5.601344653692e+04  1.616689000000e+01  7.159752629660e-02
 5.601345167824e+04  1.610594300000e+01  7.077927000671e-02
 5.603224899404e+04  1.615253700000e+01  7.105658367595e-02
 5.603225407073e+04  1.612918000000e+01  7.075677830683e-02
 5.603225913869e+04  1.616771000000e+01  7.125452940515e-02
 5.603226429889e+04  1.617916800000e+01  7.131412906391e-02
 5.603931914123e+04  1.614408600000e+01  6.676537742491e-02
 5.603932729370e+04  1.615493200000e+01  6.687978401334e-02
 5.603933543201e+04  1.614767300000e+01  6.682132179486e-02
 5.603934358902e+04  1.612556800000e+01  6.662212289392e-02
 5.606229425175e+04  1.615714200000e+01  6.963706053992e-02
 5.606230156439e+04  1.619191300000e+01  7.015008252384e-02
 5.606230884984e+04  1.614208100000e+01  6.961012958321e-02
 5.606231615786e+04  1.618500400000e+01  7.019414762581e-02
 5.607215617617e+04  1.595059200000e+01  6.762627136201e-02
 5.607216120410e+04  1.600948000000e+01  6.835006284716e-02
 5.607216628086e+04  1.603400400000e+01  6.865589855466e-02
 5.607217139668e+04  1.605482500000e+01  6.898063971618e-02
 5.608924136178e+04  1.605174700000e+01  6.848555912225e-02
 5.608924752458e+04  1.606189100000e+01  6.864308648941e-02
 5.608925368589e+04  1.603704600000e+01  6.835907233253e-02
 5.608925985216e+04  1.607245900000e+01  6.888571240530e-02
