# time mag mag_err
 5.370614151278e+04  1.561750200000e+01  6.584947570346e-02
 5.370614924730e+04  1.563206500000e+01  6.607737144948e-02
 5.370615692141e+04  1.564969700000e+01  6.632233083393e-02
 5.370616446715e+04  1.568830000000e+01  6.683857132672e-02
 5.372908415874e+04  1.546834200000e+01  6.392749101997e-02
 5.372909058568e+04  1.547332200000e+01  6.405305466211e-02
 5.372909702257e+04  1.546112600000e+01  6.396638818247e-02
 5.372910345229e+04  1.548485900000e+01  6.425775986612e-02
 5.356740832303e+04  1.555973600000e+01  6.618020235960e-02
 5.356741491758e+04  1.541200500000e+01  6.639443422140e-02
 5.356742163318e+04  1.548945900000e+01  6.604042921950e-02
 5.356742826685e+04  1.553542200000e+01  6.603552839962e-02
 5.367712072289e+04  1.481880600000e+01  5.897344790743e-02
 5.368708506940e+04  1.557989200000e+01  6.492852546729e-02
 5.368709245322e+04  1.556453500000e+01  6.493186856458e-02
 5.368709985544e+04  1.562168200000e+01  6.549758990373e-02
 5.368710725603e+04  1.558752700000e+01  6.499328239904e-02
 5.369610555411e+04  1.461052700000e+01  5.759472607031e-02
 5.369611359387e+04  1.463767300000e+01  5.774475382147e-02
 5.369612161648e+04  1.466930900000e+01  5.794352504784e-02
 5.369612964918e+04  1.470694200000e+01  5.817002194401e-02
 5.364818969057e+04  1.546797000000e+01  6.524712982819e-02
 5.364819557535e+04  1.547227600000e+01  6.532244447271e-02
 5.366921242883e+04  1.539373000000e+01  6.338039487863e-02
 5.366922046927e+04  1.539901800000e+01  6.347493744682e-02
 5.366922853113e+04  1.540923800000e+01  6.369579148898e-02
 5.366923657529e+04  1.543969800000e+01  6.398663546635e-02
 5.363924757259e+04  1.535609900000e+01  6.385851667912e-02
 5.363925489796e+04  1.534757900000e+01  6.386139310749e-02
 5.363926952091e+04  1.540020200000e+01  6.440253142196e-02
 5.408011691726e+04  1.476524700000e+01  5.803123291051e-02
 5.408012239333e+04  1.468632600000e+01  5.762677875053e-02
 5.408012785275e+04  1.466739500000e+01  5.751901531547e-02
 5.408013331957e+04  1.461906800000e+01  5.728714770451e-02
 5.390739696645e+04  1.570766800000e+01  6.806314696272e-02
 5.405210508881e+04  1.563361000000e+01  6.427174652039e-02
 5.405211148589e+04  1.559823500000e+01  6.391312835021e-02
 5.405211789512e+04  1.563313800000e+01  6.426856000036e-02
 5.405212432600e+04  1.559483100000e+01  6.391850345760e-02
 5.405810380458e+04  1.551324900000e+01  6.319520848068e-02
 5.405811027701e+04  1.550590900000e+01  6.318463815591e-02
 5.405811675465e+04  1.555136000000e+01  6.361718887225e-02
 5.405812321215e+04  1.556419400000e+01  6.372171682715e-02
 5.406606592089e+04  1.522878100000e+01  6.081566006067e-02
 5.406607571270e+04  1.523672500000e+01  6.088732877736e-02
 5.406608550867e+04  1.527919700000e+01  6.121423593918e-02
 5.406609530464e+04  1.527266200000e+01  6.117902775813e-02
 5.400913369269e+04  1.547573700000e+01  6.515357632725e-02
 5.400913947653e+04  1.550386100000e+01  6.542906522177e-02
 5.400915640272e+04  1.555070000000e+01  6.586974331682e-02
 5.400916217072e+04  1.555527000000e+01  6.589792643962e-02
 5.402508559141e+04  1.465751700000e+01  5.719859856481e-02
 5.402509301204e+04  1.466705500000e+01  5.724837010875e-02
 5.402510045384e+04  1.468090900000e+01  5.730866929455e-02
 5.402510787145e+04  1.469947600000e+01  5.740246133047e-02
 5.403114004919e+04  1.531297900000e+01  6.147521278446e-02
 5.403114642207e+04  1.520201200000e+01  6.061754004876e-02
 5.403115282957e+04  1.506822000000e+01  5.964415956773e-02
 5.403115920766e+04  1.497547000000e+01  5.903680786650e-02
 5.403716234223e+04  1.562903800000e+01  6.420724632280e-02
 5.403716853547e+04  1.562747200000e+01  6.421559038094e-02
 5.403717442212e+04  1.563156200000e+01  6.425656752792e-02
 5.403718031500e+04  1.561305600000e+01  6.409291938061e-02
 5.398927613267e+04  1.532675000000e+01  6.177946982861e-02
 5.398928336939e+04  1.530847800000e+01  6.157521998766e-02
 5.398929061107e+04  1.533181500000e+01  6.185260469053e-02
 5.398929785066e+04  1.533877400000e+01  6.190554509352e-02
 5.445208845843e+04  1.506314700000e+01  5.985745312216e-02
 5.445209390685e+04  1.509949300000e+01  6.011011935152e-02
 5.445209937321e+04  1.507875800000e+01  5.997380159036e-02
 5.445210491631e+04  1.512000900000e+01  6.030719275588e-02
 5.429836586806e+04  1.478947900000e+01  6.173699474359e-02
 5.429837792999e+04  1.458580200000e+01  6.373579139949e-02
 5.440718645506e+04  1.493985600000e+01  5.912086989026e-02
 5.440719295631e+04  1.496481100000e+01  5.932037590339e-02
 5.440719946925e+04  1.499308300000e+01  5.949727452878e-02
 5.440720597663e+04  1.500445200000e+01  5.962374318549e-02
 5.441313899862e+04  1.544973400000e+01  6.293828081177e-02
 5.441314443987e+04  1.531436300000e+01  6.180582598391e-02
 5.441314985681e+04  1.520880100000e+01  6.096739246025e-02
 5.441315531008e+04  1.513063100000e+01  6.038823171225e-02
 5.442008928538e+04  1.493078800000e+01  5.965381051538e-02
 5.442009529726e+04  1.493804600000e+01  5.967832879542e-02
 5.442010126237e+04  1.497262700000e+01  6.000782719118e-02
 5.442010726464e+04  1.497132800000e+01  6.002494913985e-02
 5.438018459147e+04  1.537692700000e+01  6.304680055824e-02
 5.438712413382e+04  1.562497900000e+01  6.457100068115e-02
 5.438713054918e+04  1.556917700000e+01  6.405201028651e-02
 5.438714338523e+04  1.557197100000e+01  6.406251572833e-02
 5.434828629853e+04  1.632840200000e+01  7.956758028223e-02
 5.434829331277e+04  1.526914500000e+01  6.686702020430e-02
 5.434830760804e+04  1.626534600000e+01  7.779290742647e-02
 5.435424398431e+04  1.526322100000e+01  6.176321165784e-02
 5.435425115087e+04  1.518594700000e+01  6.113774083230e-02
 5.435425834764e+04  1.534418100000e+01  6.244264045084e-02
 5.435426553284e+04  1.520655100000e+01  6.133909731965e-02
 5.482212245860e+04  1.549211200000e+01  6.361289258936e-02
 5.482212850659e+04  1.559603000000e+01  6.467931190648e-02
 5.482213461036e+04  1.553522500000e+01  6.415708258178e-02
 5.482214062872e+04  1.559698300000e+01  6.483226274017e-02
 5.479109185911e+04  1.495365300000e+01  5.904441352175e-02
 5.476715262844e+04  1.559772000000e+01  6.398772302606e-02
 5.476716180574e+04  1.560592200000e+01  6.406312103213e-02
 5.476717090181e+04  1.564139500000e+01  6.439434313501e-02
 5.476717989762e+04  1.564728900000e+01  6.449201236076e-02
 5.473029256589e+04  1.545915900000e+01  6.297652126017e-02
 5.473029958788e+04  1.548837900000e+01  6.284862655586e-02
 5.473030665547e+04  1.544677700000e+01  6.288640609480e-02
 5.473031372412e+04  1.549847800000e+01  6.344448242534e-02
 5.473635489874e+04  1.536016200000e+01  6.304025303603e-02
 5.473636192340e+04  1.544819100000e+01  6.353455130808e-02
 5.473636905569e+04  1.536545100000e+01  6.338787604836e-02
 5.505932991122e+04  1.550048300000e+01  6.098249541121e-02
 5.505933779103e+04  1.550760800000e+01  6.131561847143e-02
 5.505934562299e+04  1.554195600000e+01  6.160520383758e-02
 5.505935351632e+04  1.556294900000e+01  6.180330287183e-02
 5.518306600031e+04  1.548049400000e+01  6.824164552642e-02
 5.518307146377e+04  1.560048100000e+01  7.013114072577e-02
 5.518307695157e+04  1.557315200000e+01  6.956484698017e-02
 5.518308231596e+04  1.552647500000e+01  6.943355410639e-02
 5.497743464201e+04  1.481980300000e+01  5.883636982859e-02
 5.514117142985e+04  1.466185600000e+01  5.772378178360e-02
 5.514117860499e+04  1.464550700000e+01  5.766900997744e-02
 5.514118585847e+04  1.463678200000e+01  5.762561233471e-02
 5.514119318247e+04  1.465590100000e+01  5.772538954185e-02
 5.515706993266e+04  1.534395800000e+01  6.219335526119e-02
 5.515708318589e+04  1.541506500000e+01  6.282819662881e-02
 5.512815673359e+04  1.570229600000e+01  6.539631376401e-02
 5.512816465539e+04  1.571540200000e+01  6.598692599267e-02
 5.512817252061e+04  1.570191500000e+01  6.585366899378e-02
 5.512818042096e+04  1.568120100000e+01  6.568287314677e-02
 5.508629565884e+04  1.514783400000e+01  6.505411971828e-02
 5.508629856270e+04  1.516965600000e+01  6.529007238273e-02
 5.508630152604e+04  1.517023200000e+01  6.530507094722e-02
 5.508630444426e+04  1.500289600000e+01  6.637704124664e-02
 5.509428111737e+04  1.461010900000e+01  5.756804905927e-02
 5.509428905703e+04  1.462157300000e+01  5.766531350332e-02
 5.509429683428e+04  1.464951100000e+01  5.783682404831e-02
 5.509430478956e+04  1.467001600000e+01  5.800446823929e-02
 5.510218037757e+04  1.564195900000e+01  6.545405882702e-02
 5.550112430581e+04  1.552102000000e+01  6.419981452890e-02
 5.550113991561e+04  1.553082000000e+01  6.429438534131e-02
 5.550114768830e+04  1.555936500000e+01  6.459425405528e-02
 5.551107564091e+04  1.504840300000e+01  6.020685248488e-02
 5.551109049191e+04  1.510629400000e+01  6.060347032525e-02
 5.551109791793e+04  1.508041600000e+01  6.044314083702e-02
 5.548114599509e+04  1.496538500000e+01  5.964209958563e-02
 5.548116252479e+04  1.498267200000e+01  5.975536031810e-02
 5.548117070728e+04  1.500158400000e+01  5.989188457913e-02
 5.545529382652e+04  1.487518100000e+01  5.873107996327e-02
 5.545530942888e+04  1.491397800000e+01  5.901773176727e-02
 5.545531692897e+04  1.495696900000e+01  5.932472918369e-02
 5.368714469435e+04  1.570486000000e+01  6.609591639686e-02
 5.368715208465e+04  1.571689500000e+01  6.625860704451e-02
 5.368715947935e+04  1.564127700000e+01  6.542539532186e-02
 5.368716688840e+04  1.571189200000e+01  6.626366530037e-02
 5.364821430603e+04  1.548942500000e+01  6.571072826952e-02
 5.364822024694e+04  1.549145700000e+01  6.566553893716e-02
 5.364822615546e+04  1.547133300000e+01  6.537820846212e-02
 5.364823209221e+04  1.551873800000e+01  6.590127506014e-02
 5.429844381985e+04  1.500824100000e+01  6.216958970130e-02
 5.429844669545e+04  1.503135200000e+01  6.277487263299e-02
 5.429844957719e+04  1.503154200000e+01  6.224599304785e-02
 5.429845246877e+04  1.504782700000e+01  6.241050104354e-02
 5.582223438912e+04  1.494542700000e+01  5.924033740792e-02
 5.585814554126e+04  1.564619000000e+01  6.131720549939e-02
 5.585815502554e+04  1.561499600000e+01  6.114824270347e-02
 5.585816506218e+04  1.564979600000e+01  6.137889276321e-02
 5.585817469244e+04  1.566618900000e+01  6.153472348931e-02
 5.616427839215e+04  1.495242500000e+01  5.978086598778e-02
 5.616428939833e+04  1.499418000000e+01  6.007996796185e-02
 5.618322298716e+04  1.464028400000e+01  5.615845754422e-02
 5.618322910808e+04  1.467264000000e+01  5.631139216311e-02
 5.618323522081e+04  1.466672900000e+01  5.627325249067e-02
 5.618324139191e+04  1.470560000000e+01  5.645615602749e-02
 5.620423083986e+04  1.526683400000e+01  6.270429647256e-02
 5.620423843375e+04  1.510985800000e+01  6.095456441278e-02
 5.620424611558e+04  1.495052700000e+01  5.992845017138e-02
 5.620425416971e+04  1.490730900000e+01  6.047149066292e-02
