# time mag mag_err
 5.371244843876e+04  1.495790900000e+01  5.913659680235e-02
 5.371245794652e+04  1.497190500000e+01  5.919687691995e-02
 5.371246745139e+04  1.500007800000e+01  5.931907996967e-02
 5.371247691737e+04  1.500884500000e+01  5.944046927877e-02
 5.373441587133e+04  1.534072500000e+01  6.172408190004e-02
 5.373442467131e+04  1.535385600000e+01  6.181942532433e-02
 5.373443355207e+04  1.537170500000e+01  6.197761482508e-02
 5.373444265958e+04  1.533715600000e+01  6.167187700195e-02
 5.352720090812e+04  1.526424500000e+01  6.144285834805e-02
 5.352720920449e+04  1.527431100000e+01  6.153775401015e-02
 5.352721754762e+04  1.530047200000e+01  6.178301630123e-02
 5.352722593472e+04  1.531059500000e+01  6.190467586323e-02
 5.385431649306e+04  1.515928600000e+01  6.157440380834e-02
 5.385432349873e+04  1.519115500000e+01  6.187752308095e-02
 5.385433051632e+04  1.516957800000e+01  6.172890664991e-02
 5.385433753368e+04  1.520815500000e+01  6.203321235287e-02
 5.385523618416e+04  1.471563200000e+01  5.802761066454e-02
 5.385524469649e+04  1.471989200000e+01  5.808305712338e-02
 5.385525241888e+04  1.472476000000e+01  5.811424296677e-02
 5.385526008083e+04  1.473357500000e+01  5.818221400638e-02
 5.409538761705e+04  1.515613500000e+01  5.891776719542e-02
 5.409539999949e+04  1.498702100000e+01  5.782535335738e-02
 5.409541237973e+04  1.490795300000e+01  5.740744107866e-02
 5.409542483683e+04  1.486070400000e+01  5.709190315819e-02
 5.377037040566e+04  1.524432600000e+01  6.138320057099e-02
 5.377037794897e+04  1.523940800000e+01  6.113669796521e-02
 5.377038549657e+04  1.523803000000e+01  6.116521671162e-02
 5.377039312495e+04  1.524827200000e+01  6.180916687027e-02
 5.378931885480e+04  1.502367000000e+01  6.437041861992e-02
 5.378932547493e+04  1.499866300000e+01  6.145928805923e-02
 5.378933198197e+04  1.499778000000e+01  6.623199425520e-02
 5.378933851366e+04  1.499494900000e+01  6.570662016418e-02
 5.374146268459e+04  1.521624800000e+01  6.070608526508e-02
 5.374147242281e+04  1.521369000000e+01  6.068869104931e-02
 5.374148218314e+04  1.522970100000e+01  6.080355790707e-02
 5.374149185016e+04  1.523579100000e+01  6.087149668646e-02
 5.375748675169e+04  1.497033800000e+01  5.920565681035e-02
 5.375749339925e+04  1.498683400000e+01  5.934348997850e-02
 5.375749997052e+04  1.498511200000e+01  5.930848274845e-02
 5.375750658243e+04  1.502341800000e+01  5.957418665276e-02
 5.390223424653e+04  1.495254100000e+01  9.042142028294e-02
 5.390223523315e+04  1.498561700000e+01  9.130556931631e-02
 5.390223623529e+04  1.497681400000e+01  9.118404607145e-02
 5.390223722295e+04  1.499572800000e+01  9.152510086295e-02
 5.379737435523e+04  1.524380200000e+01  6.210251953678e-02
 5.379738125975e+04  1.522929300000e+01  6.192676377229e-02
 5.379738787212e+04  1.517691400000e+01  6.404959376231e-02
 5.379739468484e+04  1.523947800000e+01  6.289635420041e-02
 5.386627900505e+04  1.500943700000e+01  9.205370853153e-02
 5.386627974374e+04  1.508907200000e+01  9.525684434094e-02
 5.386628047109e+04  1.514167400000e+01  9.640418102777e-02
 5.386628130782e+04  1.511159300000e+01  9.334724149837e-02
 5.388216154922e+04  1.534874700000e+01  6.272854453675e-02
 5.388216969153e+04  1.533337100000e+01  6.258892788392e-02
 5.388217784483e+04  1.531426000000e+01  6.242359215949e-02
 5.388218591293e+04  1.527820200000e+01  6.216303956930e-02
 5.406640794600e+04  1.523997800000e+01  5.950121491899e-02
 5.406641881552e+04  1.524680500000e+01  5.947981427736e-02
 5.406642981618e+04  1.524061600000e+01  5.937678232835e-02
 5.406644074080e+04  1.523077900000e+01  5.925411704059e-02
 5.420825105360e+04  1.534600400000e+01  6.158531392994e-02
 5.420826055037e+04  1.533089000000e+01  6.145623358891e-02
 5.420826961726e+04  1.533088000000e+01  6.148030029847e-02
 5.420827849605e+04  1.527960200000e+01  6.109763168443e-02
 5.445237133778e+04  1.506234000000e+01  5.948207289779e-02
 5.445237815003e+04  1.508518800000e+01  5.961371117216e-02
 5.445238472165e+04  1.507719500000e+01  5.951305856707e-02
 5.445239132153e+04  1.510282900000e+01  5.965608984546e-02
 5.427319797661e+04  1.483438200000e+01  5.716318993007e-02
 5.427320386972e+04  1.478612600000e+01  5.694476464580e-02
 5.427320980035e+04  1.475471000000e+01  5.685852856106e-02
 5.427321575308e+04  1.473067300000e+01  5.673919094592e-02
 5.416928617255e+04  1.493059900000e+01  5.962463886942e-02
 5.416929165569e+04  1.483423500000e+01  5.859548030341e-02
 5.416929714589e+04  1.483405600000e+01  5.857940161532e-02
 5.416930266816e+04  1.478556000000e+01  5.780897867109e-02
 5.417621592779e+04  1.519656300000e+01  6.038415836646e-02
 5.417622349252e+04  1.516685800000e+01  6.015374487655e-02
 5.417623101176e+04  1.521094000000e+01  6.048748210911e-02
 5.417623856561e+04  1.521127800000e+01  6.047018424004e-02
 5.423227435104e+04  1.532136300000e+01  6.217316583893e-02
 5.423228093749e+04  1.534063500000e+01  6.240602028188e-02
 5.423228745597e+04  1.534026300000e+01  6.240481744101e-02
 5.423229398640e+04  1.531697400000e+01  6.234366194845e-02
 5.424421760954e+04  1.527409700000e+01  6.134785373592e-02
 5.424422301212e+04  1.521811600000e+01  6.091522168285e-02
 5.424422839630e+04  1.525483800000e+01  6.124449724713e-02
 5.424423378939e+04  1.528685900000e+01  6.125129135931e-02
 5.455918746288e+04  1.493710700000e+01  5.877565839648e-02
 5.455919289777e+04  1.495448700000e+01  5.888339781280e-02
 5.455919828993e+04  1.496125400000e+01  5.890690856957e-02
 5.455920365455e+04  1.495804900000e+01  5.886661677269e-02
 5.456817298025e+04  1.486298000000e+01  5.813273345058e-02
 5.456818058758e+04  1.492490500000e+01  5.848340770962e-02
 5.456818814132e+04  1.491881600000e+01  5.844797544516e-02
 5.456819572769e+04  1.493182200000e+01  5.854378476273e-02
 5.458426019352e+04  1.486180100000e+01  5.828023502091e-02
 5.458426589183e+04  1.483573500000e+01  5.812871784016e-02
 5.458427156596e+04  1.480784800000e+01  5.798977439060e-02
 5.458427726578e+04  1.475696700000e+01  5.768321334843e-02
 5.480548268824e+04  1.502689000000e+01  5.898775015590e-02
 5.480549028641e+04  1.504319400000e+01  5.908327573875e-02
 5.480549790149e+04  1.504790300000e+01  5.910528608941e-02
 5.480550563579e+04  1.507935500000e+01  5.927802413280e-02
 5.450730842854e+04  1.531504400000e+01  6.545078422935e-02
 5.450731593991e+04  1.534826800000e+01  6.590360582614e-02
 5.450732338889e+04  1.534258200000e+01  6.429878511574e-02
 5.450733086866e+04  1.529893700000e+01  6.404152369865e-02
 5.451426905051e+04  1.510745300000e+01  6.074494125323e-02
 5.451427402623e+04  1.511557600000e+01  6.106329718601e-02
 5.451427887288e+04  1.516339900000e+01  6.080696932397e-02
 5.451428374593e+04  1.512653200000e+01  6.027834484136e-02
 5.448035329159e+04  1.493483900000e+01  5.844685825590e-02
 5.448036267296e+04  1.489882800000e+01  5.819618893804e-02
 5.448037204669e+04  1.485433900000e+01  5.793907238994e-02
 5.448038142389e+04  1.476926200000e+01  5.743953215724e-02
 5.462818585110e+04  1.479593600000e+01  5.801972740382e-02
 5.462819101698e+04  1.483289300000e+01  5.824111269650e-02
 5.462819614733e+04  1.481514700000e+01  5.816298585561e-02
 5.462820127605e+04  1.485272700000e+01  5.841790969733e-02
 5.464216421539e+04  1.506898600000e+01  6.033577903232e-02
 5.464216962168e+04  1.506368200000e+01  6.041945359083e-02
 5.464217498525e+04  1.507799000000e+01  6.052502694733e-02
 5.464218037916e+04  1.510224700000e+01  6.079504071763e-02
 5.453623565965e+04  1.476438000000e+01  5.754378052826e-02
 5.453624099163e+04  1.472970400000e+01  5.736115298451e-02
 5.453624631725e+04  1.471133200000e+01  5.725434465855e-02
 5.453625162874e+04  1.470272800000e+01  5.721817399840e-02
 5.454841150237e+04  1.498930300000e+01  6.083743946862e-02
 5.454841813581e+04  1.503207100000e+01  6.121569124079e-02
 5.454842477792e+04  1.502233700000e+01  6.114220617761e-02
 5.454843138207e+04  1.505727500000e+01  6.146773085988e-02
 5.459425412045e+04  1.521178800000e+01  6.055127210954e-02
 5.459426067506e+04  1.521562200000e+01  6.062589587554e-02
 5.459426724633e+04  1.523114200000e+01  6.073406500965e-02
 5.459427381542e+04  1.522506500000e+01  6.073925947971e-02
 5.478747820476e+04  1.499470400000e+01  6.062824399508e-02
 5.478748262350e+04  1.506412900000e+01  6.112820343450e-02
 5.478748691619e+04  1.503386600000e+01  6.087384344115e-02
 5.478749126675e+04  1.504061500000e+01  6.092457541150e-02
 5.478749548536e+04  1.506817400000e+01  6.109837535707e-02
 5.492236370742e+04  1.489017100000e+01  5.852295932807e-02
 5.492237157403e+04  1.484628500000e+01  5.826813085912e-02
 5.492237946461e+04  1.477561000000e+01  5.789314508550e-02
 5.492238724661e+04  1.474268900000e+01  5.771608923600e-02
 5.494528435038e+04  1.487937000000e+01  5.835066148547e-02
 5.494529104237e+04  1.484148300000e+01  5.896088742093e-02
 5.494529766726e+04  1.488996700000e+01  5.844542293398e-02
 5.494530432385e+04  1.489876800000e+01  5.851077623659e-02
 5.518247881479e+04  1.479447900000e+01  5.764124294427e-02
 5.518248346179e+04  1.482068200000e+01  5.780217757209e-02
 5.518248805751e+04  1.482977400000e+01  5.783766807855e-02
 5.518249273211e+04  1.485250700000e+01  5.796340021198e-02
 5.487646017522e+04  1.519057300000e+01  6.190278575966e-02
 5.487646562318e+04  1.518557100000e+01  6.185676194019e-02
 5.487647105319e+04  1.519359900000e+01  6.191606836551e-02
 5.487647642013e+04  1.521869800000e+01  6.214509678158e-02
 5.488631020318e+04  1.495173500000e+01  5.954818124705e-02
 5.488631446531e+04  1.494192200000e+01  5.998207329268e-02
 5.488631867733e+04  1.492266000000e+01  5.937934378642e-02
 5.488632288367e+04  1.488973700000e+01  5.936555232800e-02
 5.486129296940e+04  1.501416700000e+01  5.893011545534e-02
 5.486130596461e+04  1.503388300000e+01  5.899045031375e-02
 5.486131887601e+04  1.504211300000e+01  5.902853959796e-02
 5.486133195387e+04  1.508884800000e+01  5.927950395916e-02
 5.489225690306e+04  1.533329900000e+01  6.106952820669e-02
 5.489226608164e+04  1.536549200000e+01  6.130968157838e-02
 5.489227525304e+04  1.534849600000e+01  6.114879752193e-02
 5.489228442641e+04  1.532536400000e+01  6.094286658055e-02
 5.491135530400e+04  1.522257300000e+01  6.039921237072e-02
 5.491136078032e+04  1.523319000000e+01  6.049198796631e-02
 5.491136628059e+04  1.524522500000e+01  6.058883108272e-02
 5.491137171733e+04  1.522245500000e+01  6.048962032466e-02
 5.497720708858e+04  1.499925300000e+01  5.930141066508e-02
 5.497721503885e+04  1.502840200000e+01  5.950779844315e-02
 5.497722296402e+04  1.501783200000e+01  5.944460682854e-02
 5.497723091823e+04  1.502796500000e+01  5.950541162608e-02
 5.514449740284e+04  1.537920400000e+01  6.228520889576e-02
 5.514450202395e+04  1.534900800000e+01  6.198210101229e-02
 5.514450657024e+04  1.533799900000e+01  6.187872663129e-02
 5.514451114260e+04  1.533733400000e+01  6.186381104519e-02
 5.516048735117e+04  1.517568900000e+01  6.025550330709e-02
 5.516049527814e+04  1.514210900000e+01  6.005642563590e-02
 5.516050340241e+04  1.519442100000e+01  6.037816702340e-02
 5.516051137748e+04  1.518082800000e+01  6.031729723862e-02
 5.529715540604e+04  1.475727900000e+01  5.777529290871e-02
 5.529716156514e+04  1.479148200000e+01  5.797175888911e-02
 5.529716782458e+04  1.479593600000e+01  5.797352690984e-02
 5.529717415569e+04  1.481187600000e+01  5.806054553187e-02
 5.530520587281e+04  1.514301600000e+01  6.038229069285e-02
 5.530521351270e+04  1.517576800000e+01  6.071953120493e-02
 5.530522156181e+04  1.516250700000e+01  6.065450353885e-02
 5.530522964059e+04  1.519200000000e+01  6.094835154887e-02
 5.524724617255e+04  1.494456200000e+01  5.904713011770e-02
 5.524725133493e+04  1.490235600000e+01  5.870241557879e-02
 5.524725657559e+04  1.489679000000e+01  5.862906010573e-02
 5.524726173752e+04  1.483982800000e+01  5.825571105145e-02
 5.527222058905e+04  1.519845000000e+01  6.027259678948e-02
 5.527222576442e+04  1.521388900000e+01  6.041358530391e-02
 5.527223089703e+04  1.523333100000e+01  6.057574611334e-02
 5.527223602124e+04  1.520233900000e+01  6.032345884148e-02
 5.532225004338e+04  1.533563100000e+01  6.366682772897e-02
 5.532225556589e+04  1.536818300000e+01  6.401371891154e-02
 5.532226112337e+04  1.535414400000e+01  6.387558071269e-02
 5.532226672318e+04  1.535818500000e+01  6.392210804424e-02
 5.533722265977e+04  1.525128600000e+01  6.111702931236e-02
 5.533723144589e+04  1.531179800000e+01  6.164830880021e-02
 5.533723896919e+04  1.534617000000e+01  6.196230480918e-02
 5.533724984024e+04  1.532691600000e+01  6.183093434795e-02
 5.560328591323e+04  1.535041500000e+01  5.972336335504e-02
 5.560329219341e+04  1.535925700000e+01  5.975210643143e-02
 5.560329845102e+04  1.536315700000e+01  5.978037739351e-02
 5.560330469440e+04  1.535412700000e+01  5.972594478874e-02
 5.557734583801e+04  1.523207000000e+01  6.485809785915e-02
 5.557735314311e+04  1.524153700000e+01  6.486783686489e-02
 5.557736046700e+04  1.521977200000e+01  6.464638493294e-02
 5.557736781034e+04  1.524411600000e+01  6.490197192015e-02
 5.562637314719e+04  1.499306100000e+01  6.004944358337e-02
 5.562637893301e+04  1.498996000000e+01  5.996020162124e-02
 5.562638470691e+04  1.501196700000e+01  6.047009882178e-02
 5.562639055942e+04  1.500600100000e+01  6.091466078242e-02
 5.563240211609e+04  1.500790600000e+01  6.344796367087e-02
 5.563240793711e+04  1.507115900000e+01  6.369662086524e-02
 5.563241316016e+04  1.503741400000e+01  6.338290452946e-02
 5.563241838081e+04  1.504830800000e+01  6.117354491754e-02
 5.568428699388e+04  1.522890900000e+01  6.154576250789e-02
 5.568429354330e+04  1.524317700000e+01  6.145769145462e-02
 5.568429988042e+04  1.527742300000e+01  6.175842853859e-02
 5.568430627566e+04  1.527116600000e+01  6.172722483663e-02
 5.588246718263e+04  1.521326300000e+01  6.084784370109e-02
 5.588247238939e+04  1.522364200000e+01  6.090771992989e-02
 5.588247755642e+04  1.524723400000e+01  6.103560988578e-02
 5.588248272779e+04  1.526736800000e+01  6.118270814957e-02
 5.592739134295e+04  1.520970600000e+01  6.071905201660e-02
 5.592739818292e+04  1.519940800000e+01  6.059675742713e-02
 5.592740504229e+04  1.520945900000e+01  6.067657596061e-02
 5.592741195711e+04  1.522887700000e+01  6.079817232836e-02
 5.595924565693e+04  1.524363800000e+01  6.101973991685e-02
 5.595925133987e+04  1.525388400000e+01  6.109356112849e-02
 5.595925710311e+04  1.525065000000e+01  6.101557312907e-02
 5.595926280331e+04  1.522669000000e+01  6.082314347391e-02
 5.597626557740e+04  1.527158000000e+01  6.144791318961e-02
 5.597627401892e+04  1.517574400000e+01  6.068672933957e-02
 5.597628245142e+04  1.506712700000e+01  5.985906896416e-02
 5.597629093333e+04  1.497626300000e+01  5.922396056516e-02
 5.598339129269e+04  1.528035800000e+01  6.117577644744e-02
 5.598339695611e+04  1.530264600000e+01  6.137097045963e-02
 5.598340263175e+04  1.531141300000e+01  6.142969051846e-02
 5.598340833499e+04  1.532241100000e+01  6.150970089740e-02
 5.599020970222e+04  1.484399500000e+01  5.836042704963e-02
 5.599021480502e+04  1.485009300000e+01  5.838308401263e-02
 5.599021994550e+04  1.486398500000e+01  5.845038822712e-02
 5.599022508140e+04  1.488944200000e+01  5.860911075083e-02
 5.600321585611e+04  1.527944000000e+01  6.135172767517e-02
 5.600322447117e+04  1.532124900000e+01  6.168306601988e-02
 5.600323305934e+04  1.533005700000e+01  6.174142900815e-02
 5.600324159252e+04  1.532403700000e+01  6.165526370368e-02
 5.601817482456e+04  1.519730600000e+01  6.075587262944e-02
 5.601818281340e+04  1.523565800000e+01  6.104055984205e-02
 5.601819075353e+04  1.520388200000e+01  6.078978612172e-02
 5.601819864990e+04  1.520150700000e+01  6.075294886414e-02
 5.603929089014e+04  1.539868800000e+01  6.262902101456e-02
 5.603929760701e+04  1.537263700000e+01  6.241731302595e-02
 5.603930443791e+04  1.536892500000e+01  6.246338807372e-02
 5.603931120271e+04  1.535413300000e+01  6.238284237551e-02
 5.606628704164e+04  1.532528000000e+01  6.137790163446e-02
 5.606629379432e+04  1.535075600000e+01  6.163446327725e-02
 5.606630050889e+04  1.529901500000e+01  6.123674837854e-02
 5.606630728505e+04  1.535711700000e+01  6.172960167152e-02
 5.608918151677e+04  1.515752200000e+01  5.813070916944e-02
 5.608918751324e+04  1.505875300000e+01  5.757680219349e-02
 5.608919351565e+04  1.496978200000e+01  5.709443624816e-02
 5.608919962478e+04  1.493994600000e+01  5.695950582706e-02
