# time mag mag_err
 5.346423328461e+04  1.610320500000e+01  7.044107495381e-02
 5.346424186964e+04  1.609883600000e+01  7.041734952505e-02
 5.346425009065e+04  1.613940900000e+01  7.095727930221e-02
 5.346425817311e+04  1.612276700000e+01  7.078979603774e-02
 5.372933782622e+04  1.594859100000e+01  7.034783760266e-02
 5.372934551248e+04  1.592185200000e+01  6.994469481737e-02
 5.372935318091e+04  1.598890800000e+01  7.045835808674e-02
 5.372936088211e+04  1.597930700000e+01  6.998415275109e-02
 5.352516064370e+04  1.613691100000e+01  7.338303569491e-02
 5.352516716718e+04  1.614616500000e+01  7.374415339408e-02
 5.352517367051e+04  1.610582600000e+01  7.340541892186e-02
 5.352518022350e+04  1.603131400000e+01  7.243978272751e-02
 5.349417632490e+04  1.613596700000e+01  7.236670319891e-02
 5.349418529432e+04  1.612237500000e+01  7.224933961561e-02
 5.349419336069e+04  1.615840600000e+01  7.303720798805e-02
 5.349420144976e+04  1.615032100000e+01  7.283566158081e-02
 5.370440319404e+04  1.616487300000e+01  7.280631884586e-02
 5.370441085588e+04  1.620713600000e+01  7.340684146115e-02
 5.370441838912e+04  1.617415500000e+01  7.275888711065e-02
 5.370442594274e+04  1.616194100000e+01  7.252414790890e-02
 5.384519553185e+04  1.614275800000e+01  7.324907224550e-02
 5.384520359197e+04  1.614859400000e+01  7.344355145495e-02
 5.384521168589e+04  1.617574300000e+01  7.391832215810e-02
 5.384521975377e+04  1.615352300000e+01  7.364623551436e-02
 5.407042571674e+04  1.616934100000e+01  7.066244257710e-02
 5.407043365347e+04  1.620284800000e+01  7.107830506035e-02
 5.407044145687e+04  1.620428200000e+01  7.111364186731e-02
 5.407044918376e+04  1.620538100000e+01  7.101537534178e-02
 5.408247999241e+04  1.615071800000e+01  7.095452870000e-02
 5.408248545841e+04  1.614121500000e+01  7.079371153198e-02
 5.408249091645e+04  1.615867400000e+01  7.105574985023e-02
 5.408249635688e+04  1.614591300000e+01  7.082998427882e-02
 5.377226471143e+04  1.588400400000e+01  6.934223688743e-02
 5.377227219861e+04  1.588180400000e+01  6.900254252007e-02
 5.377227969528e+04  1.576173900000e+01  6.879786048508e-02
 5.377229181324e+04  1.591007000000e+01  7.105574985023e-02
 5.377330163233e+04  1.556356900000e+01  6.485922122420e-02
 5.377330802870e+04  1.560001400000e+01  6.523443836404e-02
 5.377331446780e+04  1.564804300000e+01  6.573748674273e-02
 5.377332089010e+04  1.562722400000e+01  6.552793884157e-02
 5.374135747010e+04  1.588598800000e+01  6.807974997711e-02
 5.374136338440e+04  1.591576600000e+01  6.836332755222e-02
 5.374136932266e+04  1.591850100000e+01  6.834348960986e-02
 5.374137534322e+04  1.590762100000e+01  6.821464620984e-02
 5.375829052361e+04  1.612620200000e+01  7.184383484228e-02
 5.375829697775e+04  1.612990500000e+01  7.189942752895e-02
 5.375830347066e+04  1.607438100000e+01  7.104463224968e-02
 5.375830993325e+04  1.596463800000e+01  6.947569881341e-02
 5.376532199448e+04  1.572869200000e+01  6.776961397391e-02
 5.376532683593e+04  1.573453400000e+01  6.802956028089e-02
 5.376533164785e+04  1.574252300000e+01  6.798413228869e-02
 5.376533645330e+04  1.575811300000e+01  6.787822815200e-02
 5.388715056456e+04  1.617483800000e+01  7.451237809872e-02
 5.388715965367e+04  1.625379200000e+01  7.604655597886e-02
 5.388716874764e+04  1.628112700000e+01  7.677031815039e-02
 5.388717783270e+04  1.625385500000e+01  7.672658095437e-02
 5.381716551281e+04  1.616552600000e+01  7.267676041971e-02
 5.381717403534e+04  1.619591700000e+01  7.369626691912e-02
 5.381718259734e+04  1.616673000000e+01  7.258778579700e-02
 5.381719115309e+04  1.617424200000e+01  7.253749384196e-02
 5.386621198076e+04  1.590860600000e+01  1.266035034244e-01
 5.386621274017e+04  1.578080100000e+01  1.203681252415e-01
 5.386621360689e+04  1.596044900000e+01  1.215213750478e-01
 5.386621437347e+04  1.576756400000e+01  1.202403257706e-01
 5.387615305734e+04  1.617024200000e+01  7.473095490563e-02
 5.387615970374e+04  1.610396600000e+01  7.314439309702e-02
 5.387616631494e+04  1.616007600000e+01  7.464374240298e-02
 5.387617295127e+04  1.621013300000e+01  7.550132243001e-02
 5.402949939608e+04  1.588209000000e+01  6.736066159914e-02
 5.402951008480e+04  1.596010200000e+01  6.817733916951e-02
 5.402952079413e+04  1.594246800000e+01  6.777121148936e-02
 5.403848323604e+04  1.562359500000e+01  6.451084084622e-02
 5.403848964608e+04  1.561055200000e+01  6.430839672901e-02
 5.403849602314e+04  1.563611400000e+01  6.450463732203e-02
 5.403850243444e+04  1.566197500000e+01  6.471820472658e-02
 5.443846682704e+04  1.594391500000e+01  6.781162971819e-02
 5.443847396594e+04  1.591521900000e+01  6.743008541662e-02
 5.443848108966e+04  1.593184000000e+01  6.758378506003e-02
 5.443848817069e+04  1.593227800000e+01  6.763189829462e-02
 5.445340241556e+04  1.596263800000e+01  6.808649926132e-02
 5.445340950676e+04  1.599225700000e+01  6.846613441497e-02
 5.445341661163e+04  1.595294600000e+01  6.789826225170e-02
 5.445342371811e+04  1.600998700000e+01  6.865211527823e-02
 5.446544901954e+04  1.597294200000e+01  6.825872874180e-02
 5.446545610970e+04  1.600087000000e+01  6.866683557171e-02
 5.446546324825e+04  1.604618400000e+01  6.927000675249e-02
 5.446547034686e+04  1.606943400000e+01  6.951910468612e-02
 5.414126699795e+04  1.606307000000e+01  6.998402882887e-02
 5.414127339249e+04  1.607276000000e+01  6.994530803352e-02
 5.414127981664e+04  1.607656500000e+01  7.021664460561e-02
 5.414128626292e+04  1.613625700000e+01  7.170404062112e-02
 5.411530122360e+04  1.568398900000e+01  6.497325479514e-02
 5.411531227716e+04  1.576696800000e+01  6.575414851816e-02
 5.411532322007e+04  1.577495900000e+01  6.580667434991e-02
 5.411533411193e+04  1.577290500000e+01  6.577085065354e-02
 5.412535211990e+04  1.607384800000e+01  6.962925518416e-02
 5.412536216252e+04  1.609357400000e+01  6.988615101295e-02
 5.412724780676e+04  1.554503000000e+01  6.617482471398e-02
 5.412725617998e+04  1.549126500000e+01  6.550143599691e-02
 5.412726456604e+04  1.551567500000e+01  6.569297040336e-02
 5.412727296727e+04  1.553155500000e+01  6.580574071901e-02
 5.416835268111e+04  1.615534900000e+01  7.113325514443e-02
 5.416836021030e+04  1.609903600000e+01  7.045068760494e-02
 5.416836777005e+04  1.614630500000e+01  7.124785187810e-02
 5.416837526973e+04  1.612288600000e+01  7.084722492917e-02
 5.417422089769e+04  1.543362000000e+01  6.274857351029e-02
 5.417423025810e+04  1.544366700000e+01  6.281394928041e-02
 5.417423958634e+04  1.547338100000e+01  6.306494741036e-02
 5.417424891887e+04  1.550766000000e+01  6.337115620053e-02
 5.441546120520e+04  1.576387700000e+01  6.615848833136e-02
 5.441546985505e+04  1.578317200000e+01  6.628655022634e-02
 5.441547846404e+04  1.578265900000e+01  6.620289558331e-02
 5.441548705856e+04  1.579532700000e+01  6.629062871770e-02
 5.442344289618e+04  1.562830700000e+01  6.460234364902e-02
 5.442345222720e+04  1.567335400000e+01  6.505579061239e-02
 5.442346157199e+04  1.570438200000e+01  6.529600140003e-02
 5.442347100012e+04  1.572420500000e+01  6.545044327196e-02
 5.439147862311e+04  1.585217800000e+01  6.774541278534e-02
 5.439148347868e+04  1.587352900000e+01  6.786366452745e-02
 5.439148838540e+04  1.588613200000e+01  6.796927247082e-02
 5.439149339770e+04  1.589992800000e+01  6.803082306871e-02
 5.480742938481e+04  1.600116300000e+01  6.871962757444e-02
 5.480743476309e+04  1.598558600000e+01  6.850100880431e-02
 5.480744023650e+04  1.604654700000e+01  6.917272325980e-02
 5.480744557589e+04  1.603777800000e+01  6.905766680345e-02
 5.482247140095e+04  1.609084100000e+01  6.945344235277e-02
 5.482247816054e+04  1.608329600000e+01  6.936706418764e-02
 5.482248488808e+04  1.608783900000e+01  6.942847469572e-02
 5.482249159466e+04  1.609580100000e+01  6.956003822738e-02
 5.449843619368e+04  1.542533300000e+01  6.251246980335e-02
 5.449844336510e+04  1.546633400000e+01  6.290387267489e-02
 5.449845054948e+04  1.549168400000e+01  6.312100144432e-02
 5.449845775933e+04  1.551122500000e+01  6.340311268393e-02
 5.450539658729e+04  1.570681500000e+01  6.525182858921e-02
 5.450540461060e+04  1.576949300000e+01  6.598434627798e-02
 5.450541268844e+04  1.576249200000e+01  6.590032860915e-02
 5.450542074520e+04  1.577626000000e+01  6.610138419976e-02
 5.447734413022e+04  1.577219500000e+01  6.586177397858e-02
 5.447735120546e+04  1.579408400000e+01  6.608514245629e-02
 5.447735826241e+04  1.579289300000e+01  6.606215424476e-02
 5.447736535257e+04  1.581506500000e+01  6.624964830251e-02
 5.452920192065e+04  1.609261800000e+01  7.000228257776e-02
 5.452921115699e+04  1.612367800000e+01  7.041307816498e-02
 5.452922034679e+04  1.614731800000e+01  7.067642955947e-02
 5.452922962040e+04  1.609322000000e+01  6.991286758707e-02
 5.453725590807e+04  1.620637000000e+01  7.163240336212e-02
 5.453726252854e+04  1.618348900000e+01  7.133346085345e-02
 5.453726916463e+04  1.616119900000e+01  7.103713502282e-02
 5.453727580420e+04  1.614635400000e+01  7.082740864611e-02
 5.458818151351e+04  1.610190200000e+01  7.070246371442e-02
 5.458818812681e+04  1.614382000000e+01  7.131584607870e-02
 5.458819468407e+04  1.611728800000e+01  7.092419073670e-02
 5.458820124331e+04  1.610777200000e+01  7.083921229781e-02
 5.477649504476e+04  1.602745400000e+01  6.878941622357e-02
 5.477650221339e+04  1.598119700000e+01  6.815184174918e-02
 5.477650952846e+04  1.593948800000e+01  6.764704827623e-02
 5.477651670857e+04  1.596633900000e+01  6.795944586439e-02
 5.494421970874e+04  1.585430700000e+01  6.777036543484e-02
 5.494422634484e+04  1.584646400000e+01  6.767186934019e-02
 5.494423288441e+04  1.590499700000e+01  6.855770546116e-02
 5.494423954100e+04  1.588851200000e+01  6.832682804280e-02
 5.486434250067e+04  1.625602600000e+01  7.165909195516e-02
 5.486434797641e+04  1.620521800000e+01  7.093996501335e-02
 5.486435341591e+04  1.621009300000e+01  7.101329902026e-02
 5.486435886677e+04  1.622432200000e+01  7.120562859348e-02
 5.488824838139e+04  1.608041600000e+01  6.931201765546e-02
 5.488825644302e+04  1.607925600000e+01  6.934920916331e-02
 5.488826439376e+04  1.607360400000e+01  6.924625649741e-02
 5.488827239543e+04  1.605903500000e+01  6.906374080836e-02
 5.484851239873e+04  1.577276500000e+01  6.633347200158e-02
 5.484851971448e+04  1.578208300000e+01  6.656960303660e-02
 5.484852688486e+04  1.575856800000e+01  6.632426376363e-02
 5.484853410895e+04  1.584025100000e+01  6.738867667693e-02
 5.490724071815e+04  1.614274800000e+01  7.058108853721e-02
 5.490724558876e+04  1.615140000000e+01  7.070567238856e-02
 5.490725038113e+04  1.611560600000e+01  7.019402190109e-02
 5.490725524619e+04  1.614972900000e+01  7.064555400803e-02
 5.491921622332e+04  1.606813300000e+01  6.972386611342e-02
 5.491922109418e+04  1.609267700000e+01  7.004126020146e-02
 5.491922594106e+04  1.604564500000e+01  6.939541359550e-02
 5.491923075590e+04  1.608394600000e+01  6.989675503353e-02
 5.515246349367e+04  1.618974800000e+01  7.208822244640e-02
 5.515247019194e+04  1.618784700000e+01  7.201453307680e-02
 5.515247709980e+04  1.618048600000e+01  7.181918243729e-02
 5.515248399641e+04  1.619585200000e+01  7.205440207905e-02
 5.529417178214e+04  1.579494900000e+01  6.670235655114e-02
 5.529417692105e+04  1.578671600000e+01  6.659661806228e-02
 5.529418205465e+04  1.579009400000e+01  6.662268725973e-02
 5.529418721058e+04  1.579415000000e+01  6.668534493591e-02
 5.530121358513e+04  1.604728900000e+01  7.005006944791e-02
 5.530122053176e+04  1.607882400000e+01  7.048336861457e-02
 5.530122745155e+04  1.607710200000e+01  7.067203024388e-02
 5.530123439627e+04  1.603721500000e+01  6.997171767384e-02
 5.553346531830e+04  1.561465300000e+01  6.156333880702e-02
 5.553348648838e+04  1.549667100000e+01  6.068075914742e-02
 5.553349708264e+04  1.547941400000e+01  6.259720713270e-02
 5.523632695708e+04  1.584922200000e+01  7.020298744459e-02
 5.524324422574e+04  1.590080600000e+01  6.805281263191e-02
 5.524325111120e+04  1.592163500000e+01  6.830688033067e-02
 5.524325802694e+04  1.588817000000e+01  6.791911411120e-02
 5.524326492052e+04  1.593627600000e+01  6.843938798874e-02
 5.520340271947e+04  1.612679600000e+01  7.089395313373e-02
 5.520340723824e+04  1.613512500000e+01  7.088480739517e-02
 5.520341179218e+04  1.612105700000e+01  7.073018222952e-02
 5.520341640444e+04  1.610087500000e+01  7.039575357134e-02
 5.534815033542e+04  1.601897500000e+01  7.023044817698e-02
 5.534815602529e+04  1.595705300000e+01  6.953101365794e-02
 5.534816168593e+04  1.604582000000e+01  7.081846389652e-02
 5.534816742983e+04  1.597527100000e+01  6.995573938852e-02
 5.532518867758e+04  1.589129200000e+01  6.828778537413e-02
 5.532519615295e+04  1.591701600000e+01  6.869963236757e-02
 5.532520363042e+04  1.597837800000e+01  6.949429069671e-02
 5.532521108521e+04  1.595011200000e+01  6.922798190217e-02
 5.551349853532e+04  1.565084600000e+01  6.542172873859e-02
 5.551351374292e+04  1.565589100000e+01  6.545139826259e-02
 5.551352132295e+04  1.570183600000e+01  6.592352061779e-02
 5.566228211369e+04  1.619463000000e+01  7.402380831408e-02
 5.566228952111e+04  1.616150000000e+01  7.359717551543e-02
 5.566229693272e+04  1.610312800000e+01  7.270140775787e-02
 5.566230438462e+04  1.611761200000e+01  7.305453351037e-02
 5.567919808806e+04  1.594206500000e+01  6.612675690623e-02
 5.567920629867e+04  1.592429000000e+01  6.602017878152e-02
 5.567921453926e+04  1.597061100000e+01  6.654842993470e-02
 5.567922281076e+04  1.597443100000e+01  6.664108821548e-02
 5.559734918130e+04  1.604830800000e+01  6.635728133577e-02
 5.559735738316e+04  1.605349200000e+01  6.643877105967e-02
 5.559736568585e+04  1.607412500000e+01  6.666707482215e-02
 5.559737397399e+04  1.604629900000e+01  6.664771773996e-02
 5.560431824190e+04  1.612840900000e+01  6.721863187892e-02
 5.560432717866e+04  1.611516000000e+01  6.709487007576e-02
 5.560433622854e+04  1.611739000000e+01  6.707444139213e-02
 5.560434522066e+04  1.612482800000e+01  6.720675672969e-02
 5.561528616836e+04  1.616069100000e+01  7.199143017118e-02
 5.561529366319e+04  1.620852600000e+01  7.271052189684e-02
 5.561530120743e+04  1.619365100000e+01  7.252057177815e-02
 5.561530867356e+04  1.611498300000e+01  7.135283340094e-02
 5.557436258017e+04  1.593964400000e+01  6.880074893084e-02
 5.557436887667e+04  1.595801900000e+01  6.922561513310e-02
 5.557437524657e+04  1.597674900000e+01  6.946120239628e-02
 5.557438162177e+04  1.601582300000e+01  7.017183640019e-02
 5.558838076987e+04  1.624484700000e+01  7.287452989503e-02
 5.558838755957e+04  1.621656600000e+01  7.247127296221e-02
 5.558839440921e+04  1.623021600000e+01  7.275871952345e-02
 5.558840127950e+04  1.622217600000e+01  7.262288390411e-02
 5.562127140689e+04  1.584752600000e+01  6.208067199955e-02
 5.562127952245e+04  1.587971800000e+01  6.235002204333e-02
 5.562128756037e+04  1.585900700000e+01  6.219706717827e-02
 5.562129563823e+04  1.588189000000e+01  6.236609930763e-02
 5.563125601046e+04  1.610451900000e+01  7.200235941944e-02
 5.563126290656e+04  1.613575300000e+01  7.245963351419e-02
 5.563126979683e+04  1.608216600000e+01  7.168064680752e-02
 5.563127673444e+04  1.608042800000e+01  7.168898420665e-02
 5.564614118536e+04  1.608852800000e+01  7.173512691431e-02
 5.564614810250e+04  1.613494900000e+01  7.239346171070e-02
 5.564615501442e+04  1.612470700000e+01  7.218177088068e-02
 5.564616191258e+04  1.611457900000e+01  7.203923846643e-02
 5.570715827618e+04  1.575970600000e+01  6.775975542000e-02
 5.570716747505e+04  1.579421000000e+01  6.829672452905e-02
 5.570717661971e+04  1.583824000000e+01  6.894114431994e-02
 5.570718588477e+04  1.584053800000e+01  6.912049978238e-02
 5.558646713538e+04  1.601786800000e+01  7.536914959277e-02
 5.558647473936e+04  1.608090200000e+01  7.319894684273e-02
 5.558648230758e+04  1.608394500000e+01  7.336796359267e-02
 5.558648997986e+04  1.616422700000e+01  7.491352914226e-02
 5.585751728231e+04  1.604965400000e+01  7.289528809602e-02
 5.585751977988e+04  1.605883300000e+01  7.311049275521e-02
 5.585752234405e+04  1.610988600000e+01  7.379504006796e-02
 5.585752531006e+04  1.612321500000e+01  7.407249701318e-02
 5.592341889461e+04  1.612069300000e+01  6.684920604410e-02
 5.592342746477e+04  1.612549400000e+01  6.680634521194e-02
 5.592343591242e+04  1.612193600000e+01  6.684887314662e-02
 5.592344439001e+04  1.617411900000e+01  6.742146186807e-02
 5.594441572144e+04  1.594450800000e+01  6.835552821613e-02
 5.594442303929e+04  1.599850500000e+01  6.910161086238e-02
 5.594443038551e+04  1.600332900000e+01  6.919592769525e-02
 5.594443767083e+04  1.603792800000e+01  6.962370261355e-02
 5.596931032696e+04  1.611393400000e+01  7.215857152032e-02
 5.596931539448e+04  1.616077800000e+01  7.194003659624e-02
 5.596932050272e+04  1.612696000000e+01  7.174606084837e-02
 5.596932571804e+04  1.610340100000e+01  7.102299259500e-02
 5.598225119928e+04  1.603735500000e+01  6.607550476932e-02
 5.598225735480e+04  1.602972000000e+01  6.596749074597e-02
 5.598226348593e+04  1.598277500000e+01  6.549004088837e-02
 5.598226962976e+04  1.603553500000e+01  6.602684833447e-02
 5.598819157383e+04  1.615169000000e+01  7.156777790486e-02
 5.598819671309e+04  1.615491600000e+01  7.161302710785e-02
 5.598820179637e+04  1.621787400000e+01  7.251618281785e-02
 5.598820685346e+04  1.619997700000e+01  7.222030017612e-02
 5.600025298166e+04  1.611979500000e+01  7.125751387557e-02
 5.600025742447e+04  1.612634000000e+01  7.135513155412e-02
 5.600026187111e+04  1.601386800000e+01  6.979768913753e-02
 5.600026643429e+04  1.595548800000e+01  6.905865977872e-02
 5.603712703639e+04  1.582656100000e+01  6.863480069378e-02
 5.603713438374e+04  1.588242300000e+01  6.934098077691e-02
 5.603714177699e+04  1.584868700000e+01  6.886951198554e-02
 5.603714911936e+04  1.588343700000e+01  6.925235768683e-02
 5.606314386125e+04  1.605385200000e+01  6.623741550960e-02
 5.606315132993e+04  1.606352500000e+01  6.634517285257e-02
 5.606315877633e+04  1.606846100000e+01  6.640568846257e-02
 5.606316629835e+04  1.611175700000e+01  6.695438405859e-02
