# time mag mag_err
 5.347035790745e+04  1.545738600000e+01  6.400264213920e-02
 5.347036517588e+04  1.546049000000e+01  6.399768353464e-02
 5.347037245031e+04  1.544992300000e+01  6.391517075700e-02
 5.347037977613e+04  1.546666500000e+01  6.409026440660e-02
 5.347934698397e+04  1.559753500000e+01  6.382304784789e-02
 5.347935513171e+04  1.559210300000e+01  6.374440863387e-02
 5.347936338165e+04  1.553278300000e+01  6.317318456760e-02
 5.347937162142e+04  1.546298400000e+01  6.257706741892e-02
 5.355824011034e+04  1.543824300000e+01  6.299449400342e-02
 5.355824545817e+04  1.544862000000e+01  6.317218776996e-02
 5.355825081168e+04  1.543863100000e+01  6.323494843298e-02
 5.355825616750e+04  1.545682100000e+01  6.338851569761e-02
 5.355123381865e+04  1.560069200000e+01  6.431486896827e-02
 5.355124148627e+04  1.562963600000e+01  6.462769654124e-02
 5.355124906547e+04  1.564342400000e+01  6.477541511621e-02
 5.355125665786e+04  1.552782900000e+01  6.371708539670e-02
 5.350632410814e+04  1.549454300000e+01  6.480572591376e-02
 5.350633186118e+04  1.551697100000e+01  6.506827353049e-02
 5.350633970729e+04  1.545705900000e+01  6.449997365049e-02
 5.350634749020e+04  1.551810500000e+01  6.528601213891e-02
 5.385133837840e+04  1.545935700000e+01  6.331169313596e-02
 5.385134818306e+04  1.544896600000e+01  6.320217156408e-02
 5.385135792567e+04  1.544847900000e+01  6.323614814629e-02
 5.385136770961e+04  1.546059600000e+01  6.332142406231e-02
 5.379351337034e+04  1.476565700000e+01  5.777690874607e-02
 5.379351824928e+04  1.475244200000e+01  5.770182777153e-02
 5.379352310508e+04  1.477027700000e+01  5.779774515900e-02
 5.379352796377e+04  1.478918600000e+01  5.791358024656e-02
 5.390035774245e+04  1.516633900000e+01  9.933500953756e-02
 5.390035871854e+04  1.500626100000e+01  9.444856887061e-02
 5.390035971049e+04  1.505938300000e+01  9.652427405317e-02
 5.390036069896e+04  1.507994900000e+01  9.708139056215e-02
 5.381748016260e+04  1.529264500000e+01  6.932306659304e-02
 5.381748618362e+04  1.527951000000e+01  6.907911077201e-02
 5.381749220846e+04  1.531189900000e+01  6.958492917713e-02
 5.381749832381e+04  1.530512300000e+01  6.949196446762e-02
 5.385739262380e+04  1.542048000000e+01  6.309944265637e-02
 5.385740033598e+04  1.545395200000e+01  6.346714701798e-02
 5.385740806588e+04  1.545059600000e+01  6.343201563266e-02
 5.385741581256e+04  1.545056800000e+01  6.343598602666e-02
 5.386633535380e+04  1.546891900000e+01  1.016957923807e-01
 5.386633617398e+04  1.539361800000e+01  9.890632728470e-02
 5.386633702795e+04  1.548965600000e+01  1.018442269983e-01
 5.386633776538e+04  1.547128400000e+01  1.012700889578e-01
 5.387837556999e+04  1.540074800000e+01  6.287160697762e-02
 5.387838045866e+04  1.542869100000e+01  6.310873300128e-02
 5.387838542615e+04  1.541823900000e+01  6.304118120853e-02
 5.387839032928e+04  1.541627600000e+01  6.305470372811e-02
 5.388630058329e+04  1.559666300000e+01  6.484339377346e-02
 5.388630864457e+04  1.559182000000e+01  6.480696357966e-02
 5.388631673965e+04  1.560826800000e+01  6.502897436096e-02
 5.388632480208e+04  1.560869600000e+01  6.503557246436e-02
 5.400010272502e+04  1.543781300000e+01  6.381061902553e-02
 5.400010699120e+04  1.547825700000e+01  6.424374784582e-02
 5.400011128610e+04  1.544241100000e+01  6.393287871572e-02
 5.400011557612e+04  1.544372900000e+01  6.402634701182e-02
 5.421326779462e+04  1.493934700000e+01  5.901160363093e-02
 5.421327744972e+04  1.496216900000e+01  5.916111244352e-02
 5.421328721687e+04  1.498662400000e+01  5.931653216668e-02
 5.421329716494e+04  1.503248700000e+01  5.961086609200e-02
 5.414052170269e+04  1.530125200000e+01  9.863175654425e-02
 5.414052271257e+04  1.537677500000e+01  1.025105920353e-01
 5.414052372801e+04  1.532348000000e+01  1.008659946887e-01
 5.414052474172e+04  1.540943500000e+01  1.042815520814e-01
 5.415639150303e+04  1.515143000000e+01  5.980991150347e-02
 5.415640436987e+04  1.517959300000e+01  5.997750151708e-02
 5.415641728393e+04  1.522107600000e+01  6.022743211564e-02
 5.415643019917e+04  1.522668700000e+01  6.025591020680e-02
 5.425718485763e+04  1.541208100000e+01  6.624062472607e-02
 5.425718938204e+04  1.542711100000e+01  6.326004916019e-02
 5.425719392405e+04  1.541810200000e+01  6.345617753456e-02
 5.425719843828e+04  1.543949200000e+01  6.321459081469e-02
 5.426825728625e+04  1.543910300000e+01  6.338462692701e-02
 5.426826589571e+04  1.546937000000e+01  6.338728455440e-02
 5.426827445204e+04  1.534925100000e+01  6.609232276168e-02
 5.426828300339e+04  1.545173200000e+01  7.282106437911e-02
 5.417634138102e+04  1.524822000000e+01  6.066750992244e-02
 5.417634892087e+04  1.524346500000e+01  6.062897801865e-02
 5.417635651719e+04  1.527159600000e+01  6.084280755125e-02
 5.417636405669e+04  1.528539900000e+01  6.198428855161e-02
 5.423036291352e+04  1.475634500000e+01  5.769141483515e-02
 5.423631673056e+04  1.553588600000e+01  6.386752290122e-02
 5.423632335553e+04  1.553576500000e+01  6.384909895716e-02
 5.423633001547e+04  1.556743300000e+01  6.418334827159e-02
 5.423633670273e+04  1.555922900000e+01  6.409740127672e-02
 5.424435233532e+04  1.522226500000e+01  6.077048551167e-02
 5.424435679366e+04  1.523193900000e+01  6.083180156227e-02
 5.424436131865e+04  1.526613000000e+01  6.114491381040e-02
 5.424436579433e+04  1.525833300000e+01  6.107190712563e-02
 5.434712348666e+04  1.502422400000e+01  5.750329771134e-02
 5.434713142883e+04  1.504209600000e+01  5.764614371576e-02
 5.434713934647e+04  1.505482100000e+01  5.773113961728e-02
 5.434714730358e+04  1.508094700000e+01  5.792536227993e-02
 5.455933440330e+04  1.519036700000e+01  6.023963510106e-02
 5.455934356914e+04  1.507690200000e+01  5.944632634743e-02
 5.455935274008e+04  1.496829300000e+01  5.869534710923e-02
 5.455936192955e+04  1.483697800000e+01  5.792141004439e-02
 5.456438671811e+04  1.486247300000e+01  5.805102593987e-02
 5.456439367169e+04  1.489533100000e+01  5.820335340418e-02
 5.456440058130e+04  1.490450200000e+01  5.824878408310e-02
 5.456440751197e+04  1.494339800000e+01  5.848301417086e-02
 5.457022139010e+04  1.546847100000e+01  6.274116959084e-02
 5.457022930010e+04  1.547738500000e+01  6.280588011291e-02
 5.457023705675e+04  1.546191100000e+01  6.261466277620e-02
 5.457024637353e+04  1.546687400000e+01  6.264683580415e-02
 5.458541088638e+04  1.489541400000e+01  5.829004429729e-02
 5.458541592494e+04  1.491493700000e+01  5.821318344484e-02
 5.458542098689e+04  1.493232400000e+01  5.854516645291e-02
 5.458542601561e+04  1.496111100000e+01  5.878138363122e-02
 5.450444695811e+04  1.547932700000e+01  6.087405941582e-02
 5.450445642062e+04  1.547487300000e+01  6.082907740638e-02
 5.450446593117e+04  1.547334100000e+01  6.078565916901e-02
 5.450447546903e+04  1.547220000000e+01  6.084323737329e-02
 5.451543810980e+04  1.540505600000e+01  6.237689790124e-02
 5.451544353380e+04  1.544429800000e+01  6.241777005505e-02
 5.451544914994e+04  1.546614500000e+01  6.288103298433e-02
 5.451545499375e+04  1.545375300000e+01  6.343018060979e-02
 5.464130191580e+04  1.503365400000e+01  5.981143622606e-02
 5.464130840281e+04  1.507165200000e+01  6.025170729812e-02
 5.464131490985e+04  1.508548300000e+01  6.044966791285e-02
 5.464132145902e+04  1.507479800000e+01  6.044726508323e-02
 5.452747471392e+04  1.524893900000e+01  6.028958906473e-02
 5.452748119006e+04  1.526331900000e+01  6.040629539098e-02
 5.452748768645e+04  1.527406700000e+01  6.049512733545e-02
 5.452749416455e+04  1.527835200000e+01  6.053702221149e-02
 5.459338243475e+04  1.536231300000e+01  6.183862074203e-02
 5.459338899155e+04  1.540394700000e+01  6.222299879811e-02
 5.459339553516e+04  1.542103500000e+01  6.238139698704e-02
 5.459340209683e+04  1.542109000000e+01  6.241577580357e-02
 5.459919687356e+04  1.476686200000e+01  5.797870994702e-02
 5.459920338639e+04  1.477180700000e+01  5.797100805701e-02
 5.459920988567e+04  1.480042500000e+01  5.792107073853e-02
 5.459921642870e+04  1.484861800000e+01  5.839594095936e-02
 5.492328663400e+04  1.494291700000e+01  5.850019405484e-02
 5.492329196426e+04  1.494404400000e+01  5.850236959671e-02
 5.492329745343e+04  1.497616900000e+01  5.870290696082e-02
 5.492330285857e+04  1.500132700000e+01  5.884357277239e-02
 5.494742448049e+04  1.550532700000e+01  6.290836015962e-02
 5.494743110213e+04  1.549360300000e+01  6.281493041104e-02
 5.494743768499e+04  1.550894400000e+01  6.295165473173e-02
 5.494744440697e+04  1.554179000000e+01  6.328738770588e-02
 5.507212829106e+04  1.519772800000e+01  6.512512741157e-02
 5.507213458061e+04  1.519667700000e+01  6.516114802534e-02
 5.507214094704e+04  1.525046200000e+01  6.581659432548e-02
 5.507214726566e+04  1.523796900000e+01  6.575864175296e-02
 5.488842242431e+04  1.483588400000e+01  5.759514890362e-02
 5.488843082762e+04  1.486194500000e+01  5.771375695941e-02
 5.488843940293e+04  1.488885500000e+01  5.786058622589e-02
 5.488844792094e+04  1.489722100000e+01  5.789823168228e-02
 5.486151937163e+04  1.531911000000e+01  6.069502750616e-02
 5.486152422940e+04  1.536281600000e+01  6.103280216054e-02
 5.486152910198e+04  1.535664300000e+01  6.097921224390e-02
 5.486153400419e+04  1.535124300000e+01  6.090523241744e-02
 5.499919850420e+04  1.532983200000e+01  6.129107271224e-02
 5.499920447706e+04  1.534889100000e+01  6.144819058969e-02
 5.499921058529e+04  1.537890700000e+01  6.170056875179e-02
 5.499921661047e+04  1.533638700000e+01  6.134574776928e-02
 5.490847232245e+04  1.524153900000e+01  6.059772023040e-02
 5.490847901596e+04  1.525236500000e+01  6.037696999974e-02
 5.490848568758e+04  1.525899600000e+01  6.037641319699e-02
 5.490849243039e+04  1.529979000000e+01  6.079735152515e-02
 5.491647119161e+04  1.552575900000e+01  6.299288288609e-02
 5.491648046407e+04  1.554992000000e+01  6.315801090632e-02
 5.491648975586e+04  1.557212600000e+01  6.338226452515e-02
 5.491649897485e+04  1.555652800000e+01  6.330940907790e-02
 5.496438343804e+04  1.539621300000e+01  6.406141493710e-02
 5.496439026965e+04  1.537660400000e+01  6.388669831146e-02
 5.496439727060e+04  1.542036200000e+01  6.434992640662e-02
 5.496440428252e+04  1.540495000000e+01  6.422592298599e-02
 5.498027265159e+04  1.505313800000e+01  5.956671086004e-02
 5.498027824747e+04  1.505639600000e+01  5.956566386434e-02
 5.498028388156e+04  1.507873000000e+01  5.974606645362e-02
 5.498028945279e+04  1.508887500000e+01  5.980671579653e-02
 5.509710491710e+04  1.538915800000e+01  6.253611292247e-02
 5.509710976074e+04  1.538811300000e+01  6.256826320791e-02
 5.509711465925e+04  1.539617900000e+01  6.273615107748e-02
 5.509711955684e+04  1.540124100000e+01  6.284867126234e-02
 5.529045737816e+04  1.496170400000e+01  6.051346269807e-02
 5.529046252559e+04  1.499040800000e+01  6.075159324149e-02
 5.529046763730e+04  1.499322200000e+01  6.074443016638e-02
 5.529047275603e+04  1.500056800000e+01  6.086267462949e-02
 5.529934968162e+04  1.508873200000e+01  5.947600728624e-02
 5.529935542410e+04  1.508808400000e+01  5.946569676313e-02
 5.529936123087e+04  1.511071400000e+01  5.962567661852e-02
 5.529936707545e+04  1.513144600000e+01  5.978023092123e-02
 5.538117962344e+04  1.506174000000e+01  5.955685572677e-02
 5.538118757441e+04  1.508137100000e+01  5.970425668439e-02
 5.538119552794e+04  1.508245700000e+01  5.971700126001e-02
 5.538120352662e+04  1.510824600000e+01  5.993150698616e-02
 5.535726696951e+04  1.530345600000e+01  6.137865380674e-02
 5.535727325707e+04  1.514468000000e+01  6.003411593801e-02
 5.535727960877e+04  1.506321600000e+01  5.951595537245e-02
 5.535728588807e+04  1.504546500000e+01  5.937809636283e-02
 5.532834326646e+04  1.546524700000e+01  6.252593167477e-02
 5.532835014332e+04  1.548231000000e+01  6.268917819471e-02
 5.532835713199e+04  1.543812000000e+01  6.233513914624e-02
 5.532836412053e+04  1.544494800000e+01  6.244953381182e-02
 5.533917241459e+04  1.509043100000e+01  5.962070291211e-02
 5.533917693809e+04  1.513602000000e+01  5.998861949629e-02
 5.533918151685e+04  1.514864500000e+01  6.004457015349e-02
 5.533918610007e+04  1.514814300000e+01  6.005642563590e-02
 5.565742912862e+04  1.547452900000e+01  6.314462416713e-02
 5.565743433293e+04  1.547101200000e+01  6.326694467146e-02
 5.565743945925e+04  1.548102000000e+01  6.318102393645e-02
 5.565744461703e+04  1.550289100000e+01  6.340024939568e-02
 5.567622832404e+04  1.548885800000e+01  6.669974909131e-02
 5.567623590638e+04  1.549139600000e+01  6.677113365407e-02
 5.567624352067e+04  1.549864300000e+01  6.673420819753e-02
 5.567625109039e+04  1.552488800000e+01  6.695455290651e-02
 5.562151837429e+04  1.551625300000e+01  6.316407507786e-02
 5.562152352087e+04  1.552482700000e+01  6.323082254513e-02
 5.562152875562e+04  1.555359000000e+01  6.351283668023e-02
 5.562153398216e+04  1.558376700000e+01  6.378057741177e-02
 5.563632846726e+04  1.543286700000e+01  6.795598104453e-02
 5.563633489747e+04  1.546902100000e+01  6.837773062752e-02
 5.563634131988e+04  1.544928800000e+01  6.806949102698e-02
 5.563634787105e+04  1.543219900000e+01  6.783300835804e-02
 5.564835322478e+04  1.523268800000e+01  6.111443429078e-02
 5.564836058559e+04  1.525852800000e+01  6.130482904865e-02
 5.564836803313e+04  1.527721000000e+01  6.145571316821e-02
 5.564837551472e+04  1.529026600000e+01  6.155583432048e-02
 5.568633424910e+04  1.477344700000e+01  6.154308014158e-02
 5.568633933037e+04  1.485143700000e+01  6.047217258735e-02
 5.568634440679e+04  1.482441700000e+01  6.039186125563e-02
 5.568634950705e+04  1.496129000000e+01  7.142465103363e-02
 5.570732243094e+04  1.490050100000e+01  5.884531636906e-02
 5.570733161463e+04  1.476470400000e+01  5.806578753963e-02
 5.570734084625e+04  1.474970600000e+01  5.799019867060e-02
 5.570735011466e+04  1.475985300000e+01  5.805457482260e-02
 5.423036731999e+04  1.474883800000e+01  5.767488646875e-02
 5.423037577885e+04  1.479063100000e+01  5.791602944137e-02
 5.423038422209e+04  1.481488000000e+01  5.811245576489e-02
 5.423039268317e+04  1.486706800000e+01  5.842405558228e-02
 5.594453544749e+04  1.507405800000e+01  5.939942083482e-02
 5.594453994574e+04  1.505650900000e+01  5.927415319201e-02
 5.594454445964e+04  1.499336400000e+01  5.887040188051e-02
 5.594454897074e+04  1.492848100000e+01  5.846144083873e-02
 5.598152241211e+04  1.560902300000e+01  6.370679223948e-02
 5.598152808843e+04  1.560878000000e+01  6.371640866689e-02
 5.598153379133e+04  1.558440000000e+01  6.348599143237e-02
 5.598153955458e+04  1.557960200000e+01  6.342061551121e-02
 5.601237931421e+04  1.546381500000e+01  6.356075450277e-02
 5.601238439201e+04  1.544898200000e+01  6.340266815722e-02
 5.601238945225e+04  1.547372300000e+01  6.358528988657e-02
 5.601239457264e+04  1.545353900000e+01  6.343137127558e-02
 5.601838249402e+04  1.545392800000e+01  6.255333606383e-02
 5.601838927169e+04  1.545744400000e+01  6.257672490827e-02
 5.601839607542e+04  1.544114200000e+01  6.240730603165e-02
 5.601840294635e+04  1.546080600000e+01  6.254839774359e-02
 5.603636840608e+04  1.475482600000e+01  5.783962900966e-02
 5.603637540772e+04  1.478150500000e+01  5.800006843469e-02
 5.603638242485e+04  1.483702000000e+01  5.841126365282e-02
 5.603638954144e+04  1.484338900000e+01  5.848043862461e-02
 5.604226034299e+04  1.546342900000e+01  6.299325146124e-02
 5.604226542706e+04  1.544787900000e+01  6.284561977275e-02
 5.604227051887e+04  1.543911300000e+01  6.274980786477e-02
 5.604227564514e+04  1.544751200000e+01  6.281261117276e-02
 5.606136933193e+04  1.518122300000e+01  6.020666480723e-02
 5.606137779735e+04  1.518120500000e+01  6.023506872500e-02
 5.606138584213e+04  1.518111800000e+01  6.026247958364e-02
 5.606139429451e+04  1.523506400000e+01  6.067047083707e-02
 5.607220964120e+04  1.560532500000e+01  6.380428215115e-02
 5.607221461598e+04  1.560046800000e+01  6.353631815930e-02
 5.607221971969e+04  1.560458800000e+01  6.356186950783e-02
 5.607222483152e+04  1.562113700000e+01  6.370305416035e-02
 5.608824716725e+04  1.560247200000e+01  6.345264091633e-02
 5.608825290192e+04  1.559130300000e+01  6.330736879417e-02
 5.608825866054e+04  1.561953100000e+01  6.358376298693e-02
 5.608826442502e+04  1.562347600000e+01  6.361754770075e-02
 5.609424853019e+04  1.548260600000e+01  6.255695755921e-02
 5.609425702288e+04  1.545865100000e+01  6.237178416257e-02
 5.609426549103e+04  1.547866000000e+01  6.253208061992e-02
 5.609427393985e+04  1.546645600000e+01  6.247891599425e-02
